6.15943 0
6.01884 0.0525256
5.89658 0.102925
5.797 0.1518
5.78609 0.202055
5.67439 0.247749
5.56454 0.291625
5.54067 0.338882
5.44983 0.381089
5.45827 0.429575
5.4668 0.478283
5.44187 0.523993
5.46169 0.574046
5.48168 0.624559
5.50187 0.675545
5.52225 0.727017
5.65671 0.794999
7.12753 1.06522
7.10127 1.12473
7.11753 1.19107
6.96848 1.22873
6.86427 1.27222
6.75443 1.31293
6.54686 1.33197
6.54914 1.39206
6.57511 1.45767
6.60139 1.52405
6.62799 1.59124
6.65492 1.65926
6.68219 1.72813
6.7098 1.79789
6.73778 1.86855
6.76612 1.94015
6.79486 2.01273
6.82398 2.0863
6.85352 2.16091
6.88347 2.23658
6.91387 2.31335
6.90735 2.37839
6.91347 2.44819
6.94498 2.52776
7.86062 2.93897
7.89724 3.03147
7.93446 3.12547
7.97228 3.22101
8.01074 3.31816
8.04986 3.41696
8.08792 3.51673
8.11963 3.61509
8.16525 3.72112
8.13693 3.79431
8.03748 3.83368
7.93963 3.87242
7.84333 3.91054
7.74853 3.94807
7.65517 3.98503
7.56322 4.02143
4.71515 2.56012
4.68647 2.59775
4.66217 2.63773
4.67024 2.69636
4.6551 2.74206
4.66466 2.80281
6.95519 4.26215
6.87296 4.2947
6.79178 4.32684
6.71161 4.35857
6.63244 4.38992
4.23318 2.85532
4.22298 2.90238
6.35149 4.44736
6.32505 4.51161
6.25038 4.54117
6.18601 4.57741
6.09935 4.59619
6.04048 4.63502
5.99626 4.68479
5.92504 4.71299
5.81885 4.71201
5.74945 4.73948
5.68072 4.76669
5.61264 4.79364
5.54518 4.82035
5.47833 4.84682
5.41207 4.87305
5.34638 4.89905
5.30553 4.94749
5.21665 4.95041
5.15257 4.97578
5.089 5.00095
5.02592 5.02592
4.96331 5.0507
4.90117 5.07531
4.83947 5.09973
3.71606 3.98498
3.62534 3.95637
3.62172 4.02233
3.57501 4.04082
3.54251 4.0752
3.57433 4.18501
3.54957 4.23021
4.36028 5.28944
4.30199 5.31251
4.24402 5.33546
4.14785 5.309
4.09734 5.33976
4.03445 5.3539
3.30724 4.46948
3.25493 4.48002
3.25351 4.56125
3.32384 4.74693
3.79039 5.51505
3.38554 5.01926
3.33533 5.03914
3.62423 5.58083
3.15339 4.94984
3.51445 5.62429
3.48104 5.68054
3.42624 5.70223
2.80651 4.76451
2.76116 4.78246
2.76563 4.88824
2.79301 5.03873
2.76035 5.08393
3.1005 5.83119
3.04663 5.85251
2.99285 5.8738
2.93917 5.89506
2.86797 5.88022
2.81477 5.90128
2.77856 5.95864
2.72514 5.97978
2.67178 6.00091
2.55861 5.88439
2.3111 5.44462
2.49657 6.02725
2.44364 6.04821
2.39071 6.06916
2.35211 6.12746
2.29885 6.14855
2.24557 6.16964
2.19226 6.19075
2.12588 6.174
2.08553 6.233
2.0321 6.25415
1.96654 6.23708
1.92504 6.29653
1.86 6.27926
1.80655 6.3002
1.76388 6.36034
1.6975 6.33515
1.36789 5.28924
1.31137 5.25962
1.17263 4.88434
1.09728 4.75284
1.0572 4.76871
1.017 4.78462
0.970615 4.77072
0.924604 4.75667
0.856681 4.62224
0.784128 4.44701
0.525587 3.14078
0.49944 3.15334
0.428744 2.8688
0.396601 2.82196
0.371864 2.82459
0.341667 2.78265
0.307755 2.70113
0.275249 2.61882
0.245258 2.54711
0.215924 2.46803
0.18884 2.39944
0.163418 2.33698
0.139253 2.27676
0.116287 2.21888
0.0944589 2.16346
0.0736732 2.10972
0.0539527 2.06037
0.0350912 2.01038
0.0174933 2.00453
3.60939e-09 2.01092
-0.017574 2.01378
-0.035323 2.02365
-0.0438924 1.67618
-0.057289 1.64054
-0.0702717 1.60949
-0.0824852 1.57391
-0.09469 1.54817
-0.106276 1.51982
-0.118304 1.5032
-0.132068 1.50955
-0.146084 1.51714
-0.160334 1.52547
-0.169867 1.4909
-0.181515 1.47832
-0.194829 1.47987
-0.209615 1.49149
-0.223022 1.49228
-0.23712 1.49711
-0.253087 1.51239
-0.266869 1.51349
-0.28246 1.52402
-0.297388 1.52993
-0.312483 1.5359
-0.320263 1.50672
-0.332742 1.5009
-0.347896 1.5069
-0.363233 1.51297
-0.378759 1.51912
-0.406876 1.57327
-0.413628 1.54368
-0.419833 1.51387
-0.428964 1.49597
-0.437791 1.47796
-0.442572 1.44759
-0.454523 1.44156
-0.462419 1.42318
-0.469995 1.40467
-0.477248 1.38603
-0.484172 1.36726
-0.490762 1.34836
-0.497013 1.32932
-0.50292 1.31015
-0.515611 1.30896
-0.52004 1.28714
-0.529493 1.27831
-0.533469 1.25677
-0.542171 1.24691
-0.548285 1.23147
-0.554294 1.21629
-0.560204 1.20136
-0.566016 1.18668
-0.571735 1.17223
-0.577364 1.15801
-0.582905 1.14402
-0.588362 1.13023
-0.593737 1.11666
-0.599032 1.10328
-0.604251 1.0901
-0.609395 1.0771
-0.614468 1.06429
-0.619471 1.05165
-0.624406 1.03919
-0.629276 1.02689
-0.634082 1.01474
-0.636533 0.999156
-0.643513 0.990923
-0.648141 0.979234
-0.652712 0.967686
-0.65723 0.956275
-0.661694 0.944997
-0.666108 0.933849
-0.670472 0.922825
-0.674788 0.911923
-0.679057 0.901139
-0.683281 0.890469
-0.687461 0.87991
-0.691599 0.869459
-0.695695 0.859112
-0.699751 0.848866
-0.703769 0.838719
-0.707748 0.828666
-0.711691 0.818707
-0.715598 0.808837
-0.719471 0.799054
-0.723311 0.789355
-0.727118 0.779739
-0.730894 0.770201
-0.734639 0.760741
-0.738355 0.751355
-0.742042 0.742042
-0.745701 0.732798
-0.749333 0.723623
-0.75294 0.714513
-0.756521 0.705467
-0.760078 0.696483
-0.763611 0.687558
-0.767121 0.678692
-0.770609 0.66988
-0.774076 0.661123
-0.777522 0.652419
-0.780948 0.643764
-0.784355 0.635158
-0.787744 0.6266
-0.791114 0.618086
-0.794467 0.609616
-0.797804 0.601188
-0.801124 0.592801
-0.804429 0.584452
-0.80772 0.576141
-0.810996 0.567865
-0.814258 0.559624
-0.817508 0.551416
-0.820745 0.543239
-0.82397 0.535092
-0.827184 0.526974
-0.830387 0.518883
-0.83358 0.510818
-0.836763 0.502778
-0.839937 0.494761
-0.843102 0.486765
-0.846259 0.478791
-0.849409 0.470835
-0.852551 0.462898
-0.855687 0.454977
-0.858816 0.447072
-0.86194 0.439181
-0.865059 0.431303
-0.868173 0.423436
-0.871283 0.415581
-0.874389 0.407734
-0.877492 0.399896
-0.880593 0.392065
-0.883691 0.38424
-0.886787 0.376419
-0.889882 0.368601
-0.892976 0.360786
-0.89607 0.352971
-0.899163 0.345156
-0.902135 0.337295
-0.905353 0.329522
-0.90845 0.321699
-0.864224 0.297576
-0.867164 0.290149
-0.870107 0.282715
-0.873054 0.275273
-0.876004 0.267821
-0.830826 0.246102
-0.756354 0.216881
-0.739513 0.205085
-0.741995 0.198817
-0.744481 0.192536
-0.746973 0.186241
-0.749471 0.179932
-0.751975 0.173607
-0.754486 0.167265
-0.757003 0.160906
-0.739621 0.150478
-0.722115 0.140365
-0.704483 0.130568
-0.696779 0.122861
-0.668843 0.111926
-0.671075 0.106288
-0.673315 0.100628
-0.675565 0.0949445
-0.677825 0.0892373
-0.680094 0.083505
-0.682374 0.0777467
-0.684664 0.0719611
-0.686966 0.0661473
-0.689279 0.0603041
-0.691604 0.0544304
-0.693942 0.0485252
-0.696293 0.0425871
-0.698657 0.0366151
-0.701035 0.0306079
-0.703428 0.0245642
-0.759059 0.0198767
-0.761665 0.0132949
-0.764288 0.00666984
-0.745418 2.6759e-09
-0.73721 -0.00643353
-0.728945 -0.0127238
-0.720623 -0.0188702
-0.72315 -0.0252529
-0.725696 -0.0316846
-0.728262 -0.0381666
-0.730849 -0.0447006
-0.733457 -0.0512883
-0.736087 -0.0579313
-0.738739 -0.0646313
-0.741415 -0.0713901
-0.800225 -0.084107
-0.803155 -0.0915079
-0.806112 -0.0989781
-0.809098 -0.10652
-0.812113 -0.114135
-0.815157 -0.121826
-0.818233 -0.129595
-0.821341 -0.137445
-0.824481 -0.145378
-0.827656 -0.153397
-0.877472 -0.170563
-0.857505 -0.174461
-0.849137 -0.18049
-0.840714 -0.186382
-0.844075 -0.19487
-0.847476 -0.203461
-0.850919 -0.212158
-0.854405 -0.220964
-0.857936 -0.229883
-0.861513 -0.238919
-0.865137 -0.248074
-0.868811 -0.257354
-0.872535 -0.266761
-0.876312 -0.2763
-0.880142 -0.285975
-0.884028 -0.295792
-0.887972 -0.305753
-0.891975 -0.315865
-0.896039 -0.326132
-0.900167 -0.336559
-0.904361 -0.347152
-0.908622 -0.357916
-0.912954 -0.368857
-0.917358 -0.379982
-0.947692 -0.402272
-0.950559 -0.413315
-0.9333 -0.415532
-0.929134 -0.423431
-0.937586 -0.437204
-0.933554 -0.445283
-0.941837 -0.459365
-0.949965 -0.473635
-0.94668 -0.482358
-0.958746 -0.499091
-0.958824 -0.509816
-0.97025 -0.526803
-0.969976 -0.537666
-0.969597 -0.548571
-0.980164 -0.565898
-1.05588 -0.621963
-1.05416 -0.633401
-1.04168 -0.638341
-1.02936 -0.643217
-1.0172 -0.64803
-1.01549 -0.659465
-1.03401 -0.684397
-1.03187 -0.696002
-1.0197 -0.700819
-1.00767 -0.70558
-0.995784 -0.710286
-0.849882 -0.617475
-0.839841 -0.62145
-0.82991 -0.625382
-0.820083 -0.629272
-0.810359 -0.633122
-0.800734 -0.636932
-0.800125 -0.647928
-0.799397 -0.658972
-0.815967 -0.684677
-0.814791 -0.695898
-0.822 -0.714554
-0.837286 -0.740768
-0.835456 -0.752248
-0.841708 -0.771283
-0.831453 -0.775342
-0.821283 -0.779369
-0.811195 -0.783362
-0.801187 -0.787324
-0.806666 -0.806666
-0.811835 -0.826129
-0.809184 -0.837934
-0.798997 -0.841967
-0.788881 -0.845972
-0.784402 -0.856024
-0.774379 -0.860035
-0.76476 -0.864404
-0.754438 -0.867882
-0.739368 -0.865689
-0.731708 -0.872015
-0.738528 -0.895906
-0.752054 -0.92871
-2.15804 -2.71302
-1.53609 -1.9661
-1.51267 -1.97135
-1.4939 -1.98247
-2.14138 -2.89391
-2.14893 -2.95775
-2.1159 -2.96638
-2.11499 -3.02052
-2.11335 -3.07494
-2.08235 -3.08721
-2.05147 -3.09944
-2.02071 -3.11162
-1.99005 -3.12376
-1.9595 -3.13585
-1.92904 -3.14791
-1.89868 -3.15993
-1.8684 -3.17192
-1.83821 -3.18387
-1.80809 -3.19579
-1.13761 -2.0523
-1.11843 -2.0599
-1.0993 -2.06747
-1.15447 -2.21771
-1.17513 -2.30633
-1.15405 -2.31467
-1.59905 -3.27855
-1.56939 -3.29029
-1.53976 -3.30202
-1.51016 -3.31374
-0.947291 -2.12765
-0.752837 -1.73141
-0.737513 -1.73747
-0.722196 -1.74354
-0.646945 -1.60125
-0.632932 -1.60679
-0.618919 -1.61234
-0.604904 -1.61789
-0.590884 -1.62344
-0.576856 -1.62899
-0.56282 -1.63455
-0.548773 -1.64011
-0.596638 -1.83626
-0.574903 -1.82336
-0.524142 -1.71439
-0.509539 -1.72017
-0.494912 -1.72596
-0.477573 -1.72207
-0.449949 -1.67923
-0.435735 -1.68486
-0.421489 -1.6905
-0.40721 -1.69615
-0.199514 -0.864192
-0.18565 -0.837415
-0.172266 -0.810448
-0.161387 -0.793245
-0.150823 -0.775917
-0.144287 -0.778504
-0.137729 -0.781101
-0.131147 -0.783706
-0.124541 -0.786321
-0.117909 -0.788947
-0.11125 -0.791583
-0.104562 -0.794231
-0.0978458 -0.79689
-0.0910985 -0.799561
-0.0843193 -0.802245
-0.0775071 -0.804942
-0.0706604 -0.807652
-0.063778 -0.810377
-0.0568586 -0.813116
-0.094859 -1.55093
-0.0815568 -1.5562
-0.0681763 -1.56149
-0.0547147 -1.56682
-0.0411691 -1.57219
-0.0275368 -1.57758
-0.0138148 -1.58302
-8.55349e-09 -1.58848
0 -0
0 -0
0 -0
0 -0
0 -0
0 -0
0 -0
0 -0
0 -0
0 -0
0 -0
0 -0
0 -0
0 -0
0 -0
0 -0
0 -0
0 -0
0 -0
0 -0
0 -0
0 -0
0 -0
0 -0
0 -0
0 -0
0 -0
0 -0
0 -0
6.71304 1.21308
-1.97924