-4.35538 -4.35538
-4.21882 -4.2931
-4.09673 -4.24229
-3.99176 -4.20643
-3.94851 -4.23426
-3.83721 -4.18758
-3.72851 -4.14093
-3.67822 -4.15747
-3.58414 -4.12308
-3.55582 -4.16333
-3.52741 -4.20381
-3.47747 -4.2185
-3.45608 -4.26791
-3.43451 -4.31777
-3.41273 -4.36809
-3.39074 -4.4189
-3.43775 -4.56205
-4.2867 -5.79315
-4.22605 -5.81666
-4.19064 -5.87506
-4.05862 -5.79631
-3.95418 -5.75337
-3.84772 -5.70448
-3.68748 -5.57118
-3.64661 -5.61528
-3.61858 -5.68003
-3.59022 -5.74556
-3.56152 -5.81188
-3.53247 -5.87901
-3.50305 -5.94699
-3.47325 -6.01584
-3.44306 -6.08559
-3.41248 -6.15627
-3.38147 -6.2279
-3.35005 -6.30052
-3.31818 -6.37416
-3.28585 -6.44885
-3.25306 -6.52463
-3.20246 -6.56601
-3.15743 -6.61969
-3.12344 -6.69824
-3.48014 -7.63646
-3.44062 -7.72777
-3.40047 -7.82055
-3.35966 -7.91485
-3.31816 -8.01074
-3.27595 -8.10826
-3.23232 -8.20572
-3.18519 -8.2977
-3.14247 -8.40493
-3.07069 -8.43666
-2.97253 -8.39418
-2.87595 -8.35238
-2.7809 -8.31124
-2.68733 -8.27075
-2.59518 -8.23087
-2.50442 -8.19159
-1.52384 -5.14439
-1.47695 -5.15073
-1.4315 -5.1618
-1.39574 -5.20897
-1.35272 -5.23058
-1.31653 -5.2803
-1.90427 -7.93185
-1.8231 -7.89673
-1.74297 -7.86205
-1.66385 -7.82781
-1.5857 -7.79398
-0.974298 -5.01233
-0.933811 -5.03839
-1.34642 -7.63595
-1.28229 -7.66267
-1.2086 -7.63078
-1.13745 -7.61089
-1.0629 -7.56289
-0.993808 -7.54872
-0.927348 -7.55265
-0.857049 -7.52222
-0.782653 -7.44644
-0.714157 -7.4168
-0.646317 -7.38744
-0.579115 -7.35835
-0.512531 -7.32954
-0.446547 -7.30098
-0.381145 -7.27267
-0.316307 -7.24461
-0.253175 -7.24998
-0.188256 -7.1892
-0.125011 -7.16182
-0.0622633 -7.13467
5.36618e-07 -7.10772
0.0617949 -7.08098
0.123135 -7.05443
0.184036 -7.02807
0.19016 -5.44546
0.23407 -5.36108
0.283273 -5.40516
0.329373 -5.38521
0.376663 -5.38653
0.431811 -5.48668
0.481287 -5.50113
0.657017 -6.82338
0.714549 -6.79848
0.771767 -6.77372
0.821061 -6.687
0.878522 -6.67303
0.932989 -6.63856
0.821827 -5.49897
0.866273 -5.46944
0.924714 -5.52587
1.00628 -5.7069
1.21952 -6.57994
1.15522 -5.94309
1.20477 -5.92164
1.38352 -6.50896
1.27028 -5.72985
1.49188 -6.46206
1.55528 -6.47821
1.60936 -6.4548
1.38451 -5.35352
1.42928 -5.33415
1.50091 -5.41211
1.58796 -5.53788
1.64302 -5.54674
1.93089 -6.31566
1.98406 -6.29264
2.03714 -6.26967
2.09013 -6.24674
2.12998 -6.18591
2.1825 -6.16318
2.24866 -6.17813
2.30138 -6.15531
2.35405 -6.13252
2.35168 -5.9701
2.21573 -5.48412
2.49657 -6.02725
2.54882 -6.00464
2.60106 -5.98203
2.66958 -5.99597
2.72215 -5.97321
2.77474 -5.95045
2.82736 -5.92768
2.86246 -5.86891
2.9327 -5.88209
2.98544 -5.85926
3.01973 -5.80084
3.09111 -5.81353
3.12489 -5.75533
3.17749 -5.73234
3.25019 -5.74469
3.27931 -5.67994
2.77281 -4.7073
2.79183 -4.64639
2.62458 -4.28292
2.58487 -4.13666
2.62444 -4.11954
2.66411 -4.10237
2.68708 -4.05974
2.70968 -4.01727
2.66265 -3.87418
2.59005 -3.69898
1.84922 -2.59251
1.87659 -2.5829
1.72538 -2.33171
1.71499 -2.27587
1.73434 -2.26024
1.72604 -2.20923
1.69237 -2.12761
1.65715 -2.04641
1.62765 -1.9745
1.59248 -1.89784
1.56313 -1.83019
1.53694 -1.76805
1.51145 -1.70838
1.48676 -1.65122
1.46301 -1.59659
1.43971 -1.5439
1.41875 -1.49505
1.39674 -1.44636
1.40505 -1.42979
1.42194 -1.42194
1.43638 -1.41153
1.45592 -1.40596
1.21628 -1.1542
1.20055 -1.11953
1.18777 -1.08839
1.17125 -1.0546
1.16168 -1.02776
1.14982 -0.999527
1.14657 -0.979267
1.1608 -0.974026
1.17608 -0.969482
1.19205 -0.965299
1.17434 -0.934114
1.17368 -0.916978
1.18419 -0.908664
1.20286 -0.90642
1.2129 -0.897498
1.22629 -0.89095
1.24838 -0.890461
1.25891 -0.881495
1.27737 -0.877913
1.29211 -0.871537
1.30701 -0.865088
1.29187 -0.83895
1.29658 -0.826014
1.31154 -0.819541
1.32668 -0.812989
1.342 -0.806357
1.40018 -0.824766
1.38402 -0.799067
1.36734 -0.773601
1.36114 -0.754491
1.35464 -0.73551
1.33654 -0.710653
1.34073 -0.697942
1.33332 -0.67936
1.32559 -0.660913
1.31754 -0.642605
1.30916 -0.624437
1.30045 -0.606412
1.29141 -0.588531
1.28203 -0.570798
1.29016 -0.560979
1.27787 -0.542424
1.27831 -0.529493
1.26589 -0.511454
1.26507 -0.498325
1.25847 -0.483083
1.25199 -0.4681
1.24561 -0.453366
1.23934 -0.438874
1.23317 -0.424615
1.2271 -0.410581
1.22112 -0.396765
1.21523 -0.38316
1.20943 -0.36976
1.20372 -0.356557
1.19809 -0.343546
1.19253 -0.330719
1.18706 -0.318072
1.18166 -0.305599
1.17634 -0.293294
1.17108 -0.281152
1.1659 -0.269168
1.15661 -0.256413
1.15572 -0.245656
1.15073 -0.234118
1.14579 -0.22272
1.14092 -0.211457
1.1361 -0.200325
1.13134 -0.189321
1.12663 -0.178441
1.12197 -0.16768
1.11737 -0.157036
1.11281 -0.146504
1.1083 -0.136082
1.10383 -0.125766
1.09941 -0.115553
1.09504 -0.10544
1.0907 -0.0954241
1.08641 -0.0855023
1.08215 -0.0756717
1.07794 -0.0659297
1.07376 -0.0562733
1.06962 -0.0467005
1.06551 -0.0372084
1.06143 -0.0277947
1.05739 -0.018457
1.05338 -0.00919269
1.04941 0
1.04546 0.00912351
1.04154 0.01818
1.03765 0.0271718
1.03378 0.0361005
1.02994 0.0449683
1.02613 0.0537772
1.02234 0.0625291
1.01858 0.0712261
1.01484 0.0798696
1.01112 0.0884616
1.00742 0.0970038
1.00375 0.105498
1.00009 0.113946
0.996455 0.122349
0.992837 0.130709
0.989237 0.139028
0.985654 0.147307
0.982087 0.155547
0.978537 0.163751
0.975002 0.171919
0.971482 0.180053
0.967975 0.188155
0.964482 0.196226
0.961002 0.204267
0.957534 0.21228
0.954078 0.220266
0.950633 0.228227
0.947199 0.236163
0.943774 0.244076
0.940358 0.251968
0.936952 0.25984
0.933553 0.267692
0.930163 0.275527
0.926779 0.283345
0.923402 0.291148
0.920031 0.298936
0.916666 0.306712
0.913306 0.314476
0.90995 0.32223
0.906599 0.329975
0.90325 0.337711
0.899905 0.345441
0.896562 0.353165
0.893221 0.360885
0.889882 0.368601
0.886543 0.376315
0.883205 0.384029
0.879867 0.391742
0.876409 0.399403
0.873188 0.407174
0.869847 0.414895
0.821517 0.400681
0.818344 0.408011
0.815169 0.415349
0.811989 0.422695
0.808806 0.43005
0.761503 0.413463
0.688181 0.381465
0.667932 0.377898
0.665254 0.384085
0.662571 0.390284
0.659882 0.396497
0.657187 0.402725
0.654485 0.408968
0.651776 0.415227
0.64906 0.421504
0.629395 0.416588
0.609865 0.411359
0.59047 0.405819
0.579573 0.405821
0.552087 0.3938
0.549678 0.399365
0.54726 0.404951
0.544833 0.410561
0.542395 0.416194
0.539946 0.421852
0.537486 0.427536
0.535015 0.433246
0.532531 0.438985
0.530035 0.444752
0.527526 0.45055
0.525004 0.456379
0.522467 0.46224
0.519916 0.468134
0.51735 0.474064
0.514768 0.480029
0.550791 0.522681
0.547979 0.529177
0.545149 0.535717
0.52709 0.52709
0.516737 0.525835
0.506445 0.524439
0.496214 0.522901
0.493488 0.529201
0.49074 0.535549
0.487971 0.541947
0.48518 0.548396
0.482366 0.554899
0.479528 0.561455
0.476666 0.568069
0.473779 0.57474
0.506372 0.625317
0.50321 0.632622
0.500019 0.639996
0.496798 0.647439
0.493545 0.654956
0.490259 0.662547
0.486941 0.670216
0.483587 0.677964
0.480198 0.685794
0.476773 0.693709
0.49986 0.741073
0.482985 0.729711
0.472805 0.728056
0.462683 0.726267
0.459057 0.734645
0.455387 0.743124
0.451672 0.751708
0.44791 0.760401
0.4441 0.769204
0.440241 0.778123
0.43633 0.787159
0.432366 0.796319
0.428347 0.805604
0.424272 0.81502
0.420139 0.82457
0.415946 0.834259
0.411691 0.844091
0.407371 0.854072
0.402986 0.864205
0.398531 0.874497
0.394006 0.884953
0.389408 0.895578
0.384734 0.906377
0.379982 0.917358
0.385671 0.954569
0.379889 0.964404
0.366117 0.953768
0.357586 0.956408
0.353824 0.972123
0.34526 0.974985
0.34116 0.990799
0.336816 1.00664
0.328326 1.01048
0.325025 1.03085
0.317497 1.03848
0.313565 1.05858
0.305689 1.06606
0.29771 1.07351
0.29293 1.09323
0.306828 1.18642
0.297519 1.19328
0.285202 1.18795
0.273046 1.18269
0.261045 1.1775
0.251746 1.18437
0.247215 1.2151
0.237491 1.22179
0.225481 1.21659
0.213612 1.21145
0.201878 1.20637
0.164336 1.03758
0.154426 1.03329
0.144623 1.02905
0.134924 1.02485
0.125326 1.02069
0.115825 1.01658
0.107619 1.02393
0.0992954 1.03122
0.0928356 1.06112
0.0840707 1.06822
0.0759759 1.08651
0.0682484 1.11585
0.058837 1.12268
0.0497978 1.14056
0.0396763 1.13618
0.029638 1.13183
0.019681 1.12752
0.00980246 1.12325
8.61278e-08 1.1408
-0.0101075 1.15822
-0.0203298 1.16469
-0.0303845 1.16034
-0.0403689 1.15602
-0.0506447 1.15996
-0.0605678 1.1557
-0.0704589 1.15199
-0.0802168 1.14715
-0.0893224 1.13495
-0.0992126 1.134
-0.111283 1.15572
-0.124914 1.18848
-0.392435 3.44436
-0.304066 2.47642
-0.324335 2.46357
-0.345473 2.45817
-0.532118 3.56049
-0.571921 3.61097
-0.601382 3.59372
-0.640306 3.63135
-0.679949 3.66868
-0.710545 3.65544
-0.741023 3.64225
-0.77139 3.6291
-0.801649 3.61601
-0.831807 3.60296
-0.861869 3.58995
-0.891839 3.57698
-0.921724 3.56404
-0.951527 3.55114
-0.981252 3.53828
-0.646786 2.25561
-0.665716 2.24742
-0.684605 2.23924
-0.751827 2.38449
-0.799875 2.46176
-0.820681 2.45276
-1.18758 3.44898
-1.21686 3.43631
-1.24611 3.42365
-1.27532 3.41101
-0.83464 2.17431
-0.691953 1.75662
-0.707078 1.75008
-0.722196 1.74354
-0.674792 1.58971
-0.688623 1.58372
-0.702455 1.57774
-0.716289 1.57175
-0.730127 1.56576
-0.743972 1.55977
-0.757827 1.55377
-0.771692 1.54777
-0.876547 1.72032
-0.882791 1.69583
-0.841633 1.58288
-0.856048 1.57664
-0.870485 1.5704
-0.879994 1.55538
-0.869235 1.50556
-0.883265 1.49949
-0.897326 1.4934
-0.91142 1.4873
-0.469998 0.752154
-0.460867 0.723417
-0.451263 0.694884
-0.446791 0.675027
-0.442008 0.655304
-0.448459 0.652512
-0.454932 0.649711
-0.461429 0.646899
-0.467949 0.644077
-0.474496 0.641244
-0.481068 0.638399
-0.487669 0.635543
-0.494299 0.632674
-0.500959 0.629791
-0.50765 0.626895
-0.514374 0.623985
-0.521132 0.621061
-0.527925 0.618121
-0.534755 0.615165
-1.0296 1.16375
-1.04273 1.15807
-1.05593 1.15235
-1.06922 1.1466
-1.08259 1.14081
-1.09605 1.13499
-1.10959 1.12913
-1.12323 1.12323
0 0
0 0
0 0
0 0
0 0
0 0
0 0
0 0
0 0
0 0
0 0
0 0
0 0
0 0
0 0
0 0
0 0
0 0
0 0
0 0
0 0
0 0
0 0
0 0
0 0
0 0
0 0
0 0
0 0
6.71304 1.21308
-1.97924