23350 -5250
24850 -5250
24050 -6550
23950 -6950
23350 -2250
18959.4 2500.09
14550 2550
16055.3 2229.48
15250 -5050
15230.5 -4069.22
-15446.5 -5622.12
18995.2 5628.48
14666.1 1259.32
13087.7 -6922.58
-14514.5 -6478.69
14950 -4850
8863.84 -7072.25
15950 5650
-23450 350
6950 -2550
9150 -7150
4850 -2650
9250 -6250
-11950 -3950
450 -6550
1955.38 -6021.65
-23659.2 363.619
-21187.1 -1842.41
-25350 -7450
25503.8 -7098.89
15256.5 -7073.29
-22634.2 -7957.91
1411.4 -7690.52
-1109.05 -7465.73
1577.68 -7470.61
25507.4 -6085.15
