18850 -1950
18469.5 -5677
20008.8 -4858.75
18959.4 2500.09
21250 -3150
21250 -3150
15230.5 -4069.22
21450 -3250
15250 -5050
21938.6 -2486.48
14550 2550
20750 -6750
16055.3 2229.48
14950 -4850
14666.1 1259.32
18995.2 5628.48
13087.7 -6922.58
15950 5650
-15446.5 -5622.12
6950 -2550
8863.84 -7072.25
9250 -6250
-14514.5 -6478.69
4850 -2650
9150 -7150
-23450 350
450 -6550
1955.38 -6021.65
-11950 -3950
-23659.2 363.619
-21187.1 -1842.41
-25350 -7450
15256.5 -7073.29
-22634.2 -7957.91
1411.4 -7690.52
-1109.05 -7465.73
1577.68 -7470.61
