13.6778 -6.36233
14.4858 -5.19915
16.5926 -6.24537
15.9905 -5.182
17.0595 -0.388949
21.3301 5.0172
13.6218 -0.446392
15.0587 5.96318
16.1838 0.382288
15.3429 3.93863
14.6738 0.469058
15.2156 1.82728
12.8337 -7.77255
12.7372 -6.00546
19.91 5.06199
18.526 6.59678
-15.6136 -3.19678
-15.8785 -8.01452
15.2927 5.50278
15.1653 6.53653
6.78507 -3.81159
7.46369 -3.19536
8.63743 -7.89813
8.4927 -6.30051
9.8801 -6.69283
9.86565 -5.7954
4.34817 -3.17155
5.40223 -3.16754
9.86529 -7.8763
9.88193 -6.80638
-14.7415 -4.73818
-13.7147 -8.04107
-21.6078 1.41872
-24.3445 0.346922
0.538657 -8.00577
0.74264 -6.63893
2.26132 -6.63798
2.25038 -5.49955
-11.2995 -3.35926
-12.2564 -5.00468
-22.7528 0.377629
-24.3584 -0.213451
-21.5306 -1.54288
-20.7436 -1.54193
-25.6905 -7.45434
-26.1648 -7.8797
15.704 -7.98329
15.6023 -6.66502
14.8527 -7.6656
15.0473 -6.50775
-22.6189 -7.42168
-22.1427 -8.17289
1.7636 -7.99228
1.65163 -7.29378
-1.42643 -7.14216
-1.39086 -7.8207
1.30336 -7.77661
1.2543 -7.21701
