20.9007 3.14544
22.5632 3.51525
22.1617 2.65059
23.7007 3.51354
24.2661 1.8248
22.1617 2.65059
24.2661 1.8248
22.1617 2.65059
21.734 -2.22151
20.5665 1.67648
19.8893 4.31951
18.5558 8.11099
22.6169 -0.526627
21.3542 1.68641
20.9974 4.78874
21.3889 11.2751
22.2072 -1.63497
21.7672 -0.40049
19.5044 8.28755
19.2401 11.244
19.9296 10.0527
19.7261 11.2511
-6.3 -0.50597
-1.60678 -0.151867
-2.55902 0.563363
-6.3 1.30803
9.03022 1.68971
7.89906 1.68426
1.05438 2.51003
-1.75292 2.45188
20.7483 10.0687
21.1083 11.271
18.7036 -2.92077
18.6222 -1.95038
