20.1616 -1.20815
20.8859 0.610107
22.6169 -0.526627
21.3542 1.68641
21.734 -2.22151
20.8859 0.610107
20.1523 0.0267494
20.5549 0.792607
25.3976 1.36704
24.4479 1.79448
22.2072 -1.63497
21.7672 -0.40049
20.9974 4.78874
21.3889 11.2751
19.8893 4.31951
18.5558 8.11099
26.71 1.85743
27.8818 3.61095
19.5044 8.28755
19.2401 11.244
20.7483 10.0687
21.1083 11.271
-6.3 -0.50597
-1.60678 -0.151867
19.9296 10.0527
19.7261 11.2511
-2.55902 0.563363
-6.3 1.30803
1.05438 2.51003
-1.75292 2.45188
9.03022 1.68971
7.89906 1.68426
18.7036 -2.92077
18.6222 -1.95038
