19.5037 8.29593
19.2401 11.244
23.42 8.18626
24.7306 9.1238
25.1232 5.29902
24.8048 6.42048
20.7483 10.0687
21.1083 11.271
19.9921 10.0575
19.8466 11.2581
23.558 9.93569
24.6535 11.2908
21.3578 10.7597
21.594 11.4427
25.3976 1.36704
24.4479 1.79448
26.71 1.85743
27.8818 3.61095
20.8642 -3.00099
20.7224 -2.05795
-6.3 -0.50597
-1.60678 -0.151867
-2.55902 0.563363
-6.3 1.30803
1.05438 2.51003
-1.75292 2.45188
9.03022 1.68971
7.89906 1.68426
23.5208 9.46443
24.6998 10.5517
18.7036 -2.92077
18.6222 -1.95038
