23.9637 -0.707254
24.0434 0.0329933
25.0922 4.29785
25.6814 5.76633
21.8035 -0.703977
22.1268 -0.343994
21.8035 -0.703977
22.1268 -0.343994
24.3882 5.83945
24.4647 6.59058
23.7788 5.83304
23.6548 6.56958
-15.6136 -3.19678
-15.8785 -8.01452
-14.7415 -4.73818
-13.7147 -8.04107
12.8337 -7.77255
12.7372 -6.00546
-21.6078 1.41872
-24.3445 0.346922
8.63743 -7.89813
8.4927 -6.30051
6.78507 -3.81159
7.46369 -3.19536
9.86529 -7.8763
9.88193 -6.80638
4.34817 -3.17155
5.40223 -3.16754
9.8801 -6.69283
9.86565 -5.7954
-11.2995 -3.35926
-12.2564 -5.00468
0.538657 -8.00577
0.74264 -6.63893
2.26132 -6.63798
2.25038 -5.49955
-22.7528 0.377629
-24.3584 -0.213451
16.1639 -7.88264
15.9964 -5.7672
-21.5306 -1.54288
-20.7436 -1.54193
-25.6905 -7.45434
-26.1648 -7.8797
15.704 -7.98329
15.6023 -6.66502
14.8527 -7.6656
15.0473 -6.50775
-22.6189 -7.42168
-22.1427 -8.17289
1.7636 -7.99228
1.65163 -7.29378
-1.42643 -7.14216
-1.39086 -7.8207
1.30336 -7.77661
1.2543 -7.21701
