12.2506 -3.07699
13.0706 -3.06964
13.9626 -1.04538
14.5341 -0.826778
13.4587 -1.22343
13.9626 -1.04538
6.78507 -3.81159
7.50452 -3.15828
14.5823 -1.37877
15.3837 -1.19466
15.0905 -3.05154
15.9474 -3.04387
9.8801 -6.69283
9.86565 -5.7954
8.63743 -7.89813
8.4927 -6.30051
15.6299 -1.19099
17.0322 -0.949682
17.0561 -2.6563
17.04 -1.50743
4.34817 -3.17155
5.40223 -3.16754
9.86529 -7.8763
9.88193 -6.80638
-15.6136 -3.19678
-15.8785 -8.01452
-14.7415 -4.73818
-13.7147 -8.04107
0.538657 -8.00577
0.74264 -6.63893
2.26132 -6.63798
2.25038 -5.49955
-21.6078 1.41872
-24.3445 0.346922
-11.2995 -3.35926
-12.2564 -5.00468
-22.7528 0.377629
-24.3584 -0.213451
-21.5306 -1.54288
-20.7436 -1.54193
-25.6905 -7.45434
-26.1648 -7.8797
-22.6189 -7.42168
-22.1427 -8.17289
1.7636 -7.99228
1.65163 -7.29378
-1.42643 -7.14216
-1.39086 -7.8207
1.30336 -7.77661
1.2543 -7.21701
