15.9145 -0.70626
17.0573 -0.378661
15.9946 -5.13059
15.9943 -3.04345
14.5373 -5.15195
15.2988 -3.17493
19.2106 -3.5586
17.0949 -2.61205
15.2075 -8.04214
15.5925 -5.13648
18.0624 -1.61162
22.2165 -1.20417
13.6218 -0.446392
15.0587 5.96318
14.6738 0.469058
15.2156 1.82728
20.6809 -3.54005
22.2541 -3.3779
22.2482 -3.03515
22.2307 -2.02742
12.8337 -7.77255
12.7372 -6.00546
6.78507 -3.81159
7.46369 -3.19536
-15.6136 -3.19678
-15.8785 -8.01452
8.63743 -7.89813
8.4927 -6.30051
9.8801 -6.69283
9.86565 -5.7954
4.34817 -3.17155
5.40223 -3.16754
9.86529 -7.8763
9.88193 -6.80638
-14.7415 -4.73818
-13.7147 -8.04107
-21.6078 1.41872
-24.3445 0.346922
0.538657 -8.00577
0.74264 -6.63893
2.26132 -6.63798
2.25038 -5.49955
-11.2995 -3.35926
-12.2564 -5.00468
-22.7528 0.377629
-24.3584 -0.213451
-21.5306 -1.54288
-20.7436 -1.54193
-25.6905 -7.45434
-26.1648 -7.8797
14.8527 -7.6656
15.0685 -6.38157
-22.6189 -7.42168
-22.1427 -8.17289
1.7636 -7.99228
1.65163 -7.29378
-1.42643 -7.14216
-1.39086 -7.8207
1.30336 -7.77661
1.2543 -7.21701
