20850 -6750
18959.4 2500.09
23750 -3950
23350 -2250
14550 2550
23750 -3950
23650 -3950
16055.3 2229.48
23650 -3950
23650 -3950
15250 -5050
15230.5 -4069.22
14950 -4850
14666.1 1259.32
18995.2 5628.48
-15446.5 -5622.12
13087.7 -6922.58
15950 5650
8863.84 -7072.25
-14514.5 -6478.69
6950 -2550
9250 -6250
4850 -2650
9150 -7150
-23450 350
450 -6550
-11950 -3950
1955.38 -6021.65
-23659.2 363.619
-21187.1 -1842.41
-25350 -7450
15256.5 -7073.29
-22634.2 -7957.91
1411.4 -7690.52
-1109.05 -7465.73
1577.68 -7470.61
22200.7 -3683.56
