13.5006 -3.77827
13.1084 -3.08101
15.6299 -1.19099
16.0253 -1.12294
15.9829 -3.65177
15.236 -3.05024
16.0253 -1.12294
16.8999 -0.866417
17.0561 -2.6563
17.04 -1.50743
13.6218 -0.446392
15.0587 5.96318
16.8999 -0.866417
17.005 -0.834567
14.61 0.558207
15.1297 2.30235
13.0688 -7.72764
12.7438 -4.60703
6.78507 -3.81159
7.46369 -3.19536
8.63743 -7.89813
8.4927 -6.30051
9.8801 -6.69283
9.86565 -5.7954
4.34817 -3.17155
5.40223 -3.16754
-15.6136 -3.19678
-15.8785 -8.01452
9.86529 -7.8763
9.88193 -6.80638
-14.7415 -4.73818
-13.7147 -8.04107
0.538657 -8.00577
0.74264 -6.63893
-21.6078 1.41872
-24.3445 0.346922
2.26132 -6.63798
2.25038 -5.49955
-11.2995 -3.35926
-12.2564 -5.00468
-22.7528 0.377629
-24.3584 -0.213451
-21.5306 -1.54288
-20.7436 -1.54193
-25.6905 -7.45434
-26.1648 -7.8797
-22.6189 -7.42168
-22.1427 -8.17289
1.7636 -7.99228
1.65163 -7.29378
-1.42643 -7.14216
-1.39086 -7.8207
1.30336 -7.77661
1.2543 -7.21701
