21.497 -5.19448
17.7463 -2.45981
13.7366 -5.1204
15.1277 -3.1451
18.0605 -3.13162
17.7463 -2.45981
15.4064 1.54979
12.295 3.5856
12.9684 -7.38085
12.8072 -4.26675
23.9857 -2.45947
22.2704 -1.53167
20.6614 -3.05926
22.3114 -2.88512
13.7255 0.375124
14.2715 0.738671
13.5838 0.549666
14.2715 0.738671
13.5838 0.549666
14.2715 0.738671
13.2039 0.0277997
12.9812 0.384064
13.7255 0.375124
13.5838 0.549666
13.7255 0.375124
13.5838 0.549666
10.0089 -6.76251
9.98783 -5.70051
6.91946 -3.96109
7.663 -3.19361
8.78384 -7.73198
8.88375 -6.90394
4.65141 -3.21318
5.44669 -3.48595
2.54531 -6.63093
3.20357 -7.06558
-0.21839 6.6472
-0.209511 5.92744
-0.816665 -6.99193
-0.574813 -7.65251
