-15.6136 -3.19678
-15.8785 -8.01452
20.2852 5.67476
21.3194 6.60409
12.8337 -7.77255
12.7372 -6.00546
19.9217 5.06161
20.2852 5.67476
22.3916 0.353104
22.3792 1.43284
21.498 4.97173
22.3344 5.34536
-14.7415 -4.73818
-13.7147 -8.04107
8.63743 -7.89813
8.4927 -6.30051
6.78507 -3.81159
7.46369 -3.19536
9.8801 -6.69283
9.86565 -5.7954
4.34817 -3.17155
5.40223 -3.16754
9.86529 -7.8763
9.88193 -6.80638
-21.6078 1.41872
-24.3445 0.346922
0.538657 -8.00577
0.74264 -6.63893
-11.2995 -3.35926
-12.2564 -5.00468
2.26132 -6.63798
2.25038 -5.49955
-22.7528 0.377629
-24.3584 -0.213451
16.1639 -7.88264
15.9964 -5.7672
-21.5306 -1.54288
-20.7436 -1.54193
-25.6905 -7.45434
-26.1648 -7.8797
15.704 -7.98329
15.6023 -6.66502
14.8527 -7.6656
15.0473 -6.50775
-22.6189 -7.42168
-22.1427 -8.17289
1.7636 -7.99228
1.65163 -7.29378
-1.42643 -7.14216
-1.39086 -7.8207
1.30336 -7.77661
1.2543 -7.21701
