17.3763 -5.83603
18.061 -3.3049
21.4525 -3.92367
20.6162 -3.20304
24.9032 -5.21118
23.2592 -3.85396
24.9032 -5.21118
23.2592 -3.85396
24.8556 -4.07166
22.3082 -3.06893
23.9857 -2.45947
22.2704 -1.53167
24.8081 -5.24225
23.141 -4.14921
21.4297 -5.34414
20.2641 -4.29552
21.497 -5.19448
20.2641 -4.29552
24.2403 -4.09811
23.2592 -3.85396
13.7366 -5.1204
15.1277 -3.1451
22.1474 -6.761
21.4404 -5.92761
15.4064 1.54979
12.295 3.5856
12.9684 -7.38085
12.8072 -4.26675
13.2039 0.0277997
12.9812 0.384064
10.0089 -6.76251
9.98783 -5.70051
6.91946 -3.96109
7.663 -3.19361
8.78384 -7.73198
8.88375 -6.90394
4.65141 -3.21318
5.44669 -3.48595
2.54531 -6.63093
3.20357 -7.06558
-0.21839 6.6472
-0.209511 5.92744
-0.816665 -6.99193
-0.574813 -7.65251
