18959.4 2500.09
16055.3 2229.48
17950 -2750
15230.5 -4069.22
15230.5 -4069.22
18581.6 -2948.53
18150 -2850
15250 -4950
20168.7 -1706.46
14550 2550
14950 -4850
21436.7 -3160.56
18995.2 5628.48
14666.1 1259.32
21750 -2550
15650 5550
13087.7 -6922.58
-15446.5 -5622.12
6950 -2550
8863.84 -7072.25
9250 -6250
4850 -2650
9150 -7150
-14514.5 -6478.69
-23450 350
450 -6550
1955.38 -6021.65
-11950 -3950
-23659.2 363.619
-21187.1 -1842.41
-25350 -7450
15256.5 -7073.29
-22634.2 -7957.91
1411.4 -7690.52
-1109.05 -7465.73
1577.68 -7470.61
