19793.9 -3320.93
19765.6 -3321.4
19737.2 -3321.86
19708.6 -3322.33
19679.8 -3322.8
19650.8 -3323.27
19621.7 -3323.74
19592.4 -3324.22
19562.8 -3324.71
19533.1 -3325.19
19503.1 -3325.68
19473 -3326.17
19442.6 -3326.67
19412 -3327.17
19381.1 -3327.67
19350 -3328.18
19318.6 -3328.69
19287 -3329.21
19255.1 -3329.73
19222.9 -3330.25
19196.8 -3342.44
19157.7 -3331.32
17972 -1290.39
17915.2 -1291.32
17857.8 -1292.25
17799.9 -1293.2
17741.4 -1294.16
17682.2 -1295.12
17622.5 -1296.1
17562.1 -1297.08
17501 -1298.08
17439.3 -1299.09
17376.8 -1300.1
17313.7 -1301.14
17249.7 -1302.18
17142 -1243.93
16013.3 192.926
15957.2 151.136
15901.6 108.858
15846.2 66.0949
15959.3 -188.653
15970.1 -309.372
15976.8 -422.463
15893.9 -426.07
15575.4 -154.879
15790.4 -509.124
17303.4 -2321.44
17313.8 -2401.28
18065.2 -3289.14
18073.2 -3349.01
18026.4 -3349.78
17978.7 -3350.56
17930.3 -3351.35
17881.1 -3352.15
17832.4 -3354.29
17786.1 -3359.54
17746.2 -3371.71
17706.5 -3384.37
17646.4 -3378.9
17586.3 -3374.57
17526.2 -3371.38
17486.5 -3386.94
17406.1 -3368.28
17346.1 -3368.35
17306.4 -3386.19
17307.3 -3437.33
17308.1 -3487.73
17328.5 -3552.75
17309.7 -3586.39
17310.5 -3634.69
17311.3 -3682.34
17312 -3729.36
17312.8 -3775.76
17313.5 -3821.57
17314.3 -3866.8
17315 -3911.47
17315.7 -3955.6
17316.4 -3999.21
17317.1 -4042.3
17317.8 -4084.9
17318.5 -4127.02
17319.2 -4168.67
17319.9 -4209.87
17320.5 -4250.64
17321.2 -4290.98
17326 -4333.21
17322.5 -4370.43
17323.1 -4409.57
17323.8 -4448.33
17324.4 -4486.73
17325 -4524.77
17325.6 -4562.47
17326.2 -4599.84
17326.8 -4636.88
17327.4 -4673.61
17328 -4710.04
17328.6 -4746.17
17329.2 -4782.01
17329.8 -4817.58
17330.4 -4852.88
17330.9 -4887.92
17331.5 -4922.71
17332.1 -4957.25
17332.6 -4991.56
17333.2 -5025.64
17333.7 -5059.49
17352 -5099.06
17334.8 -5126.57
17335.4 -5159.81
17335.9 -5192.86
17336.4 -5225.71
17337 -5258.39
17337.5 -5290.9
17338 -5323.24
17338.6 -5355.41
17339.1 -5387.43
17339.6 -5419.31
17340.1 -5451.04
17340.6 -5482.63
17341.2 -5514.1
17341.7 -5545.43
17342.2 -5576.65
17342.7 -5607.75
17343.2 -5638.74
17343.7 -5669.63
17344.2 -5700.41
17344.7 -5731.11
17345.2 -5761.71
17345.7 -5792.24
17346.2 -5822.68
17346.7 -5853.05
17347.2 -5883.35
17347.7 -5913.58
17348.2 -5943.76
17348.7 -5973.88
17349.1 -6003.95
17349.6 -6033.98
17350.1 -6063.97
17350.6 -6093.92
17351.1 -6123.84
17351.6 -6153.73
17352.1 -6183.61
17352.6 -6213.46
17353.1 -6243.3
17353.5 -6273.13
17354 -6302.96
17354.5 -6332.79
17355 -6362.63
17355.5 -6392.48
17356 -6422.34
17356.5 -6452.22
17356.9 -6482.12
17357.4 -6512.05
17357.9 -6542.02
17358.4 -6572.02
17358.9 -6602.06
17359.4 -6632.16
17359.9 -6662.3
17360.4 -6692.5
17360.9 -6722.76
17361.4 -6753.09
17361.9 -6783.49
17362.4 -6813.96
17362.9 -6844.52
17363.4 -6875.16
17363.9 -6905.89
17364.4 -6936.71
17364.9 -6967.64
17365.4 -6998.68
17365.9 -7029.82
17366.4 -7061.09
17366.9 -7092.47
17367.4 -7123.99
17367.9 -7155.64
17368.5 -7187.42
17369 -7219.36
17369.5 -7251.44
17370 -7283.68
17370.6 -7316.09
17371.1 -7348.66
17371.6 -7381.41
17372.2 -7414.34
17372.7 -7447.46
17391.9 -7473.96
17444.9 -7487.64
17529.7 -7488.21
17616.1 -7486.65
17700.4 -7484.44
17773.2 -7485.49
17852.5 -7482.54
17910.2 -7487.57
17986.2 -7483.45
18060.8 -7478.63
18114.1 -7482.39
18186 -7476.35
18236.9 -7479.31
18306.5 -7472.04
18355.1 -7474.17
18402.8 -7475.99
18449.5 -7477.5
18733.2 -7349.12
18778.1 -7347.31
18822.2 -7345.16
18865.5 -7342.65
18888.3 -7351.48
18930.2 -7348.49
18971.5 -7345.13
19012.1 -7341.4
19032.4 -7349.94
19071.9 -7345.7
19110.8 -7341.08
19149.2 -7336.07
19147.6 -7357.93
19145.5 -7380.41
19142.9 -7403.52
19140 -7427.27
19136.6 -7451.67
19152.7 -7461.8
19188.1 -7456.86
19203.4 -7467
19238.1 -7461.52
19272.5 -7455.64
19286.8 -7465.65
19320.5 -7459.2
19353.9 -7452.32
19367.3 -7462.21
19400.2 -7454.74
19413.1 -7464.63
19445.4 -7456.56
19477.5 -7448.02
19489.7 -7457.77
19521.3 -7448.59
19533 -7458.34
19564.2 -7448.51
19575.5 -7458.26
19589.8 -7464.82
19610.6 -7464.48
19631 -7464.14
19651 -7463.82
19670.7 -7463.5
19690.2 -7463.18
19709.3 -7462.87
19728.1 -7462.56
19746.6 -7462.26
19764.8 -7461.96
19782.8 -7461.67
19800.5 -7461.38
19818 -7461.09
19835.2 -7460.81
19852.2 -7460.53
19868.9 -7460.26
19885.4 -7459.99
19901.8 -7459.73
19917.9 -7459.46
19933.8 -7459.2
19949.5 -7458.95
19965 -7458.69
19980.3 -7458.44
19995.5 -7458.2
20010.5 -7457.95
20025.3 -7457.71
20039.9 -7457.47
20054.4 -7457.23
20068.8 -7457
20083 -7456.77
20097 -7456.54
20110.9 -7456.31
20124.7 -7456.09
20138.3 -7455.86
20151.8 -7455.64
20165.2 -7455.43
20178.5 -7455.21
20191.7 -7454.99
20204.7 -7454.78
20217.6 -7454.57
20230.4 -7454.36
20243.2 -7454.15
20255.8 -7453.95
20268.3 -7453.74
20280.7 -7453.54
20293.1 -7453.34
20305.3 -7453.14
20317.5 -7452.94
20329.6 -7452.74
20341.6 -7452.55
20353.5 -7452.35
20365.3 -7452.16
20377.1 -7451.97
20388.8 -7451.78
20400.5 -7451.59
20412 -7451.4
20423.5 -7451.21
20435 -7451.02
20446.4 -7450.84
20457.7 -7450.65
20469 -7450.47
20480.2 -7450.29
20491.4 -7450.1
20528.9 -7329.47
20538.9 -7329.31
20548.9 -7329.15
20558.8 -7328.99
20568.6 -7328.83
20578.5 -7328.67
20588.3 -7328.51
20598 -7328.35
20607.8 -7328.19
20617.5 -7328.03
20627.2 -7327.87
20636.8 -7327.71
20646.5 -7327.56
20656.1 -7327.4
20665.7 -7327.24
20675.3 -7327.09
20684.8 -7326.93
20694.4 -7326.77
20703.9 -7326.62
20713.4 -7326.46
20722.9 -7326.31
20732.4 -7326.15
20741.9 -7326
20751.4 -7325.84
20760.9 -7325.69
20770.4 -7325.53
20779.9 -7325.38
20789.3 -7325.23
20798.8 -7325.07
20808.3 -7324.92
20817.8 -7324.76
20827.2 -7324.61
20836.7 -7324.45
20846.2 -7324.3
20855.7 -7324.14
20865.3 -7323.99
20874.8 -7323.83
20884.3 -7323.67
20893.9 -7323.52
20918.5 -7443.13
20929.2 -7442.96
20939.9 -7442.78
20950.6 -7442.61
20961.3 -7442.43
20972.1 -7442.26
20982.8 -7442.08
20993.7 -7441.91
21004.5 -7441.73
21015.4 -7441.55
21026.3 -7441.37
21037.3 -7441.2
21048.3 -7441.02
21059.3 -7440.84
21070.4 -7440.65
21081.5 -7440.47
21092.7 -7440.29
21103.9 -7440.11
21115.2 -7439.92
21126.5 -7439.74
21137.9 -7439.55
21149.4 -7439.37
21160.9 -7439.18
21172.4 -7438.99
21184.1 -7438.8
21195.8 -7438.61
21207.5 -7438.42
21219.4 -7438.22
21231.3 -7438.03
21243.3 -7437.83
21255.4 -7437.64
21267.5 -7437.44
21279.7 -7437.24
21292.1 -7437.04
21304.5 -7436.83
21317 -7436.63
21329.6 -7436.42
21348.4 -7448.91
21364.8 -7455.64
21371.7 -7442.99
21388.8 -7450.61
21396 -7438.82
21414.6 -7448.44
21422.7 -7438.23
21441.9 -7448.16
21439 -7418.77
21447.3 -7409.49
21444 -7380.68
21443.6 -7357.82
21440 -7330.21
21436 -7302.83
21444.3 -7295.46
21439.7 -7268.51
21440.7 -7250.58
21435.8 -7224.59
21444.3 -7218.55
21438.9 -7192.88
21433.1 -7167.36
21435.3 -7153.58
21443.9 -7148.62
21437.7 -7124.02
21431 -7099.54
21434.5 -7088.72
21443.4 -7084.66
21436.2 -7060.95
21428.6 -7037.33
21433.5 -7029.13
21442.6 -7025.83
21434.5 -7002.87
21443.5 -6999.7
21434.8 -6976.88
21441.6 -6971.48
21432.6 -6949.17
21441.9 -6946.6
21431 -6923.18
21440.6 -6921.07
21430.5 -6899.31
21440.1 -6897.27
21444.1 -6889.74
21444 -6878.31
21443.8 -6867.08
21443.6 -6856.03
21443.4 -6845.16
21443.2 -6834.47
21443.1 -6823.94
21442.9 -6813.58
21463 -6820.25
21483.1 -6826.47
21482.9 -6815.97
21503 -6821.61
21502.9 -6811.12
21502.7 -6800.77
21522.8 -6805.7
21556.9 -6820.52
21556.7 -6809.85
21576.8 -6813.62
21596.9 -6817
21616.9 -6819.98
21637 -6822.58
21636.8 -6811.53
21656.8 -6813.62
21676.8 -6815.33
21696.9 -6816.67
21716.9 -6817.65
21736.9 -6818.26
21756.9 -6818.52
21776.9 -6818.42
21796.9 -6817.98
21816.9 -6817.18
21836.9 -6816.05
21856.9 -6814.57
21876.8 -6812.76
21896.8 -6810.61
21936.9 -6818.07
21956.9 -6815.05
21976.8 -6811.7
21996.8 -6808.02
22036.9 -6813.1
22056.8 -6808.58
22096.9 -6812.39
22116.8 -6807.03
22156.8 -6809.6
22196.9 -6811.45
22216.7 -6804.75
22256.8 -6805.37
22296.8 -6805.29
22336.8 -6804.51
22356.6 -6796.01
22356.4 -6780.39
22356.1 -6764.87
22355.9 -6749.44
22355.6 -6734.1
22355.4 -6718.85
22355.1 -6703.69
22354.9 -6688.61
22354.6 -6673.6
22354.4 -6658.67
22354.1 -6643.82
22353.9 -6629.03
22353.7 -6614.31
22353.4 -6599.66
22353.2 -6585.07
22352.9 -6570.53
22352.7 -6556.06
22352.5 -6541.64
22352.2 -6527.27
22352 -6512.95
22351.8 -6498.68
22351.5 -6484.45
22351.3 -6470.27
22351.1 -6456.12
22350.8 -6442.02
22350.6 -6427.94
22350.4 -6413.91
22350.2 -6399.9
22349.9 -6385.92
22349.7 -6371.96
22349.5 -6358.03
22349.2 -6344.13
22349 -6330.24
22348.8 -6316.37
22348.6 -6302.52
22348.3 -6288.67
22348.1 -6274.85
22347.9 -6261.02
22347.7 -6247.21
22347.4 -6233.4
22347.2 -6219.6
22347 -6205.79
22346.8 -6191.98
22346.5 -6178.17
22346.3 -6164.36
22346.1 -6150.53
22345.9 -6136.7
22345.6 -6122.85
22345.4 -6108.99
22345.2 -6095.11
22345 -6081.22
22344.7 -6067.3
22344.5 -6053.37
22344.3 -6039.4
22344 -6025.41
22343.8 -6011.39
22343.6 -5997.34
22343.4 -5983.25
22343.1 -5969.13
22283.1 -5965.84
22203.1 -5967.39
22143.1 -5966.36
22063.1 -5970.54
22023.1 -5967.43
21963.1 -5969.55
21903.1 -5972.71
21863.1 -5972.04
21823.1 -5972.06
21783.1 -5972.79
21743.1 -5974.21
21703.2 -5976.34
21663.2 -5979.17
21643.2 -5976.71
21623.1 -5974.58
21583.2 -5979.18
21563.2 -5977.91
21543.1 -5976.99
21523.1 -5976.42
21503.1 -5976.19
21483.1 -5976.3
21463.1 -5976.77
21443.1 -5977.59
21443 -5970.8
21442.9 -5963.97
21442.8 -5957.1
21442.7 -5950.17
21442.6 -5943.2
21442.5 -5936.17
21442.4 -5929.09
21442.2 -5921.96
21442.1 -5914.77
21442 -5907.52
21441.9 -5900.21
21441.8 -5892.84
21441.6 -5885.4
21441.5 -5877.9
21441.4 -5870.32
21441.3 -5862.68
21441.1 -5854.97
21441 -5847.18
21440.9 -5839.32
21440.8 -5831.37
21440.6 -5823.34
21440.5 -5815.23
21440.4 -5807.03
21440.2 -5798.75
21440.1 -5790.37
21440 -5781.89
21439.8 -5773.32
21439.7 -5764.64
21439.5 -5755.86
21439.4 -5746.97
21439.2 -5737.98
21439.1 -5728.86
21438.9 -5719.63
21438.8 -5710.28
21438.6 -5700.8
21438.5 -5691.19
21438.3 -5681.45
21438.2 -5671.57
21438 -5661.54
21437.8 -5651.37
21437.7 -5641.05
21437.5 -5630.56
21437.3 -5619.92
21437.1 -5609.11
21437 -5598.12
21436.8 -5586.95
21436.6 -5575.6
21436.4 -5564.05
21436.2 -5552.31
21426.4 -5550.41
21433.9 -5530.28
21422.1 -5530.48
21428.9 -5510.36
21417.2 -5510.55
21423.4 -5490.45
21429.2 -5470.35
21417.4 -5470.54
21422.6 -5450.46
21427.4 -5430.38
21431.8 -5410.3
21419.8 -5410.5
22082.8 -4535.8
22298.6 -4219.75
22295.9 -4186.22
22288.7 -4158.1
22286.3 -4122.76
22293.1 -4073.53
22290.7 -4036.26
22288.5 -3997.71
22280.5 -3966.95
22252.2 -3966.68
22218.6 -3975.21
22192.4 -3972.58
22167.5 -3968.41
22136.5 -3974.66
22113.6 -3967.83
22084.2 -3972.59
22051.8 -3983.07
22032.3 -3971.47
22005.4 -3973.31
21977 -3978.61
21951.8 -3978.48
21925.8 -3980.17
21902.2 -3977.83
21878.6 -3975.57
21856.5 -3970.75
21825.8 -3984.28
21805.4 -3976.67
21785.1 -3968.53
21761.2 -3968.92
21737.5 -3969.31
21713.9 -3969.69
21690.6 -3970.07
21667.4 -3970.45
21644.4 -3970.83
21621.5 -3971.2
21598.8 -3971.57
21576.2 -3971.94
21553.8 -3972.31
21531.6 -3972.67
21509.4 -3973.03
21487.4 -3973.39
21465.6 -3973.75
21449.8 -3954
22049.2 -1803.93
22007.1 -1804.62
21965.2 -1805.3
21923.6 -1805.98
21882.1 -1806.66
21840.8 -1807.33
21799.7 -1808
21758.8 -1808.67
21718.1 -1809.34
21677.5 -1810
21637.1 -1810.66
21596.8 -1811.32
21556.7 -1811.97
21516.7 -1812.62
21476.9 -1813.27
21437.1 -1813.92
21397.5 -1814.57
21366 -1755.07
21433.5 -893.859
21386 -894.635
21338.6 -895.407
21291.3 -896.179
21244.1 -896.949
21196.4 -905.908
21150 -898.485
21103 -899.251
21056.2 -900.017
21009.3 -900.78
20962.6 -901.544
20915.8 -902.306
20869.1 -903.068
20822.5 -903.83
20775.8 -904.591
20729.2 -905.352
20720.7 -3305.81
20695.1 -3306.23
20669.4 -3306.65
20643.7 -3307.07
20618.1 -3307.48
20592.4 -3307.9
20566.7 -3308.32
20540.9 -3308.74
20515.2 -3309.16
20489.4 -3309.59
20463.5 -3310.01
20437.7 -3310.43
20411.8 -3310.85
20385.8 -3311.28
20359.8 -3311.7
20333.7 -3312.12
20307.6 -3312.55
20281.4 -3312.98
20255.2 -3313.41
20228.8 -3313.84
20202.4 -3314.27
20175.9 -3314.7
20149.3 -3315.13
20122.7 -3315.57
20095.9 -3316.01
20069.1 -3316.44
20042.1 -3316.88
20015 -3317.33
19987.8 -3317.77
19960.5 -3318.21
19933.1 -3318.66
19905.5 -3319.11
19877.9 -3319.56
19850 -3320.02
19822 -3320.48
19793.9 -3320.93
