20848.9 3711.15
20856.5 3741.18
20854 3790.09
20851.1 3838.02
20847.8 3885.02
20855 3911.2
20851.3 3956.47
20847.1 4000.95
20854.1 4024.74
20849.4 4067.75
20844.3 4110.07
20851 4131.82
20845.4 4172.88
20852.1 4193.42
20845.8 4233.33
20852.4 4252.78
20845.6 4291.64
20852.1 4310.09
20844.7 4347.99
20851.1 4365.53
20843 4402.55
20864.1 4399.34
20885.9 4395.75
20908.2 4391.78
20931.3 4387.45
20939 4402.69
20963.1 4397.69
20987.9 4392.38
21013.4 4386.77
21022.6 4400.75
21031.9 4414.46
21023.6 4447.78
21032.9 4460.95
21024 4493.75
21033.2 4506.41
21023.7 4538.73
21032.9 4550.93
21022.7 4582.79
21031.9 4594.57
21036 4611.3
21035.9 4631.88
21035.8 4652.11
21035.6 4672.01
21035.5 4691.58
21035.4 4710.84
21035.3 4729.8
21035.1 4748.46
21035 4766.84
21034.9 4784.95
21034.8 4802.79
21034.7 4820.37
21034.6 4837.71
21034.5 4854.8
21054.5 4856.32
21054.4 4873.23
21094.5 4860.34
21114.4 4862.83
21114.3 4879.89
21154.4 4868.76
21033.8 4968.3
21033.7 4983.71
21033.6 4998.94
21033.5 5014
21033.4 5028.88
21033.3 5043.6
21053.3 5045.92
21073.3 5048.58
21113.3 5039.8
21133.3 5043.32
21133.2 5058.44
21193.3 5040.26
21213.3 5044.94
21253.3 5039.34
21273.3 5044.85
21293.3 5050.67
21353.4 5036.92
21373.3 5043.76
21393.3 5050.9
21453.3 5039.76
21473.3 5047.89
21493.2 5056.32
21573.3 5039.07
21593.3 5048.68
21613.2 5058.57
21693.3 5044.63
21733.3 5047.86
21753.2 5059.38
21853.3 5041.47
21873.3 5054.33
21913.2 5060.44
22013.3 5046.69
22053.3 5054.7
22113.2 5056.91
22213.3 5047.65
22273.3 5052.31
22333.2 5058
22469.9 5042.97
22554.6 5044.61
22661 5042
22749.1 5045.92
22859.1 5045.96
22971.3 5047.41
23105.9 5045.71
23223.2 5050.15
23376.2 5049.15
23524 5051.86
23696 5052.51
23892.8 5051.64
24093.3 5053.57
24233.2 5068.94
24560 5057.71
24844.9 5058.35
25120.1 5065.3
25127.3 5111.41
25112.7 5160.18
25121 5206.04
25118.1 5253.09
25126.5 5298.96
24474.9 5400.46
24476.9 5441.16
24570.7 5475.73
27311.5 5358.88
28551.5 5363.64
24930 5585.92
25129.8 5624.25
28110 5602.67
29828.5 5650.9
29829.3 5738.28
29829.4 5825.67
29828.7 5913.06
29827.3 6000.43
29825.1 6087.79
29822.1 6175.13
29818.4 6262.44
29813.9 6349.71
29808.6 6436.94
28544.8 6431.71
28544.3 6508.3
28543.8 6584.98
28543.4 6661.78
28542.9 6738.71
28542.4 6815.77
24804.8 6420.48
24804.5 6464.66
24804.2 6508.95
24804 6553.34
24803.7 6597.85
24803.4 6642.48
24803.1 6687.24
24802.9 6732.13
24802.6 6777.16
24123.2 6681.56
23963.1 6686.13
23962.9 6723.96
23962.7 6761.94
24801.2 7004.77
24800.9 7050.83
24800.6 7097.09
24800.3 7143.56
24800 7190.24
24799.7 7237.15
24799.4 7284.29
24799.1 7331.68
24798.8 7379.31
24798.5 7427.21
24798.2 7475.38
24797.9 7523.82
24797.6 7572.56
24797.3 7621.6
24797 7670.95
24796.7 7720.62
24796.4 7770.62
24796.1 7820.97
24795.7 7871.67
24795.4 7922.73
24795.1 7974.18
24794.8 8026.01
24794.5 8078.25
24794.1 8130.9
24793.8 8183.98
24793.5 8237.5
24793.1 8291.48
24792.8 8345.93
24792.4 8400.86
24792.1 8456.29
24791.8 8512.24
24791.4 8568.71
24791 8625.74
24790.7 8683.33
24790.3 8741.5
24790 8800.26
24789.6 8859.65
23494.3 8102.92
23434.2 8109.33
23434 8153.93
23433.7 8199.03
23433.4 8244.66
23433.1 8290.82
23432.8 8337.54
23432.5 8384.84
23432.2 8432.72
23431.9 8481.21
23431.6 8530.33
23431.3 8580.1
23431 8630.54
23430.7 8681.68
23430.3 8733.52
23430 8786.1
24782.6 9984.82
24782.1 10059.3
24781.6 10134.9
24781.2 10211.6
24780.7 10289.5
24780.2 10368.7
23546.9 9289.16
23546.5 9350.55
23546.1 9412.96
23545.7 9476.43
23545.3 9541
23537.7 9599.3
23528.5 9656.82
23538.3 9735.51
23529 9795.16
23538.1 9876.06
23528.7 9938
24653.5 11294.8
24562.8 11287.6
24547.4 11367.4
24530.8 11447.3
24447.4 11446.8
24365.2 11446.3
24284.2 11445.8
24204.2 11445.3
24125.4 11444.8
24047.6 11444.3
23970.9 11443.8
23895.1 11443.4
23820.3 11442.9
23746.4 11442.5
23673.4 11442
23601.3 11441.5
23530.1 11441.1
23459.6 11440.7
23390 11440.2
23321.1 11439.8
23155.6 11278.8
23090.2 11278.4
23025.4 11278
22962 11278.9
22905.2 11290.4
22839.3 11284.6
22840.3 11402.4
22797.5 11440.5
22738.1 11446.9
22680 11455.2
22608.5 11435.4
22547.3 11435
22486.6 11434.6
22426.5 11434.2
22366.8 11433.8
22307.6 11433.5
22248.8 11433.1
22190.5 11432.7
22132.6 11432.4
22075.2 11432
22018.1 11431.7
21961.5 11431.3
21905.2 11431
21849.3 11430.6
21793.7 11430.3
21738.5 11429.9
21683.7 11429.6
20944.6 9284.94
20911 9284.73
20877.6 9284.52
20877.5 9398.56
20873.3 9504.9
20877.4 9648.55
20872.9 9768.76
20873 9915.73
20872.3 10070.1
20833.4 10072.6
20792.1 10064.3
20755.5 10076.1
20713.8 10063.5
20674.9 10063.3
20636.1 10063
20597.5 10062.8
20559 10062.5
20520.6 10062.3
20482.3 10062.1
20444.1 10061.8
20406 10061.6
20368 10061.4
20330.2 10061.1
20292.3 10060.9
20254.6 10060.7
20216.9 10060.4
20179.3 10060.2
20141.8 10059.9
20104.3 10059.7
20066.8 10059.5
20029.4 10059.2
19992.1 10059
19962.4 10318.8
19945.4 11418.7
19896.2 11418.4
19846.6 11258.1
19798.8 11257.8
19751 11257.5
19703.2 11257.2
19655.5 11256.9
19607.6 11256.6
19559.8 11256.3
19511.9 11256
19464 11255.7
19416 11255.4
19516.6 9496.04
19595.8 8296.51
19573.7 8296.37
19551.6 8296.23
19529.4 8296.1
19507.2 8295.96
19485 8295.82
19462.7 8295.68
19440.3 8295.54
19417.9 8295.4
19395.4 8295.26
19372.9 8295.12
19350.3 8294.98
19327.6 8294.84
19304.8 8294.69
19281.9 8294.55
19259 8294.41
19236 8294.27
19212.9 8294.12
19189.7 8293.98
19166.4 8293.83
19142.9 8293.69
19119.4 8293.54
19095.8 8293.39
19072 8293.24
19048.1 8293.09
19024.1 8292.94
19000 8292.79
19009.7 8192.85
19007.3 8132.84
18984.3 8132.69
18961.2 8132.55
18937.9 8132.4
18914.4 8132.26
18890.8 8132.11
18867.1 8131.96
18843.1 8131.81
18819 8131.66
18794.7 8131.51
18770.2 8131.36
18745.6 8131.2
18720.7 8131.05
18695.6 8130.89
18670.4 8130.74
18644.9 8130.58
18619.2 8130.42
18593.2 8130.25
18567 8130.09
18540.6 8129.93
18513.9 8129.76
18487 8129.59
18459.8 8129.42
18432.3 8129.25
18404.5 8129.08
18376.5 8128.9
18348.1 8128.73
18319.4 8128.55
18290.4 8128.37
18261.1 8128.18
18231.4 8128
18201.4 8127.81
18171 8127.62
18140.3 8127.43
18109.1 8127.24
18063.2 8146.3
18045 8127.74
18000.1 8143.61
18005.6 8094.74
17998.9 8062.09
18003.4 8016.47
19099.7 6664.88
19088.2 6663.09
19096.7 6638.05
19084.8 6636.73
19090.6 6615.54
19098.8 6592.2
19086.6 6591.33
19093.1 6570.6
19101 6548.83
19088.6 6548.37
19095.8 6528.04
19084 6526.93
19084.1 6514.11
19084.2 6501.5
19065 6507.15
19065.1 6494.64
19065.1 6482.34
19065.2 6470.23
19065.3 6458.31
19065.4 6446.57
19065.4 6435.01
19065.5 6423.62
19065.6 6412.4
19065.6 6401.33
19065.7 6390.42
19065.8 6379.67
19065.8 6369.05
19065.9 6358.58
19066 6348.25
19066 6338.05
19066.1 6327.97
19066.2 6318.02
19066.2 6308.2
19066.3 6298.48
19066.3 6288.89
19066.4 6279.4
19066.5 6270.02
19066.5 6260.74
19066.6 6251.57
19066.6 6242.49
19066.7 6233.51
19066.7 6224.62
19066.8 6215.81
19066.9 6207.1
19066.9 6198.46
19067 6189.91
19067 6181.44
19067.1 6173.05
19067.1 6164.73
19067.2 6156.48
19067.2 6148.3
19067.3 6140.19
19067.3 6132.14
19067.4 6124.16
19067.4 6116.24
19067.5 6108.38
19067.5 6100.57
19067.6 6092.83
19067.6 6085.14
19067.7 6077.5
19067.7 6069.91
19067.8 6062.37
19067.8 6054.88
19067.9 6047.43
19067.9 6040.03
19067.9 6032.67
19068 6025.35
19068 6018.08
19068.1 6010.84
19068.1 6003.64
19068.2 5996.47
19068.2 5989.34
19068.3 5982.25
19068.3 5975.18
19068.3 5968.15
19068.4 5961.14
19068.4 5954.16
19068.5 5947.21
19068.5 5940.29
19068.6 5933.39
19068.6 5926.51
19068.6 5919.65
19068.7 5912.82
19068.7 5906
19068.8 5899.21
19068.8 5892.43
19068.9 5885.67
19068.9 5878.92
19068.9 5872.19
19069 5865.47
19069 5858.76
19069.1 5852.07
19069.1 5845.38
19069.2 5838.71
19069.2 5832.04
19069.2 5825.38
19069.3 5818.72
19069.3 5812.07
19069.4 5805.42
19069.4 5798.78
19069.4 5792.14
19069.5 5785.49
19069.5 5778.85
19069.6 5772.21
19069.6 5765.57
19069.7 5758.92
19069.7 5752.26
19069.7 5745.61
19069.8 5738.94
19069.8 5732.27
19069.9 5725.59
19069.9 5718.9
19069.9 5712.2
19070 5705.49
19070 5698.77
19070.1 5692.03
19070.1 5685.28
19070.2 5678.51
19070.2 5671.73
19070.2 5664.92
19070.3 5658.1
19070.3 5651.26
19070.4 5644.4
19070.4 5637.51
19070.5 5630.6
19070.5 5623.67
19070.5 5616.71
19070.6 5609.72
19070.6 5602.71
19070.7 5595.66
19070.7 5588.58
19070.8 5581.47
19070.8 5574.33
19070.8 5567.15
19070.9 5559.94
19070.9 5552.69
19071 5545.4
19071 5538.07
19071.1 5530.69
19071.1 5523.28
19071.2 5515.82
19071.2 5508.31
19071.3 5500.75
19071.3 5493.14
19071.4 5485.48
19071.4 5477.77
19071.5 5470.01
19071.5 5462.18
19071.5 5454.3
19071.6 5446.36
19071.6 5438.36
19071.7 5430.29
19071.7 5422.15
19071.8 5413.95
19071.9 5405.67
19071.9 5397.33
19072 5388.9
19072 5380.4
19072.1 5371.82
19072.1 5363.16
19072.2 5354.42
19072.2 5345.58
19072.3 5336.66
19072.3 5327.64
19072.4 5318.53
19072.5 5309.32
19072.5 5300
19072.6 5290.59
19072.6 5281.06
19072.7 5271.42
19072.8 5261.67
19072.8 5251.8
19072.9 5241.81
19072.9 5231.69
19073 5221.44
19073.1 5211.06
19073.1 5200.53
19073.2 5189.87
19073.3 5179.06
19073.3 5168.1
19073.4 5156.97
19073.5 5145.69
19073.5 5134.24
19073.6 5122.62
19073.7 5110.82
19073.8 5098.83
19073.8 5086.65
19073.9 5074.27
19074 5061.69
19074.1 5048.9
19074.2 5035.89
19078.2 5026.72
19091.3 5026.8
19085.1 5006.76
19079.4 4986.73
19092.5 4986.81
19087.3 4966.77
19082.5 4946.74
19078.2 4926.72
19091.4 4926.8
19087.6 4906.78
19084.1 4886.75
19081.1 4866.73
19078.5 4846.72
19091.9 4846.8
18139.4 3587.34
18169.9 3587.53
18200 3587.71
19012.6 4666.3
19027.6 4666.4
19042.4 4666.49
19057.1 4666.58
19071.5 4666.67
19085.8 4666.76
19086.8 4646.77
19088.2 4626.77
19090 4606.78
19092.1 4586.8
19082.4 4546.74
19085.4 4526.75
19088.7 4506.77
19092.2 4486.8
19085 4446.75
19089.5 4426.78
19083.6 4386.74
19088.9 4366.77
19084.3 4326.74
18734 3591.04
18758 3591.19
18781.8 3591.34
18805.3 3591.49
18828.7 3591.63
18851.9 3591.78
18874.8 3591.92
18897.7 3592.06
18920.3 3592.21
18942.8 3592.35
18965.1 3592.49
18987.3 3592.62
19009.3 3592.76
19031.1 3592.9
19052.9 3593.03
19074.5 3593.17
19095.9 3593.3
19117.2 3593.43
19138.5 3593.57
19159.5 3593.7
19180.5 3593.83
19474.4 4549.18
19486.1 4549.25
19497.8 4549.33
19509.4 4549.4
19521 4549.47
19532.5 4549.54
19544 4549.61
19546.6 4509.63
19545.6 4449.62
19545.7 4389.62
19546.8 4329.63
19560 4329.71
19573.2 4329.79
19586.4 4329.87
19599.5 4329.96
19612.6 4330.04
19625.6 4330.12
19638.7 4330.2
19651.6 4330.28
19664.6 4330.36
19677.5 4330.44
19690.4 4330.52
19703.3 4330.6
19716.2 4330.68
19729 4330.76
19741.8 4330.84
19754.6 4330.92
19767.4 4331
19780.2 4331.08
19793 4331.16
19805.8 4331.24
19818.5 4331.32
19831.3 4331.4
19844 4331.48
19856.8 4331.56
19869.6 4331.64
19882.3 4331.72
20014.4 1678.99
20050.4 1679.21
20086.4 1679.44
20122.5 1679.66
20158.6 1679.89
20194.8 1680.12
20231 1680.34
20267.3 1680.57
20303.6 1680.79
20340 1681.02
20376.5 1681.25
20413.1 1681.48
20449.7 1681.7
20486.5 1681.93
20523.3 1682.16
20570.9 1622.46
20608.5 1622.69
21511.3 -2791.76
21589.2 -2791.28
21714.5 -3010.5
21795 -3010
21708.6 -2290.52
21696.2 -1930.59
21697.5 -1650.58
21766.6 -1650.15
21836.1 -1649.72
21905.9 -1649.28
21976 -1648.84
22046.5 -1648.4
21749 -450.236
21745.5 -250.254
21744.9 -70.2546
21754.6 69.81
21762 209.858
22477.4 -1645.72
21331.3 1687.2
21349.5 1747.32
21389.9 1747.57
20854.7 3202.18
20855.4 3265.1
20855.8 3326.17
20855.8 3385.53
20855.5 3443.27
20854.9 3499.51
20853.9 3554.34
20852.6 3607.83
20850.9 3660.08
20848.9 3711.15
