-783.198 -7840.77
-721.219 -7902.2
-658.705 -7963.08
-595.66 -8023.43
-532.094 -8083.21
-468.008 -8142.44
-403.408 -8201.11
-338.297 -8259.22
-272.681 -8316.75
-206.567 -8373.71
-139.959 -8430.09
-72.8608 -8485.88
-5.27817 -8541.09
62.7849 -8595.71
131.322 -8649.73
200.326 -8703.15
269.793 -8755.97
339.722 -8808.17
410.101 -8859.77
5552.2 -1799.85
5572.12 -1790.66
5591.83 -1781.2
5618.02 -1761.53
5633.33 -1757.33
5646.33 -1756.29
5665.18 -1745.82
5670.54 -1756.3
5688.59 -1746.29
5701.77 -1743.77
5724 -1725.57
5732.87 -1729.59
5742.75 -1731.78
5756.02 -1727.74
5774.42 -1713.89
5781.28 -1720.98
5796.53 -1712.05
5807.5 -1710.95
5823.77 -1698.99
5834.09 -1698.51
5841.79 -1703.33
5850.38 -1706.28
5865.21 -1695.49
5873.31 -1699.14
5880.64 -1704.55
5893.12 -1697.94
5906.21 -1689.33
5913.51 -1694.48
5926.36 -1685.61
5935.81 -1684.99
5948.01 -1676.78
5955.6 -1680.65
5965.57 -1677.85
5970.26 -1690.08
5983.39 -1677.64
5992.87 -1675.5
6008.01 -1655.14
6013.41 -1665.2
6022.38 -1663.72
6031.57 -1661.19
6038.56 -1666.28
6048.99 -1658.76
6057.51 -1657.9
6065.76 -1657.93
6079.13 -1636.49
6086.03 -1641.2
6094.95 -1637.06
6102.32 -1639.68
6110.72 -1637.35
6118.3 -1638.85
6127.18 -1633.41
6133.86 -1639.7
6144.26 -1624.24
6151.58 -1626.44
6159.36 -1625.62
6166.7 -1627.69
6174.32 -1627.72
6181.94 -1627.68
6190.57 -1618.63
6197.05 -1628.39
6205.89 -1615.21
6212.58 -1623.86
6221.3 -1608.53
6228.21 -1615.06
6236.08 -1607.56
6243.45 -1606.97
6250.59 -1611.32
6258.04 -1608.61
6265.92 -1587.84
6272.73 -1606.99
6280.07 -1604.09
6287.36 -1597.12
6294.5 -1588.09
6301.72 -1591.99
6308.82 -1588.84
6316.18 -1594.61
6322.91 -1583.34
6330.95 -1600.97
6336.5 -1572.61
6344.28 -1583.13
6350.99 -1577.61
6358.39 -1581.01
6365.09 -1576.38
6373.8 -1591.58
6379.73 -1579.87
6385.95 -1572.08
6393.34 -1574.16
6399.81 -1569.25
6406.93 -1569.22
6413.6 -1566.17
6419.39 -1558.14
6427.66 -1564.83
6432.05 -1549.81
6438.86 -1548.52
6446.85 -1553.04
6453.27 -1549.67
6457.26 -1535.5
6467.99 -1551.52
6474.58 -1548.94
6478.95 -1537.58
6493.42 -1565.89
6501.66 -1568.89
6508.63 -1566.99
6521.1 -1584.25
6528.2 -1582.18
6536.16 -1582.91
6543.26 -1580.71
6554.35 -1590.81
6563.41 -1594.14
6568.97 -1586.97
6582.78 -1603.33
6597.57 -1621.39
6607.1 -1624.27
6618.49 -1631.72
6641.4 -1667.87
6655.23 -1679.58
6679.62 -1716.06
7718.42 -4139.89
7323.44 -3151.56
7301.47 -3046.5
7317.16 -3028.47
7326.27 -2996.74
7348.25 -2993
7368.49 -2985.46
7400.29 -3000.99
7469.67 -3089.2
7516.66 -3130.24
7504.82 -3058.5
7516.16 -3031.97
7534.4 -3018.54
7553.49 -3006.7
7563.47 -2979.11
7582.2 -2967.03
7602.36 -2957.36
7620.36 -2944.09
7638.23 -2930.68
7651.13 -2909.53
7667.03 -2893.36
7686.62 -2882.9
7702.78 -2867.3
7813.94 -2990.01
7879.15 -3042.13
7860.59 -2974.43
12165.8 -8858.81
10207.6 -6066.21
10423.4 -6257
10858.4 -6725.24
10791.9 -6533.83
10942.3 -6620.3
10793.1 -6332.34
10896.1 -6359.16
10888.2 -6251.32
11005.3 -6292.32
11232.5 -6456.96
11270.7 -6400.86
11516.4 -6575.62
11506 -6463.42
11601.9 -6467.39
11659.7 -6429.5
11698.4 -6371.61
11756.2 -6333.45
11727.5 -6208.44
11872.5 -6256.78
11933.8 -6221.03
11981.2 -6171.55
12030.3 -6123.7
11826.1 -5843.7
11657.7 -5603.82
11799.3 -5644.89
12189.5 -5899.02
12098 -5731.07
12036.1 -5592.12
11816.4 -5326.17
11266.8 -4800.77
11276 -4736.62
11233.2 -4632.6
10963.6 -4356.77
10785.5 -4158.17
10574.5 -3940.96
10415.9 -3768.25
10264.5 -3605.53
10137.5 -3464.61
9976.29 -3304.05
9979.2 -3258.9
10001.6 -3227.14
9819.12 -3062.3
9594.4 -2875.6
9449.82 -2744.93
9374.85 -2660.83
9289.24 -2572.54
9226.45 -2500.09
9147.91 -2420.38
9089.97 -2354.49
9020.6 -2283.92
8977.47 -2229.48
8993.64 -2207.83
9012.3 -2187.39
9040.61 -2171.72
9061.7 -2152.1
9068.27 -2125.21
9098.95 -2109.93
9116.89 -2088.3
9145.59 -2071.44
9171.46 -2052.95
9188.05 -2030.12
9209.99 -2009.45
9236.41 -1990.4
9257.16 -1968.74
9265.65 -1942.04
9304.72 -1927.12
9286.61 -1890.24
9244.59 -1845.21
9207.68 -1803.01
9169.31 -1761.21
9116.22 -1715.41
9080.62 -1676.47
9040.74 -1637.03
9013.78 -1602.45
8998.9 -1572.09
8987.54 -1543.16
9020.21 -1526.78
9036.38 -1505.49
9000.1 -1470.46
8971.18 -1438.05
8933.16 -1404.11
8899.63 -1372
8861.83 -1339.66
8850.08 -1313.64
8819.46 -1284.08
7528.09 -1010.2
7396.42 -974.589
7371.58 -960.216
7378.14 -951.571
7363.88 -939.543
7331.7 -925.119
7345.9 -917.807
7343.19 -908.042
7326.5 -896.63
7316.64 -886.312
7323.59 -877.952
7322.51 -868.713
7299.43 -857.585
7306.15 -849.22
7313.79 -840.813
7332.34 -832.95
7331.86 -823.776
7341.29 -815.05
7342.65 -805.885
7355.93 -797.014
7371.13 -787.948
7378.25 -778.549
7381.29 -769.028
7424.25 -759.103
7422.12 -749.217
7435.89 -738.946
7437.59 -728.854
7469.16 -717.419
7473.66 -706.846
7480.05 -696.067
7524.26 -682.519
7515.48 -672.356
7535.51 -659.81
7535.51 -648.825
7549.33 -636.368
7567.99 -623.094
7572.62 -611.192
7606.89 -595.28
7610.27 -583.074
7622.44 -569.466
7651.27 -552.97
7672.02 -537.278
7664.03 -526.245
7696.27 -507.859
7704.74 -493.474
7716 -478.322
7607.77 -488.329
7512.52 -497.386
7508.15 -487.154
7507.59 -476.044
7499.16 -466.858
7480.99 -460.302
7476.32 -450.414
7467.71 -441.654
7447.51 -436.329
7460.86 -421.387
7454.91 -412.037
7435.54 -406.974
7433.28 -396.659
7428.09 -387.307
7453.08 -367.597
7474.98 -348.424
7522.95 -319.26
7669.78 -252.099
7717.49 -219.981
7709.85 -208.621
7712.32 -193.231
7686.92 -189.238
7679.97 -177.828
7665.58 -169.685
7659.38 -158.087
7644.9 -150.284
7650.32 -133.389
7632.09 -127.546
7622.84 -117.589
7615.32 -106.852
7600.58 -99.8284
7592.03 -89.779
7588.7 -77.0105
7579.09 -67.5887
7572.92 -56.3425
7571.01 -42.6881
7570.68 -28.0129
7546.07 -27.5012
7530.12 -22.2108
7521.85 -12.439
7518.59 0.4256
7515.2 13.2907
7497.43 16.8954
7488.02 25.7697
7494.3 45.1657
7477.26 48.87
7458.61 51.1922
7453.04 62.5443
7444.92 72.0975
7443.17 86.3318
7435.66 96.386
7424.89 103.939
7405.41 104.597
7400.09 116.189
7393.87 127.125
7387.55 138.02
7375.76 144.372
7370.79 156.434
7356.64 160.605
7352.23 173.215
7347.68 185.818
7338.57 194.36
7327.2 200.769
7316.52 207.741
7307.95 216.686
7311.44 237.472
7292.01 235.763
7286 247.346
7283.35 262.497
7277.06 274.051
7259.73 273.872
7254.65 286.743
7244.06 293.658
7238.06 305.711
7226.02 310.948
7220.46 323.662
7211.53 332.53
7202.52 341.325
7196.57 353.932
7185.49 360.259
7179.29 372.783
7168.68 379.73
7168.25 400.157
7152.66 400.565
7150.65 419.399
7143.15 430.958
7129.2 433.466
7114.71 434.998
7108.64 448.806
7096.88 454.259
7091.62 469.664
7079.7 474.949
7070.41 484.361
7069.89 508.201
7059.23 515.839
7043.92 515.633
7034.68 525.651
7031.73 546.921
7013.43 541.122
7005.78 554.44
6997.49 566.84
6991.81 584.518
6983.6 597.743
6964.95 590.343
6956.57 603.395
6948.01 616.405
6936.32 623.024
6934.09 650.475
6922.9 658.806
6906.83 656.044
6902.57 680.728
6885.69 675.879
6874.55 684.754
6863.31 693.546
6855.54 711.587
6842.6 716.49
6838.16 744.772
6826.6 754.235
6815.24 764.556
6797.39 755.828
6790.55 780.194
6777.01 784.527
6766.36 798.305
6757.49 818.726
6742.24 817.962
6731.58 833.436
6716.54 833.388
6710.8 869.023
6699.15 883.329
6686.34 893.667
6691.61 982.832
6685.18 1026.32
6670.53 1034.62
6652.38 1026.13
6644.33 1068.52
6625.37 1055.83
6615.16 1091.21
6598.09 1089.07
6583.27 1100.6
6569.75 1121.9
6554.9 1136.18
6542.18 1168.19
6525.02 1168.35
6509.46 1182.28
6495.66 1214.97
6478.72 1220.69
6462.57 1236.24
6446.4 1254.64
6430.12 1275.9
6412.76 1285.05
6395.87 1306.04
6378.37 1320.9
6361.1 1349.6
6342.87 1360.16
6324.86 1393.56
6306.1 1406.8
6287.11 1420.88
6267.86 1436.8
6248.29 1454.54
6228.08 1485.1
6207.67 1505.49
6186.47 1535.68
6164.58 1568.66
6143.57 1577.49
6121.21 1603.08
6098.87 1622.47
6075.65 1647.63
6050.44 1688.5
6030.79 1669.43
6011.67 1648.22
5992.05 1633.81
5966.78 1663.86
5944.59 1667.9
5919.34 1691.52
5891.46 1728.71
5864.73 1754.75
5833.86 1801.19
5805.06 1831.55
5776.09 1859.64
5743.59 1902.11
5711.15 1940.3
5677.79 1979.11
5648.65 1996.09
5613.57 2036.11
5579.19 2069.91
5538.67 2124.61
5502.05 2160.47
5461.81 2206.51
5427.61 2228.03
5394.95 2242.46
5430.7 2031.83
5313.05 2319.89
5248.42 2427.3
5197.4 2487.34
5150.46 2531.59
5095.66 2595.07
5040.35 2655.96
4983.53 2717.07
4930.58 2764.37
4865.7 2838.92
4797.93 2916.32
4733.29 2981.71
4664.66 3052.69
4591.09 3131
4551.42 3128.84
4565.17 3008.9
4343.33 3398.83
4253.21 3494.53
4154.69 3602.44
4062.18 3692.84
3952.95 3811.35
3832.71 3945.14
5014.36 1624.45
4931 1728.37
4883.07 1763.67
3308.68 4494.55
3155.34 4654.54
2985.8 4834.65
2810.31 5016.48
4273.31 2516.79
4606.7 1919.9
4719.25 1691.77
4691.84 1687.22
4678.19 1661.53
4659.28 1644.08
4642.82 1623.19
4609.38 1626.76
4592.02 1607.15
408.775 7320.57
338.404 7268.96
268.487 7216.74
199.027 7163.92
130.032 7110.49
61.5003 7056.45
-6.5523 7001.82
-74.1259 6946.61
-141.215 6890.8
-207.813 6834.41
-273.919 6777.44
-339.524 6719.9
-404.625 6661.78
-469.215 6603.1
-533.291 6543.86
-596.852 6484.06
-659.884 6423.71
-722.388 6362.81
-784.358 6301.37
