3591.39 5171.92
3511.29 5206.55
3430.9 5240.49
3350.21 5273.73
3269.23 5306.26
3187.97 5338.08
3106.44 5369.19
3024.64 5399.59
2942.58 5429.27
2860.26 5458.24
2777.69 5486.48
2694.88 5514.01
2611.83 5540.81
2528.55 5566.89
2445.05 5592.23
2361.33 5616.85
2277.39 5640.74
2193.25 5663.89
2108.92 5686.31
202.971 -1524.17
177.9 -1533.43
149.857 -1556.56
126.856 -1559.51
101.848 -1572.44
76.0999 -1590.53
54.9561 -1587.29
29.3634 -1607.83
6.10119 -1617.8
-14.7765 -1615.17
-36.6199 -1618.66
-60.7746 -1638.16
-82.0122 -1640.08
-104.119 -1649.14
-125.67 -1655.42
722.156 5809.71
635.961 5813.32
548.413 5802.24
-167.46 -1203.43
-193.073 -1217.3
-218.064 -1226.41
-243.259 -1241.74
-265.272 -1204.37
-289.672 -1205.15
-315.015 -1232.12
-338.736 -1219.33
-362.951 -1220.74
-387.089 -1218.37
-411.275 -1220.21
-435.382 -1229.25
-459.617 -1219.51
-483.856 -1216.98
-507.915 -1221.66
-532.393 -1214.56
-556.951 -1208.68
-571.939 -1367.72
-591.777 -1414.07
-614.775 -1408.7
-636.862 -1415.5
-660.903 -1400.58
-682.972 -1407.78
-706.487 -1401.25
-742.684 -1290.68
-777.628 -1205.35
-801.907 -1208.6
-825.576 -1216.01
-849.607 -1220.66
-875.052 -1216.64
-900.257 -1214.83
-920.131 -1242.75
-922.781 -1358.21
-924.441 -1468.6
-929.354 -1554.35
-929.812 -1653.65
-934.366 -1727.43
-934.899 -1812.77
-934.224 -1896.98
-935.344 -1968.41
-941.159 -2017.46
-941.388 -2083.82
-943.508 -2139.44
-954.559 -2161.37
-955.694 -2214.93
-952.056 -2280.77
-956.208 -2318.81
-949.025 -2389.06
-957.472 -2409.84
-952.666 -2467.44
-959.469 -2490.04
-959.656 -2529.51
-961.332 -2563.26
-962.826 -2596
-960.067 -2637.93
-963.468 -2663.06
-960.643 -2701.96
-954.01 -2748.06
-955.515 -2773.82
-962.388 -2786.75
-950.576 -2839.64
-953.733 -2858.79
-956.598 -2877.91
-965.387 -2884.44
-965.969 -2907.1
-972.174 -2918.15
-974.956 -2935.4
-997.433 -2915.66
-1014.5 -2906.75
-1023.93 -2912
-1037.29 -2910.39
-1058.81 -2895.13
-1063.72 -2908.49
-1065.83 -2926.12
-1058.19 -2958.99
-1060.74 -2974.76
-1063.05 -2990.49
-1049.74 -3029.56
-1062.55 -3028.47
-1060.75 -3048.99
-1053.5 -3076.79
-1053.91 -3092.97
-1055.85 -3106.66
-1058.19 -3119.51
-1048.96 -3147.53
-1055.67 -3153.87
-1056.19 -3168.15
-1057.12 -3181.59
-1055.99 -3197.32
-1049.55 -3219.16
-1052.4 -3229.31
-1058.36 -3235.64
-1055.75 -3251.84
-1061.5 -3258.19
-1063.85 -3268.3
-1060.01 -3285.05
-1055.93 -3301.67
-1055.73 -3313.81
-1053.97 -3327.33
-1065.32 -3327.19
-1051.32 -3352.71
-1054.71 -3360.37
-1058.02 -3368.04
-1053.29 -3383.31
-1050.52 -3396.4
-1049.79 -3407.37
-1050.39 -3416.93
-1053.87 -3423.8
-1052.75 -3434.63
-1057.57 -3440.19
-1048.57 -3457.4
-1065.51 -3452.72
-1057.76 -3468.49
-1059.93 -3475.97
-1058.88 -3485.91
-1063.25 -3491.53
-1051.62 -3509.25
-1044.55 -3523.15
-1055.06 -3523.92
-1058.28 -3530.08
-1048.36 -3545.47
-1051.38 -3551.56
-1051.04 -3559.91
-1055.6 -3564.9
-1060.95 -3569.39
-1053.64 -3582.03
-1052.94 -3590.25
-1057.24 -3595.28
-1063.23 -3599.33
-1056.28 -3611.09
-1057.82 -3617.68
-1054.09 -3627.23
-1051.98 -3635.72
-1047.14 -3645.58
-1044.83 -3653.92
-1053.93 -3656.15
-1060.37 -3659.89
-1050.71 -3671.79
-1047.17 -3680.41
-1048.04 -3686.78
-1049.75 -3692.71
-1062.31 -3693.65
-1044.79 -3708.28
-1060.04 -3708.15
-1056.95 -3716.12
-1053.77 -3724.02
-1054.21 -3730.33
-1042.5 -3741.43
-1049.3 -3745.08
-1055.15 -3749.19
-1053.46 -3756.14
-1045.11 -3765.39
-1059.33 -3766.62
-1048.92 -3776.38
-1041.25 -3785
-1048.73 -3788.63
-1056.19 -3792.38
-1051.18 -3799.96
-1054.73 -3804.94
-1053.42 -3811.31
-1053.02 -3817.39
-1053.53 -3823.19
-1043.31 -3831.67
-1048.55 -3836.2
-1039.15 -3844.21
-1061.86 -3844.82
-1046.47 -3854.02
-1057.42 -3857.49
-1052.66 -3864.24
-1050.78 -3870.34
-1052.78 -3875.69
-1059.66 -3880.23
-1048.74 -3887.74
-1048.61 -3893.4
-1056.35 -3897.92
-1050.19 -3904.42
-1045.94 -3910.56
-1058.52 -3914.66
-1042.25 -3922.07
-1050.77 -3926.74
-1033.36 -3933.88
-992.956 -3942.56
-978.381 -3948.67
-984.701 -3953.18
-983.995 -3958.18
-984.244 -3963.12
-991.445 -3967.81
-985.613 -3972.98
-979.734 -3978.06
-973.81 -3983.03
-961.843 -3987.91
-979.833 -3992.77
-960.782 -3997.39
-965.689 -4002.24
-958.558 -4006.8
-970.373 -4012.01
-962.163 -4016.43
-972.886 -4021.82
-989.542 -4027.81
-992.174 -4033.03
-970.845 -4036.26
-988.335 -4042.76
-977.898 -4046.72
-979.362 -4051.83
-979.787 -4056.84
-988.101 -4062.9
-970.596 -4065.55
-980.792 -4071.97
-989.929 -4078.42
-971.368 -4080.48
-969.566 -4085.13
-983.463 -4092.64
-978.61 -4096.82
-983.532 -4102.89
-969.796 -4105.15
-977.554 -4111.89
-982.312 -4118.11
-983.111 -4123.49
-978.034 -4127.46
-975.838 -4132.09
-989.068 -4140.81
-976.152 -4142.61
-989.22 -4151.57
-977.227 -4153.45
-984.386 -4160.94
-990.501 -4168.26
-980.35 -4170.49
-979.696 -4175.71
-978.047 -4180.61
-986.733 -4189.13
-987.788 -4195.11
-983.157 -4199.03
-972.894 -4200.75
-978.477 -4208.5
-984.895 -4216.74
-981.038 -4220.92
-974.387 -4223.88
-989.76 -4236.26
-986.668 -4240.84
-979.896 -4243.73
-975.839 -4247.79
-987.115 -4259.07
-993.736 -4268.39
-993.966 -4274.74
-985.208 -4276.59
-997.776 -4289.35
-980.99 -4286.92
-995.089 -4300.85
-987.969 -4303.46
-993.92 -4313.32
-989.335 -4317.34
-990.764 -4324.85
-984.379 -4327.78
-987.38 -4336.35
-1003.01 -4352.93
-1009.95 -4364.44
-989.857 -4358.74
-996.633 -4370.32
-988.303 -4372.01
-993.195 -4382.62
-988.92 -4387.05
-991.134 -4396.07
-982.699 -4397.55
-996.025 -4414.91
-996.288 -4422.94
-1008.38 -4440.11
-984.683 -4429.9
-983.952 -4437.31
-983.913 -4445.37
-990.735 -4459.17
-993.519 -4469.92
-994.636 -4479.46
-987.311 -4481.86
-1000.25 -4502.01
-990.542 -4502.4
-986.78 -4508.05
-990.293 -4520.48
-997.994 -4537.13
-998.238 -4547.02
-999.782 -4558.36
-998.337 -4566.94
-1000.3 -4579.1
-997.218 -4586.32
-1000.96 -4600.76
-993.546 -4603.63
-1002.39 -4624.08
-1000.85 -4633.61
-1000.52 -4644.65
-997.408 -4652.72
-1001.36 -4669.14
-997.342 -4676.5
-1003.44 -4696.16
-996.62 -4700.47
-995.386 -4711.74
-996.469 -4726.19
-1000.4 -4744.68
-989.556 -4744.15
-884.486 -4616.71
-854.814 -4587.65
-845.497 -4585.75
-904.157 -4680.23
-998.14 -4829.26
-1005.38 -4855.81
-1009.98 -4879.22
-1004.38 -4887.7
-1013.23 -4918.89
-1006.16 -4925.75
-996.914 -4929.14
-1008.86 -4967.54
-1006.92 -4983.85
-1015.29 -5018.35
-1004.8 -5020.92
-1009.89 -5051.33
-1013.54 -5080.16
-1015.79 -5107.36
-1012.5 -5124.94
-1019.44 -5163.01
-1012.76 -5175.37
-1011.2 -5198.47
-1018.8 -5241.47
-1009.54 -5250.29
-1007.27 -5274.49
-1018.52 -5329.78
-1014.42 -5352.37
-1015.07 -5386.95
-1011.71 -5413.34
-1020.36 -5470.34
-1019.57 -5506.22
-1015.33 -5534.73
-1016.27 -5578.25
-1018.21 -5626.6
-1018.69 -5673.22
-1023.64 -5735.08
-1026.59 -5794.32
-1022.33 -5834.72
-1022.87 -5892.34
-1025.39 -5959.66
-1023.63 -6016.63
-1025.93 -6091
-1026.7 -6164.6
-947.636 -5947.81
-907.025 -5862.38
-942.191 -6071.19
-1033.39 -6526.6
-1036.22 -6639
-1036.05 -6746.75
-1035.08 -6859.58
-1037.64 -6999.05
-1041.1 -7155.44
-1042.05 -7313.1
-1045.4 -7499.54
-1045.55 -7686.29
-1049.78 -7918.71
-1053.15 -8172.23
-1058.23 -8468.65
-1060.31 -8781.32
-1063.31 -9144.95
-1070.3 -9597.37
-1077.87 -10128.8
-1097.44 -10875.7
-1084.13 -11402.3
-1019.9 -11413.8
-661.98 -7365.38
-623.947 -7232.66
-591.751 -7163.44
-564.183 -7167.83
-536.662 -7174.98
-509.17 -7186.89
-481.659 -7207.57
-453.46 -7198
-425.481 -7208.19
-397.486 -7193.13
-369.346 -7204.83
-341.334 -7202.29
-314.957 -7150.52
-341.41 -5840.62
-343.144 -5482.33
-330.469 -5475.63
-202.669 -7174.94
-174.877 -7172.94
-321.775 -5118.12
-318.845 -5043.56
-315.982 -4980.98
-323.071 -4838.93
-323.667 -4771.55
-319.279 -4751.86
-315.09 -4733.14
-308.893 -4730.23
-301.66 -4734.19
-293.048 -4745.98
-289.018 -4730.08
-286.695 -4706.3
-300.233 -4602.01
-293.116 -4609.79
-288.117 -4606.72
-264.318 -4689.57
-233.722 -4795.44
-220.915 -4818.13
-213.689 -4816.38
-203.997 -4824.25
-196.975 -4821.39
-187.601 -4827.14
-177.838 -4833.76
-167.659 -4841.23
-161.104 -4836.14
-150.738 -4843.41
-138.999 -4854.37
-131.145 -4852.86
-125.559 -4844.64
-109.485 -4866.59
-104.218 -4857.28
-84.1273 -4888.26
-52.7883 -4946.99
-34.6081 -4968.91
-18.9976 -4983.16
-2.34838 -4999.06
20.436 -5028.57
28.6962 -5022.87
30.4174 -5002.47
-3.66086 -4903.78
-13.7754 -4861.12
2653.99 -10468.9
2720.89 -10463.5
2789.26 -10460
2858.25 -10456.8
2929.74 -10457.3
2994.46 -10443.7
3063.49 -10437.4
3143.76 -10450.6
3342.71 -10672.9
3888.87 -11489.7
3983.99 -11502.7
3930.88 -11265.7
3884.4 -11047.3
4248.32 -11496.2
4339.88 -11496.6
4446.45 -11518.6
4529.02 -11501.8
4625.04 -11504
4720.34 -11503.4
4814.3 -11499.3
4917.83 -11507.2
5000.82 -11484.7
4319.54 -10423.3
4226.73 -10183.3
4273.93 -10133.8
193.491 -4775.51
198.467 -4767.79
206.493 -4763.94
5760.98 -11521
5868.13 -11516.7
5902.5 -11425
5880.13 -11269
5884.6 -11147
5885.42 -11023.2
5887.27 -10902.9
5884.1 -10779.4
5890.24 -10668.2
5890.77 -10553.1
5886.98 -10435.6
5892.91 -10330
5952.98 -10279.6
5948.78 -10166.6
5875.07 -9989.39
5892.89 -9902.11
5893.49 -9800.08
4617.32 -8544.55
4652.39 -8496.45
4714.13 -8471.77
4637.7 -8327.83
4611.91 -8230.04
4705.72 -8233.19
4936.47 -8346.11
5048.5 -8358.54
5359.35 -8524.95
5592.73 -8623.97
5581.13 -8532.1
6088.37 -8827.47
5935.7 -8628.39
6030.4 -8611.81
6144.1 -8607.16
6130.66 -8512.77
4476.4 -7307.33
4516.82 -7272.24
4560.36 -7238.9
8003.3 -9382.19
8050.04 -9308.5
8096.14 -9234.4
8141.59 -9159.9
8186.38 -9085.01
8230.52 -9009.73
8274.01 -8934.07
8316.83 -8858.03
8358.98 -8781.62
8400.47 -8704.85
8441.28 -8627.72
8481.43 -8550.23
8520.89 -8472.4
8559.67 -8394.22
8597.77 -8315.71
8635.18 -8236.87
8671.91 -8157.71
8707.94 -8078.23
8743.27 -7998.43
