4756.77 131.11
4756.77 131.11
4756.77 131.11
4756.77 131.11
4758.94 130.758
4764.05 129.856
4771.75 128.477
4782.29 126.616
4793.63 124.729
4805.02 122.982
4816.42 121.381
4829.93 119.666
4844.34 118.015
4857.31 116.69
4869.76 115.583
4882.23 114.633
4894.7 113.842
4907.2 113.21
4919.68 112.736
4931.44 112.437
4942.94 112.293
4954.44 112.213
4965.94 112.167
4977.44 112.154
4988.94 112.176
5000.44 112.23
5010.48 112.306
5019.98 112.407
5029.48 112.536
5038.97 112.693
5048.47 112.877
5057.98 113.09
5067.47 113.33
5079.52 113.672
5086.47 113.894
5095.96 114.217
5105.47 114.57
5112.9 108.476
5124.59 108.943
5139.26 109.573
5161.9 110.614
5177.6 111.299
5201.27 112.278
5226.53 113.25
5251.97 114.155
5275.99 114.941
5299.49 115.639
5322.97 116.268
5346.47 116.828
5369.23 117.305
5391.73 117.709
5414.22 118.144
5436.72 118.645
5457.75 119.174
5478.24 119.75
5498.73 120.299
5519.23 120.788
5539 121.202
5558.5 121.553
5580.18 121.877
5603.41 122.158
5626.91 122.374
5650.41 122.521
5673.18 122.598
5695.69 122.607
5718.18 122.55
5740.68 122.427
5761.72 122.251
5782.22 122.019
5802.71 121.727
5768.76 150.345
5788.53 150.383
5808.03 150.362
5828.26 150.281
5848.76 150.14
5868.54 149.946
5888.03 149.697
5907.6 149.389
5925.63 149.054
5943.14 148.676
5960.55 148.25
5978.06 147.769
5995.54 147.239
6012.3 146.681
6028.79 146.083
6045.61 145.424
6061.76 144.744
6078.25 144.001
6094.72 143.211
6109.74 142.447
6124.22 141.667
6138.7 140.845
6153.17 139.981
6114.71 137.461
6129.18 136.705
6143.66 135.908
6158.14 135.067
6172.61 134.185
6186.35 133.307
6199.82 132.406
6213.29 131.466
6226.75 130.486
6240.22 129.467
6253.68 128.408
6267.13 127.31
6279.13 126.296
6290.58 125.294
6302.03 124.258
6313.49 123.188
6324.93 122.085
6336.38 120.948
6347.82 119.778
6358.53 118.651
6368.97 117.566
6379.42 116.511
6389.9 115.484
6400.32 114.494
6410.78 113.486
6421.22 112.448
6431.67 111.379
6440.72 110.464
6449.12 109.641
6457.58 108.837
6466.04 108.022
6474.5 107.181
6478.73 106.763
6491.5 105.541
6499.89 104.769
6508.35 104.014
6516.82 103.284
6522.8 96.7962
6531.32 95.9535
6539.72 95.1472
6548.18 94.3599
6556.65 93.5974
6565.12 92.8597
6573.59 92.1468
6582.06 91.4587
6590.53 90.7956
6599.02 90.156
6607.49 89.5436
6615.97 88.9549
6624.45 88.3911
6632.93 87.8521
6641.41 87.338
6649.9 86.8123
6658.38 86.2619
6666.86 85.6867
6675.34 85.0865
6683.82 84.4978
6692.31 83.9335
6700.78 83.395
6709.27 82.8809
6717.75 82.3553
6726.23 81.8048
6734.72 81.2659
6743.2 80.7517
6749.86 80.3661
6753.66 80.15
6754.47 80.1041
