7153.12 -1092.36
7135.54 -1092.75
7117.95 -1093.14
7100.35 -1093.53
7082.74 -1093.92
7065.11 -1094.31
7047.47 -1094.71
7029.81 -1095.1
7012.13 -1095.49
6994.43 -1095.89
6976.7 -1096.28
6958.94 -1096.67
6941.14 -1097.07
6923.31 -1097.47
6905.44 -1097.86
6887.53 -1098.26
6869.58 -1098.66
6851.58 -1099.06
6833.53 -1099.46
6815.43 -1099.87
6797.27 -1100.27
6779.05 -1100.67
6760.77 -1101.08
6742.42 -1101.49
6724.01 -1101.9
6705.52 -1102.31
6686.96 -1102.72
6668.32 -1103.14
6649.6 -1103.55
6630.8 -1103.97
6611.9 -1104.39
6592.92 -1104.81
6573.84 -1105.24
6554.66 -1105.66
6535.37 -1106.09
6515.98 -1106.52
6496.48 -1106.96
6476.87 -1107.39
6457.13 -1107.83
6437.28 -1108.27
6417.29 -1108.72
6397.18 -1109.16
6376.93 -1109.61
6356.54 -1110.07
6336.01 -1110.52
6315.32 -1110.98
6294.48 -1111.45
6273.48 -1111.91
6252.32 -1112.38
6230.99 -1112.86
6209.48 -1113.34
6187.8 -1113.82
6165.93 -1114.31
6143.86 -1114.8
6121.6 -1115.29
6099.13 -1115.79
6076.46 -1116.29
6053.57 -1116.8
6034.47 -1124.06
6018.98 -1137.36
5983.52 -1118.36
5959.69 -1118.89
5935.61 -1119.43
5911.27 -1119.97
5886.67 -1120.51
5861.78 -1121.07
5836.62 -1121.63
5811.16 -1122.19
5785.39 -1122.77
5759.32 -1123.35
5732.92 -1123.93
5706.19 -1124.53
5679.12 -1125.13
5651.7 -1125.74
5623.91 -1126.36
5595.75 -1126.98
5567.19 -1127.62
5538.24 -1128.26
5508.88 -1128.91
5479.08 -1129.58
5448.85 -1130.25
5418.16 -1130.93
5387 -1131.62
5355.35 -1132.33
5323.2 -1133.04
5290.53 -1133.77
5257.32 -1134.51
5223.56 -1135.26
5189.22 -1136.02
5157.29 -1139.67
5125.85 -1144.27
5094.21 -1149.16
5062.37 -1154.32
5030.31 -1159.77
4977.62 -1147.66
4945.1 -1153.97
4912.35 -1160.55
4858.96 -1150.5
4825.69 -1157.9
4771.79 -1149.27
4737.98 -1157.48
4683.51 -1150.23
4649.1 -1159.22
4594.03 -1153.32
4558.98 -1163.07
4503.24 -1158.47
4467.48 -1168.96
4411.03 -1165.64
4354.19 -1163.08
4296.95 -1161.28
4259.59 -1173.47
4226.17 -1188.7
4142.93 -1173.02
4083.88 -1173.88
4024.33 -1175.45
3964.25 -1177.73
3883.35 -1168.93
3822.13 -1172.84
3760.3 -1177.42
3697.82 -1182.68
3614.41 -1177.79
3550.54 -1184.62
3465.67 -1181.74
3400.24 -1190.12
3326.1 -1195.28
6831.22 -2919.62
6831.31 -2923.77
6831.41 -2927.89
6831.5 -2931.98
6831.59 -2936.03
6831.68 -2940.05
6831.76 -2944.04
6831.85 -2948
6831.94 -2951.92
6832.03 -2955.82
6832.11 -2959.69
6832.2 -2963.54
6832.28 -2967.35
6832.37 -2971.15
6832.45 -2974.91
6832.53 -2978.66
6832.62 -2982.38
6832.7 -2986.07
6832.78 -2989.75
6832.86 -2993.41
6832.94 -2997.04
6833.02 -3000.66
6833.1 -3004.26
6833.18 -3007.84
6833.26 -3011.4
6833.34 -3014.95
6833.42 -3018.48
6833.5 -3022
6833.58 -3025.5
6833.65 -3028.98
6833.73 -3032.46
6833.81 -3035.92
6833.88 -3039.37
6833.96 -3042.8
6834.04 -3046.23
6834.11 -3049.65
6834.19 -3053.05
6834.26 -3056.45
6834.34 -3059.84
6834.41 -3063.22
6834.49 -3066.59
6834.56 -3069.95
6834.64 -3073.31
6834.71 -3076.66
6834.79 -3080.01
6834.86 -3083.35
6834.94 -3086.69
6835.01 -3090.02
6835.08 -3093.35
6835.16 -3096.68
6835.23 -3100
6835.31 -3103.33
6835.38 -3106.65
6835.45 -3109.97
6835.53 -3113.29
6835.6 -3116.61
6835.67 -3119.93
6835.75 -3123.25
6835.82 -3126.57
6835.9 -3129.9
6835.97 -3133.23
6836.04 -3136.56
6836.12 -3139.89
6836.19 -3143.23
6836.27 -3146.58
6836.34 -3149.93
6836.42 -3153.28
6836.49 -3156.64
6836.57 -3160.01
6836.64 -3163.39
6836.72 -3166.77
6836.79 -3170.16
6836.87 -3173.56
6836.94 -3176.98
6837.02 -3180.4
6837.1 -3183.83
6837.17 -3187.27
6837.25 -3190.73
6837.33 -3194.19
6837.4 -3197.67
6837.48 -3201.17
6837.56 -3204.67
6837.64 -3208.2
6837.72 -3211.74
6837.79 -3215.29
6837.87 -3218.86
6837.95 -3222.45
6838.03 -3226.06
6838.11 -3229.69
6838.2 -3233.33
6838.28 -3237
6838.36 -3240.69
6838.44 -3244.39
6838.52 -3248.13
6838.61 -3251.88
6838.69 -3255.66
6838.78 -3259.46
6838.86 -3263.29
6838.95 -3267.15
6839.03 -3271.04
6839.12 -3274.95
6839.21 -3278.89
6839.3 -3282.86
6839.39 -3286.87
6839.48 -3290.9
6839.57 -3294.97
6839.66 -3299.07
6839.75 -3303.21
6839.84 -3307.39
6839.94 -3311.6
6840.03 -3315.85
6840.13 -3320.15
6840.22 -3324.48
6840.32 -3328.85
6840.42 -3333.27
6840.52 -3337.74
6840.62 -3342.25
6840.72 -3346.81
6840.82 -3351.41
6840.92 -3356.07
6841.03 -3360.79
6841.14 -3365.55
6841.24 -3370.37
6841.35 -3375.25
6841.46 -3380.19
6841.57 -3385.19
6841.68 -3390.25
6841.8 -3395.38
6841.91 -3400.57
6842.03 -3405.84
6842.15 -3411.18
6842.27 -3416.58
6842.39 -3422.07
6842.52 -3427.64
6842.64 -3433.28
6842.77 -3439.01
6842.9 -3444.83
6843.03 -3450.73
6843.16 -3456.73
6843.3 -3462.83
6843.44 -3469.02
6843.58 -3475.32
6843.72 -3481.72
6843.86 -3488.23
6846.43 -3492.31
6852.97 -3492.17
6859.4 -3492.02
6847.31 -3512.3
6853.86 -3512.15
6860.3 -3512.01
6849.2 -3532.26
6855.76 -3532.12
6862.21 -3531.97
6852.05 -3552.2
6858.61 -3552.06
6849.16 -3572.27
6855.82 -3572.12
6862.39 -3571.98
6853.81 -3592.17
6860.48 -3592.03
6852.55 -3612.21
6859.32 -3612.06
6852.02 -3632.22
6858.89 -3632.07
6852.21 -3652.22
6859.17 -3652.07
6853.1 -3672.21
6860.14 -3672.05
6854.67 -3692.18
6861.8 -3692.02
6856.9 -3712.13
6864.12 -3711.97
6859.79 -3732.08
6855.85 -3752.17
6863.32 -3752
6859.93 -3772.08
6856.93 -3792.15
6864.63 -3791.98
6801.61 -3933.42
6800.85 -3953.44
6800.45 -3973.45
6809.84 -3973.25
6809.93 -3993.25
6801.37 -4033.45
6802.37 -4053.43
6803.72 -4073.41
6805.4 -4093.37
6807.43 -4113.33
6809.79 -4133.29
6804.74 -4173.41
6807.97 -4193.34
6811.53 -4213.27
6808.28 -4253.35
6812.69 -4273.26
6810.68 -4313.31
6815.94 -4333.2
6815.16 -4373.23
6815.08 -4413.24
6815.71 -4453.23
6817.04 -4493.21
6819.06 -4533.18
6814 -4602.14
6811.7 -4665.18
6815.48 -4708.27
6815.12 -4771.67
6816.14 -4833.9
6817.22 -4900.73
6819.36 -4968.05
6822.55 -5035.91
6820.56 -5136.5
6825.4 -5209.71
6845.46 -5203.72
6861.77 -5219.15
6881.23 -5216.02
6900.89 -5210.87
6918.69 -5217.98
6938.8 -5208.15
6958.24 -5202.02
6976.26 -5207.05
6987.09 -5281.06
6861.71 -6786.44
6865.19 -7118.57
6875.06 -7443.05
6879.96 -7920.12
6921.93 -7924.92
6964.31 -7922.75
7006.75 -7917.3
7048.91 -7916.36
7099.68 -7580.8
7142.7 -7354.14
7179.85 -7353.31
7216.98 -7352.48
7256.11 -7571.67
7295.14 -7570.8
7334.17 -7569.93
7373.21 -7569.07
7412.25 -7568.2
7451.31 -7567.33
7490.39 -7566.46
7529.49 -7565.59
7568.63 -7564.72
7607.81 -7563.85
7647.03 -7562.98
7686.3 -7562.11
7718.78 -7501.37
7696.13 -7001.75
7730.65 -7000.98
7765.23 -7000.21
7934.5 -7896.67
7802.58 -6797.16
7796.55 -6563.96
7794.88 -6378.62
7789.57 -6191.1
7783.88 -6018.61
7779.71 -5868.45
7778.59 -5744.96
7777.32 -5630.57
7775.89 -5524.13
7774.26 -5424.65
7770.37 -5323.1
7769.11 -5238.65
7778.3 -5198.59
7793.51 -5182.52
7816.46 -5194.14
7834.36 -5187.66
7853.11 -5184.01
7872.72 -5182.95
7891.12 -5177.92
7913.05 -5183.36
7935.84 -5190.65
7755.12 -4624.03
7752.71 -4576.31
7750.18 -4530.53
7747.31 -4486.01
7751.93 -4462.49
7751.51 -4427.46
7748.45 -4387.56
7745.05 -4348.54
7749.93 -4330.16
7742.65 -4285.18
7747.87 -4269.41
7743.9 -4234.47
7749.02 -4219.91
7742.92 -4182.82
7748.39 -4170.3
7743.82 -4138.44
7738.61 -4106.53
7744.28 -4096.16
7739.25 -4066.36
7744.81 -4056.66
7740.82 -4030.33
7735.32 -4002.25
7741.09 -3994.18
7738.04 -3971.61
7744.19 -3964.7
7738.04 -3938.26
7744.09 -3931.75
7742.33 -3913.32
7735.7 -3888.06
7741.97 -3882.66
7741.23 -3867.11
7734.09 -3842.85
7740.62 -3838.41
7740.93 -3825.43
7733.29 -3802.04
7740.07 -3798.42
7741.48 -3787.78
7733.32 -3765.14
7740.39 -3762.24
7726.99 -3734.07
7734.27 -3731.74
7741.65 -3729.46
7728.6 -3703.24
7736.21 -3701.47
7740.82 -3696.23
7731.26 -3675.32
7739.22 -3674.05
7726.82 -3650.88
7735.05 -3650.03
7722.93 -3628.05
7731.43 -3627.6
7740.08 -3627.15
7734.49 -3612.6
7743.44 -3612.4
7746.72 -3606.69
7746.52 -3597.78
7746.33 -3589.02
7746.13 -3580.41
7766.35 -3589.93
7766.16 -3581.26
7765.97 -3572.74
7786.17 -3581.4
7806.35 -3589.57
7806.16 -3580.82
7805.97 -3572.2
7826.14 -3579.56
7846.29 -3586.46
7846.1 -3577.63
7866.24 -3583.92
7866.05 -3575.06
7886.18 -3580.75
7885.98 -3571.85
7906.1 -3576.96
7926.21 -3581.66
7926 -3572.57
7946.1 -3576.71
7966.19 -3580.45
7986.27 -3583.8
7986.06 -3574.37
8006.13 -3577.19
8026.19 -3579.62
8025.97 -3570.02
8046.02 -3571.94
8066.06 -3573.48
8086.09 -3574.66
8106.11 -3575.47
8126.13 -3575.92
8146.14 -3576.02
8166.14 -3575.76
8186.13 -3575.15
8206.11 -3574.2
8226.09 -3572.91
8246.06 -3571.27
8245.81 -3560.35
8245.57 -3549.51
8245.33 -3538.77
8245.1 -3528.1
8244.86 -3517.52
8244.63 -3507.02
8244.39 -3496.59
8244.16 -3486.24
8243.94 -3475.96
8243.71 -3465.75
8243.48 -3455.6
8243.26 -3445.52
8243.04 -3435.51
8242.82 -3425.55
8242.6 -3415.65
8242.38 -3405.81
8242.16 -3396.02
8241.94 -3386.29
8241.73 -3376.61
8241.51 -3366.97
8241.3 -3357.39
8241.09 -3347.84
8240.88 -3338.35
8240.67 -3328.89
8240.46 -3319.47
8240.25 -3310.09
8240.04 -3300.75
8239.83 -3291.44
8239.63 -3282.17
8239.42 -3272.93
8239.22 -3263.72
8239.01 -3254.54
8238.81 -3245.38
8238.61 -3236.25
8238.4 -3227.15
8238.2 -3218.07
8238 -3209
8237.8 -3199.96
8237.6 -3190.94
8237.4 -3181.93
8237.2 -3172.94
8237 -3163.97
8236.8 -3155
8236.6 -3146.05
8236.4 -3137.11
8236.2 -3128.17
8236.01 -3119.25
8235.81 -3110.33
7675.5 -3102.84
7675.41 -3098.82
7675.32 -3094.8
7675.23 -3090.78
7675.14 -3086.76
7675.06 -3082.74
7674.97 -3078.72
7674.88 -3074.7
7674.79 -3070.67
7674.7 -3066.64
7674.61 -3062.6
7674.52 -3058.56
7674.43 -3054.52
7674.34 -3050.47
7674.25 -3046.41
7674.16 -3042.34
7674.07 -3038.27
7673.98 -3034.19
7673.89 -3030.1
7673.79 -3026
7673.7 -3021.88
7872.83 -2980.26
7852.78 -2978.26
7812.82 -2980.71
7792.79 -2979.57
7772.77 -2978.78
7732.85 -2982.99
7712.85 -2983.07
7692.85 -2983.51
7672.87 -2984.29
7652.89 -2985.43
7632.92 -2986.91
7632.83 -2982.99
7612.87 -2985.01
7612.78 -2981.24
7612.7 -2977.45
7612.62 -2973.64
7612.53 -2969.82
7612.44 -2965.97
7612.36 -2962.1
7612.27 -2958.2
7612.18 -2954.29
7612.1 -2950.35
7612.01 -2946.38
7611.92 -2942.39
7611.83 -2938.37
7611.74 -2934.33
7611.65 -2930.25
7611.56 -2926.15
7611.47 -2922.02
7611.37 -2917.85
7611.28 -2913.65
7611.19 -2909.42
7611.09 -2905.16
7611 -2900.85
11223.6 -1001.06
11115.5 -1014.09
11028.2 -1017.78
10941.8 -1022.53
10876.1 -1017.07
10791.4 -1023.72
10727.3 -1019.73
10644.2 -1028.32
10564.4 -1036.46
10504.3 -1033.64
10444.2 -1031.83
10384.2 -1031.04
10304.5 -1044.42
10244.5 -1045.95
10204.2 -1034.9
10124.6 -1052.19
10084.4 -1042.78
10024.5 -1048.36
9984.3 -1040.37
9924.45 -1047.91
9864.63 -1056.58
9824.49 -1050.93
9764.72 -1061.65
9724.62 -1057.52
9684.53 -1054.02
9664.09 -1034.58
9663.29 -998.316
9662.47 -961.528
9661.64 -924.198
9855 -710.189
9850.51 -671.954
9842.03 -636.93
9835.49 -599.614
9851.89 -539.48
9848.69 -497.419
9848.76 -451.399
9847.97 -405.432
9830.09 -376.475
9825.91 -332.763
9817.43 -292.941
9826.96 -232.715
9817.03 -192.925
9824.47 -132.746
9813.14 -92.9876
9835.83 -12.4635
9822.82 27.2578
9809.3 66.9677
9926.21 269.615
9909.31 309.25
9892.77 349.926
9899.28 421.529
9916.67 509.462
9911.73 569.368
11328.9 2603.92
11331.1 2713.52
11328.7 2819.22
8608.52 -1060
8582.12 -1060.59
8556.04 -1061.17
8530.28 -1061.74
8504.82 -1062.31
8479.65 -1062.87
8454.77 -1063.42
8430.16 -1063.97
8405.82 -1064.51
8381.74 -1065.04
8357.91 -1065.57
8334.33 -1066.1
8310.98 -1066.62
8287.86 -1067.13
8264.97 -1067.64
8242.29 -1068.14
8219.83 -1068.64
8197.56 -1069.14
8175.5 -1069.63
8153.63 -1070.11
8131.94 -1070.6
8110.43 -1071.07
8089.1 -1071.55
8067.94 -1072.02
8046.94 -1072.49
8026.1 -1072.95
8005.42 -1073.41
7984.88 -1073.87
7964.49 -1074.32
7944.24 -1074.77
7924.13 -1075.22
7904.14 -1075.66
7884.29 -1076.1
7864.55 -1076.54
7844.94 -1076.98
7825.44 -1077.41
7806.05 -1077.84
7786.76 -1078.27
7767.58 -1078.7
7748.5 -1079.12
7729.51 -1079.54
7710.62 -1079.96
7691.81 -1080.38
7673.09 -1080.8
7654.46 -1081.21
7635.9 -1081.62
7617.41 -1082.04
7598.99 -1082.44
7580.65 -1082.85
7562.37 -1083.26
7544.15 -1083.66
7525.99 -1084.07
7507.89 -1084.47
7489.83 -1084.87
7471.83 -1085.27
7453.88 -1085.67
7435.97 -1086.07
7418.1 -1086.47
7400.27 -1086.86
7382.48 -1087.26
7364.72 -1087.65
7346.98 -1088.05
7329.28 -1088.44
7311.6 -1088.83
7293.94 -1089.23
7276.3 -1089.62
7258.68 -1090.01
7241.07 -1090.4
7223.47 -1090.79
7205.88 -1091.18
7188.29 -1091.58
7170.71 -1091.97
7153.12 -1092.36
