20567.7 6513.99
20527.7 6516.81
20487.6 6518.91
20447.6 6520.3
20427.7 6513.87
20078.4 6620.45
20017.6 6623.87
19977.9 6619.35
19934.6 6615.28
19867.5 6617.77
19800.7 6618.98
19747.1 6615.24
19668.7 6617.47
19596 6616.78
19107.7 6722.15
19115 6695.15
19114.4 6670.3
19106.8 6647.15
19107.1 6622.21
19107.5 6597.37
19107.8 6572.63
19108.1 6547.98
19108.4 6523.43
19068.7 6506
18988.8 6494.63
18848.8 6491.39
18248 6554.35
18130.9 6538.92
17928.5 6532.68
17634.8 6534.08
17369.4 6527.14
17007.2 6525.69
16848.6 6498.44
16088.2 6520.75
15653 6504.36
15308.8 6474.08
15309.5 6416.95
15190.2 6366.1
15191 6308.05
15191.7 6250.06
15832.8 6175.78
15833.5 6123.47
15834.2 6071.19
15834.9 6018.93
15835.6 5966.69
15836.2 5914.44
15836.9 5862.19
15837.6 5809.93
15318.6 5734.55
15319.3 5677.69
15320.1 5620.79
15320.9 5563.84
15321.6 5506.84
15322.4 5449.77
15323.1 5392.62
15323.9 5335.39
15324.7 5278.07
15325.4 5220.64
15326.2 5163.11
15326.9 5105.45
15327.7 5047.67
15328.5 4989.75
15329.3 4931.68
15330 4873.45
15330.8 4815.06
15331.6 4756.49
15332.4 4697.73
15333.1 4638.78
15333.9 4579.62
15334.7 4520.24
15335.5 4460.64
15345.5 4403.1
15337.1 4340.71
15337.9 4280.37
15338.7 4219.75
15339.5 4158.86
15340.3 4097.67
15341.2 4036.18
15342 3974.37
15342.8 3912.24
15343.6 3849.77
15344.5 3786.94
15345.3 3723.76
19963.1 5346.92
20003.2 5343.55
20063.1 5348.53
20998.5 5700.7
21018.5 5700.53
21038.5 5700.72
21058.5 5701.26
21078.5 5702.15
21098.5 5703.39
21118.5 5705
21138.5 5706.96
21138.6 5699.78
21158.5 5702.26
21178.5 5705.12
21198.5 5708.34
21198.5 5701.57
21218.5 5705.33
21238.4 5709.48
21238.5 5702.97
21258.5 5707.67
21258.6 5701.26
21278.5 5706.52
21278.6 5700.22
21298.5 5706.06
21298.6 5699.86
21318.5 5706.28
21318.6 5700.19
21338.5 5707.21
21338.6 5701.23
21358.5 5708.86
21358.5 5703
21378.4 5711.25
21378.5 5705.51
21398.4 5714.4
21398.5 5708.78
21398.5 5703.09
21418.4 5712.84
21418.5 5707.28
21418.6 5701.64
21438.4 5712.28
21438.5 5706.77
21438.6 5701.18
21458.4 5712.75
21458.5 5707.3
21458.6 5701.76
21478.4 5714.31
21478.5 5708.91
21478.5 5703.43
21498.4 5717
21498.4 5711.67
21498.5 5706.25
21498.6 5700.73
21502.4 5699.04
21507.9 5699.11
21513.3 5699.18
21518.6 5699.25
21523.8 5699.32
21528.9 5699.39
21534 5699.46
21538.9 5699.52
21543.8 5699.59
21548.7 5699.65
21553.4 5699.71
21558.1 5699.78
21562.7 5699.84
21567.3 5699.9
21571.7 5699.96
21576.2 5700.02
21580.6 5700.08
21584.9 5700.13
21589.1 5700.19
21593.3 5700.24
21583.9 5680.12
21588.3 5680.18
21592.6 5680.23
21584.1 5660.12
21588.5 5660.18
21593 5660.24
21585.3 5640.13
21589.8 5640.19
21594.3 5640.25
21587.4 5620.16
21592.1 5620.22
21585.8 5600.14
21590.6 5600.2
21584.9 5580.12
21589.8 5580.19
21594.7 5580.25
21589.8 5560.19
21594.8 5560.25
21590.4 5540.19
21586.5 5520.14
21591.8 5520.21
21588.3 5500.16
21593.8 5500.23
21590.9 5480.19
21588.4 5460.16
21594.1 5460.23
21592.1 5440.21
21590.5 5420.18
21589.3 5400.16
21595.4 5400.25
21594.7 5380.23
21594.3 5360.23
21594.3 5340.23
21594.6 5320.23
21595.3 5300.24
21590.4 5260.17
21591.9 5240.19
21593.8 5220.21
21596 5200.24
21593.5 5160.2
21591.6 5120.17
21577.4 5024.89
21580.7 4999
21579.9 4952.6
20473.8 -365.164
20532.2 -364.389
20590.3 -363.617
20648.2 -362.848
20705.9 -362.081
20763.4 -361.317
20820.8 -360.555
20877.9 -359.796
20935 -359.039
20991.8 -358.283
21048.5 -357.53
21105.1 -356.778
21161.6 -356.028
21217.9 -355.28
21274.2 -354.532
21330.3 -353.787
21386.4 -353.042
21442.4 -352.299
21498.3 -351.556
21554.2 -350.814
21610 -350.072
21665.7 -349.332
21721.4 -348.592
21777.1 -347.852
21832.8 -347.112
21888.5 -346.373
21944.1 -345.633
21999.8 -344.894
22055.5 -344.154
22111.2 -343.414
22166.9 -342.674
22222.7 -341.933
22278.5 -341.191
22334.4 -340.449
22391.1 -347.761
22405 77.8481
22428 350.283
22478.7 346.54
22388.9 1459.48
22381 1818.82
22379.4 2090.56
22373.7 2358.13
22373.7 2561.09
22370.1 2764.67
22368.8 2935.24
22366.6 3094.72
22361.8 3253.46
22362.9 3370.24
22359.2 3499.31
22359.8 3599.35
22355.1 3714.55
22357.4 3792.79
22356.9 3876.71
22355.7 3957.53
22354.5 4033.31
22352.7 4106.11
22350.3 4176.82
22350.2 4235.76
22347.2 4300.61
22349.9 4344.1
22351 4389.96
22346.9 4448.96
22349.1 4487.03
22344.3 4542.41
22346.2 4577.09
22342.1 4626.13
22343.7 4657.98
22345.1 4689.28
22341.6 4730.95
22342.7 4759.99
22343.4 4788.65
22340.6 4824.16
22341.1 4850.99
22339 4882.56
22339.2 4907.82
22339.1 4932.88
22337.6 4959.78
22337.3 4983.55
22336.5 5007.39
22335.9 5030.02
22334.9 5052.56
22334.8 5072.74
22333.6 5094.33
22334.2 5112.05
22344.3 5112.96
22334 5148.29
22332.3 5168.3
22342.4 5168.47
22351.7 5170.27
22362 5170.41
22359.6 5190.38
22356.7 5210.34
22353.5 5230.3
22349.8 5250.25
22359.8 5250.39
22355.6 5270.33
22351.1 5290.27
22360.9 5290.4
22355.8 5310.34
22350.2 5330.27
22359.9 5330.39
22353.8 5350.31
22347.3 5370.23
22356.7 5370.36
22349.6 5390.26
22359.1 5390.39
22351.3 5410.29
22360.8 5410.41
22352.4 5430.3
22343.6 5450.19
22352.8 5450.31
22343.3 5470.19
22352.5 5470.31
22342.3 5490.17
22351.5 5490.3
22360.9 5490.42
22361.3 5499.2
22361.2 5508.4
22361.1 5517.46
22361 5526.36
22360.9 5535.12
22360.7 5543.74
22360.6 5552.22
22360.5 5560.58
22360.4 5568.8
22360.3 5576.91
22360.2 5584.9
22360.1 5592.77
22360 5600.54
22359.9 5608.19
22359.8 5615.74
22359.7 5623.19
22359.6 5630.55
22359.5 5637.81
22359.4 5644.97
22359.3 5652.05
22359.2 5659.05
22359.1 5665.95
22359 5672.78
22358.9 5679.53
22358.8 5686.2
22358.8 5692.8
22358.7 5699.33
22358.6 5705.79
22358.5 5712.18
22358.4 5718.5
22358.3 5724.77
22358.3 5730.96
22358.2 5737.1
22358.1 5743.19
22358 5749.21
22357.9 5755.18
22357.9 5761.1
22357.8 5766.97
22357.7 5772.78
22357.6 5778.55
22357.5 5784.27
22357.5 5789.95
22357.4 5795.58
22357.3 5801.17
22357.2 5806.72
22357.2 5812.23
22357.1 5817.7
22357 5823.13
22357 5828.53
22356.9 5833.89
22356.8 5839.21
22356.7 5844.51
22356.7 5849.77
22356.6 5855
22356.5 5860.2
22356.5 5865.38
22356.4 5870.52
22356.3 5875.64
22356.3 5880.73
22356.2 5885.8
22356.1 5890.85
22356.1 5895.87
22356 5900.87
22355.9 5905.85
22355.9 5910.81
22355.8 5915.75
22355.7 5920.67
22355.7 5925.58
22355.6 5930.47
22355.5 5935.34
22355.5 5940.2
22355.4 5945.04
22355.3 5949.87
22355.3 5954.69
22355.2 5959.49
22355.2 5964.29
22355.1 5969.07
22355 5973.85
22355 5978.61
22354.9 5983.37
22354.8 5988.12
22354.8 5992.86
22354.7 5997.6
22354.6 6002.34
22354.6 6007.07
22354.5 6011.79
22354.5 6016.51
22354.4 6021.23
22354.3 6025.95
22354.3 6030.67
22354.2 6035.39
22354.1 6040.11
22354.1 6044.83
22354 6049.55
22354 6054.28
22353.9 6059.01
22353.8 6063.74
22353.8 6068.48
22353.7 6073.23
22353.6 6077.98
22353.6 6082.74
22353.5 6087.51
22353.5 6092.28
22353.4 6097.07
22353.3 6101.86
22353.3 6106.67
22353.2 6111.49
22353.1 6116.32
22353.1 6121.17
22353 6126.03
22352.9 6130.9
22352.9 6135.79
22352.8 6140.7
22352.7 6145.62
22352.7 6150.56
22352.6 6155.53
22352.5 6160.51
22352.5 6165.51
22352.4 6170.54
22352.3 6175.58
22352.3 6180.66
22352.2 6185.75
22352.1 6190.87
22352.1 6196.02
22352 6201.2
22351.9 6206.41
22351.9 6211.64
22351.8 6216.91
22351.7 6222.2
22351.7 6227.53
22351.6 6232.9
22351.5 6238.3
22351.4 6243.74
22351.4 6249.21
22351.3 6254.72
22351.2 6260.28
22351.1 6265.87
22351.1 6271.51
22351 6277.19
22350.9 6282.92
22350.8 6288.69
22350.8 6294.52
22350.7 6300.39
22350.6 6306.31
22350.5 6312.29
22350.5 6318.32
22350.4 6324.41
22350.3 6330.56
22350.2 6336.77
22350.1 6343.04
22350 6349.37
22350 6355.77
22349.9 6362.23
22349.8 6368.77
22349.7 6375.38
22349.6 6382.06
22349.5 6388.82
22349.4 6395.66
22349.3 6402.58
22349.2 6409.58
22349.1 6416.67
22349 6423.85
22349 6431.12
22348.9 6438.48
22348.8 6445.95
22348.7 6453.51
22348.6 6461.18
22348.4 6468.96
22348.3 6476.84
22348.2 6484.85
22348.1 6492.97
22348 6501.21
22347.9 6509.58
22347.8 6518.08
22347.7 6526.72
22347.6 6535.5
22347.4 6544.42
22327.6 6533.85
22327.5 6542.73
22325.7 6550.05
22316.7 6549.93
22307.9 6549.81
22299.2 6549.7
22290.6 6549.58
22300.2 6569.71
22291.7 6569.6
22300.6 6589.72
22291.9 6589.6
22300.2 6609.71
22291.5 6609.6
22283 6609.49
22274.5 6609.37
22266.2 6609.26
22258 6609.15
22250 6609.05
22242 6608.94
22234.1 6608.84
22226.3 6608.73
22218.7 6608.63
22211.1 6608.53
22203.6 6608.43
22196.2 6608.33
22188.9 6608.24
22181.7 6608.14
22174.5 6608.04
22167.4 6607.95
22160.5 6607.86
22153.5 6607.77
22146.7 6607.67
22139.9 6607.58
22133.2 6607.5
22126.6 6607.41
22120 6607.32
22113.5 6607.23
22107 6607.15
22100.6 6607.06
22094.3 6606.98
22088 6606.89
22081.7 6606.81
22075.6 6606.73
22069.4 6606.65
22063.3 6606.57
22057.3 6606.49
22051.3 6606.41
22045.4 6606.33
22039.5 6606.25
22033.6 6606.17
22027.8 6606.1
22022 6606.02
22016.2 6605.94
22010.5 6605.87
22004.8 6605.79
21999.2 6605.72
21993.6 6605.64
21988 6605.57
21982.5 6605.49
21976.9 6605.42
21971.5 6605.35
21966 6605.27
21960.5 6605.2
21955.1 6605.13
21949.7 6605.06
21944.4 6604.99
21939 6604.92
21933.7 6604.85
21928.4 6604.78
21923.1 6604.71
21917.9 6604.64
21912.6 6604.57
21907.4 6604.5
21902.2 6604.43
21897 6604.36
21891.8 6604.29
21886.6 6604.22
21881.5 6604.15
21876.3 6604.08
21871.2 6604.02
21866.1 6603.95
21860.9 6603.88
21855.8 6603.81
21850.7 6603.74
21845.6 6603.68
21840.6 6603.61
21835.5 6603.54
21830.4 6603.47
21825.3 6603.41
21820.2 6603.34
21815.2 6603.27
21810.1 6603.2
21805 6603.14
21800 6603.07
21794.9 6603
21789.8 6602.93
21784.8 6602.87
21779.7 6602.8
21774.6 6602.73
21769.5 6602.66
21764.4 6602.6
21759.3 6602.53
21754.2 6602.46
21749.1 6602.39
21744 6602.33
21738.8 6602.26
21733.7 6602.19
21728.6 6602.12
21723.4 6602.05
21718.2 6601.98
21713 6601.91
21707.8 6601.84
21702.6 6601.78
21697.3 6601.71
21692.1 6601.64
21686.8 6601.57
21681.5 6601.5
21676.2 6601.43
21670.9 6601.35
21665.5 6601.28
21660.1 6601.21
21654.7 6601.14
21649.3 6601.07
21643.8 6601
21638.4 6600.92
21632.9 6600.85
21627.3 6600.78
21621.8 6600.7
21616.2 6600.63
21610.5 6600.55
21604.9 6600.48
21599.2 6600.4
21593.4 6600.33
21587.7 6600.25
21581.8 6600.17
21576 6600.09
21570.1 6600.02
21564.2 6599.94
21558.2 6599.86
21552.2 6599.78
21546.1 6599.7
21540 6599.62
21533.8 6599.53
21527.6 6599.45
21521.3 6599.37
21515 6599.28
21508.6 6599.2
21502.2 6599.11
21495.7 6599.03
21489.2 6598.94
21482.5 6598.85
21475.9 6598.76
21469.1 6598.67
21462.3 6598.58
21455.4 6598.49
21448.4 6598.4
21441.4 6598.31
21434.3 6598.21
21427.1 6598.12
21419.8 6598.02
21412.4 6597.92
21405 6597.82
21397.4 6597.72
21389.8 6597.62
21382.1 6597.52
21374.2 6597.41
21366.3 6597.31
21358.3 6597.2
21350.1 6597.09
21341.8 6596.98
21333.5 6596.87
21324.9 6596.76
21316.3 6596.64
21307.6 6596.53
21298.7 6596.41
21289.7 6596.29
21280.5 6596.17
21271.2 6596.04
21261.7 6595.92
21252.1 6595.79
21242.3 6595.66
21232.4 6595.53
21226.7 6591.04
21226.9 6581.07
21206.7 6590.16
21206.9 6580.19
21186.8 6588.62
21186.9 6578.64
21166.8 6586.42
21146.7 6593.73
21146.8 6583.6
21126.7 6590.3
21126.9 6580.17
21106.8 6586.27
21106.9 6576.13
21086.8 6581.65
21066.8 6586.74
21066.9 6576.46
21046.8 6581
21026.8 6585.13
21006.7 6588.85
21006.9 6578.3
20986.8 6581.49
20966.8 6584.29
20946.8 6586.72
20946.9 6575.91
20926.9 6577.82
20906.9 6579.37
20886.8 6580.55
20887 6569.48
20887.1 6558.54
20887.3 6547.71
20887.4 6536.99
20887.6 6526.37
20887.7 6515.86
20867.7 6515.94
20847.7 6515.66
20827.7 6515.03
20787.6 6523.88
20767.6 6522.35
20747.6 6520.48
20727.7 6518.28
20707.7 6515.74
20667.6 6521.62
20647.6 6518.22
20607.6 6522.82
20587.6 6518.56
20567.7 6513.99
