20496.4 1020.97
20496.8 1010.9
20497.1 1000.91
20497.4 990.989
20497.7 981.136
20498 971.348
20498.4 961.624
20498.7 951.961
20499 942.359
20499.3 932.813
20499.6 923.324
20499.9 913.888
20500.2 904.504
20500.5 895.17
20500.8 885.884
20501.1 876.645
20501.4 867.45
20501.7 858.298
20502 849.187
20502.3 840.116
20502.6 831.083
20502.9 822.086
20503.2 813.124
20503.5 804.195
20503.8 795.298
20504.1 786.431
20504.3 777.593
20504.6 768.781
20504.9 759.996
20505.2 751.234
20505.5 742.496
20505.8 733.778
20506 725.081
20506.3 716.402
20506.6 707.741
20506.9 699.095
20447 693.736
20106.6 700.141
20107 688.022
20107.4 675.918
20107.8 663.826
20108.2 651.746
20108.6 639.675
20109 627.61
20109.4 615.552
20109.8 603.497
20110.2 591.443
20110.6 579.39
20111 567.334
20111.4 555.275
20111.7 543.21
20112.1 531.138
20112.5 519.056
20112.9 506.963
20113.3 494.857
20113.7 482.736
20114.1 470.598
20114.5 458.442
20114.9 446.264
20115.3 434.064
20115.7 421.84
20116.1 409.59
20116.5 397.311
20116.9 385.001
20117.3 372.66
20117.7 360.284
20118.1 347.871
20118.5 335.42
20118.9 322.928
20119.3 310.394
20119.7 297.815
20120.1 285.189
20120.5 272.513
20121 259.787
20121.4 247.006
20121.8 234.17
20122.2 221.274
20122.6 208.319
20123.1 195.3
20123.5 182.215
20123.9 169.063
20124.3 155.839
20124.8 142.543
20125.2 129.17
20125.6 115.719
20117.1 98.6631
20117.5 84.9564
20118 71.1618
20118.4 57.2765
20118.9 43.2973
20119.4 29.2215
20119.8 15.0454
20120.3 0.765674
20120.7 -13.6201
20121.2 -28.1164
20121.7 -42.7261
20122.2 -57.4531
20122.7 -72.3008
20123.1 -87.2732
20123.6 -102.374
20124.1 -117.608
20124.6 -132.979
20125.1 -148.489
20125.6 -164.146
20126.1 -179.952
20126.7 -195.913
20127.2 -212.032
20127.7 -228.316
20128.3 -244.769
20128.8 -261.396
20129.3 -278.202
20129.9 -295.193
20130.5 -312.376
20131 -329.755
20131.6 -347.337
20132.2 -365.128
20132.7 -383.135
20133.3 -401.364
20133.9 -419.822
20134.5 -438.517
20135.2 -457.456
20135.8 -476.648
20136.4 -496.098
20137.1 -515.818
20137.7 -535.814
20138.4 -556.096
20139 -576.673
20139.7 -597.555
20140.4 -618.753
20141.1 -640.275
20141.8 -662.135
20142.5 -684.342
20143.3 -706.909
20144 -729.848
20144.8 -753.171
20145.5 -776.894
20149.1 -798.094
20164.2 -806.967
20160.5 -836.631
20157.3 -866.456
20154.4 -896.448
20167.9 -907.988
20165.3 -938.745
20163.1 -969.698
20161.2 -1000.86
20157 -1035.82
20171.7 -1047.31
20170.5 -1079.58
20169.6 -1112.11
20169.2 -1144.89
20169.1 -1177.95
20164.9 -1217.6
20165.3 -1251.72
20166 -1286.17
20167.2 -1320.95
20168.6 -1356.08
20178 -1380.01
20179.7 -1416.44
20181.8 -1453.3
20184.2 -1490.58
20174.6 -1548.73
20178 -1586.95
20186.3 -1617.65
20189.9 -1657.54
20182.5 -1718.37
20186.9 -1759.42
20191.8 -1801.1
20186.3 -1863.8
20194 -1903.02
20189.4 -1967.9
20195.6 -2013.24
20192.4 -2079.75
20201.2 -2123.12
20212.4 -2162.78
20205.5 -2244.18
20205 -2314.55
20205.2 -2386.04
20206.1 -2458.72
20216 -2512.38
20218.2 -2587.67
20050 -3110.19
20080.9 -3127.52
20118.8 -3126.29
20162.9 -3106.63
20198.7 -3109.15
20233.7 -3113.75
20267.8 -3120.59
20310.5 -3100.09
20346.6 -3098.91
20382.6 -3097.75
20812.4 -1723.06
20834.8 -1722.33
20857.2 -1721.61
20879.4 -1720.89
20901.5 -1720.17
20923.5 -1719.45
20945.4 -1718.74
20967.2 -1718.03
20988.9 -1717.33
21010.5 -1716.63
21032.1 -1715.93
21053.5 -1715.23
21074.8 -1714.54
21096.1 -1713.85
21117.3 -1713.16
21138.4 -1712.47
21159.5 -1711.79
21180.5 -1711.1
21201.4 -1710.42
21222.3 -1709.75
21243.1 -1709.07
21263.9 -1708.39
21281.1 -1747.86
21288 -1927.73
21295.2 -2147.61
21263.4 -3069.13
21307.5 -2847.58
21338 -2846.59
21368.6 -2845.6
21399.1 -2844.61
21429.5 -2843.62
21459.9 -2842.63
21490.3 -2841.64
21520.7 -2840.65
21551.1 -2839.67
21581.5 -2838.68
21611.9 -2837.69
21642.2 -2836.71
21684.2 -3055.46
21716.5 -3054.41
21748.8 -3053.36
21781.2 -3052.31
21720.6 -1993.72
21718.6 -1733.64
21735.3 -1693.08
21755.8 -1692.41
21776.4 -1691.74
21797 -1691.08
21817.6 -1690.41
21838.3 -1689.73
21859 -1689.06
21879.8 -1688.39
21900.6 -1687.71
21921.4 -1687.03
21942.3 -1686.35
21963.3 -1685.67
21984.3 -1684.99
21736.7 -475.533
21733.1 -415.619
21733.2 -375.596
21732.6 -335.595
21731.2 -295.616
21729.2 -255.661
21726.5 -215.728
21728.8 -195.643
21724.8 -155.751
21726.2 -135.694
21721.1 -95.8416
21721.6 -75.8135
21721.8 -55.7966
21721.6 -35.791
21721.1 -15.7964
21720.3 4.18662
21719.1 24.1582
21717.5 44.1184
21715.6 64.067
21721.4 64.2532
21718.9 84.1848
21716.2 104.105
21713 124.013
21718.3 124.184
21714.6 144.075
21719.7 144.242
21715.5 164.115
21720.5 164.278
21725.6 164.443
21730.7 164.608
21735.8 164.775
21741 164.944
21746.2 165.114
21751.5 165.285
21756.8 165.458
21762.2 165.633
21767.6 165.809
21773.1 165.987
21778.6 166.166
22298.2 -654.255
22301.1 -634.148
22303.8 -614.052
22293.1 -574.377
22294.9 -554.309
22309.8 -553.824
22324.9 -553.334
22340.2 -552.838
22355.6 -552.336
22371.3 -551.828
22387.1 -551.314
22403.1 -550.794
22419.3 -550.267
22435.7 -549.733
22452.4 -549.192
22469.3 -548.644
22486.4 -548.089
22503.7 -547.525
22521.3 -546.954
22539.1 -546.375
22557.2 -545.787
22575.6 -545.191
22594.2 -544.585
22613.1 -543.97
22632.3 -543.346
22651.9 -542.711
22671.7 -542.066
22691.9 -541.411
22712.4 -540.744
22733.3 -540.066
22748.2 -533.466
22755.1 -519.476
22783.7 -525.026
22811.9 -529.646
22840.3 -533.823
22850.3 -521.793
22879.3 -525.733
22911.4 -531.597
22920.6 -518.392
23114.9 -651.959
23108.1 -623.67
23118.4 -608.937
23100.5 -573.08
23099.8 -550.664
23099 -528.555
23098.3 -506.744
23097.6 -485.22
23096.9 -463.976
23096.3 -443.003
23095.6 -422.293
23094.9 -401.836
23094.3 -381.627
23093.6 -361.656
23093 -341.918
23092.3 -322.404
23091.7 -303.109
23091.1 -284.025
23090.5 -265.147
23089.9 -246.469
23089.3 -227.983
23088.7 -209.685
23088.1 -191.569
23087.5 -173.63
23086.9 -155.861
23086.4 -138.259
23085.8 -120.818
23085.2 -103.534
23084.7 -86.4006
23084.1 -69.4147
23083.6 -52.5715
23083 -35.8666
23082.5 -19.2956
23082 -2.85434
23081.4 13.4606
23080.9 29.6535
23080.4 45.7282
23079.9 61.6883
23079.3 77.5376
23078.8 93.2794
23078.3 108.917
23077.8 124.455
23077.3 139.896
23076.8 155.242
23076.3 170.498
23075.8 185.666
23075.3 200.749
23074.9 215.751
23074.4 230.674
23073.9 245.522
23073.4 260.296
23072.9 275.001
23072.5 289.638
23072 304.21
23071.5 318.72
23071 333.17
23070.6 347.563
23070.1 361.902
23069.6 376.189
23069.2 390.427
23068.7 404.618
23068.3 418.763
23067.8 432.867
23067.3 446.93
23066.9 460.956
23066.4 474.946
23066 488.903
23065.5 502.829
23065.1 516.727
23064.6 530.598
23064.2 544.445
23063.7 558.269
23063.3 572.074
23062.8 585.861
23062.4 599.632
23102 612.788
23101.5 626.884
23101.1 640.971
23100.6 655.051
23100.1 669.125
23099.7 683.196
23099.2 697.266
23098.8 711.337
23098.3 725.412
23097.9 739.492
23097.4 753.579
23096.9 767.678
23096.5 781.787
23096 795.911
23095.6 810.051
23095.1 824.21
23094.6 838.389
23094.2 852.592
23093.7 866.819
23093.3 881.074
23092.8 895.359
23092.3 909.676
23091.9 924.027
23091.4 938.415
23090.9 952.841
23090.5 967.309
23090 981.821
23089.5 996.378
23089 1010.98
23088.6 1025.64
23088.1 1040.35
23028.1 1039.55
22987.9 1043.07
22967.7 1051.48
22927.6 1053.82
22828 1037.69
22807.8 1044.22
22787.6 1050.44
22688.2 1030.36
22668 1035.18
22647.9 1039.68
22647.5 1050.94
22627.4 1054.99
22592.9 1053.32
22576.1 1057.86
22560.1 1062.46
22544.9 1067.12
22478.4 1050.14
22465.8 1054.95
22453.8 1059.82
22442.3 1064.74
22384.4 1048.18
22374.9 1053.24
22365.8 1058.36
22313.5 1042.1
22306.1 1047.35
22298.9 1052.66
22292 1058.03
22245.6 1042.14
22240.1 1047.65
22234.7 1053.2
22229.5 1058.82
22188 1043.3
22183.9 1049.06
22179.8 1054.89
22141.7 1039.65
22138.6 1045.62
22135.6 1051.65
22100.5 1036.7
22098.3 1042.89
22096.1 1049.15
22094 1055.49
22062.2 1040.92
22060.8 1047.42
22059.4 1054.01
22029.9 1039.74
22029.1 1046.51
22028.2 1053.35
21977.2 1020.79
21977 1027.56
21957.3 1018.53
21957.1 1025.2
21937.4 1015.51
21937.2 1022.09
21936.9 1028.76
21917.3 1018.2
21917.1 1024.76
21897.4 1013.5
21897.2 1019.96
21897 1026.52
21877.4 1014.31
21877.2 1020.76
21877 1027.31
21857.4 1014.12
21857.2 1020.56
21857 1027.1
21852.3 1029.01
21845.8 1028.8
21839.4 1028.6
21833.2 1028.39
21827 1028.19
21820.9 1027.99
21814.9 1027.8
21809 1027.61
21803.2 1027.42
27685.6 8486.08
27616.8 8539.93
27547.5 8593.17
27477.7 8645.81
27407.5 8697.83
27336.8 8749.24
27265.7 8800.03
27194.2 8850.19
27122.2 8899.73
27049.7 8948.64
26976.9 8996.91
26903.6 9044.54
26830 9091.54
26755.9 9137.88
26681.4 9183.58
26606.5 9228.62
26531.2 9273.01
26455.6 9316.74
26379.5 9359.81
26303.1 9402.21
21730.4 1085.09
21725.3 1084.92
21720.2 1084.75
21725.5 1104.94
21720.3 1104.77
21725 1124.93
21719.7 1124.76
21723.8 1144.9
21718.3 1144.72
21721.9 1164.85
21725 1184.96
21719.3 1184.78
21721.9 1204.87
21724.2 1224.96
21718.2 1224.76
21719.9 1244.83
21721.2 1264.88
21722.2 1284.92
21715.8 1284.71
21716.2 1304.74
21716.3 1324.75
21716.1 1344.76
21715.5 1364.75
21714.6 1384.73
21713.3 1404.7
21711.7 1424.66
21715.2 1464.79
21712.7 1484.72
21709.8 1504.64
21706.7 1524.55
21698.4 1524.28
21690.2 1524.01
21682 1523.74
21673.8 1523.48
21665.7 1523.22
21657.6 1522.95
21649.6 1522.69
21641.5 1522.43
21633.5 1522.17
21625.6 1521.91
21617.6 1521.65
21609.7 1521.4
21601.8 1521.14
21593.9 1520.88
21586.1 1520.63
21578.3 1520.37
21570.5 1520.12
21562.7 1519.87
21554.9 1519.61
21547.1 1519.36
21539.4 1519.11
21531.6 1518.86
21523.9 1518.61
21516.2 1518.36
21508.4 1518.11
21500.7 1517.86
21493 1517.61
21485.3 1517.36
21477.7 1517.11
21470 1516.86
21462.3 1516.61
21454.6 1516.36
21446.9 1516.11
21439.2 1515.86
21431.5 1515.61
21423.8 1515.36
21416.1 1515.11
21408.4 1514.86
21400.7 1514.61
21393 1514.35
21385.2 1514.1
21377.5 1513.85
21369.7 1513.6
21362 1513.35
21354.2 1513.09
21346.4 1512.84
21338.5 1512.59
21330.7 1512.33
21300.1 1631.4
21291.1 1631.11
21282.1 1630.82
21273.1 1630.52
20844.2 3480.71
20841.7 3380.58
20836 3300.35
20831.7 3220.17
20828.8 3140.03
20816.4 3099.61
20793.4 3098.86
20770.3 3098.11
19210.7 8190.15
19139.2 8187.83
19067.4 8185.5
18995.2 8183.15
18922.6 8180.79
18849.7 8178.43
18776.3 8176.04
18761 8015.46
18688.4 8013.1
18615.3 8010.73
18541.8 8008.34
18467.8 8005.94
18393.3 8003.52
18318.3 8001.08
18899.8 6509.09
18899.5 6373.3
18909.5 6220.54
18914 6085.34
19769.3 4195.12
19778 4099.49
19779.4 4021.97
19780.5 3947.65
19770.3 3897.12
19739.2 3886.99
19696.6 3897.5
19663.9 3889.27
19630.6 3881.93
19608 3855.77
19608.6 3791.15
19609.9 3727.32
19611.8 3664.24
19614.4 3601.87
19617.7 3540.18
19621.7 3479.14
19598.6 3460.26
19576.8 3439.54
19541.4 3438.39
19505.7 3437.23
19469.6 3436.06
19433 3434.87
19396 3433.66
19358.6 3432.45
19320.6 3431.22
19282.2 3429.97
19243.3 3428.7
19203.9 3427.42
19163.9 3426.12
19123.4 3424.81
19082.4 3423.47
19040.7 3422.12
18998.5 3420.75
18955.6 3419.36
18912 3417.94
18867.9 3416.51
18823 3415.05
18777.4 3413.57
18731.1 3412.06
18684 3410.53
20552.6 1547.09
20556.9 1527.21
20541 1526.7
20540.5 1511.7
20541 1496.02
20541.5 1480.61
20521.4 1483.46
20521.9 1468.22
20501.8 1470.59
20481.8 1472.56
20482.3 1457.41
20482.7 1442.48
20483.2 1427.78
20483.7 1413.28
20484.2 1399
20484.6 1384.92
20485.1 1371.03
20485.5 1357.33
20485.9 1343.82
20486.4 1330.48
20486.8 1317.31
20487.2 1304.31
20487.6 1291.47
20488.1 1278.78
20488.5 1266.25
20488.9 1253.87
20489.3 1241.62
20489.7 1229.52
20490.1 1217.55
20490.4 1205.71
20490.8 1193.99
20491.2 1182.4
20491.6 1170.93
20491.9 1159.57
20492.3 1148.32
20492.7 1137.19
20493 1126.15
20493.4 1115.22
20493.7 1104.39
20494.1 1093.66
20494.4 1083.02
20494.8 1072.46
20495.1 1062
20495.4 1051.62
20495.8 1041.32
20496.1 1031.11
20496.4 1020.97
