14014 -0.412509
14014 -0.412509
14014 -0.412509
14014 -0.412509
14013.4 2.5321
14012.2 8.41107
14010.3 17.2135
14007.6 28.9046
14004 43.4573
13999.3 60.8417
13993.5 81.0254
13978.1 129.648
13978.1 129.648
13958.6 187.163
13958.6 187.163
13936.5 249.367
13936.5 249.367
13924.5 283.296
13911.4 320.053
13884.9 394.98
13884.9 394.98
13870.8 434.564
13856.5 474.855
13827.2 570.212
13827.2 570.212
13812.9 610.484
13797.5 653.582
13781.6 699.646
13750.1 794.558
13734.9 842.216
13734.9 842.216
13705.9 937.919
13692.1 985.957
13678.6 1034.11
13678.6 1034.11
13653 1130.77
13653 1130.77
13629 1227.86
13629 1227.86
13617.7 1276.56
13607 1324.62
13597.3 1369.84
13587.6 1415.06
13577.9 1460.29
13559.3 1547.06
13559.3 1547.06
13540.8 1633.11
13540.8 1633.11
13531.6 1676.13
13522.3 1719.15
13513.4 1760.7
13504.5 1802.26
13497.2 1842.36
13488.6 1882.45
13471.4 1962.62
13471.4 1962.62
13462.8 2002.7
13454.5 2041.32
13446.2 2079.94
13429.6 2157.18
13429.6 2157.18
13421.6 2194.33
13413.7 2231.49
13405.7 2268.64
13397.7 2305.79
13395.2 2355.37
13387.7 2391.09
13380.3 2426.82
13372.8 2462.54
13365.3 2498.26
13350.3 2569.71
13350.3 2569.71
13335.3 2641.16
13335.3 2641.16
13327.8 2676.88
13320.3 2712.6
13312.8 2748.32
13301.6 2778.2
13294.1 2813.91
13286.6 2849.63
13279.1 2885.35
13271.9 2919.6
13257.5 2988.1
13257.5 2988.1
13249.9 3023.81
13242.4 3059.53
13235.2 3093.78
13228 3128.03
13220.8 3162.28
13212.9 3186
13205.6 3220.23
13198.3 3254.46
13191.3 3287.22
13184.3 3319.98
13170.6 3384.04
13163.9 3415.33
13163.9 3415.33
13157.6 3445.16
13151.3 3474.26
13145.1 3503.35
13139.1 3546.33
13126.9 3603.04
13126.9 3603.04
13121.1 3629.92
13115.5 3656.07
13109.9 3682.23
13104.3 3708.38
13098.9 3733.06
13088.3 3782.43
13083 3807.12
13083 3807.12
13078 3830.34
13073 3853.56
13068 3876.78
13063 3899.99
13058.4 3921.75
13060.1 3940.07
13055.5 3961.83
13050.7 3983.56
13046.1 4003.78
13041.2 4023.95
13036.2 4044.09
13031.2 4064.22
13026.5 4082.9
13021.9 4101.58
13012.6 4138.94
13012.6 4138.94
13004 4173.39
13004 4173.39
12999.7 4190.61
12995.4 4207.84
12991.1 4225.06
12987.2 4240.83
12979.2 4272.33
12979.2 4272.33
12975 4288.03
12966.3 4319.35
12962.4 4333.56
12962.4 4333.56
12961.9 4348.54
12957.9 4362.74
12953.9 4376.94
12949.9 4391.14
12945.9 4405.34
12942.3 4418.1
12938.7 4430.86
12935.2 4443.61
12931.6 4456.37
12924.1 4481.78
12924.1 4481.78
12920.6 4493.01
12917.1 4504.23
12913.6 4515.46
12910.2 4526.68
12906.7 4537.91
12903.2 4549.13
12899.8 4560.36
12896.3 4571.58
12893.2 4581.37
12890.2 4591.16
12886.6 4602.36
12883 4613.52
12879.7 4623.23
12876.3 4632.91
12872.9 4642.56
12869.3 4652.18
12865.7 4661.77
12862 4671.33
12854.3 4690.34
12854.3 4690.34
12850.4 4699.8
12846.3 4709.22
12842.2 4718.6
12838 4727.95
12833.7 4737.27
12822.8 4746.93
12818.4 4756.17
12813.9 4765.36
12804.6 4783.64
12804.6 4783.64
12799.8 4792.72
12795 4801.75
12790.1 4810.75
12785.1 4819.7
12780 4828.6
12774.9 4837.46
12769.6 4846.28
12764.4 4855.09
12759.2 4863.91
12753.9 4872.72
12748.7 4881.54
12743.5 4890.35
12738.2 4899.17
12727.8 4916.8
12722.5 4925.57
12722.5 4925.57
12717.1 4934.29
12713.2 4940.43
12710.3 4945.08
