15706.1 1251.68
15706.1 1251.68
15706.1 1251.68
15706.1 1251.68
15706.1 1251.68
15706.1 1251.68
15706.1 1251.68
15706.1 1251.68
15706.1 1251.68
15706.1 1251.68
15706.1 1251.68
15706.1 1251.68
15706.1 1251.68
15706.1 1251.68
15706.1 1251.68
15706.1 1251.68
15706.1 1251.68
15706.1 1251.68
15709.1 1252.29
15714 1253.29
15718.9 1254.28
15723.8 1255.27
15728.7 1256.27
15738.5 1258.25
15738.5 1258.25
15743.4 1259.25
15753.2 1261.23
15753.2 1261.23
15763 1263.22
15763 1263.22
15767.9 1264.21
15777.7 1266.2
15777.7 1266.2
15787.5 1268.19
15792.4 1269.18
15792.4 1269.18
15797.3 1270.17
15802.2 1271.17
15807.1 1272.16
15812 1273.15
15816.9 1274.15
15826.7 1276.13
15826.7 1276.13
15831.6 1277.13
15841.4 1279.11
15841.4 1279.11
15846.3 1280.11
15848.3 1280.5
15848.3 1280.5
15852.9 1286.06
15852.9 1286.06
15852.9 1286.06
15852.9 1286.06
15852.9 1286.06
15852.9 1286.06
15852.9 1286.06
15852.9 1286.06
15852.9 1286.06
15852.9 1286.06
15852.9 1286.06
15852.9 1286.06
15852.9 1286.06
15852.9 1286.06
15852.9 1286.06
15852.9 1286.06
15852.9 1286.06
15852.9 1286.06
15852.9 1286.06
15852.9 1286.06
15852.9 1286.06
15852.9 1286.06
15852.9 1286.06
15852.9 1286.06
15852.9 1286.06
15852.9 1286.06
15852.9 1286.06
15852.9 1286.06
15852.9 1286.06
15852.9 1286.06
15852.9 1286.06
15852.9 1286.06
15852.9 1286.06
15852.9 1286.06
15852.9 1286.06
15852.9 1286.06
15852.9 1286.06
15852.9 1286.06
15854.6 1283.62
15854.6 1283.62
15854.6 1283.62
15854.6 1283.62
15854.6 1283.62
15854.6 1283.62
15854.6 1283.62
15854.6 1283.62
15854.6 1283.62
15854.6 1283.62
15854.6 1283.62
15854.6 1283.62
15854.6 1283.62
15854.6 1283.62
15854.6 1283.62
15854.4 1283.43
15859.3 1290.02
15864.9 1297.1
15872 1305.84
15872 1305.84
15887.6 1324.07
15887.6 1324.07
15903.8 1341.74
15912.2 1350.37
15920.7 1358.84
15929.3 1367.17
15937 1374.32
15937 1374.32
15952.7 1388.22
15952.7 1388.22
15969 1401.55
15969 1401.55
15996.2 1412.26
15996.2 1412.26
16004.7 1418.43
16022 1430.33
16030.8 1436.05
16030.8 1436.05
16039.7 1441.61
16048.7 1447.02
16057.8 1452.27
16067 1457.36
16076.2 1462.29
16085.6 1467.06
16095 1471.66
16108.1 1488.33
16108.1 1488.33
16117.9 1492.13
16127.8 1495.67
16147.8 1502.22
16147.8 1502.22
16157.8 1505.24
16170.8 1508.89
16186.8 1512.94
16204.4 1516.82
16222.1 1520.16
16236.9 1522.49
16260.8 1524.82
16275.7 1525.52
16275.7 1525.52
16290.7 1525.77
16307.2 1525.54
16324.5 1524.77
16341.7 1523.47
16357.3 1521.81
16373 1519.81
16388.5 1517.46
16374.4 1426.17
16389.9 1423.17
16419.1 1416.51
16419.1 1416.51
16432.9 1412.88
16449.4 1407.98
16487.6 1394.39
16487.6 1394.39
16504.8 1387.07
16521.9 1379.22
16538.6 1370.86
16564.3 1356.87
16564.3 1356.87
16573.4 1351.66
16582.5 1346.33
16593.9 1339.13
16605.1 1331.58
16613.6 1319.01
16629.4 1307.62
16629.4 1307.62
16639.6 1299.96
16652 1290.24
16664.2 1280.19
16676 1269.83
16687.6 1259.17
16697.8 1249.24
16707.8 1239.06
16717.5 1228.61
16726.9 1217.92
16736.1 1206.98
16744.9 1195.81
16753.4 1184.41
16760.8 1174.01
16768 1163.49
16775 1152.84
16781.9 1142.07
16802.1 1118.94
16810.2 1105.42
16817.9 1091.69
16823.9 1080.42
16829.6 1069.05
16836.5 1054.87
16844.2 1037.79
16858.3 1003.05
16858.3 1003.05
16870.6 967.619
16876 949.675
16876 949.675
16885.9 911.934
16885.9 911.934
16890.2 892.153
16893.7 873.739
16896.8 855.238
16898.9 839.636
16900.7 824.743
16896 818.395
16897.3 801.948
16898.3 785.48
16899 768.996
16899.5 752.502
16899.6 736.003
16899.5 719.504
16899.1 703.009
16898.4 686.524
16897.4 670.053
16896.1 653.603
16894.6 637.177
16892.7 620.781
16890.6 604.42
16888.4 589.582
16885.9 574.785
16883.2 560.033
16880.5 546.801
16863.4 537.765
16858.1 514.358
16858.1 514.358
16854.9 501.232
16851.5 487.406
16847.9 473.61
16844.5 461.325
16840.8 449.101
16836.7 435.474
16832.4 421.885
16828.3 409.794
16824.1 397.777
16815.8 375.243
16815.8 375.243
16811.9 364.706
16802.8 340.882
16802.8 340.882
16798.6 330.433
16794.3 320.041
16789.4 308.284
16784.4 296.548
16780 286.213
16775.5 275.897
16770.3 264.228
16760.4 242.366
16760.4 242.366
16755.6 232.212
16750.8 222.038
16746 211.843
16741.3 201.628
16730.8 178.403
16725.5 166.802
16725.5 166.802
16714.9 143.624
16714.9 143.624
16710.2 133.367
16705.7 123.091
16700.5 111.422
16708.9 107.9
16704.5 97.5534
16700.1 87.1879
16695.2 75.4189
16690.4 63.6286
16681.4 41.377
16681.4 41.377
16677.2 30.9187
16672.6 19.0454
16663.4 -4.76124
16663.4 -4.76124
16659.5 -15.2904
16655.6 -25.8367
16651.2 -37.8084
16646.6 -50.5046
16646.6 -50.5046
16645.5 -53.3123
16643.3 -58.8901
16643.3 -58.8901
16640 -67.2568
16630.7 -91.7875
16630.7 -91.7875
16630.7 -91.7875
16629.6 -94.5859
16629.6 -94.5859
16623.9 -108.482
16623.9 -108.482
16619.5 -119.637
16614.2 -133.653
16608.7 -148.442
16603.5 -163.3
16598.5 -178.225
16593.2 -194.643
16587.8 -211.798
16577.1 -246.179
16577.1 -246.179
16571.4 -264.84
16565.6 -284.244
16554.3 -323.126
16554.3 -323.126
16542.5 -364.993
16542.5 -364.993
16532.4 -401.896
16532.4 -401.896
16528 -419.332
16520.3 -436.529
16516 -455.54
16512.2 -473.139
16508.6 -490.787
16505.3 -508.479
16502.2 -526.213
16499.4 -543.986
16497 -560.311
16494.8 -576.665
16492.6 -594.536
16490.6 -612.417
16488.6 -630.306
16486.7 -648.204
16485 -664.617
16483.6 -678.799
16482.4 -692.998
16481.3 -708.707
16480.3 -724.43
16479 -755.901
16479 -755.901
16478.4 -771.64
16477.9 -787.382
16477.4 -803.125
16476.8 -840.619
16476.8 -840.619
16476.8 -857.869
16477.1 -875.117
16477.6 -892.36
16478.3 -909.595
16452.2 -924.117
16453.2 -939.086
16454.1 -951.798
16455.3 -964.496
16456.6 -977.178
16457.9 -988.351
16461 -1010.64
16461 -1010.64
16462.7 -1021.76
16464.6 -1032.85
16466.7 -1043.91
16468.7 -1054.96
16470.9 -1066.01
16473.1 -1077.05
16475.3 -1088.07
16477.6 -1099.09
16480.5 -1113.03
16483.6 -1126.93
16486.3 -1137.88
16488.7 -1148.08
16491.3 -1158.27
16497.3 -1181.5
16497.3 -1181.5
16500.5 -1193.05
16503.1 -1201.68
16505.7 -1210.31
16509.2 -1221.79
16512.8 -1233.22
16516.1 -1243.18
16519.6 -1253.1
16527.9 -1275.6
16527.9 -1275.6
16531.7 -1285.38
16535.7 -1295.1
16540.4 -1306.15
16545.2 -1317.14
16548.9 -1325.34
16572.9 -1212.89
16577.9 -1223.8
16590.2 -1249.49
16590.2 -1249.49
16595.9 -1260.92
16601.6 -1272.32
16607.4 -1283.65
16613.4 -1294.9
16620.3 -1307.39
16627.3 -1319.79
16633.8 -1330.79
16640.3 -1341.72
16647.1 -1352.55
16653.9 -1363.3
16660.9 -1373.96
16668.1 -1384.52
16682.8 -1405.36
16682.8 -1405.36
16690.3 -1415.64
16698 -1425.81
16705.8 -1435.89
16713.8 -1445.86
16721.8 -1455.72
16729.1 -1464.33
16736.4 -1472.85
16751.5 -1489.59
16751.5 -1489.59
16766.9 -1505.93
16774.8 -1513.94
16782.8 -1521.86
16782.8 -1521.86
16789.8 -1528.62
16796.9 -1535.3
16804.1 -1541.88
16811.4 -1548.36
16818.8 -1554.75
16828.5 -1562.98
16839.5 -1572.03
16850.6 -1580.94
16861.6 -1622.33
16861.6 -1622.33
16871.8 -1629.95
16883.3 -1638.31
16895 -1646.52
16906.7 -1654.58
16918.6 -1662.49
16929.3 -1669.42
16952.2 -1683.65
16964.5 -1690.92
16964.5 -1690.92
16975.6 -1697.19
16986.8 -1703.21
16998.1 -1709.09
17008.2 -1714.18
17018.2 -1719.19
17029.7 -1724.77
17054.1 -1736.26
17054.1 -1736.26
17077.5 -1746.42
17088.6 -1751
17088.6 -1751
17099.7 -1755.53
17109.5 -1759.45
17130.4 -1767.72
17141.6 -1772.06
17141.6 -1772.06
17151.4 -1775.81
17171.1 -1783.19
17171.1 -1783.19
17190.8 -1790.39
17190.8 -1790.39
17200.7 -1793.93
17217.3 -1815.81
17227.3 -1819.18
17237.2 -1822.51
17248.6 -1826.26
17260.1 -1829.96
17270.1 -1833.16
17290 -1839.69
17300 -1842.93
17310 -1846.12
17310 -1846.12
17320 -1849.36
17330 -1852.65
17341.4 -1856.45
17341.4 -1856.45
17341.4 -1856.45
17344.2 -1857.36
17350 -1859.09
17358.6 -1861.68
17368.6 -1864.7
17378.7 -1867.81
17388.7 -1871
17398.6 -1874.29
17418.5 -1881.12
17418.5 -1881.12
17428.4 -1884.66
17438.2 -1888.29
17448.1 -1892
17457.8 -1895.81
17467.6 -1899.69
17477.3 -1903.66
17487 -1907.72
17496.6 -1911.86
17515.7 -1920.64
17523.8 -1924.62
17531.8 -1928.74
17531.8 -1928.74
17541.1 -1933.62
17550.3 -1938.59
17559.6 -1943.63
17568.7 -1948.76
17577.8 -1953.97
17586.9 -1959.25
17595.9 -1964.62
17604.9 -1970.06
17613.8 -1975.58
17622.7 -1981.18
17631.6 -1986.85
17640.3 -1992.61
17649.1 -1998.44
17656.8 -1996.47
17665.4 -2002.44
17674 -2008.5
17682.5 -2014.62
17699.4 -2027.1
17699.4 -2027.1
17707.8 -2033.45
17716.1 -2039.87
17732.5 -2052.93
17740.7 -2059.57
17748.7 -2066.28
17748.7 -2066.28
17756.8 -2073.06
17764.7 -2079.9
17780.5 -2093.81
17780.5 -2093.81
17788.2 -2100.86
17796 -2107.98
17803.6 -2115.17
17811.2 -2122.43
17816.6 -2127.66
17820.9 -2131.84
