20543.7 -1067.75
20543.7 -1067.75
20543.7 -1067.75
20543.7 -1067.75
20543.7 -1067.75
20543.7 -1067.75
20543.7 -1067.75
20543.7 -1067.75
20543.7 -1067.75
20543.7 -1067.75
20543.7 -1067.75
20543.7 -1067.75
20543.7 -1067.75
20543.7 -1067.75
20543.7 -1067.75
20543.7 -1067.75
20543.7 -1067.75
20543.7 -1067.75
20543.7 -1067.75
20543.7 -1067.75
20543.7 -1067.75
20543.7 -1067.75
20543.7 -1067.75
20543.7 -1067.75
20543.7 -1067.75
20543.7 -1067.75
20543.7 -1067.75
20543.7 -1067.75
20539.9 -1045.39
20539.9 -1045.39
20539.9 -1045.39
