20053 -2339.23
20051.8 -2379.22
20051.3 -2419.22
20044.4 -2479.03
20045.5 -2519.09
19894.1 -3014.44
19913.8 -3015.08
19933.5 -3015.72
19953 -3016.35
19972.5 -3016.98
19991.9 -3017.61
20011.2 -3018.24
20030.4 -3018.86
20049.5 -3019.48
20068.6 -3020.1
20087.6 -3020.71
20106.5 -3021.32
20125.4 -3021.93
20144.1 -3022.54
20162.9 -3023.15
20181.5 -3023.75
20200.2 -3024.36
20218.7 -3024.96
20237.3 -3025.56
20255.7 -3026.16
20274.2 -3026.76
20292.6 -3027.35
20311 -3027.95
20329.3 -3028.54
20347.6 -3029.13
20365.9 -3029.73
20384.1 -3030.32
20402.4 -3030.91
20420.6 -3031.5
20438.8 -3032.09
20457 -3032.68
20475.1 -3033.27
20493.3 -3033.85
20511.5 -3034.44
20529.7 -3035.03
20547.8 -3035.62
20566 -3036.21
20584.2 -3036.8
20602.4 -3037.39
20620.6 -3037.98
20638.8 -3038.57
20657 -3039.16
20675.3 -3039.75
20654.6 -2278.68
20659 -2158.76
20661.3 -2038.77
20664.7 -1958.84
20666.6 -1878.86
20669 -1818.9
20670.4 -1758.92
20673 -1718.98
20674.9 -1679.02
20681.3 -1679.23
20687.8 -1679.44
20694.3 -1679.65
20700.8 -1679.86
20707 -1677.87
20713.5 -1678.08
20720 -1678.29
20726.6 -1678.51
20733.2 -1678.72
20739.9 -1678.94
20746.5 -1679.15
20753.2 -1679.37
20759.9 -1679.59
20766.7 -1679.8
20773.5 -1680.02
20780.3 -1680.25
20787.2 -1680.47
20794.1 -1680.69
20801 -1680.92
20808 -1681.14
20815 -1681.37
20822.1 -1681.6
20829.2 -1681.83
20836.3 -1682.06
20843.5 -1682.29
20850.8 -1682.53
20858.1 -1682.76
20865.4 -1683
20872.8 -1683.24
20880.3 -1683.48
20887.8 -1683.73
20895.4 -1683.97
20903 -1684.22
20910.7 -1684.47
20918.5 -1684.72
20926.3 -1684.98
20934.2 -1685.23
20942.2 -1685.49
20950.3 -1685.75
20958.4 -1686.01
20966.6 -1686.28
20974.9 -1686.55
20983.3 -1686.82
20991.7 -1687.09
21000.3 -1687.37
21008.9 -1687.65
21017.6 -1687.93
21026.5 -1688.22
21035.4 -1688.51
21044.4 -1688.8
21053.5 -1689.1
21062.8 -1689.4
21072.2 -1689.7
21081.6 -1690.01
21091.2 -1690.32
21101 -1690.63
21110.8 -1690.95
21120.8 -1691.27
21130.9 -1691.6
21141.2 -1691.93
21151.6 -1692.27
21562.8 -2205.85
21564.6 -2185.9
21566.1 -2165.94
21584.2 -2166.53
21568.1 -2125.99
21568.6 -2105.99
21568.7 -2085.98
21568.5 -2065.97
21586.4 -2066.55
21566.9 -2025.89
21584.8 -2026.47
21596.5 -2020.25
21586 -1990.88
21595 -1982.07
21584.7 -1954.03
21594 -1945.86
21584 -1919.08
21593.6 -1911.5
21584 -1885.92
21594 -1878.9
21584.7 -1854.48
21595.1 -1847.98
21590.6 -1828.52
21601.8 -1822.82
21593.8 -1800.86
21586 -1779.56
21598 -1774.68
21590.7 -1754.36
21603.2 -1749.91
21596.5 -1730.54
21590.1 -1711.77
21603.5 -1708.05
21597.7 -1690.18
21631.4 -1700.78
21645.8 -1697.23
21660.7 -1693.75
21687.6 -1698.13
21703.9 -1695.02
21740.3 -1704.69
21757.6 -1701.45
21775.4 -1698.27
21813.3 -1707.16
21832.2 -1703.86
21851.7 -1700.61
21891.5 -1708.76
21912.3 -1705.4
21953.5 -1713
21975.7 -1709.55
21998.8 -1706.15
22042.3 -1713.06
22067.1 -1709.58
22112.4 -1715.97
22143.7 -1714.64
22172.5 -1711.6
22222.2 -1717.81
22286.6 -1729.82
22346.3 -1738.54
22366.6 -1729.02
22998.9 -1978.75
22999.7 -1954.31
23000.5 -1930.02
23001.2 -1905.88
23002 -1881.9
23002.8 -1858.06
23003.6 -1834.36
23004.3 -1810.79
23005.1 -1787.36
23005.8 -1764.05
23006.6 -1740.86
23007.3 -1717.79
23008.1 -1694.84
23008.8 -1671.99
23009.6 -1649.24
23010.3 -1626.6
23011 -1604.05
23011.8 -1581.59
23012.5 -1559.22
23013.2 -1536.93
23013.9 -1514.72
23014.6 -1492.59
23015.3 -1470.53
23016.1 -1448.54
23016.8 -1426.62
23017.5 -1404.76
23018.2 -1382.95
23018.9 -1361.2
23019.6 -1339.5
23020.3 -1317.84
23021 -1296.23
23021.7 -1274.66
23022.4 -1253.13
23023.1 -1231.63
22226.1 -1126.89
22226.5 -1112.47
22227 -1098.07
22227.5 -1083.67
22227.9 -1069.29
22228.4 -1054.92
22228.9 -1040.55
22229.3 -1026.19
22229.8 -1011.84
22230.3 -997.478
22230.7 -983.118
22231.2 -968.755
22231.6 -954.386
22232.1 -940.008
22232.6 -925.62
22233 -911.219
22253.1 -896.1
22236.4 -882.261
22247.7 -867.21
22234.9 -853.443
22235.4 -838.944
22235.9 -824.42
22236.3 -809.867
22236.8 -795.283
22237.3 -780.665
22237.7 -766.012
22238.2 -751.322
22238.7 -736.59
22239.2 -721.817
22239.7 -706.998
22240.1 -692.131
22240.6 -677.214
22241.1 -662.245
22241.6 -647.219
22242.1 -632.136
22242.6 -616.993
22243.1 -601.786
23049.8 -406.792
23050.5 -383.984
23051.3 -361.07
23052 -338.045
23052.8 -314.904
23053.5 -291.644
23054.3 -268.26
23055.1 -244.747
23055.8 -221.102
23056.6 -197.318
23057.4 -173.391
23058.1 -149.316
23058.9 -125.088
23059.7 -100.702
21704.2 -558.484
21704.5 -547.319
21684.7 -543.68
21685 -532.56
21685.4 -521.358
21685.7 -510.07
21686.1 -498.695
21686.5 -487.229
21686.9 -475.669
21687.2 -464.012
21687.6 -452.256
21688 -440.398
21688.4 -428.434
21688.8 -416.361
21689.2 -404.175
21689.6 -391.873
21690 -379.452
21690.4 -366.908
21690.8 -354.237
21691.2 -341.434
21691.6 -328.497
21692.1 -315.422
21692.5 -302.202
21692.9 -288.836
21693.3 -275.317
21693.8 -261.64
21694.2 -247.802
21694.7 -233.797
21695.2 -219.62
21695.6 -205.265
21696.1 -190.728
21696.6 -176.001
21697.1 -161.079
21697.5 -145.957
21698 -130.627
21698.5 -115.082
21699.1 -99.3161
21699.6 -83.3217
21700.1 -67.0919
21700.6 -50.6178
21701.2 -33.8921
21701.7 -16.9062
21702.3 0.348949
21702.8 17.8821
21703.4 35.7033
21704 53.8219
21704.6 72.2485
21705.2 90.994
21698.2 102.787
21690.7 114.217
21703 145.221
22520 984.828
22487.5 985.88
22455.6 986.915
22424.1 987.934
22393.2 988.937
22362.7 989.925
22332.6 990.898
22303 991.857
22273.8 992.802
22245.1 993.734
22216.7 994.654
22188.7 995.56
22161.1 996.455
22133.8 997.338
22106.9 998.21
22080.4 999.07
22054.1 999.92
22028.2 1000.76
22002.6 1001.59
21977.3 1002.41
21952.3 1003.22
21927.5 1004.02
21903.1 1004.81
21878.9 1005.6
21854.9 1006.37
21831.3 1007.14
21807.8 1007.9
21784.6 1008.65
21773.4 1029.02
21784.9 1088.68
21784 1128.73
21771.4 1149.15
21780.2 1208.9
21777.4 1249.01
21784.2 1308.82
21790 1368.66
21794.7 1428.54
21798.3 1488.46
21781.8 1509
21755.7 1509.85
21729.8 1510.69
21704.1 1511.52
21678.6 1512.35
21653.2 1513.17
21628.1 1513.98
21603.1 1514.79
21578.2 1515.6
21553.6 1516.4
21529.1 1517.19
21504.7 1517.98
21480.4 1518.76
21456.4 1519.54
21432.4 1520.32
21421.7 1560.69
21404 1581.27
21398.4 1641.49
21373.8 1642.28
21349.3 1643.08
21848.4 3487.88
21806.9 3489.23
21765.6 3490.57
21724.4 3491.9
21683.4 3493.23
21642.6 3494.55
21601.9 3495.87
21561.4 3497.18
21520.9 3498.49
21480.6 3499.8
21440.4 3501.1
21400.4 3502.4
21360.4 3503.69
21320.5 3504.98
21280.8 3506.27
21241.1 3507.56
21201.4 3508.84
21161.9 3510.12
21122.4 3511.4
21083 3512.68
21004.9 3135.01
20968.9 3136.17
20953.2 3376.81
20971.2 4116.61
21255.1 9021.86
21167.9 9027.31
21080.6 9032.01
20993.4 9035.94
20906 9039.11
20818.7 9041.52
20623 1544.35
20601.2 1545.05
20579.3 1545.76
20562.9 1086.05
20551.6 766.251
20536.5 766.74
20521.4 767.229
20506.3 767.718
20491.2 768.208
20476.1 768.699
20403.7 1551.45
20381.6 1552.17
20359.5 1552.88
20337.3 1553.6
20315 1554.32
20292.7 1555.05
20270.4 1555.77
20247.9 1556.5
20225.5 1557.22
20202.9 1557.96
20180.3 1558.69
20174.7 1458.82
20171 1358.89
20168.9 1258.9
20164.6 1179
20161.8 1099.05
20160.3 1019.05
20155.7 959.171
20156.8 879.091
20154.5 819.136
20153.2 759.146
20153 699.123
20148.3 659.252
20144.3 619.361
20146.9 559.246
20144.5 519.303
20142.7 479.338
20141.7 439.35
20141.4 399.339
20141.8 359.305
20135.9 339.487
20137.5 299.414
20139.8 259.317
20135.2 239.455
20131 219.583
20135.1 179.429
20131.7 159.528
20128.6 139.618
20134.5 99.404
20132.3 79.4649
20130.5 59.5148
20129 39.5537
20127.8 19.5815
20126.9 -0.401958
20126.5 -20.3968
20126.3 -40.4031
20126.5 -60.4209
20127.1 -80.4502
20128.1 -100.491
20118.2 -100.172
20119.7 -120.23
20121.5 -140.299
20123.7 -160.381
20126.3 -180.475
20116.9 -180.171
20120 -200.282
20123.5 -220.406
20114.3 -220.107
20118.3 -240.249
20122.8 -260.405
20113.8 -260.112
20118.8 -280.285
20124.3 -300.473
20115.4 -300.186
20121.5 -320.393
20112.7 -320.108
20119.3 -340.334
20110.6 -340.051
20117.9 -360.297
20109.2 -360.015
20117.1 -380.282
20108.4 -380.001
20117 -400.29
20108.4 -400.01
20117.7 -420.321
20109.1 -420.043
20119.1 -440.377
20110.5 -440.101
20103.3 -441.426
20103.1 -450.058
20102.8 -458.544
20102.5 -466.888
20102.2 -475.095
20102 -483.17
20101.7 -491.117
20101.5 -498.94
20101.2 -506.644
20101 -514.232
20100.7 -521.707
20100.5 -529.075
20100.3 -536.337
20100 -543.498
20099.8 -550.56
20099.6 -557.527
20099.4 -564.401
20099.1 -571.185
20098.9 -577.883
20098.7 -584.496
20098.5 -591.028
20098.3 -597.481
20098.1 -603.857
20097.9 -610.158
20097.7 -616.388
20097.5 -622.547
20097.3 -628.638
20097.1 -634.664
20096.9 -640.625
20096.7 -646.525
20096.5 -652.364
20096.3 -658.146
20096.1 -663.87
20096 -669.539
20095.8 -675.156
20095.6 -680.72
20095.4 -686.234
20095.2 -691.7
20095.1 -697.118
20094.9 -702.491
20094.7 -707.819
20094.5 -713.105
20094.4 -718.348
20094.2 -723.552
20094 -728.715
20093.9 -733.842
20093.7 -738.931
20093.5 -743.985
20093.4 -749.004
20093.2 -753.99
20093.1 -758.943
20092.9 -763.866
20092.7 -768.758
20092.6 -773.621
20092.4 -778.456
20092.3 -783.264
20092.1 -788.046
20092 -792.802
20091.8 -797.534
20091.7 -802.242
20091.5 -806.928
20091.3 -811.593
20091.2 -816.236
20091 -820.859
20090.9 -825.463
20090.8 -830.049
20090.6 -834.618
20090.5 -839.169
20090.3 -843.705
20090.2 -848.225
20090 -852.732
20089.9 -857.224
20089.7 -861.703
20089.6 -866.171
20089.4 -870.626
20089.3 -875.071
20089.1 -879.506
20089 -883.932
20088.9 -888.349
20088.7 -892.759
20088.6 -897.16
20088.4 -901.556
20088.3 -905.946
20088.2 -910.33
20088 -914.71
20087.9 -919.086
20087.7 -923.459
20087.6 -927.83
20087.4 -932.199
20087.3 -936.566
20087.2 -940.933
20087 -945.3
20086.9 -949.669
20086.7 -954.038
20086.6 -958.41
20086.5 -962.785
20086.3 -967.164
20086.2 -971.546
20086 -975.934
20085.9 -980.327
20085.7 -984.726
20085.6 -989.133
20085.5 -993.546
20085.3 -997.969
20085.2 -1002.4
20085 -1006.84
20084.9 -1011.29
20084.7 -1015.76
20084.6 -1020.23
20084.4 -1024.72
20084.3 -1029.22
20084.2 -1033.73
20084 -1038.26
20083.9 -1042.81
20083.7 -1047.37
20083.6 -1051.95
20083.4 -1056.54
20083.3 -1061.16
20083.1 -1065.8
20083 -1070.45
20082.8 -1075.13
20082.7 -1079.83
20082.5 -1084.55
20082.4 -1089.3
20082.2 -1094.07
20082 -1098.87
20081.9 -1103.69
20081.7 -1108.54
20081.6 -1113.42
20081.4 -1118.33
20081.3 -1123.28
20081.1 -1128.25
20080.9 -1133.25
20080.8 -1138.29
20080.6 -1143.37
20080.4 -1148.48
20080.3 -1153.63
20080.1 -1158.82
20079.9 -1164.05
20079.8 -1169.31
20079.6 -1174.63
20079.4 -1179.98
20079.2 -1185.38
20079.1 -1190.83
20078.9 -1196.32
20078.7 -1201.87
20078.5 -1207.46
20078.3 -1213.11
20078.2 -1218.81
20078 -1224.57
20077.8 -1230.39
20077.6 -1236.26
20077.4 -1242.2
20077.2 -1248.2
20077 -1254.27
20076.8 -1260.4
20076.6 -1266.6
20076.4 -1272.87
20076.2 -1279.22
20076 -1285.64
20075.8 -1292.14
20075.6 -1298.72
20075.4 -1305.39
20075.1 -1312.14
20074.9 -1318.98
20074.7 -1325.91
20074.5 -1332.93
20074.2 -1340.05
20074 -1347.27
20073.8 -1354.6
20073.5 -1362.03
20073.3 -1369.58
20073 -1377.23
20072.8 -1385.01
20072.5 -1392.91
20072.3 -1400.93
20072 -1409.09
20071.7 -1417.38
20071.5 -1425.8
20071.2 -1434.38
20074.7 -1439.47
20083.3 -1439.74
20072 -1459.39
20080.6 -1459.67
20089.1 -1459.94
20078.7 -1479.61
20087.2 -1479.89
20077.4 -1499.59
20086 -1499.86
20076.9 -1519.58
20085.5 -1519.86
20077.1 -1539.59
20069 -1559.34
20077.9 -1559.63
20070.5 -1579.4
20079.4 -1579.69
20072.5 -1599.48
20081.5 -1599.77
20075.2 -1619.58
20069.4 -1639.4
20078.5 -1639.69
20073.3 -1659.53
20068.4 -1679.39
20077.7 -1679.69
20073.4 -1699.56
20069.5 -1719.44
20065.9 -1739.34
20075.5 -1739.65
20072.5 -1759.56
20069.8 -1779.49
20067.5 -1799.42
20065.6 -1819.37
20064 -1839.33
20062.8 -1859.3
20062 -1879.28
20061.5 -1899.28
20061.3 -1919.28
20061.5 -1939.3
20062 -1959.33
20062.8 -1979.36
20064 -1999.41
20065.6 -2019.47
20058 -2059.25
20060.4 -2079.34
20063.1 -2099.44
20057.3 -2139.27
20060.9 -2159.4
20056.3 -2199.27
20052.5 -2239.17
20057.5 -2259.34
20054.9 -2299.27
20053 -2339.23
