3741.33 4918.71
3662.69 4956.54
3583.72 4993.68
3504.43 5030.13
3424.82 5065.89
3344.91 5100.95
3264.7 5135.31
3184.18 5168.97
3103.38 5201.93
3022.29 5234.18
2940.92 5265.72
2859.29 5296.55
2777.38 5326.66
2695.21 5356.07
2612.8 5384.75
2530.13 5412.71
2447.23 5439.95
2364.08 5466.46
2280.72 5492.25
86.6226 -1635.84
61.2 -1644.08
32.2497 -1666.07
9.14931 -1668.08
-16.358 -1680.01
-42.8121 -1697.04
-63.8088 -1692.96
-90.2058 -1712.45
-113.85 -1721.47
-134.605 -1718.01
-156.571 -1720.62
-181.49 -1739.14
-202.787 -1740.2
-225.241 -1748.36
-247.026 -1753.77
900.033 5671.27
814.053 5678.34
726.13 5670.78
-270.623 -1300.47
-296.773 -1313.3
-322.11 -1321.4
-347.9 -1335.7
-368.394 -1297.48
-392.806 -1297.28
-419.212 -1323.2
-442.4 -1309.47
-466.652 -1309.92
-490.676 -1306.57
-514.916 -1307.44
-539.366 -1315.51
-563.19 -1304.8
-587.309 -1301.3
-611.536 -1305.01
-635.709 -1296.93
-660.011 -1290.06
-681.376 -1448.38
-703.06 -1493.89
-725.824 -1487.61
-748.167 -1493.51
-771.588 -1477.64
-793.929 -1483.94
-817.162 -1476.47
-848.888 -1364.54
-880.376 -1277.88
-904.766 -1280.14
-928.713 -1286.6
-952.912 -1290.28
-978.175 -1285.25
-1003.29 -1282.42
-1024.27 -1309.52
-1031.55 -1424.78
-1037.65 -1535.02
-1046 -1620.49
-1050.45 -1719.7
-1057.96 -1793.23
-1061.92 -1878.49
-1064.63 -1962.66
-1068.62 -2033.98
-1076.4 -2082.76
-1079.3 -2149.05
-1083.65 -2204.55
-1095.57 -2226.01
-1098.86 -2279.48
-1097.87 -2345.42
-1103.55 -2383.26
-1099.19 -2453.74
-1108.47 -2474.17
-1105.98 -2531.92
-1113.68 -2554.22
-1115.46 -2593.65
-1118.49 -2627.31
-1121.3 -2659.96
-1120.22 -2701.97
-1124.63 -2726.94
-1123.37 -2765.93
-1118.59 -2812.25
-1121.13 -2837.93
-1128.52 -2850.58
-1118.84 -2903.9
-1122.77 -2922.9
-1126.4 -2941.89
-1135.44 -2948.07
-1136.93 -2970.69
-1143.58 -2981.47
-1147.05 -2998.6
-1168.72 -2977.98
-1185.41 -2968.38
-1195.04 -2973.25
-1208.33 -2971.11
-1229.22 -2954.99
-1234.66 -2968.15
-1237.48 -2985.68
-1231.17 -3018.83
-1234.34 -3034.48
-1237.29 -3050.1
-1225.56 -3089.68
-1238.32 -3088.08
-1237.34 -3108.65
-1231.21 -3136.72
-1232.27 -3152.88
-1234.76 -3166.47
-1237.62 -3179.22
-1229.52 -3207.59
-1236.48 -3213.65
-1237.57 -3227.9
-1239.04 -3241.29
-1238.54 -3257.06
-1232.99 -3279.13
-1236.24 -3289.16
-1242.45 -3295.24
-1240.5 -3311.54
-1246.5 -3317.65
-1249.25 -3327.66
-1246.09 -3344.55
-1242.67 -3361.32
-1242.96 -3373.46
-1241.75 -3387.04
-1253.08 -3386.44
-1240.12 -3412.51
-1243.82 -3420.02
-1247.43 -3427.56
-1243.31 -3443.01
-1241.08 -3456.2
-1240.78 -3467.18
-1241.77 -3476.71
-1245.52 -3483.43
-1244.84 -3494.3
-1249.87 -3499.67
-1241.58 -3517.22
-1258.31 -3511.86
-1251.2 -3527.93
-1253.68 -3535.32
-1253.03 -3545.3
-1257.61 -3550.73
-1246.71 -3568.91
-1240.2 -3583.08
-1250.73 -3583.43
-1254.2 -3589.46
-1244.91 -3605.23
-1248.17 -3611.19
-1248.16 -3619.55
-1252.92 -3624.35
-1258.45 -3628.62
-1251.65 -3641.54
-1251.28 -3649.79
-1255.78 -3654.65
-1261.92 -3658.45
-1255.45 -3670.48
-1257.26 -3677
-1253.91 -3686.7
-1252.15 -3695.26
-1247.71 -3705.31
-1245.73 -3713.73
-1254.92 -3715.6
-1261.5 -3719.08
-1252.33 -3731.35
-1249.14 -3740.1
-1250.26 -3746.43
-1252.21 -3752.3
-1264.79 -3752.73
-1247.87 -3768.05
-1263.11 -3767.31
-1260.34 -3775.4
-1257.48 -3783.42
-1258.17 -3789.71
-1246.92 -3801.26
-1253.87 -3804.64
-1259.88 -3808.52
-1258.47 -3815.53
-1250.5 -3825.11
-1264.75 -3825.75
-1254.75 -3835.93
-1247.43 -3844.85
-1255.05 -3848.18
-1262.65 -3851.62
-1257.94 -3859.4
-1261.69 -3864.23
-1260.64 -3870.65
-1260.48 -3876.74
-1261.22 -3882.52
-1251.36 -3891.4
-1256.78 -3895.71
-1247.7 -3904.09
-1270.42 -3903.79
-1255.42 -3913.6
-1266.5 -3916.64
-1262.01 -3923.57
-1260.38 -3929.74
-1262.59 -3935
-1269.65 -3939.26
-1259.03 -3947.21
-1259.13 -3952.87
-1267.05 -3957.07
-1261.15 -3963.82
-1257.16 -3970.13
-1269.89 -3973.71
-1253.93 -3981.77
-1262.63 -3986.09
-1245.53 -3993.92
-1205.5 -4004.23
-1191.18 -4010.91
-1197.68 -4015.17
-1197.17 -4020.19
-1197.62 -4025.12
-1205 -4029.51
-1199.38 -4034.92
-1193.71 -4040.22
-1187.99 -4045.43
-1176.23 -4050.79
-1194.4 -4054.92
-1175.55 -4060.3
-1180.65 -4064.96
-1173.71 -4069.79
-1185.73 -4074.52
-1177.7 -4079.27
-1188.63 -4084.23
-1205.51 -4089.55
-1208.35 -4094.65
-1187.17 -4098.73
-1204.91 -4104.53
-1194.64 -4108.9
-1196.31 -4113.95
-1196.93 -4118.94
-1205.48 -4124.66
-1188.1 -4128.01
-1198.54 -4134.02
-1207.93 -4140.09
-1189.47 -4142.9
-1187.86 -4147.62
-1202.04 -4154.57
-1197.36 -4158.94
-1202.52 -4164.81
-1188.89 -4167.61
-1196.91 -4174.04
-1201.92 -4180.06
-1202.93 -4185.4
-1198.02 -4189.57
-1196.01 -4194.29
-1209.58 -4202.47
-1196.75 -4204.78
-1210.16 -4213.22
-1198.26 -4215.58
-1205.71 -4222.77
-1212.11 -4229.84
-1202.06 -4232.48
-1201.62 -4237.72
-1200.17 -4242.68
-1209.19 -4250.85
-1210.48 -4256.78
-1206.01 -4260.88
-1195.83 -4263.01
-1201.72 -4270.53
-1208.46 -4278.5
-1204.77 -4282.84
-1198.25 -4286.06
-1214.11 -4297.82
-1211.2 -4302.52
-1204.55 -4305.68
-1200.66 -4309.89
-1212.38 -4320.71
-1219.37 -4329.76
-1219.85 -4336.09
-1211.18 -4338.3
-1224.25 -4350.54
-1207.38 -4348.78
-1222.03 -4362.14
-1215.02 -4365.03
-1221.36 -4374.65
-1216.94 -4378.85
-1218.67 -4386.29
-1212.41 -4389.48
-1215.75 -4397.92
-1232.04 -4413.85
-1239.43 -4425.08
-1219.12 -4420.19
-1226.36 -4431.49
-1218.1 -4433.52
-1223.42 -4443.92
-1219.32 -4448.52
-1221.9 -4457.44
-1213.53 -4459.25
-1227.54 -4476.07
-1228.13 -4484.08
-1240.9 -4500.75
-1216.81 -4491.5
-1216.38 -4498.94
-1216.67 -4506.99
-1224.04 -4520.51
-1227.25 -4531.14
-1228.75 -4540.63
-1221.53 -4543.32
-1235.27 -4562.93
-1225.58 -4563.71
-1222.05 -4569.51
-1226.06 -4581.79
-1234.42 -4598.11
-1235.06 -4607.99
-1237.06 -4619.25
-1235.96 -4627.89
-1238.41 -4639.96
-1235.62 -4647.29
-1239.94 -4661.57
-1232.65 -4664.74
-1242.3 -4684.82
-1241.15 -4694.4
-1241.26 -4705.45
-1238.48 -4713.64
-1243.09 -4729.88
-1239.37 -4737.39
-1246.25 -4756.8
-1239.61 -4761.38
-1238.83 -4772.69
-1240.49 -4787.08
-1245.16 -4805.4
-1234.31 -4805.31
-1124.2 -4682.19
-1093.39 -4654.34
-1084 -4652.82
-1146.41 -4744.87
-1246.3 -4890
-1254.6 -4916.24
-1260.14 -4939.44
-1254.88 -4948.15
-1264.98 -4978.95
-1258.19 -4986.09
-1249.09 -4989.85
-1262.57 -5027.74
-1261.29 -5044.11
-1271.03 -5078.25
-1260.66 -5081.24
-1266.97 -5111.42
-1271.77 -5140.08
-1275.11 -5167.17
-1272.53 -5184.86
-1281 -5222.63
-1274.82 -5235.24
-1274.19 -5258.39
-1283.5 -5301.04
-1274.61 -5310.23
-1273.31 -5334.5
-1286.78 -5389.29
-1283.59 -5412.04
-1285.63 -5446.56
-1283.32 -5473.06
-1294.26 -5529.67
-1294.92 -5565.55
-1291.82 -5594.21
-1294.51 -5637.66
-1298.39 -5685.89
-1300.74 -5732.45
-1308.17 -5794.07
-1313.51 -5853.13
-1310.87 -5893.68
-1313.72 -5951.23
-1318.95 -6018.4
-1319.48 -6075.39
-1324.76 -6149.61
-1328.49 -6223.12
-1240.78 -6009.68
-1196.77 -5925.94
-1240.3 -6133.17
-1349.72 -6584.56
-1357.06 -6696.75
-1361.22 -6804.42
-1364.79 -6917.2
-1372.95 -7056.45
-1382.68 -7212.58
-1389.97 -7370.07
-1400.81 -7556.23
-1408.45 -7742.82
-1422.02 -7974.88
-1435.58 -8228.06
-1452.56 -8524.04
-1467.2 -8836.38
-1484.81 -9199.59
-1509.96 -9651.36
-1538.89 -10182.1
-1588.44 -10927.6
-1596.31 -11454.3
-1532.59 -11468.4
-1012.31 -7437.58
-968.971 -7306.49
-934.02 -7238.62
-906.651 -7244.12
-879.44 -7252.37
-852.449 -7265.38
-825.79 -7287.14
-797.23 -7278.71
-769.682 -7290.02
-741.105 -7276.1
-713.457 -7288.92
-685.366 -7287.5
-656.931 -7236.84
-630.736 -5926.93
-618.074 -5568.86
-605.14 -5562.67
-545.714 -7265.74
-517.864 -7264.86
-582.089 -5205.8
-576.166 -5131.42
-570.792 -5069
-572.168 -4926.78
-570.056 -4859.43
-564.88 -4839.93
-559.943 -4821.4
-553.634 -4818.74
-546.566 -4822.99
-538.434 -4835.11
-533.77 -4819.39
-530.493 -4795.73
-539.83 -4690.98
-533.031 -4699.03
-527.912 -4696.16
-507.462 -4779.9
-481.144 -4886.92
-469.258 -4910.1
-461.968 -4908.64
-452.601 -4916.9
-445.469 -4914.32
-436.334 -4920.45
-426.844 -4927.45
-416.974 -4935.32
-410.219 -4930.5
-400.154 -4938.18
-388.865 -4949.61
-380.956 -4948.41
-375.045 -4940.43
-359.865 -4963
-354.229 -4953.91
-335.399 -4985.67
-306.445 -5045.61
-289.16 -5068.25
-274.135 -5083.11
-258.138 -5099.67
-236.557 -5130.07
-228.075 -5124.71
-225.535 -5104.4
-255.621 -5004.42
-264.014 -4961.38
2176.3 -10671.9
2243.36 -10669.1
2311.81 -10668.4
2380.89 -10667.9
2452.29 -10671.3
2517.51 -10660.3
2586.73 -10656.8
2666.41 -10673.2
2856.26 -10903.3
3369.18 -11741.4
3463.69 -11758.2
3420.15 -11519.3
3382.47 -11299.2
3728.07 -11762.3
3819.54 -11766.4
3925.14 -11792.7
4008.32 -11779.2
4104.17 -11785.2
4199.42 -11788.5
4293.47 -11788.2
4396.6 -11800.2
4480.42 -11781.1
3842.34 -10693.1
3759.24 -10449.6
3808.39 -10402
-53.4751 -4884.17
-48.1926 -4876.66
-40.0185 -4873.13
5238.51 -11847.9
5345.75 -11847.9
5383.77 -11757.7
5367.69 -11600.9
5377.06 -11479.1
5382.86 -11355.5
5389.53 -11235.3
5391.32 -11111.9
5401.93 -11001
5407.09 -10885.9
5408.02 -10768.4
5418.18 -10663.1
5480.24 -10615.2
5480.58 -10502.2
5414.04 -10322.1
5435.36 -10235.6
5440.06 -10133.7
4215.35 -8827.9
4252.33 -8781.25
4315.01 -8759.07
4244.43 -8612.17
4222.59 -8513.43
4316.2 -8520.34
4542.23 -8642.44
4653.66 -8659.36
4957.58 -8838.12
5186.79 -8946.44
5178.89 -8854.18
5673.85 -9169.69
5529.31 -8964.64
5624.59 -8951.87
5738.39 -8951.79
5728.76 -8856.94
4124.26 -7586.01
4166.06 -7552.58
4210.9 -7521.01
7564.95 -9800.89
7614.61 -9729.14
7663.65 -9656.95
7712.06 -9584.34
7759.82 -9511.31
7806.96 -9437.86
7853.44 -9364.01
7899.28 -9289.75
7944.47 -9215.1
7989.01 -9140.06
8032.89 -9064.63
8076.11 -8988.81
8118.67 -8912.63
8160.56 -8836.08
8201.79 -8759.16
8242.34 -8681.88
8282.21 -8604.26
8321.41 -8526.29
8359.92 -8447.98
