17359.9 -2300.3
17360.2 -2356.4
17360.5 -2412.31
17360.8 -2468.01
17361.1 -2523.54
17361.4 -2578.89
17361.8 -2634.07
17362.1 -2689.1
20765.1 -3217.3
20765.3 -3241.75
20765.4 -3266.13
20598 -3271.62
20384.8 -3275.27
20185.5 -3283.96
19785.3 -3278.83
19445.5 -3285.37
18105.1 -3229.39
18115.4 -3277.42
17585.5 -3297.76
17365.8 -3340.39
17366.1 -3394.17
17366.4 -3447.92
17366.7 -3501.64
17367 -3555.33
17367.3 -3609.02
17367.6 -3662.7
17367.9 -3716.38
17368.2 -3770.08
17368.5 -3823.8
17368.8 -3877.55
17369.1 -3931.33
17369.4 -3985.16
17369.7 -4039.05
17370 -4092.99
17370.3 -4147.01
17370.7 -4201.11
17371 -4255.29
17371.3 -4309.57
17371.6 -4363.95
17371.9 -4418.45
21531.8 -3880.84
21631.8 -3883.37
21771.8 -3877.75
21851.8 -3879.81
21931.8 -3880.48
22011.8 -3879.76
22071.8 -3881.55
22151.8 -3878.2
22211.8 -3877.72
22271.8 -3876.19
22311.8 -3878.26
22351.8 -3879.64
22411.8 -3875.3
22451.8 -3875.1
22491.8 -3874.2
22531.8 -3872.59
22531.8 -3881.82
22531.9 -3891.09
22531.9 -3900.41
22532 -3909.78
22532 -3919.2
22532.1 -3928.67
22532.1 -3938.2
22532.2 -3947.78
22532.2 -3957.43
22532.3 -3967.13
22532.4 -3976.9
22532.4 -3986.73
22532.5 -3996.63
22532.5 -4006.6
22532.6 -4016.64
22532.6 -4026.75
22532.7 -4036.94
22532.8 -4047.21
22532.8 -4057.56
22532.9 -4068
22532.9 -4078.52
22533 -4089.13
22533.1 -4099.83
22533.1 -4110.63
22533.2 -4121.53
22533.2 -4132.52
22533.3 -4143.62
22533.4 -4154.83
22553.4 -4154.58
22573.4 -4153.97
22593.4 -4153.01
22613.4 -4151.69
22633.3 -4150
22633.4 -4160.71
22653.4 -4158.53
22673.4 -4155.97
22693.4 -4153.03
22713.3 -4149.71
22713.4 -4160.02
22733.4 -4156.17
22753.4 -4151.93
22753.4 -4162.09
22773.4 -4157.3
22793.4 -4152.1
22813.3 -4146.48
22813.4 -4156.35
22833.3 -4150.15
22833.4 -4160.01
22853.4 -4153.22
22873.3 -4145.98
22873.4 -4155.67
22893.3 -4147.82
22893.4 -4157.5
22913.3 -4149
22913.4 -4158.67
22933.3 -4149.52
22933.4 -4159.18
22953.3 -4149.35
22953.4 -4159
22959.8 -4162.29
22969.4 -4162.23
22978.9 -4162.18
22988.1 -4162.13
22997.3 -4162.08
23006.2 -4162.02
23015.1 -4161.97
23023.8 -4161.92
23032.3 -4161.88
23040.8 -4161.83
23049.1 -4161.78
23057.3 -4161.73
23065.4 -4161.69
23073.4 -4161.64
23081.2 -4161.6
23089 -4161.55
23096.6 -4161.51
23104.2 -4161.47
23111.6 -4161.43
23119 -4161.38
23126.3 -4161.34
23133.5 -4161.3
23140.6 -4161.26
23147.6 -4161.22
23154.5 -4161.18
23161.4 -4161.14
23168.2 -4161.1
23174.9 -4161.07
23181.6 -4161.03
23188.1 -4160.99
23194.7 -4160.95
23201.1 -4160.92
23207.5 -4160.88
23213.8 -4160.85
23220.1 -4160.81
23226.3 -4160.77
23232.4 -4160.74
23238.5 -4160.71
23244.6 -4160.67
23250.6 -4160.64
23256.5 -4160.6
23262.4 -4160.57
23259.6 -4180.59
23265.7 -4180.55
23263.4 -4200.56
23261.5 -4220.58
23260 -4240.58
23266.4 -4240.55
23265.4 -4260.55
23264.8 -4280.56
23264.5 -4300.56
23264.5 -4320.56
23264.9 -4340.56
23265.7 -4360.55
23266.7 -4380.55
23262.1 -4420.58
23264.1 -4440.56
23266.4 -4460.55
23263.6 -4500.57
23266.7 -4520.55
23265.1 -4560.56
23264.2 -4600.57
23122 -5241.38
23137.1 -5241.3
23152.2 -5241.21
23167.2 -5241.13
23182.2 -5241.04
23197.1 -5240.96
23212 -5240.87
23226.8 -5240.79
23241.5 -5240.71
23256.3 -5240.62
23265.1 -5280.57
23269.1 -5360.55
23272 -5460.54
23269.5 -5620.55
23271.9 -5760.54
23270.7 -5960.55
23273 -6160.54
23243.6 -6780.72
23271.6 -6780.56
23274.4 -7160.55
23288.4 -7460.48
23322.3 -7460.28
23356.1 -7460.09
23389.9 -7459.9
23423.6 -7459.71
23457.4 -7459.52
23491.1 -7459.32
23524.9 -7459.13
23558.6 -7458.94
23592.3 -7458.75
23626.1 -7458.56
23659.8 -7458.37
23693.6 -7458.17
23727.4 -7457.98
23761.2 -7457.79
23795.1 -7457.6
23828.3 -7448.9
23862.2 -7448.71
23896.1 -7448.52
23930.1 -7448.33
23964.2 -7448.13
23998.3 -7447.94
24032.5 -7447.75
24066.7 -7447.55
24125.6 -7607.22
24129 -7407.2
24149.5 -7327.08
24183 -7326.89
24216.7 -7326.7
24250.5 -7326.51
24284.3 -7326.31
24318.3 -7326.12
24352.5 -7325.93
24386.7 -7325.73
24421.1 -7325.54
24455.6 -7325.34
24491.7 -7330.22
24526.5 -7329.83
24640.8 -7610.78
24619 -7405.95
24620 -7288.75
24621.1 -7178.65
24618.9 -7064.41
24632.6 -7004.33
24625 -6884.37
24636.1 -6824.31
24631.9 -6724.33
24633.3 -6644.32
24663.6 -6644.15
24694.1 -6643.98
25043.1 -7442.01
25082.1 -7441.79
25121.4 -7441.56
25160.9 -7441.34
25200.7 -7441.11
24270.3 -5286.36
24288 -5286.26
24305.9 -5286.16
24324 -5286.06
24342.2 -5285.95
24360.5 -5285.85
24379.1 -5285.74
24397.7 -5285.64
24416.6 -5285.53
24435.6 -5285.42
24454.8 -5285.31
24474.2 -5285.2
24493.8 -5285.09
24513.6 -5284.98
24533.6 -5284.87
24553.8 -5284.75
24574.2 -5284.64
24594.8 -5284.52
24615.7 -5284.4
24636.8 -5284.28
24658.1 -5284.16
24679.7 -5284.04
24701.6 -5283.91
24723.7 -5283.79
24746.1 -5283.66
24768.8 -5283.53
24791.8 -5283.4
24815.1 -5283.27
24838.7 -5283.13
24862.7 -5283
24886.9 -5282.86
24911.5 -5282.72
24936.5 -5282.58
24961.8 -5282.43
24987.6 -5282.29
25013.7 -5282.14
25935 -6266.27
25936.6 -6221.53
25940.5 -6180.21
25921.7 -6115.75
25939.2 -6090.05
25938.2 -6045.94
25939.1 -6004.44
25940.8 -5964.4
25940.6 -5923.16
25940.3 -5882.63
25940.1 -5842.75
25939.9 -5803.53
25939.7 -5764.93
25939.5 -5726.93
25939.2 -5689.52
25939 -5652.67
25938.8 -5616.36
25938.6 -5580.59
24280.6 -4216.58
24283.9 -4208.22
24287.3 -4199.98
24270.7 -4176.59
24280.8 -4173.71
24284.9 -4166.33
24289.2 -4159.04
24273.4 -4137.68
24277.9 -4130.83
24302.5 -4137.72
24316.9 -4137.22
24322.3 -4130.61
24347.8 -4136.97
24353.5 -4130.26
24379.4 -4136.02
24385.4 -4129.22
24411.7 -4134.4
24432 -4135.62
24459.3 -4140.47
24466.7 -4133.7
24494.5 -4137.97
24502.4 -4131.1
24530.7 -4134.83
24557.6 -4137.33
24567.2 -4130.64
24597.2 -4133.87
24627.5 -4136.73
24638.2 -4129.77
24669.3 -4132.09
24700.9 -4134.04
24732.8 -4135.62
24751.2 -4130.8
24785.3 -4132.27
24820 -4133.37
24855.3 -4134.12
24891.3 -4134.5
24928 -4134.53
24965.5 -4134.2
25504.9 -4312.77
25560.6 -4312.55
25602.3 -4306.65
25645.2 -4300.43
25649.3 -4281.11
25634.7 -4256.05
25641.5 -4237.82
25650 -4220.03
25640.1 -4197.04
25644.3 -4178.14
25641 -4157.3
25640.2 -4137.24
25642.1 -4117.95
25647.1 -4099.43
25635.5 -4077.15
25647.7 -4060.32
25644.2 -4040.08
25645.5 -4020.94
25675.3 -4007.2
25793.7 -4008.87
25899.7 -4006.38
25934.7 -3990.56
25929.5 -3968.06
25929.3 -3946.44
25929.2 -3924.87
25929.1 -3903.36
25929 -3881.9
25928.9 -3860.48
25928.7 -3839.1
25928.6 -3817.77
25928.5 -3796.47
25928.4 -3775.2
25928.3 -3753.96
25928.1 -3732.75
25928 -3711.56
25927.9 -3690.39
25927.8 -3669.23
25927.6 -3648.09
25927.5 -3626.96
25927.4 -3605.84
25927.3 -3584.71
25927.2 -3563.59
25927 -3542.46
25926.9 -3521.33
25926.8 -3500.19
25926.7 -3479.03
25926.6 -3457.86
25926.4 -3436.67
25926.3 -3415.46
25926.2 -3394.21
25926.1 -3372.95
25926 -3351.64
25925.8 -3330.3
25925.7 -3308.93
25925.6 -3287.51
25925.5 -3266.04
25932 -3243.55
25938.6 -3220.88
25937.6 -3199.26
25927.2 -3179.25
25925.7 -3157.73
25931.9 -3134.7
25924.6 -3114.19
25925.2 -3092.07
25933 -3068.29
25924.9 -3047.91
25940.4 -3021.98
25939.1 -2999.81
25940.7 -2976.83
25925 -2958.34
25931.5 -2933.9
25940.1 -2908.65
25941.1 -2885.36
25935.5 -2863.89
25911.5 -2848.2
25848.9 -2845.29
25787.5 -2843.05
25663.2 -2863.37
25623.1 -2856.37
25583.1 -2850.03
24918.8 -3076.16
24923.5 -3060.3
24909 -3051.78
24915.1 -3035.19
24921.8 -3018.13
24909.1 -3009.02
24916.8 -2991.21
24905.1 -2981.74
24909 -2965.34
24919.2 -2945.83
24909.8 -2935.28
24920.6 -2914.97
24911.9 -2904.02
24903.4 -2892.98
24915.2 -2871.51
24909 -2859.16
24882.2 -2857.91
24855.7 -2856.99
24829.3 -2856.42
24803.2 -2856.18
24398.5 -3078.37
24392.6 -3071.36
24373.8 -3072.32
24349 -3077.32
24344.3 -3070.09
24339.7 -3062.77
24335.3 -3055.37
24330.9 -3047.89
24326.7 -3040.32
24333.5 -3025.04
24330 -3016.76
24326.6 -3008.38
24343.2 -2985.21
24339.9 -2976.34
24336.8 -2967.36
24327.7 -2962.91
24325.1 -2953.4
24342.5 -2927.7
24340 -2917.63
24337.6 -2907.43
24335.2 -2897.07
24329.6 -2889.45
24327.7 -2878.47
24325.9 -2867.33
24324.1 -2856.01
24302.4 -2862.99
24299.3 -2852.94
24278 -2860.2
24276.7 -2848.45
24275.4 -2836.51
24272.2 -2826.31
24258.9 -2826.39
24265 -2806.35
24270.7 -2786.32
24257.4 -2786.39
24298.8 -2726.16
24285 -2726.24
24271.4 -2726.31
24258 -2726.39
24237.6 -2735.01
24224.8 -2735.08
24212.1 -2735.16
24199.6 -2735.23
24187.2 -2735.3
24175.1 -2735.37
24163.1 -2735.43
24151.3 -2735.5
24139.6 -2735.57
24128.1 -2735.63
24116.7 -2735.7
24105.4 -2735.76
24094.3 -2735.82
24083.3 -2735.89
24072.5 -2735.95
24061.8 -2736.01
24051.2 -2736.07
24040.7 -2736.13
24030.3 -2736.19
24020.1 -2736.25
24009.9 -2736.3
23999.9 -2736.36
23989.9 -2736.42
23980 -2736.47
23970.3 -2736.53
23960.6 -2736.58
23951 -2736.64
23941.6 -2736.69
23932.1 -2736.74
23922.8 -2736.8
23913.6 -2736.85
23904.4 -2736.9
23895.3 -2736.95
23886.3 -2737.01
23877.3 -2737.06
23868.4 -2737.11
23859.6 -2737.16
23850.9 -2737.21
23842.2 -2737.26
23833.5 -2737.3
23824.9 -2737.35
23816.4 -2737.4
23807.9 -2737.45
23799.5 -2737.5
23791.2 -2737.55
23782.8 -2737.59
23774.6 -2737.64
23766.3 -2737.69
23758.1 -2737.73
23750 -2737.78
23741.9 -2737.82
23733.8 -2737.87
23725.8 -2737.92
23717.8 -2737.96
23709.9 -2738.01
23701.9 -2738.05
23694 -2738.1
23686.2 -2738.14
23678.3 -2738.19
23670.5 -2738.23
23662.8 -2738.27
23655 -2738.32
23647.3 -2738.36
23639.6 -2738.41
23631.9 -2738.45
23624.2 -2738.49
23616.6 -2738.54
23608.9 -2738.58
23601.3 -2738.62
23593.7 -2738.67
23586.1 -2738.71
23578.5 -2738.75
23571 -2738.79
23563.4 -2738.84
23555.9 -2738.88
23548.3 -2738.92
23540.8 -2738.97
23533.3 -2739.01
23525.8 -2739.05
23518.2 -2739.09
23510.7 -2739.14
23503.2 -2739.18
23495.7 -2739.22
23488.2 -2739.27
23480.7 -2739.31
23473.1 -2739.35
23465.6 -2739.39
23458.1 -2739.44
23450.5 -2739.48
23443 -2739.52
23435.4 -2739.56
23427.9 -2739.61
23420.3 -2739.65
23412.7 -2739.69
23405.1 -2739.74
23397.4 -2739.78
23389.8 -2739.82
23382.1 -2739.87
23374.5 -2739.91
23366.8 -2739.95
23359 -2740
23351.3 -2740.04
23343.5 -2740.09
23335.7 -2740.13
23327.9 -2740.18
23320.1 -2740.22
23312.2 -2740.26
23304.3 -2740.31
23296.3 -2740.35
23288.3 -2740.4
23280.3 -2740.45
23272.3 -2740.49
23264.2 -2740.54
23256.1 -2740.58
23247.9 -2740.63
23239.7 -2740.68
23231.4 -2740.72
23223.1 -2740.77
23214.8 -2740.82
23206.4 -2740.86
23197.9 -2740.91
23211.8 -2800.84
23219.2 -2840.79
23211.6 -2840.84
23212 -2860.84
23204.5 -2860.88
23196.9 -2860.92
23189.3 -2860.96
23181.6 -2861.01
23173.8 -2861.05
23166 -2861.1
23158.2 -2861.14
23150.3 -2861.19
23142.3 -2861.23
23134.2 -2861.28
23126.1 -2861.32
23117.8 -2861.37
23109.6 -2861.42
23101.2 -2861.46
23092.8 -2861.51
23084.2 -2861.56
23075.6 -2861.61
23066.9 -2861.66
23058.1 -2861.71
23049.3 -2861.76
23040.3 -2861.81
23031.2 -2861.86
23022 -2861.91
23012.7 -2861.97
23003.3 -2862.02
22993.8 -2862.07
22984.2 -2862.13
22974.5 -2862.18
22964.6 -2862.24
22954.6 -2862.3
22944.5 -2862.35
22934.2 -2862.41
22923.8 -2862.47
22913.3 -2862.53
22902.6 -2862.59
22891.7 -2862.65
22880.7 -2862.72
22869.6 -2862.78
22858.2 -2862.84
22846.7 -2862.91
22835 -2862.98
22823.2 -2863.04
22811.1 -2863.11
22798.8 -2863.18
22786.3 -2863.25
22773.6 -2863.32
22766.1 -2868.64
22766.1 -2881.37
22746.1 -2874.82
22726.1 -2868.74
22726.1 -2881.5
22706.1 -2875.97
22686.1 -2870.89
22666.1 -2866.23
22666.1 -2879.13
22646.1 -2875
22626.1 -2871.28
22606.1 -2867.96
22606.1 -2881
22586.1 -2878.18
22566.1 -2875.75
22546.1 -2873.69
22526.1 -2872.02
22526.2 -2885.29
22526.2 -2898.38
22526.3 -2911.31
22526.4 -2924.09
22526.5 -2936.7
22526.5 -2949.17
22526.6 -2961.5
22526.7 -2973.68
22526.7 -2985.73
22526.8 -2997.64
22526.9 -3009.43
22526.9 -3021.09
22527 -3032.63
22507 -3032.73
22487 -3033.17
22467 -3033.96
22406.9 -3013.81
22407 -3026.14
22407 -3038.36
22407.1 -3050.48
22407.2 -3062.48
22407.2 -3074.39
22407.3 -3086.19
22407.4 -3097.9
22367.3 -3091.7
22347.3 -3094.95
17908.1 -1228.12
17774.2 -1230.34
17634.3 -1232.43
17513.9 -1244.63
17337.3 -1237.35
16013.8 -805.797
15989.6 -871.411
15966.1 -937.237
15943.1 -1003.26
15920.7 -1069.49
15898.9 -1135.91
15877.7 -1202.52
15857 -1269.31
15836.9 -1336.27
15817.5 -1403.42
15798.6 -1470.72
15780.3 -1538.19
15762.5 -1605.82
15745.4 -1673.6
15728.9 -1741.53
15713 -1809.6
17359.5 -2243.98
17359.9 -2300.3
