12788.3 -3448.85
12788.3 -3448.85
12788.3 -3448.85
12788.3 -3448.85
12789.6 -3451.58
12796 -3465.11
12796 -3465.11
12801.1 -3475.97
12801.1 -3475.97
12801.1 -3475.97
12802.4 -3478.68
12805.1 -3484.06
12809 -3492.15
12813.9 -3502.31
12813.9 -3502.31
12813.9 -3502.31
12815.2 -3505.01
12817.8 -3510.39
12821.8 -3518.46
12825.7 -3526.57
12830.2 -3536.07
12834.6 -3545.61
12838.9 -3555.18
12843.2 -3564.76
12847.5 -3574.34
12851.8 -3583.91
12856.1 -3593.49
12861 -3604.43
12866.2 -3616.11
12868.4 -3596.44
12873.3 -3608.18
12878.2 -3619.97
12882.9 -3631.8
12887.6 -3643.67
12892.2 -3655.58
12896.6 -3667.53
12901 -3679.51
12904.7 -3690.12
12908.4 -3700.73
12912.2 -3711.34
12915.9 -3721.95
12923.4 -3743.17
12927.1 -3753.78
12927.1 -3753.78
12930.9 -3764.39
12934.6 -3775
12938.3 -3785.64
12941.3 -3794.89
12944.4 -3804.15
12950.6 -3822.65
12953.7 -3831.9
12953.7 -3831.9
12956.7 -3841.15
12959.8 -3850.4
12962.9 -3859.65
12966 -3868.9
12969.1 -3878.15
12972.2 -3887.4
12975.2 -3896.65
12977.8 -3904.48
12980.4 -3912.3
12983.1 -3920.13
12985.7 -3927.96
12988.3 -3935.79
12990.9 -3943.61
12993.5 -3951.44
12996.1 -3959.27
12998.6 -3967.12
13001.1 -3974.99
13003.6 -3982.86
13006 -3990.73
13008.5 -3998.6
13011 -4006.48
13013.4 -4014.35
13015.9 -4022.22
13018.4 -4030.09
13019.1 -4045.91
13021.5 -4053.81
13023.8 -4061.71
13026.2 -4069.62
13028.6 -4077.52
13030.5 -4083.98
13032.5 -4090.45
13036.4 -4103.37
13036.4 -4103.37
13038.3 -4109.84
13040.2 -4116.3
13042.2 -4122.77
13044.1 -4129.23
13046.1 -4135.7
13048 -4142.18
13049.8 -4148.67
13053.4 -4161.67
13053.4 -4161.67
13055.3 -4168.17
13057 -4174.68
13058.8 -4181.21
13062.1 -4194.29
13063.7 -4200.84
13063.7 -4200.84
13065.4 -4207.38
13068.7 -4220.46
13068.7 -4220.46
13072 -4233.55
13072 -4233.55
13073.7 -4240.09
13075.4 -4246.64
13078.7 -4259.72
13080.3 -4266.26
13080.3 -4266.26
13082 -4272.81
13083.7 -4279.35
13087.3 -4293.89
13089.7 -4303.36
13089.7 -4303.36
13093.7 -4320.9
13093.7 -4320.9
13097.1 -4337.04
13097.1 -4337.04
13098.7 -4345.13
13100.3 -4353.24
13101.7 -4361.36
13102.9 -4368.01
13103.9 -4373.92
13104.9 -4379.84
13105.9 -4385.75
13106.9 -4391.66
13107.9 -4397.58
13109 -4403.49
13110 -4409.41
13111 -4415.32
13112 -4421.23
13113 -4427.15
13114 -4433.06
13115 -4438.97
13116.1 -4444.89
13117.3 -4452.28
13118.6 -4460.42
13119.9 -4468.58
13121.1 -4476.74
13122.2 -4484.92
13123.2 -4493.1
13124.2 -4501.3
13125.1 -4509.5
13132.9 -4520.78
13132.9 -4520.78
13133.7 -4529
13134.8 -4542.45
13134.8 -4542.45
13135 -4544.69
13135 -4544.69
13135 -4544.69
13135 -4544.69
13135.3 -4547.68
13135.8 -4553.66
13136.9 -4567.11
13136.9 -4567.11
13137.5 -4573.83
13138.1 -4580.56
13138.7 -4587.28
13139.3 -4594.01
13139.8 -4600.73
13140.4 -4607.46
13141 -4614.18
13141.6 -4620.91
13142.1 -4627.63
13143.3 -4641.08
13143.3 -4641.08
13143.9 -4647.81
13144.5 -4654.53
13145 -4661.26
13145.6 -4667.98
13146.8 -4681.43
13146.8 -4681.43
13147.9 -4694.88
13148.5 -4701.61
13148.5 -4701.61
13149.1 -4708.33
13149.7 -4715.06
13150.3 -4721.78
13150.8 -4728.51
13151.4 -4735.23
13152 -4741.96
13152.6 -4748.68
13153.1 -4755.41
13153.6 -4762.15
13153.8 -4765.89
13153.9 -4766.64
13153.9 -4766.64
13153.9 -4766.64
13153.9 -4766.64
13154.1 -4769.63
13154.5 -4775.62
13154.9 -4781.6
13155.3 -4787.59
13156.1 -4799.56
13156.1 -4799.56
13156.5 -4805.55
13157.3 -4817.52
13157.3 -4817.52
13157.8 -4823.5
13158.2 -4829.49
13158.6 -4835.48
13159 -4841.46
13159.5 -4848.95
13160 -4857.18
13160.4 -4865.42
13160.7 -4872.16
13161 -4878.91
13161.3 -4887.15
13161.8 -4902.14
13161.8 -4902.14
13161.9 -4908.89
13162.1 -4915.64
13162.3 -4922.39
13162.4 -4929.14
13162.6 -4935.88
13162.8 -4942.63
13162.9 -4949.38
13163.1 -4956.13
13163.3 -4962.88
13163.4 -4969.62
13163.8 -4983.12
13163.9 -4989.87
13163.9 -4989.87
13164.1 -4996.61
13164.3 -5003.36
13164.4 -5010.11
13128.3 -5031.51
13128.3 -5031.51
13128.3 -5038.26
13128.4 -5045.01
13128.4 -5051.76
13128.5 -5058.51
13128.6 -5072.01
13128.7 -5078.76
13128.7 -5078.76
13128.8 -5092.26
13128.8 -5092.26
13129 -5105.75
13129 -5112.5
13129 -5112.5
13129.1 -5119.25
13129.1 -5126
13129.2 -5132.75
13129.3 -5146.25
13129.3 -5146.25
13129.4 -5153
13129.5 -5159.75
13129.5 -5166.5
13129.6 -5173.25
13129.6 -5180
13129.7 -5186.75
13129.8 -5193.5
13129.8 -5200.25
13129.9 -5207
13130 -5213.75
13130.1 -5227.25
13130.1 -5227.25
13130.2 -5234
13130.3 -5247.5
13130.3 -5254.25
13130.3 -5254.25
13130.4 -5261
13130.5 -5274.5
13130.5 -5274.5
13130.6 -5281.25
13130.7 -5288
13130.7 -5294.75
13130.8 -5301.5
13130.9 -5308.25
13130.9 -5315
13131 -5321.75
13131 -5328.49
13131.2 -5341.99
13131.2 -5341.99
13131.2 -5348.74
13131.3 -5355.49
13131.4 -5362.24
13131.4 -5368.99
13131.5 -5375.74
13131.6 -5382.49
13131.6 -5389.24
13131.7 -5395.99
13131.7 -5402.74
13131.8 -5409.49
13131.9 -5416.24
13131.9 -5422.99
13132 -5429.74
13132.1 -5436.49
13132.1 -5443.24
13132.2 -5456.74
13132.2 -5456.74
13132.3 -5463.49
13132.4 -5470.24
13132.4 -5476.99
13132.6 -5490.49
13132.6 -5490.49
13132.6 -5497.24
13132.7 -5503.99
13132.8 -5510.74
13132.8 -5517.49
13171.5 -5525.87
13171.5 -5525.87
13171.7 -5539.37
13171.7 -5539.37
13171.9 -5552.87
13171.9 -5552.87
13172 -5559.61
13172.1 -5566.36
13172.2 -5573.11
13172.3 -5579.86
13172.4 -5586.61
13172.6 -5600.11
13172.6 -5600.11
13172.7 -5606.86
13172.8 -5613.61
13173 -5627.11
13173 -5627.11
13173.1 -5633.86
13173.2 -5640.61
13173.3 -5647.36
13173.4 -5654.11
13173.5 -5660.85
13173.5 -5667.6
13173.6 -5674.35
13173.7 -5681.1
13173.8 -5687.85
13173.9 -5694.6
13174 -5701.35
13174.1 -5708.1
13174.2 -5714.85
13174.3 -5721.6
13174.4 -5728.35
13174.5 -5735.1
13174.6 -5741.85
13174.7 -5748.6
13174.9 -5762.09
13175 -5768.84
13175 -5768.84
13175.1 -5775.59
13175.2 -5782.34
13175.3 -5789.09
13175.4 -5795.84
13175.6 -5809.34
13175.6 -5809.34
13175.7 -5816.09
13175.8 -5822.84
13176 -5836.34
13176 -5836.34
13176 -5843.09
13176.1 -5849.84
13176.2 -5856.58
13176.3 -5863.33
13176.4 -5870.08
13176.5 -5876.83
13176.6 -5883.58
13176.7 -5890.33
13176.8 -5897.08
13176.9 -5903.83
13177 -5910.58
13177.1 -5917.33
13177.2 -5924.08
13177.4 -5937.58
13177.5 -5944.33
13177.5 -5944.33
13177.6 -5951.08
13177.7 -5957.82
13177.9 -5971.32
13177.9 -5971.32
13178 -5978.07
13178.1 -5984.82
13178.3 -5998.32
13178.4 -6005.07
13178.4 -6005.07
13178.4 -6011.82
13178.5 -6018.57
13178.6 -6025.32
13178.7 -6032.07
13178.8 -6038.82
13178.9 -6045.57
13072 -6037.4
13072.1 -6044.15
13072.2 -6050.9
13072.3 -6054.65
13072.3 -6055.4
