15681.6 1002.39
15681.6 1002.39
15681.6 1002.39
15681.6 1002.39
15679.8 999.965
15676.6 995.775
15672.9 991.049
15669.2 986.389
15663.3 979.525
15663.3 979.525
15660.4 976.13
15657.4 972.762
15656.4 971.648
15656.4 971.648
15656.4 971.648
15656.4 971.648
15656.4 971.648
15655.5 962.437
15655.5 962.437
15655.5 962.437
15655.5 962.437
15655.5 962.437
15655.5 962.437
15655.5 962.437
15655.5 962.437
15655.5 962.437
15655.5 962.437
15655.5 962.437
15655.5 962.437
15655.5 962.437
15655.5 962.437
15655.5 962.437
15655.5 962.437
15655.5 962.437
15655.5 962.437
15655.5 962.437
15655.5 962.437
15655.5 962.437
15655.5 962.437
15655.5 962.437
15655.5 962.437
15655.5 962.437
15655.5 962.437
15655.5 962.437
15655.5 962.437
15655.5 962.437
15655.5 962.437
15655.5 962.437
15651.8 970.796
15654.8 971.287
15659.7 972.085
15664.7 972.882
15669.6 973.68
15674.5 974.477
15679.5 975.275
15689.3 976.87
15689.3 976.87
15694.3 977.668
15699.2 978.465
15709.1 980.06
15709.1 980.06
15714 980.858
15719 981.655
15728.8 983.25
15733.8 984.048
15733.8 984.048
15738.7 984.845
15743.6 985.643
15748.6 986.44
15750.6 986.759
15750.6 986.759
15750.6 986.759
15750.6 986.759
15750.6 986.759
15750.6 986.759
15750.6 986.759
15750.6 986.759
15750.6 986.759
15750.6 986.759
15750.6 986.759
15750.6 986.759
15750.6 986.759
15750.6 986.759
15750.6 986.759
15750.6 986.759
15747.7 984.364
15747.7 984.364
15747.7 984.364
15747.7 984.364
15747.7 984.364
15747.7 984.364
15747.7 984.364
15747.7 984.364
15747.7 984.364
15747.7 984.364
15747.7 984.364
15747.7 984.364
15747.7 984.364
15747.7 984.364
15755.2 986.548
15755.2 986.548
15755.2 986.548
15755.2 986.548
15755.2 986.548
15755.2 986.548
15755.2 986.548
15755.2 986.548
15755.2 986.548
15755.2 986.548
15755.2 986.548
15755.2 986.548
15755.2 986.548
15755.2 986.548
15755.2 986.548
15755.2 986.548
15752.7 980.953
15752.7 980.953
15752.7 980.953
15752.7 980.953
15752.7 980.953
15752.7 980.953
15752.7 980.953
15752.7 980.953
15752.7 980.953
15754.5 983.373
15758.2 988.118
15763.8 995.139
15771 1003.79
15779.3 1013.45
15787.9 1022.89
15801.2 1031.66
15811.3 1041.7
15821.6 1051.57
15840.5 1068.74
15840.5 1068.74
15850.1 1077.07
15859.9 1085.24
15879.9 1101.05
15879.9 1101.05
15890.1 1108.69
15908.5 1121.7
15908.5 1121.7
15917.8 1127.96
15927.3 1134.06
15936.8 1139.99
15948.6 1146.36
15958.3 1151.94
15968.2 1157.35
15976.8 1161.88
15985.5 1166.27
15994.3 1170.5
16012.1 1178.5
16012.1 1178.5
16030.2 1185.88
16030.2 1185.88
16039.3 1189.33
16048.5 1192.62
16057.7 1195.75
16067 1198.72
16076.3 1201.53
16085.7 1204.17
16095.1 1206.65
16107.5 1209.67
16122.9 1213.01
16133.3 1214.89
16170.4 1220.41
16189.1 1222.44
16206.3 1223.86
16206.3 1223.86
16223.5 1224.83
16240.7 1225.35
16258 1225.41
16275.2 1225.03
16291 1224.26
16306.7 1223.08
16322.3 1221.63
16338 1219.91
16352.1 1218.1
16380.3 1213.75
16380.3 1213.75
16394.3 1211.21
16408.3 1208.42
16436.1 1202.11
16448.4 1198.97
16448.4 1198.97
16464.6 1202.5
16488.9 1195.06
16488.9 1195.06
16501 1191.03
16513.1 1186.78
16525 1182.33
16538.3 1177.12
16551.4 1171.67
16577.5 1160.1
16590.4 1153.98
16590.4 1153.98
16601.8 1148.3
16613.1 1142.42
16624.3 1136.35
16635.4 1130.08
16646.4 1123.62
16657.3 1116.96
16677.4 1103.92
16677.4 1103.92
16686.7 1097.56
16704.9 1084.35
16704.9 1084.35
16713.8 1077.51
16722.6 1070.51
16740.7 1060.99
16748 1054.53
16755.2 1048.01
16755.2 1048.01
16762.4 1041.43
16769.5 1034.72
16776.4 1027.88
16790 1013.86
16790 1013.86
16803 999.375
16809.4 991.963
16809.4 991.963
16815.6 984.441
16822.6 975.639
16829.4 966.657
16835.9 957.5
16842.2 948.175
16848.2 938.689
16859.6 919.258
16864.9 909.326
16864.9 909.326
16869.2 900.602
16873.4 891.803
16877.5 882.932
16881.3 873.992
16887.8 858.598
16894.9 840.417
16898.1 831.237
16898.1 831.237
16901.3 822.001
16907 803.373
16907 803.373
16909.7 793.986
16914.5 775.082
16914.5 775.082
16917.3 762.643
16920.3 747.192
16925 717.562
16925 717.562
16926.8 703.424
16928.3 689.257
16929.6 675.066
16930.6 660.854
16931.4 646.626
16932 632.386
16932.3 618.139
16932.3 605.389
16931 590.752
16930.6 578.009
16930 565.275
16928.9 549.561
16927.4 531.626
16925.5 513.721
16923.4 495.85
16920.9 478.02
16918.4 461.718
16915.6 445.462
16912.4 429.259
16909 413.112
16905.4 397.026
16901.4 381.008
16897.9 367.96
16894.6 355.667
16891.1 343.403
16887.4 331.202
16883.5 319.067
16879.3 307.003
16870.5 283.099
16866.3 272.659
16866.3 272.659
16862.5 262.562
16857.6 250.786
16852.7 239.031
16847.7 227.298
16842.6 215.588
16832.4 192.232
16832.4 192.232
16827.8 181.958
16823.2 171.704
16817.9 160.106
16812.6 148.531
16807.2 136.979
16796.2 113.948
16796.2 113.948
16790.7 102.468
16785.1 91.012
16773.7 68.1747
16768 56.7933
16768 56.7933
16762.2 45.4372
16757 35.4395
16751.8 25.4643
16747.3 16.7996
16742.9 8.11552
16737.8 -1.92684
16732 -13.283
16726.2 -24.6137
16721 -34.5889
16715.8 -44.5866
16710 -55.9427
16704.3 -67.3241
16698.5 -78.6802
16692.7 -90.011
16687.5 -100.031
16682.5 -110.096
16677.6 -120.203
16672 -131.659
16666.4 -143.115
16657.6 -160.521
16657.6 -160.521
16639.8 -183.421
16639.8 -183.421
16639.8 -183.421
16639.8 -183.421
16639.8 -183.421
16639.8 -183.421
16639.8 -183.421
16639.8 -183.421
16639.8 -183.421
16639.8 -183.421
16639.8 -183.421
16639.8 -183.421
16639.8 -183.421
16639.8 -183.421
16639.8 -183.421
16639.8 -183.421
16639.8 -183.421
16639.8 -183.421
16639.8 -183.421
16639.8 -183.421
16639.8 -183.421
16639.8 -183.421
16639.8 -183.421
16639.8 -183.421
16639.8 -183.421
16639.8 -183.421
16639.8 -183.421
16639.8 -183.421
16639.8 -183.421
16639.8 -183.421
16639.8 -183.421
16639.8 -183.421
16639.8 -183.421
16639.8 -183.421
16639.8 -183.421
16642 -171.57
16642 -171.57
16642 -171.57
16642 -171.57
16642 -171.57
16642 -171.57
16642 -171.57
16642 -171.57
16642 -171.57
16642 -171.57
16642 -171.57
16642 -171.57
16642 -171.57
16642 -171.57
16642 -171.57
16642 -171.57
16642 -171.57
16642 -171.57
16648.6 -169.608
16648.6 -169.608
16648.6 -169.608
16648.6 -169.608
16648.6 -169.608
16648.6 -169.608
16648.6 -169.608
16648.6 -169.608
16648.6 -169.608
16648.6 -169.608
16648.6 -169.608
16648.6 -169.608
16648.6 -169.608
16648.6 -169.608
16648.6 -169.608
16648.6 -169.608
16648.6 -169.608
16648.6 -169.608
16648.6 -169.608
16648.6 -169.608
16648.6 -169.608
16648.6 -169.608
16649.3 -172.061
16649.3 -172.061
16646.6 -170.856
16642 -168.868
16637.4 -166.881
16632.8 -164.893
16623.6 -160.918
16623.6 -160.918
16619 -158.93
16614.4 -156.942
16605.3 -152.967
16605.3 -152.967
16603.4 -152.172
16603.4 -152.172
16603.4 -152.172
16603.4 -152.172
16603.4 -152.172
16603.4 -152.172
16603.4 -152.172
16603.4 -152.172
16603.4 -152.172
16603.4 -152.172
16603.4 -152.172
16603.4 -152.172
16603.4 -152.172
16603.4 -152.172
16603.4 -152.172
16603.4 -152.172
16603.4 -152.172
16595.5 -148.247
16595.5 -148.247
16595.5 -148.247
16595.5 -148.247
16595.5 -148.247
16595.5 -148.247
16595.5 -148.247
16595.5 -148.247
16595.5 -148.247
16595.5 -148.247
16595.5 -148.247
16595.5 -148.247
16595.5 -148.247
16595.5 -148.247
16591.1 -148.117
16591.1 -148.117
16590.3 -151.024
16588.7 -156.798
16586.2 -165.437
16582.8 -176.956
16578.7 -191.373
16574.2 -207.251
16569.8 -223.149
16565.7 -237.584
16561.5 -252
16557.1 -267.879
16552.6 -283.776
16544.8 -312.733
16540.6 -328.687
16539.7 -347.973
16535.4 -364.692
16535.4 -364.692
16531.2 -381.43
16527.1 -398.185
16518.5 -434.667
16518.5 -434.667
16510.1 -471.224
16510.1 -471.224
16502.1 -507.852
16502.1 -507.852
16497.5 -529.127
16493.1 -550.421
16488.6 -571.695
16479.3 -614.184
16479.3 -614.184
16474.1 -636.86
16468.9 -659.514
16463.6 -682.145
16458.5 -703.293
16447.7 -746.979
16447.7 -746.979
16436.7 -790.617
16436.7 -790.617
16426.3 -832.847
16426.3 -832.847
16420.9 -853.927
16415.5 -874.984
16409.9 -896.017
16399.4 -935.113
16399.4 -935.113
16396.5 -952.843
16386.2 -988.909
16386.2 -988.909
16380.9 -1006.91
16375.6 -1024.88
16364.7 -1060.77
16364.7 -1060.77
16356.1 -1088.71
16356.1 -1088.71
16352.2 -1101.64
16348.4 -1114.58
16344.6 -1127.54
16340 -1143.4
16330.7 -1175.06
16325.9 -1190.86
16325.9 -1190.86
16321.6 -1205.2
16317.1 -1219.52
16312.6 -1233.83
16308 -1248.11
16303.4 -1262.38
16294.8 -1288
16290.6 -1300.82
16290.6 -1300.82
16344.8 -1327
16344.8 -1327
16340.8 -1339.9
16336.8 -1352.81
16332.8 -1365.7
16328.8 -1378.58
16325.1 -1390.01
16317.7 -1412.82
16317.7 -1412.82
16313.9 -1424.2
16310 -1435.56
16306.1 -1446.91
16302.1 -1458.24
16295.1 -1478.02
16295.1 -1478.02
16291.5 -1487.89
16287.9 -1497.74
16284.2 -1507.58
16280.5 -1517.4
16276.7 -1527.2
16269.1 -1546.76
16269.1 -1546.76
16261.3 -1566.25
16261.3 -1566.25
16257.3 -1575.97
16249.1 -1595.32
16249.1 -1595.32
16240.5 -1614.45
16240.5 -1614.45
16236 -1623.93
16231.3 -1633.35
16226.5 -1642.71
16216.7 -1661.23
16216.7 -1661.23
16211.5 -1670.39
16206.3 -1679.49
16200.9 -1688.51
16189.8 -1706.35
16189.8 -1706.35
16184.1 -1715.15
16168.5 -1726.28
16162.4 -1734.85
16156.2 -1743.34
16156.2 -1743.34
16149.9 -1751.75
16143.5 -1760.08
16137 -1768.32
16130.4 -1776.48
16123.7 -1784.55
16116.9 -1792.53
16110 -1800.42
16102.9 -1808.22
16095.8 -1815.93
16088.6 -1823.54
16071.7 -1840.6
16059.8 -1852.01
16059.8 -1852.01
16045.4 -1865.17
16009.9 -1896.38
16009.9 -1896.38
15988.6 -1914.11
15941.8 -1950.46
15941.8 -1950.46
15917.5 -1968.08
15892.8 -1985.17
15867.8 -2001.72
15845 -2016.11
15822.6 -2029.82
15800.7 -2042.85
15778.6 -2055.59
15756.3 -2068.04
15735.2 -2079.48
15683.4 -2099.54
15683.4 -2099.54
15661.9 -2110.16
15641.6 -2119.86
15621.1 -2129.29
15600.6 -2138.45
15579.9 -2147.35
15560.5 -2155.39
15541 -2163.19
15521.4 -2170.72
15501.7 -2178
15464.9 -2190.8
15446.3 -2196.83
15427.7 -2202.63
15410.5 -2207.75
15393.1 -2212.64
15393.1 -2212.64
15375.8 -2217.31
15358.3 -2221.75
15340.8 -2225.96
15323.3 -2229.94
15307.1 -2233.38
15274 -2233.47
15257.9 -2236.78
15241.7 -2240.02
15227 -2242.9
15197.5 -2248.47
15197.5 -2248.47
15182.7 -2251.15
15165 -2254.3
15145.8 -2257.46
15107.2 -2263.02
15107.2 -2263.02
15087.8 -2265.41
15069.9 -2267.4
15052 -2269.14
15034.1 -2270.65
15016.1 -2271.93
14998.1 -2272.97
14965.2 -2274.23
14965.2 -2274.23
14948.7 -2274.54
14915.7 -2274.51
14915.7 -2274.51
14900.7 -2274.2
14885.7 -2273.69
14870.7 -2272.99
14855.7 -2272.09
14827.3 -2269.84
14827.3 -2269.84
14806.6 -2272.23
14793.2 -2270.96
14779.7 -2269.63
14752.9 -2266.79
14752.9 -2266.79
14729 -2264.06
14729 -2264.06
14705.2 -2261.12
14705.2 -2261.12
14693.3 -2259.58
14669.5 -2256.33
14669.5 -2256.33
14647.3 -2253.09
14636.9 -2251.51
14636.9 -2251.51
14626.5 -2249.88
14616.1 -2248.21
14605.8 -2246.49
14585.1 -2242.93
14585.1 -2242.93
14574.8 -2241.07
14564.4 -2239.09
14554.2 -2236.97
14543.9 -2234.71
14533.7 -2232.32
14523.5 -2229.8
14513.3 -2227.14
14503.2 -2224.35
14493.1 -2221.43
14483.1 -2218.37
14463.2 -2211.61
14463.2 -2211.61
14453.4 -2207.91
14443.6 -2203.99
14434 -2199.86
14424.4 -2195.52
14415 -2190.98
14397.9 -2185
14397.9 -2185
14388.8 -2179.78
14379.8 -2174.37
14371 -2168.76
14362.2 -2162.96
14353.6 -2156.97
14345.1 -2150.8
14336.7 -2144.44
14328.5 -2137.97
14320.3 -2131.39
14312.2 -2124.71
14304.2 -2117.92
14296.2 -2111.03
14288.4 -2104.03
14280.7 -2096.94
14270.9 -2087.68
14259.1 -2076.11
14231.7 -2047.32
14231.7 -2047.32
14205.1 -2016.8
14205.1 -2016.8
14193.2 -2002.27
14201.7 -1971.91
14178.5 -1940.53
14178.5 -1940.53
14167.1 -1923.85
14155.9 -1906.92
14146 -1891.03
14136.4 -1874.93
14127.1 -1858.62
14117.5 -1840.79
14108 -1822.08
14098.8 -1803.18
14090.1 -1784.08
14081.8 -1764.79
14074.5 -1746.72
14068.6 -1731.29
14063.7 -1717.91
14059 -1704.46
14054.5 -1690.95
14050.1 -1677.38
14046 -1663.76
14042 -1650.08
14038.1 -1636.35
14034.5 -1622.57
14050.5 -1602.61
14050.5 -1602.61
14047.5 -1588.67
14044.7 -1574.7
14042.1 -1560.69
14039.7 -1546.65
14037.4 -1532.57
14035.4 -1518.47
14031.8 -1490.19
14031.8 -1490.19
14030.3 -1476.02
14029 -1461.83
14027.9 -1447.63
14027 -1434.91
14026.4 -1422.17
14025.9 -1409.43
14025.5 -1396.69
14025.4 -1385.44
14025.4 -1376.44
14025.4 -1367.44
14025.6 -1349.44
14025.6 -1349.44
14025.9 -1331.44
14025.9 -1331.44
14026.2 -1322.45
14026.4 -1313.45
14026.7 -1304.46
14027.5 -1286.47
14027.5 -1286.47
14028.4 -1268.49
14028.4 -1268.49
14028.9 -1259.51
13985.2 -1257.78
13985.7 -1248.8
13986.2 -1239.81
13986.8 -1230.83
13987.4 -1221.85
13988.1 -1212.88
13988.8 -1203.91
13990.5 -1184.48
13991.4 -1174.02
13991.4 -1174.02
13992.4 -1163.57
13993.5 -1153.12
13994.6 -1142.68
13995.7 -1132.24
13996.9 -1121.81
13998.1 -1111.38
14000.3 -1093.52
14001.5 -1084.59
14001.5 -1084.59
14002.7 -1075.68
14004.2 -1065.28
14005.8 -1054.14
14007.4 -1043.02
14008.8 -1034.87
14010.2 -1026.75
14011.9 -1017.15
14013.7 -1007.56
14015.4 -997.962
14016.9 -989.843
14018.3 -981.725
14020.3 -970.653
14024.1 -950.003
14026 -940.439
14026 -940.439
14027.9 -930.876
14029.8 -921.304
14031.6 -911.725
14033.4 -902.137
14035.1 -892.542
14037.1 -881.463
14040.8 -859.278
14040.8 -859.278
14042.6 -848.174
14044.1 -838.543
14045.6 -828.906
14048.4 -809.613
14048.4 -809.613
14049.8 -799.957
14052.4 -780.629
14052.4 -780.629
14046 -764.776
14047.2 -755.095
14048.3 -745.409
14049.4 -735.718
14050.4 -726.023
14051.4 -716.323
14052.3 -706.619
14053.2 -696.911
14054.3 -684.211
14055.4 -671.506
14056.4 -658.796
14058.3 -633.364
14059.1 -620.643
14059.1 -620.643
14059.9 -607.917
14061.4 -582.457
14061.4 -582.457
14062 -569.722
14063.1 -544.246
14063.1 -544.246
14063.5 -531.504
14063.9 -518.76
14064.3 -506.015
14064.6 -493.268
14064.8 -480.521
14065 -467.772
14065.1 -455.022
14065.2 -442.273
14065.2 -429.523
14065.2 -418.273
14065.1 -407.023
14065 -395.774
14064.8 -384.525
14064.3 -362.031
14064.3 -362.031
14063.9 -350.786
14063.6 -341.042
14063.2 -331.299
14062.8 -321.558
14062.4 -311.818
14061.9 -302.081
14061.3 -292.346
14060.7 -282.614
14059.4 -263.157
14051.3 -282.011
14051.3 -282.011
14050.6 -272.285
14049.8 -262.562
14049.1 -252.843
14048.3 -243.127
14047.4 -233.414
14046.5 -223.706
14045.6 -214.001
14044.6 -204.301
14043.6 -194.604
14042.5 -184.913
14041.4 -175.226
14039.1 -155.867
14039.1 -155.867
14037.8 -146.196
14036.5 -136.53
14035.2 -126.87
14033.9 -117.215
14032.5 -107.567
14031 -97.9247
14029.5 -88.2888
14028 -78.6596
14024.8 -59.4217
14023.2 -49.8133
14021.5 -40.2122
14021.5 -40.2122
14019.7 -30.6187
14017.9 -21.0328
14016.1 -11.4548
14014.8 -4.82942
14014.1 -1.14866
