6719.12 -1115.16
6679.62 -1115.88
6640.64 -1116.6
6602.16 -1117.3
6564.18 -1117.99
6526.66 -1118.68
6489.61 -1119.36
6453.01 -1120.03
6416.84 -1120.69
6381.09 -1121.34
6345.74 -1121.99
6310.79 -1122.63
6276.23 -1123.26
6242.03 -1123.88
6208.2 -1124.5
6174.71 -1125.11
6141.57 -1125.72
6108.75 -1126.32
6076.26 -1126.91
6044.07 -1127.5
6012.19 -1128.08
5980.59 -1128.66
5949.28 -1129.23
5918.25 -1129.8
5887.48 -1130.36
5856.96 -1130.92
5826.7 -1131.48
5796.68 -1132.02
5766.9 -1132.57
5737.34 -1133.11
5708.01 -1133.65
5678.89 -1134.18
5649.97 -1134.71
5621.26 -1135.23
5592.74 -1135.75
5564.41 -1136.27
5536.26 -1136.79
5508.29 -1137.3
5480.49 -1137.8
5452.85 -1138.31
5425.37 -1138.81
5398.04 -1139.31
5370.86 -1139.81
5343.82 -1140.3
5316.92 -1140.8
5290.16 -1141.28
5263.52 -1141.77
5237 -1142.26
5210.6 -1142.74
5184.31 -1143.22
5158.12 -1143.7
5132.05 -1144.17
5106.07 -1144.65
5080.18 -1145.12
5054.38 -1145.59
5028.67 -1146.06
5003.04 -1146.53
4977.49 -1147
4952 -1147.47
4926.59 -1147.93
4901.24 -1148.39
4875.95 -1148.86
4850.72 -1149.32
4825.54 -1149.78
4800.4 -1150.24
4775.31 -1150.7
4750.26 -1151.15
4725.24 -1151.61
4700.26 -1152.07
4675.31 -1152.52
4650.38 -1152.98
4625.47 -1153.44
4600.58 -1153.89
4575.7 -1154.35
4550.83 -1154.8
4525.96 -1155.26
4501.1 -1155.71
4476.23 -1156.16
4451.36 -1156.62
4426.48 -1157.07
4401.58 -1157.53
4376.67 -1157.98
4351.73 -1158.44
4326.77 -1158.9
4301.79 -1159.35
4276.76 -1159.81
4251.7 -1160.27
4460.13 -3102.46
4459.91 -3162.47
4452.47 -3162.61
4445.02 -3162.74
4437.55 -3162.88
4430.07 -3163.02
4422.56 -3163.15
4415.03 -3163.29
4407.49 -3163.43
4399.92 -3163.57
4392.32 -3163.71
4384.7 -3163.85
4377.05 -3163.99
4369.38 -3164.13
4361.67 -3164.27
4353.94 -3164.41
4346.17 -3164.55
4338.37 -3164.69
4330.54 -3164.84
4322.66 -3164.98
4314.75 -3165.12
4306.81 -3165.27
4298.82 -3165.42
4290.78 -3165.56
4282.71 -3165.71
4274.59 -3165.86
4266.42 -3166.01
4258.2 -3166.16
4249.93 -3166.31
4241.61 -3166.46
4233.24 -3166.61
4224.81 -3166.77
4216.32 -3166.92
4207.77 -3167.08
4199.16 -3167.24
4190.49 -3167.4
4181.75 -3167.56
4172.95 -3167.72
4164.07 -3167.88
4155.12 -3168.04
4146.1 -3168.21
4137 -3168.37
4127.82 -3168.54
4118.56 -3168.71
4109.22 -3168.88
4099.79 -3169.05
4090.27 -3169.23
4080.66 -3169.4
4070.95 -3169.58
4061.15 -3169.76
4051.24 -3169.94
4041.23 -3170.12
4031.11 -3170.31
4020.89 -3170.5
4010.55 -3170.69
4000.09 -3170.88
3989.51 -3171.07
3978.81 -3171.27
3967.97 -3171.46
3957.01 -3171.66
3945.91 -3171.87
3934.66 -3172.07
3923.28 -3172.28
3911.74 -3172.49
3900.04 -3172.71
3888.19 -3172.92
3876.17 -3173.14
3863.98 -3173.36
3851.62 -3173.59
3839.07 -3173.82
3826.33 -3174.05
3813.41 -3174.29
3800.28 -3174.53
3786.94 -3174.77
3773.39 -3175.02
3759.62 -3175.27
3745.62 -3175.53
3731.38 -3175.79
3716.89 -3176.05
3713.13 -3186.77
3693.04 -3182.11
3693.31 -3196.57
3673.23 -3192.43
3673.49 -3206.75
3673.75 -3220.84
3674 -3234.71
3674.25 -3248.37
3674.5 -3261.82
3674.74 -3275.07
3674.98 -3288.13
3675.21 -3300.99
3675.45 -3313.68
3675.67 -3326.19
3675.9 -3338.53
3676.12 -3350.71
3676.34 -3362.72
3676.56 -3374.58
3676.77 -3386.29
3676.98 -3397.86
3677.19 -3409.28
3677.4 -3420.56
3677.6 -3431.72
3677.81 -3442.74
3678 -3453.64
3678.2 -3464.42
3678.4 -3475.08
3678.59 -3485.63
3678.78 -3496.06
3678.97 -3506.39
3679.16 -3516.61
3679.34 -3526.74
3679.52 -3536.76
3679.71 -3546.69
3679.89 -3556.53
3680.06 -3566.28
3680.24 -3575.94
3680.42 -3585.51
3680.59 -3595.01
3680.76 -3604.42
3680.93 -3613.76
3681.1 -3623.03
3681.27 -3632.22
3681.44 -3641.34
3681.6 -3650.4
3681.77 -3659.39
3681.93 -3668.31
3682.09 -3677.18
3682.25 -3685.98
3682.41 -3694.73
3682.57 -3703.42
3682.73 -3712.06
3682.89 -3720.64
3683.04 -3729.18
3683.2 -3737.66
3683.35 -3746.1
3683.5 -3754.49
3683.66 -3762.85
3683.81 -3771.15
3683.96 -3779.42
3684.11 -3787.65
3684.26 -3795.84
3684.41 -3804
3684.56 -3812.12
3684.71 -3820.21
3684.85 -3828.26
3685 -3836.29
3685.15 -3844.29
3685.29 -3852.26
3685.44 -3860.2
3685.58 -3868.12
3685.73 -3876.02
3685.87 -3883.9
3686.01 -3891.75
3686.16 -3899.58
3686.3 -3907.4
3686.44 -3915.2
3686.58 -3922.98
3686.73 -3930.75
3686.87 -3938.51
3687.01 -3946.25
3687.15 -3953.98
3687.29 -3961.71
3687.43 -3969.42
3687.57 -3977.13
3687.72 -3984.83
3687.86 -3992.53
3688 -4000.22
3688.14 -4007.91
3688.28 -4015.6
3688.42 -4023.29
3688.56 -4030.98
3688.7 -4038.67
3688.84 -4046.37
3688.98 -4054.07
3689.12 -4061.77
3689.26 -4069.49
3689.4 -4077.21
3689.55 -4084.94
3689.69 -4092.68
3689.83 -4100.43
3689.97 -4108.19
3690.11 -4115.97
3690.26 -4123.77
3690.4 -4131.58
3690.54 -4139.41
3690.68 -4147.26
3690.83 -4155.13
3690.97 -4163.02
3691.12 -4170.93
3691.26 -4178.87
3691.41 -4186.83
3691.55 -4194.82
3691.7 -4202.84
3691.85 -4210.89
3692 -4218.96
3692.14 -4227.08
3692.29 -4235.22
3692.44 -4243.4
3692.59 -4251.62
3692.74 -4259.88
3692.9 -4268.17
3693.05 -4276.51
3693.2 -4284.89
3693.35 -4293.32
3693.51 -4301.79
3693.67 -4310.31
3693.82 -4318.88
3693.98 -4327.5
3694.14 -4336.18
3694.3 -4344.91
3694.46 -4353.7
3694.62 -4362.54
3694.78 -4371.45
3694.95 -4380.42
3695.11 -4389.46
3678.37 -4406.27
3678.54 -4415.62
3678.71 -4425.04
3678.88 -4434.54
3679.06 -4444.11
3679.23 -4453.77
3679.41 -4463.51
3679.59 -4473.33
3679.77 -4483.24
3679.96 -4493.24
3680.14 -4503.34
3680.33 -4513.53
3680.51 -4523.82
3680.7 -4534.21
3680.9 -4544.71
3681.09 -4555.31
3681.29 -4566.03
3681.48 -4576.86
3681.68 -4587.81
3681.89 -4598.89
3682.09 -4610.09
3682.3 -4621.42
3682.51 -4632.88
3682.72 -4644.49
3682.94 -4656.23
3683.15 -4668.13
3683.37 -4680.17
3683.6 -4692.37
3683.82 -4704.74
3684.05 -4717.27
3684.28 -4729.97
3684.52 -4742.85
3684.76 -4755.91
3685 -4769.16
3685.25 -4782.61
3685.5 -4796.26
3685.75 -4810.12
3686.01 -4824.2
3686.27 -4838.5
3686.53 -4853.03
3686.8 -4867.79
3687.08 -4882.81
3687.36 -4898.08
3687.49 -4913.77
3695.26 -4921.69
3702.91 -4929.75
3691.81 -4958.31
3698.23 -4968.14
3705.52 -4977.05
3695.07 -5006.47
3702.46 -5015.73
3707.19 -5028.24
3697.36 -5058.62
3704.45 -5068.89
3695.33 -5099.69
3702.52 -5110.41
3717.8 -5110.69
3702.79 -5150.97
3718.64 -5150.68
3719.58 -5170.67
3706.43 -5210.91
3722.47 -5210.62
3710.52 -5250.84
3713.06 -5270.8
3702.54 -5311
3719.09 -5310.7
3722.58 -5330.64
3713.76 -5370.81
3718.12 -5390.73
3710.66 -5430.87
3715.86 -5450.78
3721.36 -5470.68
3715.74 -5510.79
3722.06 -5530.68
3728.67 -5550.56
3714.13 -5610.84
3721.77 -5630.7
3729.68 -5650.56
3717.79 -5710.79
3726.7 -5730.63
3716.69 -5790.82
3726.58 -5810.64
3727.57 -5850.63
3711.35 -5930.94
3722.88 -5950.74
3734.68 -5970.52
3721.77 -6050.77
3726.59 -6090.69
3732.08 -6130.6
3722.82 -6210.78
3730.03 -6250.65
3737.9 -6290.52
3725.11 -6390.77
3727.96 -6450.73
3738.55 -6490.54
3743.27 -6550.46
3730.07 -6670.72
3743.53 -6710.48
3751.69 -6770.35
4145.24 -5482.94
4159.28 -5482.68
4173.26 -5482.42
4187.16 -5482.17
4200.99 -5481.92
4214.76 -5481.67
4228.47 -5481.42
4242.12 -5481.17
4255.71 -5480.92
4269.25 -5480.67
4282.74 -5480.42
4296.17 -5480.18
4309.56 -5479.93
4322.9 -5479.69
4336.2 -5479.45
4349.46 -5479.2
4362.68 -5478.96
4375.87 -5478.72
4389.02 -5478.48
4402.13 -5478.24
4415.22 -5478
4428.28 -5477.76
4441.32 -5477.52
4454.33 -5477.29
4467.31 -5477.05
4480.28 -5476.81
4493.24 -5476.58
4506.17 -5476.34
4519.09 -5476.1
4532 -5475.87
4544.9 -5475.63
4557.8 -5475.39
4570.68 -5475.16
4583.57 -5474.92
4596.45 -5474.69
4609.33 -5474.45
4622.22 -5474.22
4635.11 -5473.98
4648 -5473.75
4660.9 -5473.51
4673.82 -5473.27
4686.74 -5473.04
4699.68 -5472.8
4712.63 -5472.56
4725.61 -5472.33
4738.6 -5472.09
4751.61 -5471.85
4764.65 -5471.61
4777.72 -5471.37
4790.81 -5471.13
4803.94 -5470.89
4817.09 -5470.65
4830.29 -5470.41
4843.51 -5470.17
4856.78 -5469.93
4870.09 -5469.69
4883.44 -5469.44
4896.84 -5469.2
4910.29 -5468.95
4923.78 -5468.7
4937.33 -5468.46
4950.94 -5468.21
4964.6 -5467.96
4978.32 -5467.71
4992.1 -5467.46
5005.95 -5467.2
5019.87 -5466.95
5033.85 -5466.69
5047.91 -5466.43
5062.05 -5466.18
5076.26 -5465.92
5090.56 -5465.66
5104.94 -5465.39
5119.41 -5465.13
5133.96 -5464.86
5148.61 -5464.59
5163.36 -5464.32
5178.21 -5464.05
5193.16 -5463.78
5208.21 -5463.5
5223.38 -5463.23
5238.66 -5462.95
5254.05 -5462.67
5269.57 -5462.38
5285.21 -5462.1
5300.98 -5461.81
5316.88 -5461.52
5332.92 -5461.22
5349.1 -5460.93
5365.43 -5460.63
5381.9 -5460.33
5398.53 -5460.02
5415.32 -5459.72
6100.44 -6587.38
6137.94 -6598.64
6148.99 -6566
6147.38 -6513.96
6149.82 -6469.67
6147.3 -6418.94
6144.06 -6368.52
6140.1 -6318.4
6149.05 -6288.31
6143.87 -6238.74
6145.73 -6200.3
6139.57 -6151.76
6147.33 -6123.18
6139.89 -6075.08
6146.88 -6046.92
6133.15 -5992.87
6139.65 -5965.56
6145.9 -5938.41
6135.56 -5891.71
6137.18 -5860.35
6125.75 -5814.4
6130.67 -5788.29
6135.32 -5762.3
6137.1 -5733.57
6141.53 -5708.22
6127.23 -5663.31
6130.78 -5638.18
6134.05 -5613.15
6136.06 -5587.24
6139.09 -5562.76
5719.83 -5126.01
5731.72 -5117.92
5731.36 -5098.19
5731 -5078.81
5730.65 -5059.74
5730.31 -5040.99
5729.97 -5022.54
5729.64 -5004.38
5729.31 -4986.51
5728.99 -4968.91
5728.68 -4951.57
5728.36 -4934.49
5728.06 -4917.65
5727.75 -4901.06
5727.45 -4884.7
5727.16 -4868.56
5726.87 -4852.64
5726.58 -4836.93
5726.3 -4821.43
5726.02 -4806.12
5725.74 -4791.01
5725.47 -4776.08
5725.2 -4761.33
5724.93 -4746.76
5724.67 -4732.36
5724.41 -4718.12
5724.15 -4704.05
5723.9 -4690.13
5723.64 -4676.36
5723.39 -4662.73
5723.15 -4649.25
5722.9 -4635.9
5739.89 -4631.97
5739.64 -4618.69
5739.4 -4605.54
5739.17 -4592.51
5738.93 -4579.6
5738.7 -4566.81
5738.46 -4554.13
5738.23 -4541.56
5738.01 -4529.1
5737.78 -4516.74
5737.56 -4504.48
5737.33 -4492.31
5737.11 -4480.24
5736.89 -4468.26
5736.68 -4456.37
5736.46 -4444.56
5736.25 -4432.84
5736.03 -4421.19
5735.82 -4409.62
5735.61 -4398.13
5735.4 -4386.71
5735.2 -4375.36
5734.99 -4364.08
5734.78 -4352.86
5734.58 -4341.7
5734.38 -4330.61
5734.18 -4319.58
5733.98 -4308.6
5733.78 -4297.67
5733.58 -4286.8
5733.38 -4275.98
5733.18 -4265.2
5732.99 -4254.47
5732.79 -4243.79
5732.6 -4233.15
5732.4 -4222.55
5732.21 -4211.99
5732.02 -4201.46
5731.82 -4190.97
5731.63 -4180.52
5731.44 -4170.09
5731.25 -4159.7
5731.06 -4149.33
5730.87 -4138.99
5730.69 -4128.68
5730.5 -4118.39
5730.31 -4108.12
5730.12 -4097.87
5729.94 -4087.63
5729.75 -4077.42
5729.56 -4067.22
5729.38 -4057.03
5729.19 -4046.86
5729 -4036.69
5728.82 -4026.53
5728.63 -4016.39
5728.45 -4006.24
5728.26 -3996.1
5728.08 -3985.97
5727.89 -3975.83
5727.71 -3965.7
5727.52 -3955.56
5727.34 -3945.42
5727.15 -3935.27
5726.96 -3925.12
5726.78 -3914.95
5726.59 -3904.78
5726.41 -3894.6
5726.22 -3884.4
5726.03 -3874.19
5725.85 -3863.97
5725.66 -3853.72
5725.47 -3843.46
5725.28 -3833.17
5725.1 -3822.86
5724.91 -3812.53
5724.72 -3802.17
5724.53 -3791.79
5724.34 -3781.37
5724.15 -3770.92
5723.95 -3760.44
5723.76 -3749.93
5723.57 -3739.38
5723.38 -3728.79
5723.18 -3718.16
5722.99 -3707.49
5722.79 -3696.78
5722.59 -3686.01
5722.4 -3675.21
5722.2 -3664.35
5722 -3653.44
5721.8 -3642.48
5721.6 -3631.46
5721.39 -3620.38
5721.19 -3609.24
5720.99 -3598.04
5720.78 -3586.78
5720.57 -3575.45
5720.36 -3564.05
5720.15 -3552.58
5719.94 -3541.03
5719.73 -3529.41
5719.52 -3517.71
5719.3 -3505.93
5719.08 -3494.06
5699.03 -3491.04
5678.97 -3488.36
5639.09 -3495.35
5619.06 -3493.53
5599.03 -3492.04
5579 -3490.89
5558.98 -3490.07
5538.97 -3489.6
5518.97 -3489.47
5498.97 -3489.69
5478.97 -3490.25
5458.99 -3491.17
5439.01 -3492.45
5419.03 -3494.09
5399.07 -3496.09
5379.11 -3498.46
5378.93 -3488.71
5378.75 -3478.86
5378.57 -3468.91
5378.38 -3458.84
5378.2 -3448.66
5378.01 -3438.36
5377.82 -3427.94
5377.63 -3417.4
5377.43 -3406.73
5377.23 -3395.93
5377.03 -3384.98
5376.83 -3373.9
5376.63 -3362.68
5376.42 -3351.3
5376.21 -3339.77
5375.99 -3328.08
5375.78 -3316.22
5375.56 -3304.19
5375.33 -3291.99
5375.11 -3279.6
5374.88 -3267.03
5374.64 -3254.26
5374.41 -3241.3
5374.17 -3228.12
5373.92 -3214.73
5373.67 -3201.12
5373.42 -3187.28
5373.16 -3173.2
5366.18 -3165.91
5371.21 -3145.81
5357.02 -3146.07
5361.52 -3125.98
5365.59 -3105.91
5369.25 -3085.84
5355 -3086.1
5358.16 -3066.04
5360.91 -3045.98
5363.27 -3025.94
5365.24 -3005.9
5350.86 -3006.16
5352.36 -2986.13
5353.5 -2966.1
6719.12 -1115.16
