-0 -0
-0 -0
-0 -0
-0 -0
-0 -0
-0 -0
-0 -0
-0 -0
-0 -0
-0 -0
-0 -0
-0 -0
-0 -0
-0 -0
-0 -0
-0 -0
-0 -0
-0 -0
-0 -0
-0 -0
-2.53234 -3.61656
-2.5341 -3.68714
-2.52811 -3.74808
-2.50966 -3.79168
-2.49771 -3.84614
-2.4791 -3.89141
-2.47737 -3.96462
-2.46254 -4.01849
-2.45158 -4.08012
-2.44126 -4.14444
-2.422 -4.19503
-2.40894 -4.25778
-2.39302 -4.31712
-2.37816 -4.38002
-2.36567 -4.44917
-2.35399 -4.52198
-2.33987 -4.59225
-2.32871 -4.67066
-2.31109 -4.73844
-2.29549 -4.81258
-2.27918 -4.88772
-2.26049 -4.9602
-2.24519 -5.04277
-2.2306 -5.13003
-2.12128 -4.99742
-1.96891 -4.75336
-1.91312 -4.73513
-1.87502 -4.76002
-1.85169 -4.82381
-1.80742 -4.83416
-1.76346 -4.84506
-1.74982 -4.94133
-1.77239 -5.1474
-1.72455 -5.15414
-1.67055 -5.14141
-1.62321 -5.14816
-1.57618 -5.15544
-1.5192 -5.12873
-1.4697 -5.12545
-1.42331 -5.1323
-1.37536 -5.13293
-1.32977 -5.14183
-1.2788 -5.12898
-1.23119 -5.12828
-1.18932 -5.15149
-1.17094 -5.28176
-1.14788 -5.40035
-1.12324 -5.5209
-1.09963 -5.65712
-1.07355 -5.79235
-1.04467 -5.9246
-1.02214 -6.10807
-0.978341 -6.177
-0.945241 -6.32476
-0.927589 -6.60014
-0.884054 -6.71506
-0.841629 -6.85452
-0.809629 -7.10603
-0.763685 -7.26598
-0.73715 -7.65559
-0.681384 -7.78825
-0.643129 -8.17173
-0.589373 -8.42842
-0.534236 -8.73468
-0.473902 -9.04259
-0.413381 -9.46798
-0.337443 -9.66311
-0 -0
-0 -0
-0 -0
0 -0
0 -0
0 -0
0 -0
0 -0
0 -0
0 -0
0 -0
0 -0
0 -0
0 -0
0 -0
0 -0
0 -0
0 -0
0 -0
0 -0
0 -0
0 -0
0 -0
0 -0
0 -0
0 -0
0 -0
0 -0
0 -0
0 -0
0 -0
2.31761 -9.29543
2.38687 -9.22935
2.46008 -9.18112
2.53449 -9.13907
2.62076 -9.13968
2.71036 -9.15002
2.81992 -9.22356
2.91113 -9.23293
2.98727 -9.19386
3.05945 -9.14374
3.13522 -9.10534
3.21356 -9.07481
3.28066 -9.01353
3.36129 -8.99018
3.43352 -8.94463
3.50705 -8.90317
3.57524 -8.84904
3.65233 -8.81751
3.72875 -8.78438
3.81204 -8.76709
3.88393 -8.72345
3.96779 -8.70651
4.05037 -8.68605
4.13118 -8.66121
4.21187 -8.63561
4.29019 -8.60479
4.37828 -8.59287
4.4628 -8.57296
4.54683 -8.55135
4.63607 -8.53859
4.7138 -8.50393
4.78783 -8.46247
4.873 -8.44028
1.12674 -1.91282
1.13875 -1.8952
1.12285 -1.83232
1.12343 -1.79786
1.12564 -1.76691
1.12305 -1.72934
1.11105 -1.67861
1.10776 -1.64232
1.10223 -1.60375
1.10127 -1.57277
1.09579 -1.53624
1.10445 -1.52014
1.10399 -1.49196
1.0941 -1.45192
1.08725 -1.41693
1.08664 -1.39084
1.07633 -1.35313
1.07866 -1.33203
1.06416 -1.29093
1.06574 -1.2701
1.07873 -1.26303
1.05888 -1.2181
1.06351 -1.20207
1.06325 -1.18086
1.06135 -1.15826
1.04414 -1.1197
1.0463 -1.10257
1.04338 -1.08045
1.06118 -1.07986
1.05854 -1.05854
1.04705 -1.02893
1.05167 -1.01559
1.04526 -0.991919
1.04437 -0.973894
1.03735 -0.950555
1.03817 -0.934775
1.03655 -0.917066
1.02716 -0.892896
1.03187 -0.881301
1.00199 -0.840766
1.00543 -0.82881
0.990084 -0.801754
0.998608 -0.794329
1.00156 -0.782506
0.985345 -0.756082
1.00388 -0.756481
0.999998 -0.739959
0.980529 -0.712396
0.994035 -0.709038
0.98544 -0.690012
0.998841 -0.686484
0.997332 -0.672709
1.01484 -0.671707
1.00389 -0.651933
1.00111 -0.637775
0.999001 -0.624245
0.997589 -0.611323
0.9866 -0.592809
1.00035 -0.589252
0.987269 -0.57
1.00091 -0.566287
0.993568 -0.550744
0.991306 -0.538235
0.982721 -0.522522
0.983695 -0.512079
0.970306 -0.494396
0.971899 -0.484571
0.963507 -0.469934
0.987428 -0.470979
0.972468 -0.453469
0.972749 -0.443307
0.968358 -0.431141
0.957411 -0.416294
0.934312 -0.396592
0.949748 -0.393399
0.935528 -0.377978
0.950887 -0.374564
0.949451 -0.36446
0.944166 -0.353009
0.94721 -0.344756
0.942641 -0.333807
0.937954 -0.322964
0.934099 -0.312545
0.949154 -0.308399
0.940365 -0.296496
0.942917 -0.288278
0.937726 -0.277767
0.934346 -0.26792
0.934722 -0.259221
0.933084 -0.250019
0.933294 -0.241366
0.91887 -0.2291
0.91889 -0.220606
0.935395 -0.215953
0.931386 -0.206483
0.92924 -0.197516
0.927989 -0.188801
0.908987 -0.176689
0.927209 -0.171848
0.912917 -0.160972
0.919218 -0.153824
0.926452 -0.146736
0.925719 -0.13835
0.918969 -0.129153
0.917087 -0.120737
0.907187 -0.111389
0.926009 -0.105505
0.943801 -0.0991976
0.931691 -0.0897116
0.935427 -0.0818392
0.939096 -0.0739085
0.938708 -0.0656409
0.941241 -0.0575689
0.941708 -0.0493528
0.925119 -0.0403915
0.939427 -0.0328056
0.93468 -0.0244755
0.929858 -0.0162309
0.930965 -0.00812436
0.941 0
0.933964 0.00815054
0.931858 0.0162656
0.924683 0.0242138
0.924437 0.0322821
0.939105 0.0410022
0.948698 0.0497191
0.94723 0.057935
0.939705 0.0657107
0.930124 0.0732024
0.938415 0.0821007
0.925718 0.0891365
0.929878 0.097734
0.906138 0.103241
0.931008 0.114313
0.929975 0.122434
0.925901 0.130127
0.92473 0.138202
0.932378 0.147674
0.921191 0.154154
0.924734 0.163056
0.906561 0.168021
0.924693 0.179742
0.90937 0.185013
0.92924 0.197516
0.926505 0.205401
0.919805 0.212354
0.909166 0.218271
0.925662 0.230794
0.923613 0.238863
0.91763 0.245878
0.912558 0.253075
0.918005 0.263234
0.913755 0.270667
0.920922 0.281554
0.908892 0.286573
0.90921 0.29542
0.899011 0.300805
0.902025 0.310592
0.905878 0.320788
0.913381 0.332444
0.899205 0.336199
0.903706 0.3469
0.906227 0.356972
0.891951 0.360372
0.904478 0.374647
0.890128 0.377837
0.899636 0.391173
0.902583 0.401856
0.896312 0.408473
0.906308 0.422618
0.894462 0.426636
0.890705 0.434426
0.880615 0.439059
0.903481 0.460346
0.890559 0.463596
0.890011 0.473227
0.886726 0.481453
0.891238 0.494021
0.892115 0.504734
0.883346 0.51
0.878 0.517182
0.881168 0.529459
0.884188 0.541831
0.894691 0.559065
0.882188 0.562015
0.878927 0.570782
0.881417 0.583397
0.87878 0.592744
0.885112 0.60832
0.872397 0.610859
0.859706 0.613222
0.876165 0.636571
0.872989 0.645977
0.856137 0.645146
0.875069 0.671464
0.868388 0.678459
0.860086 0.684144
0.861855 0.697916
0.851874 0.70223
0.857204 0.719279
0.866102 0.739721
0.859614 0.747251
0.858303 0.759363
0.857589 0.772177
0.874411 0.80125
0.846176 0.789072
0.847237 0.803998
0.840189 0.811361
0.855187 0.84039
0.850649 0.850649
0.853707 0.868739
0.850957 0.881191
0.848053 0.893661
0.851134 0.912729
0.835029 0.911275
0.842435 0.935619
0.845503 0.955667
0.855501 0.984141
0.841685 0.985486
0.838838 0.999688
0.839623 1.01854
0.836996 1.0336
0.843507 1.06043
0.821293 1.05121
0.838873 1.09324
0.835921 1.1093
0.813718 1.09968
0.822312 1.13181
0.822276 1.15279
0.821935 1.17384
0.825254 1.20075
0.814744 1.20791
0.808036 1.22081
0.818048 1.25968
0.813472 1.27689
0.813426 1.30175
0.806215 1.31562
0.800369 1.33204
0.801911 1.36137
0.788 1.36486
0.796741 1.40824
0.794603 1.4335
0.782541 1.44126
0.785426 1.47717
0.777585 1.49373
0.761796 1.49511
0.758983 1.52228
0.777232 1.59356
0.781378 1.63819
0.77001 1.65129
0.775891 1.70254
0.7728 1.73574
0.769586 1.76993
0.641971 1.51239
0.601196 1.45141
0.588882 1.45753
0.571376 1.45052
0.556546 1.44985
0.538969 1.44154
0.528421 1.45183
0.51473 1.45355
0.498445 1.44759
0.48738 1.45663
0.469706 1.44561
0.457975 1.45251
0.442943 1.4488
0.432556 1.46028
0.41511 1.44766
0.407004 1.46761
0.391852 1.46241
0.37582 1.45319
0.360706 1.44671
0.346199 1.44202
0.333827 1.44597
0.322279 1.4537
0.308333 1.45059
0.294666 1.44833
0.281825 1.44986
0.266246 1.43654
0.255437 1.44865
0.24361 1.45576
0.230897 1.45783
0.21521 1.44001
0.202497 1.44084
0.189133 1.4366
0.176589 1.4382
0.163692 1.4367
0.15188 1.44504
0.13821 1.43536
0.125766 1.43751
0.116041 1.47444
0 0
0 0
0 0
0.063161 1.44662
0.0504648 1.44512
0.0376947 1.43951
0.0251838 1.44278
0.0126448 1.44894
1.07886e-07 1.429
-0.0124962 1.43195
-0.0249745 1.43078
-0.0379828 1.4505
-0.0503948 1.44312
-0.0628118 1.43863
-0.0747879 1.42704
-0.0865669 1.41536
-0.103588 1.48138
-0.113138 1.43755
-0.124023 1.41759
-0.136389 1.41645
-0.151462 1.44106
-0.164031 1.43969
-0.176223 1.43522
-0.187174 1.42173
-0.198043 1.40915
-0.211515 1.41528
-0.224483 1.41733
-0.237669 1.42025
-0.253353 1.43683
-0.262601 1.41687
-0.284687 1.46459
-0 0
-0 0
-0 0
-0 0
-0 0
-0 0
-0 0
-0 0
-0 0
-0 0
-0 0
-0 0
-0 0
-0 0
-1.12707 3.36845
-1.15088 3.34241
-1.19036 3.36146
-0.508584 1.39732
-0.515155 1.37784
-0.530743 1.38263
-0.544987 1.38353
-0.564907 1.39819
-0.571729 1.38028
-0.58805 1.38536
-0.604902 1.39118
-0.61946 1.39133
-0.62826 1.37859
-0.640267 1.37306
-0.658682 1.38096
-0.670269 1.37426
-0.68179 1.36746
-0.705047 1.38373
-0.716172 1.37575
-0.730497 1.37387
-0.745322 1.37271
-0.757758 1.36703
-0.773105 1.36646
-0.792 1.37178
-0.802926 1.3631
-0.812215 1.35175
-0.829205 1.35314
-0.84999 1.36027
-0.872574 1.36967
-0.883949 1.36116
-0.90021 1.36007
-0.917636 1.36045
-0.93457 1.35981
-0.948695 1.35488
-0.98313 1.3783
-0 0
-0 0
-0 0
-0 0
-0 0
-0 0
-0 0
-0 0
-0 0
-0 0
-0 0
-0 0
-0 0
-0 0
-0 0
-0 0
-0 0
-0 0
-0 0
0 0
0 0
0 0
0 0
0 0
0 0
0 0
0 0
0 0
0 0
0 0
0 0
0 0
0 0
0 0
0 0
0 0
0 0
0 0
0 0
0 0
0 0
0 0
0 0
0 0
0 0
0 0
0 0
0 0
28.538 15.3956
2.79014