24259.1 -4556.82
24505.2 -3191.6
24471 -3192.29
24437.1 -3192.97
24365.9 -3414.44
24334.1 -3415.08
24302.4 -3415.72
24279.4 -3356.17
24268.8 -3196.35
24235.4 -3197.02
24216 -3077.39
24181.8 -3078.07
24147.6 -3078.76
24113.4 -3079.45
24079.4 -3080.13
24045.4 -3080.81
24011.4 -3081.5
23977.5 -3082.18
23943.7 -3082.86
23909.9 -3083.54
23876.1 -3084.22
23842.4 -3084.89
23808.6 -3085.57
23774.9 -3086.25
23741.2 -3086.93
23707.5 -3087.6
23673.9 -3088.28
23640.2 -3088.96
23606.5 -3089.64
23572.8 -3090.31
23539 -3090.99
23505.3 -3091.67
23471.5 -3092.35
23437.7 -3093.03
23403.8 -3093.71
23369.9 -3094.39
23336 -3095.07
23302 -3095.75
23267.9 -3096.44
23233.8 -3097.12
23199.6 -3097.81
23165.3 -3098.5
23150.8 -3218.82
23117.5 -3219.49
23084 -3220.16
23050.4 -3220.83
23016.8 -3221.51
22983 -3222.19
23251.2 -4592.65
23252.6 -4692.65
23255.7 -4792.6
23255.6 -4872.62
23257 -4952.61
23249.1 -4992.78
23230.9 -4993.14
23212.7 -4993.51
23194.3 -4993.88
23175.8 -4994.25
23157.3 -4994.62
23138.7 -4995
23119.9 -4995.37
23101.1 -4995.75
23082.2 -4996.13
23063.1 -4996.52
23273.4 -5612.41
23275.4 -5652.38
23270.3 -5672.49
23273.6 -5712.43
23277.5 -5752.36
23273.8 -5772.44
23270.4 -5792.51
23276.2 -5832.4
23273.6 -5852.46
23280.6 -5892.33
23278.9 -5912.36
23277.6 -5932.39
23276.6 -5952.42
23275.9 -5972.44
23275.6 -5992.45
23275.6 -6012.45
23276 -6032.45
23276.7 -6052.44
23277.8 -6072.42
23279.2 -6092.39
23281 -6112.36
23283.2 -6132.32
23285.7 -6152.28
23276.3 -6152.47
23279.3 -6172.41
23282.7 -6192.34
23286.5 -6212.27
23277.4 -6212.45
23281.8 -6232.37
23286.5 -6252.28
23291.7 -6272.18
23282.9 -6272.36
23288.6 -6292.25
23279.9 -6292.42
23286.2 -6312.3
23292.9 -6332.17
23284.3 -6332.34
23291.6 -6352.2
23283.2 -6352.37
23291.1 -6372.21
23282.7 -6372.38
23291.2 -6392.21
23282.9 -6392.38
23292.1 -6412.2
23283.8 -6412.37
23293.6 -6432.17
23285.4 -6432.34
23296 -6452.13
23287.8 -6452.3
23299 -6472.07
23290.9 -6472.24
23282.6 -6472.4
23279.9 -6477.97
23280.1 -6486.19
23280.2 -6494.27
23280.4 -6502.22
23280.6 -6510.04
23280.7 -6517.73
23280.9 -6525.31
23281 -6532.76
23281.2 -6540.11
23281.3 -6547.34
23281.5 -6554.47
23281.6 -6561.5
23281.7 -6568.42
23281.9 -6575.25
23282 -6581.99
23282.1 -6588.64
23262 -6580.72
23262.1 -6587.46
23242 -6580.18
23242.1 -6587.02
23222 -6580.35
23222.1 -6587.28
23202 -6581.22
23202.1 -6588.24
23182 -6582.77
23182.1 -6589.88
23162 -6584.99
23141.9 -6580.5
23142.1 -6587.85
23122 -6583.92
23101.9 -6580.38
23102.1 -6587.98
23082 -6584.98
23062 -6582.36
23062.1 -6590.19
23042.1 -6588.1
23022 -6586.38
23002 -6585.03
23002.2 -6593.23
22962 -6583.4
22962.1 -6591.9
22942.1 -6591.76
22922.1 -6591.98
22902.1 -6592.55
22862 -6585.53
22842 -6586.99
22822.1 -6588.8
22802.1 -6590.94
22782.1 -6593.42
22742 -6589.31
22722.1 -6592.65
22702.2 -6596.33
22662.1 -6593.99
22622.1 -6592.37
22602.2 -6597.42
22562.2 -6597.02
22522.2 -6597.33
22502.3 -6603.72
22502.5 -6615.62
22502.8 -6627.46
22503 -6639.25
22503.2 -6650.98
22503.5 -6662.66
22503.7 -6674.29
22503.9 -6685.87
22504.2 -6697.41
22504.4 -6708.91
22504.6 -6720.36
22504.9 -6731.78
22505.1 -6743.15
22505.3 -6754.5
22505.5 -6765.81
22505.8 -6777.08
22506 -6788.33
22506.2 -6799.55
22506.4 -6810.74
22506.7 -6821.91
22506.9 -6833.06
22507.1 -6844.18
22507.3 -6855.29
22507.6 -6866.37
22507.8 -6877.45
22508 -6888.51
22508.2 -6899.55
22508.5 -6910.59
22508.7 -6921.62
22508.9 -6932.64
22509.1 -6943.65
22509.3 -6954.66
22509.6 -6965.67
22509.8 -6976.68
22510 -6987.69
22510.2 -6998.7
22510.4 -7009.72
22510.7 -7020.75
22510.9 -7031.78
22511.1 -7042.82
22511.3 -7053.87
22511.6 -7064.94
22511.8 -7076.02
22512 -7087.12
22512.2 -7098.24
22512.4 -7109.37
22512.7 -7120.53
22512.9 -7131.71
22513.1 -7142.92
22513.3 -7154.16
22533.5 -7161.88
22613.4 -7158.14
22673.4 -7156.89
22733.4 -7154.59
22773.4 -7155.48
22833.4 -7151.25
22873.3 -7150.57
22893.4 -7154
22933.4 -7152.11
22973.3 -7149.51
23013.3 -7146.2
23033.3 -7147.72
23053.4 -7148.9
23073.4 -7149.74
23113.3 -7144.13
23133.3 -7144.09
23153.3 -7143.7
23173.3 -7142.96
23193.2 -7141.87
23193.4 -7147.48
23213.3 -7145.87
23233.3 -7143.9
23253.2 -7141.57
23253.3 -7146.73
23273.3 -7143.87
23293.2 -7140.65
23293.3 -7145.51
23293.4 -7150.4
23293.5 -7155.32
23293.6 -7160.29
23293.7 -7165.29
23293.8 -7170.32
23293.9 -7175.4
23294 -7180.52
23294.1 -7185.69
23294.2 -7190.9
23294.3 -7196.15
23294.5 -7201.45
23294.6 -7206.8
23294.7 -7212.19
23294.8 -7217.64
23294.9 -7223.14
23295 -7228.7
23295.1 -7234.31
23295.2 -7239.98
23295.3 -7245.71
23295.5 -7251.51
23295.6 -7257.36
23295.7 -7263.28
23295.8 -7269.27
23295.9 -7275.33
23296.1 -7281.46
23296.2 -7287.66
23296.3 -7293.94
23296.4 -7300.3
23296.6 -7306.74
23296.7 -7313.26
23296.8 -7319.87
23297 -7326.57
23297.1 -7333.36
23297.2 -7340.24
23297.4 -7347.23
23297.5 -7354.31
23297.7 -7361.5
23297.8 -7368.79
23298 -7376.2
23298.1 -7383.73
23298.3 -7391.37
23298.4 -7399.13
23298.6 -7407.03
23298.7 -7415.05
23298.9 -7423.21
23299.1 -7431.51
23306.7 -7432.11
23314.9 -7431.95
23304.3 -7452.16
23312.5 -7452
23302.7 -7472.2
23311 -7472.03
23301.9 -7492.22
23310.2 -7492.05
23318.5 -7491.89
23310.2 -7512.06
23318.5 -7511.89
23310.8 -7532.05
23319.2 -7531.88
23312.1 -7552.03
23305.6 -7572.16
23314.1 -7571.99
23308.2 -7592.12
23316.8 -7591.94
23311.4 -7612.05
23170.3 -7834.93
23181.7 -7834.71
23192.9 -7834.48
23204.1 -7834.26
23215.1 -7834.03
23225.9 -7833.82
23236.7 -7833.6
23247.3 -7833.39
23257.9 -7833.17
23268.3 -7832.97
23278.6 -7832.76
23288.8 -7832.55
23298.9 -7832.35
23308.9 -7832.15
23318.8 -7831.95
23328.6 -7831.75
23338.4 -7831.56
23348 -7831.36
23357.6 -7831.17
23367 -7830.98
23376.4 -7830.79
23385.8 -7830.6
23395 -7830.42
23404.2 -7830.23
23413.3 -7830.05
23422.4 -7829.87
23431.3 -7829.69
23440.2 -7829.51
23449.1 -7829.33
23457.9 -7829.15
23466.6 -7828.98
23475.3 -7828.8
23483.9 -7828.63
23492.5 -7828.46
23501 -7828.29
23509.5 -7828.12
23517.9 -7827.95
23526.3 -7827.78
23534.7 -7827.61
23543 -7827.44
23551.2 -7827.28
23559.5 -7827.11
23567.6 -7826.95
23575.8 -7826.79
23583.9 -7826.62
23592 -7826.46
23600 -7826.3
23608.1 -7826.14
23616.1 -7825.98
23624 -7825.82
23632 -7825.66
23639.9 -7825.5
23647.8 -7825.34
23655.6 -7825.18
23663.5 -7825.02
23671.3 -7824.87
23679.1 -7824.71
23686.9 -7824.55
23694.7 -7824.4
23702.5 -7824.24
23710.2 -7824.08
23718 -7823.93
23725.7 -7823.77
23733.4 -7823.62
23741.1 -7823.46
23748.8 -7823.31
23756.5 -7823.15
23764.2 -7823
23771.9 -7822.84
23779.6 -7822.69
23787.3 -7822.53
23795 -7822.38
23802.7 -7822.23
23810.4 -7822.07
23818.1 -7821.92
23825.8 -7821.76
23833.5 -7821.61
23841.2 -7821.45
23848.9 -7821.3
23856.6 -7821.14
23864.4 -7820.99
23872.1 -7820.83
23879.9 -7820.67
23887.7 -7820.52
23895.5 -7820.36
23903.3 -7820.2
23911.1 -7820.05
23919 -7819.89
23926.9 -7819.73
23934.8 -7819.57
23942.7 -7819.41
23950.6 -7819.25
23958.6 -7819.09
23966.6 -7818.93
23974.6 -7818.77
23982.7 -7818.61
23990.7 -7818.45
23998.9 -7818.28
24007 -7818.12
24015.2 -7817.96
24023.4 -7817.79
24031.7 -7817.62
24040 -7817.46
24048.3 -7817.29
24056.7 -7817.12
24065.2 -7816.95
24073.6 -7816.78
24082.2 -7816.61
24090.7 -7816.44
24099.4 -7816.26
24108.1 -7816.09
24116.8 -7815.91
24158 -7895.1
24159.3 -7875.07
24160.4 -7855.05
24161.1 -7835.03
24161.4 -7815.02
24161.4 -7795.01
24151.7 -7755.2
24150.8 -7735.21
24159.3 -7735.04
24157.9 -7715.07
24156.1 -7695.1
24164.4 -7694.93
24172.7 -7694.77
24181.1 -7694.6
24189.6 -7694.43
24198.2 -7694.25
24206.8 -7694.08
24215.6 -7693.9
24224.4 -7693.73
24233.3 -7693.55
24242.3 -7693.37
24251.4 -7693.18
24260.6 -7693
24269.9 -7692.81
24279.3 -7692.62
24288.8 -7692.43
24298.4 -7692.24
24308.1 -7692.04
24318 -7691.85
24328 -7691.65
24338.1 -7691.44
24348.3 -7691.24
24358.6 -7691.03
24369.1 -7690.82
24379.8 -7690.6
24390.6 -7690.39
24401.5 -7690.17
24412.6 -7689.94
24423.9 -7689.72
24435.3 -7689.49
24446.9 -7689.26
24458.7 -7689.02
24470.6 -7688.78
24482.8 -7688.53
24495.1 -7688.29
24507.7 -7688.03
24520.4 -7687.78
24533.4 -7687.52
24544.4 -7685.17
24544.2 -7672.04
24564.3 -7677.98
24665.9 -7757.56
24665.6 -7743.1
24665.3 -7728.88
24665 -7714.89
24664.8 -7701.11
24664.5 -7687.54
24664.2 -7674.18
24664 -7661.01
24663.7 -7648.04
24663.4 -7635.25
24663.2 -7622.64
24662.9 -7610.21
24662.7 -7597.94
24662.5 -7585.83
24662.2 -7573.88
24662 -7562.09
24661.7 -7550.44
24661.5 -7538.94
24661.3 -7527.58
24661.1 -7516.35
24660.8 -7505.25
24660.6 -7494.28
24660.4 -7483.44
24660.2 -7472.71
24660 -7462.1
24659.8 -7451.6
24659.5 -7441.22
24659.3 -7430.93
24659.1 -7420.75
24658.9 -7410.67
24658.7 -7400.69
24658.5 -7390.8
24658.3 -7381
24658.1 -7371.29
24658 -7361.67
24657.8 -7352.13
24657.6 -7342.67
24657.4 -7333.28
24657.2 -7323.98
24657 -7314.75
24656.8 -7305.58
24656.6 -7296.49
24656.5 -7287.47
24656.3 -7278.5
24656.1 -7269.61
24655.9 -7260.77
24655.7 -7251.99
24655.6 -7243.27
24655.4 -7234.6
24655.2 -7225.98
24655.1 -7217.42
24654.9 -7208.91
24654.7 -7200.44
24654.5 -7192.02
24654.4 -7183.65
24654.2 -7175.32
24654 -7167.03
24653.9 -7158.78
24653.7 -7150.56
24653.5 -7142.39
24653.4 -7134.25
24653.2 -7126.14
24653.1 -7118.07
24652.9 -7110.02
24652.7 -7102.01
24652.6 -7094.02
24652.4 -7086.07
24652.3 -7078.13
24652.1 -7070.22
24651.9 -7062.34
24651.8 -7054.47
24651.6 -7046.62
24651.5 -7038.8
24651.3 -7030.99
24651.1 -7023.2
24651 -7015.42
24650.8 -7007.66
24650.7 -6999.91
24690.6 -6994.42
25779.4 -7037.91
25779 -7020.3
25778.7 -7002.7
25778.3 -6985.13
25958 -6969.79
25957.6 -6950.66
25957.3 -6931.54
25956.9 -6912.42
25956.5 -6893.31
25956.1 -6874.19
25955.7 -6855.07
25955.3 -6835.95
25955 -6816.81
25954.6 -6797.67
25954.2 -6778.5
25953.8 -6759.32
25953.4 -6740.12
25953 -6720.89
25952.6 -6701.64
25952.3 -6682.35
25951.9 -6663.03
25951.5 -6643.68
25951.1 -6624.29
25950.7 -6604.85
25950.3 -6585.37
25949.9 -6565.84
25949.5 -6546.25
25949.1 -6526.61
25948.7 -6506.92
25948.3 -6487.16
25947.9 -6467.33
25947.5 -6447.44
25947.1 -6427.48
25946.7 -6407.44
25946.3 -6387.32
25945.9 -6367.12
25945.5 -6346.83
25945.1 -6326.46
25944.7 -6305.99
25944.3 -6285.42
25943.9 -6264.75
25943.4 -6243.98
25943 -6223.1
25942.6 -6202.1
25942.2 -6180.99
25941.8 -6159.75
25941.3 -6138.39
25940.9 -6116.91
25940.5 -6095.28
25940 -6073.52
25939.6 -6051.61
25939.1 -6029.55
25938.7 -6007.34
25938.2 -5984.97
25937.8 -5962.44
25937.3 -5939.74
25936.9 -5916.86
25936.4 -5893.81
25935.9 -5870.56
25935.5 -5847.13
25935 -5823.5
25934.5 -5799.66
25934 -5775.61
25933.5 -5751.35
25933.1 -5726.86
25932.6 -5702.15
25932.1 -5677.19
25931.5 -5651.99
25931 -5626.54
25930.5 -5600.83
25930 -5574.85
25929.5 -5548.59
25928.9 -5522.05
25908.7 -5508.45
25888.4 -5495.04
25848.4 -5495.56
25788.7 -5510.76
25768.4 -5498.7
25727.2 -5502.31
25689.1 -5504.28
25656.8 -5502.59
25633.5 -5494.38
25591.9 -5500.99
25565.5 -5496.19
25526.9 -5501.79
25504.2 -5494.82
25468.4 -5499.36
25473 -5469.64
25478.6 -5438.47
25482 -5408.68
25467.6 -5394.65
25477 -5358.59
25467.6 -5339.47
25475.4 -5303.64
25468.5 -5281.51
25024.5 -5693.9
25002.2 -5694.45
24980.9 -5694.44
24971 -5682.74
24949.8 -5683.17
24928.9 -5683.59
24894 -5699.87
24874 -5700.27
24854.4 -5700.67
24835.1 -5701.06
24816 -5701.44
24797.3 -5701.81
24778.8 -5702.18
24760.7 -5702.55
24742.7 -5702.91
24725.1 -5703.27
24707.6 -5703.62
24690.5 -5703.96
24673.5 -5704.3
24656.8 -5704.64
24640.3 -5704.97
24624 -5705.3
24607.9 -5705.62
24592 -5705.94
24576.3 -5706.26
24560.8 -5706.57
24545.4 -5706.88
24530.3 -5707.18
24515.3 -5707.48
24500.4 -5707.78
24485.8 -5708.07
24471.2 -5708.37
24456.9 -5708.65
24442.7 -5708.94
24428.6 -5709.22
24414.6 -5709.5
24400.8 -5709.78
24387.2 -5710.06
24373.6 -5710.33
24360.2 -5710.6
24346.9 -5710.87
24333.7 -5711.13
24320.6 -5711.39
24307.6 -5711.66
24294.7 -5711.91
24281.9 -5712.17
24277.5 -5692.26
24272.7 -5672.35
24693.9 -4548.08
24669.8 -4548.57
24645.8 -4549.05
24622 -4549.53
24598.3 -4550
24574.8 -4550.47
24551.5 -4550.94
24528.2 -4551.41
24505.2 -4551.87
24482.2 -4552.34
24459.4 -4552.79
24436.7 -4553.25
24414.1 -4553.7
24391.7 -4554.16
24369.3 -4554.6
24347.1 -4555.05
24324.9 -4555.5
24302.9 -4555.94
24280.9 -4556.38
24259.1 -4556.82
