22777.7 -2886.7
22740.7 -2875.67
23269.4 -4170.83
23267.8 -4210.87
23266.8 -4250.9
23266.5 -4290.91
23276.4 -4350.72
23268.1 -4370.9
23269.9 -4410.87
23272.4 -4450.83
23275.7 -4490.77
23279.6 -4530.69
23273.6 -4550.82
23278.8 -4590.72
23273.6 -4610.84
23268.7 -4630.94
23252.5 -4631.28
23236.1 -4631.61
23219.6 -4631.96
23202.9 -4632.3
23186 -4632.65
23168.9 -4633
23151.6 -4633.36
23134.2 -4633.72
23116.5 -4634.08
23098.7 -4634.45
23080.6 -4634.82
23062.4 -4635.2
23043.9 -4635.58
23025.1 -4635.97
23006.2 -4636.36
22987 -4636.76
22967.5 -4637.16
22947.8 -4637.57
22927.8 -4637.98
22907.5 -4638.4
22886.9 -4638.82
22866.1 -4639.25
22844.9 -4639.69
22823.5 -4640.13
22801.7 -4640.58
22779.5 -4641.04
22757 -4641.51
22734.2 -4641.98
22711 -4642.46
23294.2 -5250.55
23300.6 -5270.42
23287.2 -5270.7
23281.5 -5278.49
23281.7 -5291.87
23282 -5305.03
23282.3 -5317.97
23282.5 -5330.69
23282.8 -5343.22
23283.1 -5355.54
23283.3 -5367.68
23283.6 -5379.63
23283.8 -5391.4
23284 -5403
23284.3 -5414.43
23284.5 -5425.7
23284.7 -5436.82
23285 -5447.78
23285.2 -5458.59
23285.4 -5469.27
23285.6 -5479.8
23285.8 -5490.2
23286 -5500.47
23286.3 -5510.61
23286.5 -5520.64
23286.7 -5530.54
23286.9 -5540.33
23287.1 -5550.01
23287.3 -5559.58
23287.5 -5569.04
23287.7 -5578.41
23287.8 -5587.67
23288 -5596.84
23288.2 -5605.92
23288.4 -5614.91
23288.6 -5623.8
23288.8 -5632.62
23289 -5641.35
23289.1 -5650
23289.3 -5658.58
23289.5 -5667.08
23289.7 -5675.51
23289.8 -5683.86
23290 -5692.15
23290.2 -5700.38
23290.3 -5708.53
23290.5 -5716.63
23290.7 -5724.66
23290.8 -5732.64
23291 -5740.56
23291.2 -5748.43
23291.3 -5756.24
23291.5 -5764
23291.6 -5771.71
23291.8 -5779.37
23292 -5786.99
23292.1 -5794.56
23292.3 -5802.09
23292.4 -5809.58
23292.6 -5817.02
23292.7 -5824.43
23292.9 -5831.8
23293 -5839.13
23293.2 -5846.43
23293.3 -5853.7
23293.5 -5860.93
23293.6 -5868.13
23293.8 -5875.31
23293.9 -5882.45
23294.1 -5889.57
23294.2 -5896.66
23294.4 -5903.73
23294.5 -5910.78
23294.7 -5917.8
23294.8 -5924.8
23295 -5931.79
23295.1 -5938.75
23295.2 -5945.7
23295.4 -5952.63
23295.5 -5959.54
23295.7 -5966.44
23295.8 -5973.33
23296 -5980.21
23296.1 -5987.07
23296.2 -5993.93
23296.4 -6000.77
23296.5 -6007.61
23296.7 -6014.45
23296.8 -6021.27
23296.9 -6028.09
23297.1 -6034.91
23297.2 -6041.73
23297.4 -6048.55
23297.5 -6055.36
23297.6 -6062.18
23297.8 -6068.99
23297.9 -6075.81
23298.1 -6082.64
23298.2 -6089.47
23298.3 -6096.3
23298.5 -6103.14
23298.6 -6109.99
23298.8 -6116.85
23298.9 -6123.72
23299.1 -6130.6
23299.2 -6137.49
23299.3 -6144.4
23299.5 -6151.32
23299.6 -6158.26
23299.8 -6165.21
23299.9 -6172.18
23300.1 -6179.17
23300.2 -6186.18
23300.3 -6193.21
23300.5 -6200.27
23300.6 -6207.35
23300.8 -6214.45
23300.9 -6221.58
22524.9 -6422.92
22525.2 -6437.28
22525.5 -6451.71
22525.8 -6466.21
22526.1 -6480.76
22526.4 -6495.39
22526.7 -6510.08
22527 -6524.85
22527.3 -6539.69
22527.6 -6554.62
22528 -6569.62
22528.3 -6584.71
22528.6 -6599.89
22528.9 -6615.15
22529.2 -6630.52
22529.5 -6645.98
22529.9 -6661.54
22530.2 -6677.2
22530.5 -6692.97
22530.8 -6708.86
22531.2 -6724.85
22531.5 -6740.97
22531.8 -6757.21
22532.2 -6773.57
22532.5 -6790.07
22552.6 -6796.8
22592.6 -6793.12
22612.7 -6799.05
22652.6 -6794.13
22672.7 -6799.25
22712.6 -6793.07
22752.5 -6786.14
22772.6 -6789.89
22792.6 -6793.33
22832.5 -6784.56
22852.5 -6787.14
22872.6 -6789.4
22892.6 -6791.33
22912.6 -6792.95
22952.4 -6781.13
22972.4 -6781.83
22992.4 -6782.2
23012.4 -6782.22
23012.7 -6795.99
23032.7 -6795.57
23052.7 -6794.8
23072.7 -6793.68
23112.4 -6777.04
23112.6 -6790.34
23132.6 -6788.12
23152.5 -6785.52
23172.5 -6782.54
23192.4 -6779.17
23192.7 -6792.25
23212.6 -6788.38
23232.5 -6784.11
23252.4 -6779.42
23272.3 -6774.33
23272.6 -6787.16
23292.5 -6781.52
23312.4 -6775.45
23312.6 -6788.25
23312.9 -6801.27
23313.2 -6814.51
23313.5 -6827.98
23324.5 -6830.26
23318.9 -6850.38
23332.4 -6850.1
23327.3 -6870.21
23322.6 -6890.31
23318.4 -6910.4
23332 -6910.12
23328.3 -6930.2
23325 -6950.27
23322.1 -6970.34
23319.6 -6990.39
23333.3 -6990.11
23331.3 -7010.16
23329.7 -7030.19
23328.5 -7050.22
23327.6 -7070.25
23327.1 -7090.26
23326.9 -7110.27
23327.1 -7130.27
23327.6 -7150.26
23328.5 -7170.25
23329.8 -7190.23
23331.3 -7210.2
23333.2 -7230.16
23335.5 -7250.12
23216.9 -7472.62
23234.1 -7472.26
23251.1 -7471.91
23267.9 -7471.56
23284.5 -7471.22
23301.6 -7469.83
23317.5 -7470.31
23333.2 -7470.82
23348.8 -7471.35
23365 -7470.21
23379.9 -7471.66
23394.6 -7473.16
23408.8 -7475.63
23432.1 -7458.01
23445.8 -7460.69
23459.4 -7463.49
23470.9 -7471.25
23484 -7475.38
23505 -7459.53
23517.7 -7464.04
23530.2 -7468.76
23546.2 -7464.25
23558 -7470.76
23576.9 -7457.44
23588.3 -7464.62
23601 -7468.43
23618.3 -7457.83
23628.8 -7467.89
23645.4 -7458.36
23660.6 -7452.69
23670.1 -7466.54
23685.1 -7461.09
23699.7 -7456.55
23713.9 -7453.01
23724.1 -7465.02
23737 -7466.47
23753.8 -7450.46
23766.9 -7450.2
23779.9 -7449.93
23792.8 -7449.66
23805.7 -7449.39
23818.6 -7449.13
23831.4 -7448.86
23844.1 -7448.6
23856.8 -7448.34
23869.5 -7448.08
23882.2 -7447.82
23894.8 -7447.56
23907.3 -7447.3
23919.9 -7447.04
23932.4 -7446.78
23944.9 -7446.52
23957.3 -7446.26
23969.8 -7446.01
23982.2 -7445.75
23994.6 -7445.49
24007 -7445.24
24019.3 -7444.98
24031.7 -7444.73
24044 -7444.47
24056.3 -7444.22
24068.7 -7443.96
24081 -7443.71
24093.3 -7443.46
24105.6 -7443.2
24117.9 -7442.95
24130.2 -7442.69
24142.5 -7442.44
24163.7 -7602.04
24177.4 -7601.75
24191.1 -7601.47
24182.1 -7321.6
24193.4 -7321.36
24204.7 -7321.13
24216.1 -7320.9
24227.4 -7320.66
24238.8 -7320.43
24250.2 -7320.19
24261.6 -7319.95
24273.1 -7319.72
24284.5 -7319.48
24296 -7319.24
24307.6 -7319.01
24319.1 -7318.77
24330.7 -7318.53
24342.3 -7318.29
24354 -7318.05
24365.7 -7317.81
24377.5 -7317.56
24389.2 -7317.32
24401.1 -7317.08
24413 -7316.83
24424.9 -7316.58
24436.9 -7316.34
24448.9 -7316.09
24461 -7315.84
24473.2 -7315.59
24485.4 -7315.33
24497.7 -7315.08
24510 -7314.83
24522.4 -7314.57
24534.9 -7314.31
24547.5 -7314.05
24562.5 -7320.2
24578.5 -7328.23
24585.8 -7313.64
24674 -7498.08
24675.1 -7464.88
24675.8 -7432.26
24672.7 -7391.98
24673.2 -7361.57
24673.4 -7331.58
24673.3 -7301.99
24671 -7268.95
24670.6 -7241.08
24669.9 -7213.51
24668.8 -7186.21
24667.4 -7159.09
24666.1 -7133.16
24664.4 -7107.45
24673.5 -7101.7
24673.1 -7079.51
24671.1 -7055.1
24668.7 -7030.83
24669.1 -7012.01
24666.4 -6988.69
24663.4 -6965.48
24660 -6942.37
24661.4 -6927.26
24657.7 -6904.94
24667 -6902.43
24669.5 -6889.91
24665.4 -6868.36
24661 -6846.85
24656.1 -6825.39
24659.6 -6815.78
24654.5 -6794.91
24664.1 -6793.76
24668.8 -6786.22
24663.3 -6765.91
24657.3 -6745.61
24672.5 -6751.35
24666.3 -6731.47
24659.8 -6711.61
24670 -6711.4
24662.8 -6691.54
24655.2 -6671.69
24665.2 -6671.49
24657 -6651.65
24667 -6651.44
24658.1 -6631.62
24668.2 -6631.42
24678.4 -6631.2
24688.8 -6630.99
24698.7 -6630.21
24700.5 -6621.52
24702.3 -6612.97
24724.5 -6623.11
24727.8 -6615.85
25643.5 -7409.64
25671.8 -7409.94
25680.6 -7393.26
25710.7 -7394.42
25741.7 -7395.83
25777.7 -7400.65
25811.2 -7402.83
25841 -7401.5
25876.3 -7403.84
25898.1 -7395.48
25930 -7394.23
25968.8 -7397.45
26008.9 -7400.85
26017.4 -7381.58
26011.9 -7352.87
26015.6 -7330.7
26020.7 -7309.7
26007.1 -7276.8
26000.6 -7248.96
26000.1 -7225.27
25999.6 -7201.86
25999.2 -7178.7
25998.7 -7155.79
25998.2 -7133.13
25997.8 -7110.71
25997.3 -7088.51
25996.8 -7066.53
25996.4 -7044.77
25995.9 -7023.22
25995.5 -7001.88
25995.1 -6980.73
25994.6 -6959.77
25994.2 -6939
25993.8 -6918.4
25993.4 -6897.98
25992.9 -6877.73
25992.5 -6857.65
25992.1 -6837.72
25991.7 -6817.95
25991.3 -6798.32
25990.9 -6778.84
25990.5 -6759.5
25808.7 -6673.36
25808.3 -6656.1
25808 -6638.95
25807.6 -6621.91
25807.3 -6604.99
25867.3 -6607.5
25947.5 -6615.19
25947.1 -6597.21
25987 -6591.05
25986.7 -6572.89
25986.3 -6554.82
25985.9 -6536.84
25985.5 -6518.95
25985.2 -6501.15
25984.8 -6483.43
25984.4 -6465.79
25984.1 -6448.23
25983.7 -6430.74
25983.4 -6413.32
25983 -6395.96
25982.6 -6378.67
25982.3 -6361.45
25981.9 -6344.28
25981.6 -6327.16
25981.2 -6310.1
25980.9 -6293.08
25980.5 -6276.12
25980.2 -6259.19
25979.8 -6242.31
25979.5 -6225.47
25979.1 -6208.66
25978.8 -6191.88
25978.4 -6175.14
25978.1 -6158.42
25977.7 -6141.73
25977.4 -6125.06
25977.1 -6108.41
25976.7 -6091.78
25976.4 -6075.16
25976 -6058.56
25975.7 -6041.96
25975.3 -6025.37
25975 -6008.79
25974.7 -5992.2
25974.3 -5975.62
25974 -5959.04
25973.6 -5942.45
25973.3 -5925.85
25972.9 -5909.24
25972.6 -5892.61
25972.3 -5875.98
25971.9 -5859.32
25971.6 -5842.64
25971.2 -5825.94
25970.9 -5809.21
25970.5 -5792.46
25970.2 -5775.67
25969.8 -5758.85
25969.5 -5741.99
25969.1 -5725.09
25968.8 -5708.15
25968.4 -5691.17
25968.1 -5674.14
25967.7 -5657.05
25967.4 -5639.92
25967 -5622.72
25966.7 -5605.47
25966.3 -5588.16
25966 -5570.78
25965.6 -5553.33
25965.2 -5535.82
25964.9 -5518.22
25964.5 -5500.55
25964.1 -5482.81
25963.8 -5464.97
25963.4 -5447.05
25963 -5429.04
25962.7 -5410.93
25962.3 -5392.73
25961.9 -5374.42
25961.5 -5356.01
25961.1 -5337.49
25960.8 -5318.86
25960.4 -5300.11
25960 -5281.24
25959.6 -5262.25
25959.2 -5243.13
25958.8 -5223.87
25958.4 -5204.48
25958 -5184.94
25957.6 -5165.26
25937.4 -5154.8
25917.2 -5144.6
25877.1 -5144.47
25837.1 -5145.02
25777.4 -5156.5
25757.2 -5148.24
25746 -5135.39
25713.2 -5134.57
25663.5 -5143.74
25632.2 -5143.34
25605.4 -5140.89
25580.3 -5137.83
25551.5 -5137.48
25509.3 -5145.9
25501.4 -5133.49
25501.1 -5116.13
25502.3 -5097.64
25496.2 -5083.79
25499.5 -5063.47
25504.1 -5041.96
25499.5 -5026.58
25043.1 -5337.31
25023.1 -5339.07
25003.1 -5341.2
24983.2 -5343.7
24963.2 -5346.58
24943.3 -5349.85
24923.4 -5353.51
24923.1 -5341.44
24903.2 -5345.61
24883.3 -5350.18
24863.4 -5355.17
24863.1 -5343.29
24843.2 -5348.82
24823.4 -5354.78
24823.1 -5342.98
24803.3 -5349.51
24783.4 -5356.48
24783.2 -5344.76
24763.3 -5352.33
24743.5 -5360.38
24743.2 -5348.74
24739.3 -5340.73
24727.6 -5340.98
24716.1 -5341.21
24704.8 -5341.45
24693.6 -5341.68
24682.7 -5341.9
24671.9 -5342.13
24661.2 -5342.35
24650.8 -5342.56
24640.5 -5342.78
24630.3 -5342.99
24620.3 -5343.19
24610.5 -5343.4
24600.8 -5343.6
24591.2 -5343.79
24581.7 -5343.99
24572.4 -5344.18
24563.2 -5344.37
24554.1 -5344.56
24545.1 -5344.75
24536.2 -5344.93
24527.4 -5345.11
24518.8 -5345.29
24510.2 -5345.47
24501.8 -5345.64
24493.4 -5345.81
24485.1 -5345.98
24476.9 -5346.15
24468.8 -5346.32
24460.8 -5346.49
24452.9 -5346.65
24445 -5346.81
24437.3 -5346.97
24429.6 -5347.13
24421.9 -5347.29
24414.4 -5347.44
24406.9 -5347.6
24399.4 -5347.75
24392.1 -5347.9
24384.8 -5348.06
24377.5 -5348.2
24370.4 -5348.35
24363.2 -5348.5
24356.2 -5348.65
24349.1 -5348.79
24342.2 -5348.93
24335.3 -5349.08
24328.4 -5349.22
24321.6 -5349.36
24314.8 -5349.5
24308.1 -5349.64
24301.4 -5349.78
24294.7 -5349.91
24294.3 -5329.92
24293.6 -5309.93
24292.4 -5289.95
24592.3 -4192.46
24574.8 -4192.82
24557.5 -4193.18
24540.3 -4193.54
24523.1 -4193.89
24506.1 -4194.24
24489.1 -4194.59
24472.1 -4194.94
24455.3 -4195.29
24438.5 -4195.64
24421.8 -4195.98
24405.1 -4196.33
24388.5 -4196.67
24371.9 -4197.01
24355.4 -4197.35
24339 -4197.69
24322.6 -4198.03
24306.2 -4198.37
24289.9 -4198.71
24273.6 -4199.04
24369.5 -3056.82
24343.2 -3057.36
24317 -3057.9
24305.2 -2858.11
24278.5 -2838.65
24257 -2719.07
24227.9 -2719.67
24198.8 -2720.27
24169.8 -2720.87
24140.8 -2721.47
24111.9 -2722.07
24082.9 -2722.66
24054 -2723.26
24025.1 -2723.86
23996.1 -2724.46
23967.2 -2725.05
23938.3 -2725.65
23909.3 -2726.25
23880.4 -2726.85
23851.4 -2727.44
23822.4 -2728.04
23793.3 -2728.64
23764.3 -2729.24
23735.2 -2729.84
23706 -2730.45
23676.8 -2731.05
23647.6 -2731.65
23618.3 -2732.26
23588.9 -2732.86
23559.5 -2733.47
23530 -2734.08
23500.4 -2734.69
23470.8 -2735.3
23441 -2735.92
23411.2 -2736.53
23381.3 -2737.15
23351.3 -2737.77
23321.1 -2738.39
23290.9 -2739.02
23260.5 -2739.64
23230.1 -2740.27
23220.7 -2820.48
23201.7 -2860.88
23171.9 -2861.5
23142.1 -2862.12
23112 -2862.74
23081.9 -2863.36
23051.6 -2863.98
23021.1 -2864.61
22990.4 -2865.25
22959.6 -2865.88
22928.6 -2866.52
22901.9 -2879.3
22873.4 -2887.17
22839 -2879.99
22809.1 -2884.96
22777.7 -2886.7
