-773.695 -7846.89
-711.616 -7908.22
-649.004 -7969
-585.862 -8029.24
-522.198 -8088.93
-458.017 -8148.06
-393.322 -8206.62
-328.117 -8264.62
-262.408 -8322.05
-196.202 -8378.9
-129.502 -8435.17
-62.3142 -8490.86
5.35772 -8545.95
73.5091 -8600.46
142.133 -8654.37
211.224 -8707.68
280.777 -8760.38
350.79 -8812.48
421.252 -8863.96
5547.86 -1801.43
5563.81 -1797.98
5586.99 -1783.61
5608.74 -1770.58
5627.47 -1761.42
5641.63 -1758.72
5659.98 -1749.1
5681.29 -1734.15
5687.69 -1742.8
5698.31 -1744.54
5716 -1734.1
5727.98 -1732.97
5745.79 -1721.24
5763.83 -1708.4
5767.81 -1720.84
5778.52 -1720.9
5795.18 -1709.3
5803.45 -1713.54
5815.31 -1710.55
5824.03 -1713.71
5834.05 -1714.09
5844.47 -1713.46
5858.14 -1705.43
5869.62 -1701.81
5880.6 -1698.98
5891.11 -1696.94
5903.08 -1691.1
5911.19 -1694.4
5921.15 -1692.98
5930.7 -1692.39
5945.09 -1678.57
5953.42 -1680.57
5965.09 -1673.05
5974.01 -1672.98
5983.53 -1670.91
5988.69 -1682.08
6001.8 -1668.41
6009.71 -1670.85
6024.69 -1649.24
6031.33 -1655.32
6039.12 -1657.51
6046.93 -1659.62
6058.24 -1648.11
6065.73 -1651.03
6077.42 -1636.37
6082.58 -1648.88
6091.39 -1645.73
6101.77 -1634.67
6110.96 -1628.39
6117 -1637.74
6127.7 -1622.45
6133.65 -1632.66
6141.24 -1633.95
6151.16 -1620.36
6159.37 -1616.55
6165.31 -1628.51
6174.02 -1620.6
6181.02 -1625.51
6190.55 -1608.5
6196.48 -1623.22
6204.46 -1618.99
6211.5 -1624.64
6218.93 -1626.25
6227.89 -1605.84
6236.37 -1587.35
6242.44 -1609.71
6250.08 -1604.06
6257.21 -1610.33
6264.92 -1597.55
6272.01 -1609.7
6279.36 -1614.78
6286.76 -1600.8
6293.87 -1582.76
6301.15 -1589.65
6308.47 -1593.48
6315.79 -1595.24
6322.63 -1585.96
6329.86 -1586.6
6337.04 -1586.18
6343.64 -1577.72
6351.14 -1582.16
6357.66 -1574.58
6364.93 -1575.91
6371.8 -1573.2
6378.51 -1569.43
6386.78 -1578.51
6394.15 -1579.58
6399.57 -1566.72
6405.82 -1560.74
6415.46 -1576.45
6420.55 -1563.45
6427.7 -1563.22
6434.48 -1560.97
6439.7 -1550.81
6448.17 -1557.26
6454.25 -1551.9
6459.38 -1542.59
6466.85 -1543.96
6474.59 -1546.24
6480.68 -1541.65
6492 -1557.33
6501 -1563.22
6505.54 -1552.64
6523.51 -1589.12
6529.56 -1583.18
6532 -1565.72
6543.82 -1578.79
6555.59 -1590.76
6565.34 -1595.95
6571.61 -1590.64
6581.84 -1596.59
6595.28 -1610.88
6606.53 -1618.44
6623.69 -1640.79
6640.53 -1661.05
6649.48 -1660.7
6677.27 -1705.49
7721.92 -4132.25
7328.94 -3152.81
7300.75 -3034.07
7315.95 -3015.12
7332.58 -2999.7
7352.92 -2992.28
7369.25 -2976.59
7408.66 -3007.28
7480.13 -3098.88
7521.77 -3129.13
7505.62 -3049.45
7519.3 -3027.3
7540.95 -3019.94
7560.1 -3008.02
7570.61 -2981.24
7590.93 -2971.66
7606.53 -2954.19
7620.88 -2934.91
7641.9 -2926.56
7653.18 -2902.85
7670.15 -2888.32
7690.86 -2879.48
7704.22 -2859.68
7805.92 -2968.23
7879.72 -3032.6
7865.12 -2970.63
12176.9 -8843.96
10208.9 -6047.32
10437 -6253.76
10867.9 -6714.89
10794.4 -6514.92
10942.3 -6598.06
10799.5 -6318.94
10907 -6351
10895.7 -6239.31
11014.9 -6282.39
11248.3 -6453.43
11289.1 -6400.18
11517.1 -6554.41
11516.7 -6453.33
11603 -6446.89
11672.4 -6421.27
11717.4 -6369.74
11755.6 -6311.44
11730.1 -6190.08
11883.7 -6246.61
11944.3 -6210.03
11978.5 -6148.07
12035.6 -6107.72
11837.6 -5834.13
11669.5 -5595.14
11817.2 -5641.22
12195.9 -5884.14
12117 -5727.36
12038.9 -5574.93
11815.6 -5306.81
11292.4 -4804.34
11280.4 -4723.22
11239.8 -4621.12
10977 -4351.17
10782.6 -4140.76
10578.5 -3929.29
10421.3 -3758
10270.4 -3596.08
10129.3 -3445.62
9983.38 -3296.15
9983.76 -3249.28
10006.1 -3217.46
9823.39 -3052.9
9611.89 -2875.11
9456.16 -2737.66
9379.37 -2652.6
9291.06 -2562.87
9233.33 -2493.56
9159.89 -2416.91
9097.54 -2348.56
9039.48 -2284.33
8983.15 -2222.66
8997.55 -2200
9018.85 -2180.88
9031.12 -2156.97
9064.67 -2143.63
9082.9 -2122.38
9115.42 -2107.78
9127.04 -2083.03
9150.29 -2063.55
9174.32 -2044.18
9191.81 -2021.7
9210.96 -1999.79
9233.66 -1979.17
9257.14 -1958.61
9282.35 -1938.47
9303.7 -1916.56
9298.65 -1884.59
9262.24 -1841.57
9214.94 -1795.62
9166.12 -1750.26
9132.87 -1711.19
9097.26 -1672.17
9054.5 -1631.74
8999.78 -1588.64
9019.34 -1568.6
9015.68 -1541.69
9017.55 -1516.51
9019.18 -1491.35
8998.31 -1460.5
8964.48 -1426.95
8934.17 -1394.97
8908.39 -1364.68
8884.23 -1335.33
8850.96 -1304.58
8814.41 -1273.87
7550.09 -1007.41
7430.2 -973.976
7389.63 -956.583
7376.48 -944.488
7381.96 -935.579
7359.68 -922.495
7333.29 -909.264
7320.63 -898.31
7316.8 -888.669
7323.82 -880.333
7318.83 -870.649
7314.74 -861.155
7307.58 -851.485
7306.31 -842.407
7314.94 -834.039
7314.52 -824.992
7324 -816.464
7339.41 -808.027
7345.75 -799.026
7364.01 -790.212
7385.2 -781.128
7399.31 -771.628
7419.33 -761.873
7407.27 -752.102
7420.13 -742.063
7447.88 -731.38
7457.55 -720.87
7464.12 -710.325
7477.59 -699.284
7489.96 -688.067
7507.2 -676.271
7527.33 -663.929
7506.49 -654.871
7539.33 -640.903
7546.16 -629.115
7569.77 -615.245
7576.37 -603.053
7604.65 -587.827
7603.06 -576.32
7624.12 -561.39
7629.21 -548.608
7662.78 -530.887
7685.31 -514.492
7684.06 -502.101
7699.39 -486.44
7718.47 -469.688
7623.93 -476.893
7515 -488.996
7493.08 -482.808
7511.96 -467.107
7494.78 -460.067
7484.34 -451.541
7473.85 -443.173
7472.93 -432.276
7455.58 -426.084
7452.59 -415.885
7430.39 -411.592
7430.13 -400.706
7418.37 -393.526
7433.1 -377.593
7466.54 -354.832
7482.71 -337.496
7519.32 -312.287
7662.3 -246.304
7723.04 -209.11
7720.93 -195.481
7699.24 -189.746
7703.41 -173.587
7690.85 -164.373
7677.32 -155.733
7671.96 -143.609
7653.76 -137.36
7647.34 -125.866
7630.9 -119.189
7619.83 -110.111
7630.17 -90.4315
7621.57 -80.0879
7596.95 -78.1816
7590.03 -67.233
7576.88 -59.7031
7574.18 -46.5139
7560.92 -39.2454
7547.62 -32.1534
7548.94 -16.5846
7545.79 -3.52022
7525.48 -0.933057
7518.78 9.86
7506.08 16.8231
7502.57 29.6307
7488.11 35.2426
7476.12 42.3445
7469.04 52.7053
7463.51 64.1537
7457.05 74.9859
7455.34 89.3029
7437.42 91.73
7424.32 97.5289
7412.8 104.385
7409.9 117.893
7405.29 130.168
7395.9 138.646
7385.67 146.391
7381.51 159.179
7371.89 167.408
7361.46 174.883
7350.24 181.582
7343.43 192.18
7342.41 208.145
7337.54 220.749
7319.5 220.929
7314.45 233.396
7303.58 240.232
7291.25 245.538
7283.8 255.707
7287.35 277.35
7272.04 279.516
7258.81 283.691
7249.63 292.147
7245.72 306.476
7231.72 309.565
7224.28 320.051
7228.4 344.195
7212.28 344.711
7197.49 346.576
7194.05 362.276
7187.91 374.865
7177.33 381.909
7167.9 390.444
7165 407.698
7149.4 408.085
7140.9 418.011
7132.88 428.693
7129.88 446.705
7123.8 460.63
7105.27 456.28
7097.35 467.563
7085.49 472.923
7077.88 484.924
7071.18 498.584
7067.95 518.197
7047.49 509.533
7042.92 527.348
7035.12 539.978
7026.17 550.827
7012.73 553.74
7002.16 561.797
6995.24 576.839
6983.98 583.871
6975.81 597.051
6971.02 617.356
6953.27 611.593
6943.81 622.789
6934.21 633.925
6921.99 639.534
6912.96 652.35
6906.14 670.621
6892.82 674.142
6887.87 697.879
6874.35 701.226
6864.46 713.758
6854.4 726.229
6836.49 718.017
6828.31 735.934
6821.51 758.536
6809.5 766.941
6795.18 768.611
6791.31 802.5
6775.83 801.131
6762.74 807.265
6751.27 819.046
6738.81 827.86
6725.43 833.685
6714.82 850.027
6701.46 856.62
6695.24 892.222
6685.64 916.165
6687.04 989.776
6679.24 1027.4
6663.59 1030.77
6651.08 1049.68
6638.83 1071.46
6624.61 1084.31
6609.85 1095.09
6595.9 1111.66
6578.28 1106.39
6566.04 1136.58
6549.72 1140.94
6535.03 1158.05
6519.93 1174.05
6505.35 1196.89
6489.46 1210.67
6473.55 1226.32
6457.45 1242.83
6441.39 1263.2
6424.86 1281.44
6408.55 1308.54
6390.91 1318.52
6373.83 1345.34
6355.78 1357.03
6337.84 1380.56
6319.61 1411.93
6300.66 1418.14
6281.59 1436.2
6262.15 1459.08
6242.53 1470.79
6222.61 1485.32
6201.92 1513.67
6181.15 1532.84
6159.11 1568.79
6136.88 1597.54
6115.06 1613.11
6093.04 1627.48
6069.34 1657.58
6045.49 1683.47
6022.65 1695.21
6002.93 1677.92
5984.35 1653.53
5962.87 1653.79
5939.25 1668.7
5911.61 1708.11
5884.04 1742.27
5858.85 1758.4
5829.49 1795.93
5797.61 1842.96
5766.03 1883.75
5739.93 1893.81
5706.7 1935.88
5676.4 1960.98
5642.45 1999.4
5605.43 2047.14
5571.43 2078.93
5535.05 2117.1
5495.35 2164.51
5454.77 2211.44
5414.7 2253.08
5389.55 2241.54
5422.45 2041.49
5308.82 2315.05
5239.43 2436.63
5189.22 2493.73
5139.24 2546.4
5088.26 2598.45
5031.82 2662.07
4973.82 2725.89
4915.7 2786.15
4855.33 2848.44
4795.27 2906.24
4725.65 2983.58
4654.56 3059.97
4578.82 3142.73
4538.67 3141.38
4557.1 3011.42
4338.44 3392.85
4240.46 3504.66
4148.74 3598.01
4047.18 3706.17
3944.49 3811.11
3823.59 3945.59
5000.52 1642.7
4920.22 1740.27
4873.13 1773.7
3295.74 4499.38
3137.09 4667.76
2970.2 4842.36
2798.47 5017.01
4262.37 2524.81
4606.23 1913.18
4709 1701.28
4685.91 1689.95
4673.41 1662.57
4647.81 1655.03
4631.88 1633.24
4601.83 1631.82
4584.48 1612.15
393.729 7316.36
323.442 7264.64
253.61 7212.31
184.235 7159.37
115.327 7105.82
46.8831 7051.68
-21.081 6996.94
-88.5651 6941.61
-155.563 6885.7
-222.071 6829.2
-288.084 6772.12
-353.596 6714.47
-418.602 6656.25
-483.097 6597.47
-547.078 6538.13
-610.541 6478.22
-673.476 6417.77
-735.881 6356.77
-797.751 6295.23
