16493.3 -3042.54
16511.3 -3042.2
16529.4 -3041.86
16547.4 -3041.52
16565.5 -3041.18
16583.5 -3040.84
16601.5 -3040.5
16619.5 -3040.16
16637.6 -3039.82
16655.6 -3039.48
16673.6 -3039.14
16691.7 -3038.81
16709.7 -3038.46
16727.8 -3038.12
16745.9 -3037.78
16764 -3037.44
16782.1 -3037.1
16800.3 -3036.76
16818.5 -3036.42
16836.7 -3036.07
16854.9 -3035.73
16873.2 -3035.38
16891.6 -3035.04
16909.9 -3034.69
16928.4 -3034.35
16946.8 -3034
16965.4 -3033.65
16983.9 -3033.3
17002.6 -3032.95
17021.3 -3032.6
17040.1 -3032.24
17058.9 -3031.89
17077.8 -3031.53
17096.8 -3031.17
17089.5 -2931.29
17096.7 -2891.15
17097.7 -2831.12
17086 -2731.32
17090.5 -2691.23
17094.4 -2651.15
17104 -2630.97
17119.8 -2630.67
17135.8 -2630.37
17151.9 -2630.06
17168 -2629.76
17213.8 -2708.91
17215.8 -2668.87
17201.6 -2589.12
17217.7 -2588.82
17234 -2588.51
17250.4 -2588.2
17266.9 -2587.89
17283.5 -2587.58
17758.4 -3598.81
17785.9 -3598.3
17813.5 -3597.78
17841.4 -3597.25
17869.6 -3596.72
17897.9 -3596.19
17926.5 -3595.65
17955.4 -3595.1
17984.5 -3594.56
18013.8 -3594
18043.5 -3593.44
20460.5 -7748.66
20538.8 -7747.19
20546.8 -7627.02
20625.2 -7625.54
20704.4 -7624.05
20784.4 -7622.54
20914.3 -7696.89
20972.9 -7658.68
21031.1 -7619.96
21088.9 -7580.74
21146.5 -7541.01
21203.6 -7500.78
21260.5 -7460.05
21316.9 -7418.83
21373 -7377.12
21428.8 -7334.91
21484.1 -7292.23
21429.3 -7110.47
21519.8 -7113.81
21647.9 -7161.28
17065.3 -1569.05
17074 -1568.89
17065.8 -1549.04
17074.4 -1548.87
17065.5 -1529.04
17074.2 -1528.88
17064.6 -1509.05
17073.2 -1508.89
17063 -1489.08
17071.5 -1488.92
17080.2 -1488.76
17069.1 -1468.96
17077.7 -1468.8
17080.7 -1463.23
17080.6 -1454.66
17080.4 -1446.24
17080.3 -1437.95
17080.1 -1429.81
17080 -1421.79
17079.8 -1413.89
17079.7 -1406.12
17079.5 -1398.47
17079.4 -1390.93
17079.2 -1383.5
17079.1 -1376.18
17079 -1368.96
17078.8 -1361.84
17078.7 -1354.82
17078.6 -1347.9
17078.4 -1341.06
17078.3 -1334.32
17078.2 -1327.65
17078.1 -1321.08
17077.9 -1314.58
17077.8 -1308.16
17077.7 -1301.81
17077.6 -1295.54
17077.5 -1289.34
17077.4 -1283.21
17077.2 -1277.15
17077.1 -1271.15
17077 -1265.22
17076.9 -1259.34
17076.8 -1253.53
17076.7 -1247.77
17076.6 -1242.07
17076.5 -1236.42
17076.4 -1230.83
17076.3 -1225.29
17076.2 -1219.79
17076.1 -1214.35
17076 -1208.95
17075.9 -1203.59
17075.8 -1198.28
17075.7 -1193.01
17075.6 -1187.79
17075.5 -1182.6
17075.4 -1177.45
17075.3 -1172.34
17075.2 -1167.27
17075.1 -1162.23
17075 -1157.22
17074.9 -1152.25
17074.8 -1147.31
17074.7 -1142.4
17074.6 -1137.52
17074.5 -1132.67
17074.4 -1127.84
17074.3 -1123.04
17074.2 -1118.27
17074.2 -1113.53
17074.1 -1108.8
17074 -1104.1
17073.9 -1099.43
17073.8 -1094.77
17073.7 -1090.13
17073.6 -1085.52
17073.5 -1080.92
17073.5 -1076.34
17073.4 -1071.78
17073.3 -1067.23
17073.2 -1062.7
17073.1 -1058.19
17073 -1053.69
17072.9 -1049.2
17072.9 -1044.72
17072.8 -1040.26
17072.7 -1035.81
17072.6 -1031.36
17072.5 -1026.93
17072.4 -1022.51
17072.4 -1018.09
17072.3 -1013.69
17072.2 -1009.29
17072.1 -1004.89
17072 -1000.5
17071.9 -996.119
17071.9 -991.74
17071.8 -987.363
17071.7 -982.99
17071.6 -978.619
17071.5 -974.249
17071.4 -969.88
17071.4 -965.512
17071.3 -961.143
17071.2 -956.772
17071.1 -952.4
17071 -948.025
17071 -943.647
17070.9 -939.266
17070.8 -934.879
17070.7 -930.488
17070.6 -926.091
17070.5 -921.687
17070.5 -917.275
17070.4 -912.856
17070.3 -908.428
17070.2 -903.991
17070.1 -899.544
17070 -895.086
17070 -890.616
17069.9 -886.135
17069.8 -881.64
17069.7 -877.131
17069.6 -872.608
17069.5 -868.07
17069.4 -863.516
17069.4 -858.945
17069.3 -854.356
17069.2 -849.749
17069.1 -845.123
17069 -840.477
17068.9 -835.81
17068.8 -831.121
17068.7 -826.409
17068.7 -821.674
17068.6 -816.915
17068.5 -812.13
17068.4 -807.319
17068.3 -802.48
17068.2 -797.614
17068.1 -792.718
17068 -787.792
17067.9 -782.834
17067.8 -777.845
17067.7 -772.821
17067.6 -767.764
17067.5 -762.671
17067.4 -757.54
17067.4 -752.372
17067.3 -747.165
17067.2 -741.917
17067.1 -736.627
17067 -731.294
17066.9 -725.917
17066.8 -720.493
17066.6 -715.023
17066.5 -709.504
17066.4 -703.934
17066.3 -698.312
17066.2 -692.638
17066.1 -686.908
17066 -681.121
17065.9 -675.276
17065.8 -669.371
17065.7 -663.403
17065.6 -657.372
17065.4 -651.274
17065.3 -645.108
17065.2 -638.872
17065.1 -632.564
17065 -626.181
17064.9 -619.721
17064.7 -613.182
17064.6 -606.561
17064.5 -599.856
17064.4 -593.063
17064.2 -586.181
17064.1 -579.206
17064 -572.135
17063.8 -564.966
17063.7 -557.695
17063.5 -550.318
17063.4 -542.833
17063.3 -535.235
17063.1 -527.522
17063 -519.688
17062.8 -511.73
17062.7 -503.644
17062.5 -495.426
17062.4 -487.07
17062.2 -478.573
17062 -469.929
17054.3 -469.061
17045.8 -469.222
17056.1 -449.025
17047.5 -449.186
17057 -429.003
17048.4 -429.166
17057.3 -408.995
17048.6 -409.159
17056.8 -389.001
17048.1 -389.165
21329.9 5009.97
21243.8 5008.35
21159 5006.75
21075.3 5005.18
20992.8 5003.62
20970.2 5083.21
20874.3 5061.4
20794.2 5059.89
20715.1 5058.4
20636.9 5056.93
20559.8 5055.48
20483.5 5054.04
20408.1 5052.62
20333.6 5051.22
20260 5049.83
20187.1 5048.46
20115.1 5047.1
20043.8 5045.76
19973.3 5044.43
19909.7 5054.45
19899.4 5161.9
19891.8 5277.72
20260.1 6120.68
20197.9 6152.64
20135.4 6184.06
20072.7 6214.93
20009.7 6245.25
19946.5 6275.02
19882.9 6304.23
19819.2 6332.89
19755.2 6360.99
19690.9 6388.53
19626.4 6415.51
19561.7 6441.92
19496.7 6467.77
19431.5 6493.05
19366.1 6517.76
19300.5 6541.89
19234.7 6565.45
19168.7 6588.44
19102.5 6610.84
19036.1 6632.67
18935.3 6545.15
18902.7 6674.58
18835.7 6694.66
18719.1 6541.08
18647.9 6539.74
18633.8 6751.38
18525.7 6612.08
18455.4 6612.96
18380.8 6594.71
18310.6 6593.39
18240.8 6592.08
18171.3 6590.77
18102.1 6589.46
18033.1 6588.17
17964.4 6586.87
17895.9 6585.58
17827.7 6584.3
17759.7 6583.02
17691.9 6581.74
17624.3 6580.46
17556.8 6579.19
17489.6 6577.93
17422.5 6576.66
17355.6 6575.4
17288.8 6574.15
17222.2 6572.89
17155.6 6571.64
17089.2 6570.39
17022.9 6569.14
16956.7 6567.89
16890.5 6566.64
16822.5 6505.35
16758.5 6564.16
16692.5 6562.91
16626.6 6561.67
16560.7 6560.43
16494.8 6559.19
16429 6557.95
16363.1 6556.71
16297.2 6555.47
16231.4 6554.23
16165.4 6552.99
16099.5 6551.74
16033.5 6550.5
15967.4 6549.26
15901.2 6548.01
15835 6546.76
15809.2 6166.44
15787 5810.92
15634.2 6555.43
15567.1 6556.94
15500.7 6552.09
15432.5 6558.53
15367.8 6541.09
15300.9 6537.66
15250.9 6438.63
15165.3 6538.26
15300.2 5503.02
15313.6 5150.86
15315.2 4882.43
15334.3 4556.98
15325.3 4376.78
15326.3 4168.55
15336.4 3938.42
16219.5 372.908
16212.3 352.769
16199.9 352.535
16187.4 352.299
16174.8 352.063
16162.2 351.825
16162.1 311.817
16156.3 291.703
16144 291.472
16131.7 291.24
16119.3 291.007
16106.9 290.772
16094.3 290.536
16081.7 290.299
16069 290.06
16056.3 289.82
16043.4 289.577
16030.5 289.333
16017.4 289.088
16004.3 288.84
15991.1 288.591
15977.7 288.34
15964.3 288.087
15950.8 287.832
15937.1 287.575
15923.3 287.316
15909.5 287.054
15895.5 286.79
15881.3 286.524
15867.1 286.255
15852.7 285.984
15838.1 285.71
15823.4 285.434
15808.6 285.155
15797 279.373
15789.7 266.799
15769.6 274.344
15749 282.218
15735.2 279.208
15726.5 268.531
15704 277.877
15694.8 267.735
15677.8 268.659
15653.4 279.27
15643.1 270.361
15623.3 274.014
15612.1 266.001
15585.3 277.878
15573.6 270.21
15550.1 276.945
15537.5 270.043
15524.7 263.282
15498.3 272.197
15484.5 266.116
15470.5 260.151
15441.1 271.058
15426 265.7
15410.7 260.437
15396.8 253.518
15399.7 229.161
15403 204.893
15407.3 180.06
15692.1 -118.443
15682.3 -123.919
15682.6 -139.007
15682.9 -153.838
15683.1 -168.422
15683.4 -182.766
15927.8 -411.697
15928 -421.768
15928.1 -431.682
15928.3 -441.444
15928.5 -451.059
15928.7 -460.533
15928.9 -469.868
15929 -479.071
15929.2 -488.145
15929.4 -497.093
15929.5 -505.921
15929.7 -514.631
15929.9 -523.228
15930 -531.714
15930.2 -540.094
15943.5 -557.174
15943.6 -565.182
15943.8 -573.095
15943.9 -580.916
15944.1 -588.647
15944.2 -596.291
15944.4 -603.85
15944.5 -611.328
15944.6 -618.727
15944.8 -626.048
15944.9 -633.295
15945 -640.469
15945.2 -647.573
15945.3 -654.608
15945.4 -661.577
15945.6 -668.482
15945.7 -675.325
15945.8 -682.108
15946 -688.832
15946.1 -695.499
15946.2 -702.11
15946.3 -708.669
15946.5 -715.175
15946.6 -721.632
15946.7 -728.039
15946.8 -734.4
15946.9 -740.715
15947.1 -746.986
15947.2 -753.214
15947.3 -759.4
15927.3 -758.685
15907.3 -758.325
15887.3 -758.319
14740.4 -407.333
14740.8 -424.943
15766.9 -742.732
15767.1 -750.387
15767.2 -758.002
15767.4 -765.577
15767.5 -773.115
15767.7 -780.616
15767.8 -788.083
15767.9 -795.517
15768.1 -802.918
15768.2 -810.289
15768.4 -817.63
15768.5 -824.944
15768.6 -832.23
15768.8 -839.49
15768.9 -846.727
15769 -853.94
15769.2 -861.131
15769.3 -868.302
15769.4 -875.452
15769.6 -882.585
15769.7 -889.7
15769.8 -896.799
15770 -903.884
15770.1 -910.954
15770.2 -918.012
15770.4 -925.058
15770.5 -932.094
15770.6 -939.12
15770.8 -946.138
15770.9 -953.149
15771 -960.153
15771.2 -967.152
15771.3 -974.148
15771.4 -981.14
15771.6 -988.131
15771.7 -995.121
15771.8 -1002.11
15772 -1009.1
15772.1 -1016.1
15772.2 -1023.09
15772.4 -1030.1
15772.5 -1037.1
15772.6 -1044.12
15772.7 -1051.14
15772.9 -1058.17
15773 -1065.21
15773.1 -1072.26
15773.3 -1079.33
15773.4 -1086.41
15773.5 -1093.5
15773.7 -1100.6
15773.8 -1107.73
15773.9 -1114.87
15774.1 -1122.03
15774.2 -1129.21
15774.4 -1136.41
15774.5 -1143.64
15774.6 -1150.89
15774.8 -1158.16
15774.9 -1165.46
15775 -1172.79
15775.2 -1180.15
15775.3 -1187.53
15775.5 -1194.95
15775.6 -1202.4
15775.7 -1209.89
15775.9 -1217.41
15776 -1224.96
15776.2 -1232.56
15776.3 -1240.19
15776.5 -1247.87
15776.6 -1255.59
15776.7 -1263.35
9964.34 -3413.82
9974.79 -3475.67
9982.9 -3538.65
9968.99 -3610.69
11302.9 -3132.39
11443.7 -3127.33
11562.8 -3129.05
11700.1 -3120.71
11816 -3119.52
11910.6 -3126.11
12023.7 -3122.39
12135.4 -3117.27
12246 -3110.76
12335.6 -3112.8
12344.8 -3154.65
12353.1 -3197.23
12340.7 -3251.2
12347.2 -3295.51
12352.9 -3340.59
12357.7 -3386.47
12361.9 -3433.15
12345.5 -3492.42
12348.3 -3541
13141.4 -3100.98
13221.8 -3091.9
13281.9 -3094.41
13341.4 -3096.27
13400.4 -3097.47
13458.8 -3098
13536.5 -3084.16
13593.9 -3083.08
13650.9 -3081.3
13707.5 -3078.82
13763.6 -3075.63
13799.6 -3086.72
13855 -3082.34
13910 -3077.22
13944.9 -3087.17
13999.2 -3080.82
14053.1 -3073.7
14087.1 -3082.46
14140.4 -3074.05
14173.8 -3082.1
14226.5 -3072.36
14259.3 -3079.66
14311.5 -3068.55
14343.9 -3075.09
14375.9 -3081.39
14427.4 -3068.3
14459 -3073.8
14490.4 -3079.05
14541.2 -3063.89
14562.1 -3078.92
14597.6 -3078.25
14632.4 -3077.59
14666.8 -3076.95
14700.5 -3076.31
14733.7 -3075.68
14766.4 -3075.07
14798.6 -3074.46
14830.3 -3073.87
14853.6 -3082.97
14888 -3077.99
14908.5 -3089.96
14940.6 -3086.85
14975.4 -3079.53
15005 -3078.4
15033.3 -3078.55
15065.2 -3073.19
15091.1 -3075.53
15121.2 -3071.44
15145 -3076.13
15173.4 -3073.43
15195 -3080.65
15228.4 -3069.22
15241.4 -3089.39
15247.3 -3121.29
15223 -3203.9
15252.8 -3198.37
15276.8 -3201.97
15303.9 -3199.77
15315 -3225.73
13714.3 -6195.44
13719.7 -6295.35
13716.2 -6415.44
13725.2 -6515.29
13786.7 -6514.13
13847.6 -6512.98
14549.3 -5179.53
14594.7 -5178.68
14639.7 -5177.83
14684.4 -5176.99
14728.7 -5176.15
14772.6 -5175.32
14816.2 -5174.5
14859.5 -5173.69
14902.4 -5172.88
14945.1 -5172.08
14987.4 -5171.28
15014.6 -5210.77
15020.7 -5310.68
15021.5 -5430.68
15024.4 -5550.65
15029.4 -5670.58
15030 -5810.59
15058 -5870.07
15068.8 -5989.89
15070 -6149.9
15068.3 -6329.96
15080.6 -6469.75
16028.1 -3051.3
16047.5 -3050.94
16066.8 -3050.57
16086.1 -3050.21
16105.2 -3049.85
16124.3 -3049.49
16143.3 -3049.13
16162.2 -3048.78
16181 -3048.42
16199.8 -3048.07
16218.5 -3047.72
16237.1 -3047.37
16255.7 -3047.02
16274.2 -3046.67
16292.7 -3046.32
16311.1 -3045.97
16329.5 -3045.63
16347.8 -3045.28
16366.1 -3044.94
16384.4 -3044.59
16402.6 -3044.25
16420.8 -3043.91
16438.9 -3043.57
16457.1 -3043.22
16475.2 -3042.88
16493.3 -3042.54
