11506 -1011.88
11476.7 -1007.21
11439.7 -1008.76
11391.7 -1019.4
11356.7 -1020.94
11329.2 -1017.11
11295.9 -1018.37
11269.3 -1014.82
11237.7 -1015.78
11211.8 -1012.52
11181.8 -1013.16
11137 -1027.47
11108.5 -1028.09
11083.9 -1025.7
11056.8 -1025.97
11032.7 -1023.86
11007 -1023.77
10983.5 -1021.95
10959 -1021.48
10936 -1019.94
10912.7 -1019.06
10889.6 -1018.45
10865.6 -1019.06
10842.1 -1019.65
10819 -1020.24
10796.2 -1020.82
10773.9 -1021.39
10751.8 -1021.94
10730.1 -1022.5
10708.8 -1023.04
10687.8 -1023.57
10665.2 -1026.42
10644.8 -1026.93
10624.7 -1027.44
10604.9 -1027.95
10585.4 -1028.44
10566.1 -1028.93
10547.1 -1029.42
10528.3 -1029.89
10509.8 -1030.36
10491.5 -1030.83
10473.5 -1031.29
10455.6 -1031.74
10438 -1032.19
10420.6 -1032.63
10403.3 -1033.07
10386.3 -1033.5
10369.5 -1033.93
10352.8 -1034.35
10336.3 -1034.77
10320 -1035.18
10303.9 -1035.59
10287.9 -1036
10272 -1036.4
10256.4 -1036.8
10240.8 -1037.19
10225.5 -1037.58
10210.2 -1037.97
10195.1 -1038.35
10180.1 -1038.73
10165.3 -1039.11
10150.6 -1039.48
10135.9 -1039.85
10121.5 -1040.22
10107.1 -1040.59
10092.8 -1040.95
10078.6 -1041.31
10064.6 -1041.67
10050.6 -1042.02
10036.7 -1042.37
10023 -1042.72
10009.3 -1043.07
9995.67 -1043.41
9982.16 -1043.76
9968.72 -1044.1
9955.36 -1044.44
9942.08 -1044.77
9928.87 -1045.11
9915.73 -1045.44
9902.65 -1045.78
9889.65 -1046.11
9876.7 -1046.43
9863.82 -1046.76
9850.99 -1047.09
9838.22 -1047.41
9825.5 -1047.73
9812.83 -1048.06
9800.21 -1048.38
9787.64 -1048.7
9775.12 -1049.01
9762.63 -1049.33
9750.19 -1049.65
9737.78 -1049.96
9725.41 -1050.28
9713.07 -1050.59
9700.76 -1050.9
9688.49 -1051.21
9676.24 -1051.52
9664.02 -1051.83
9651.82 -1052.14
9639.65 -1052.45
9627.49 -1052.76
9619.52 -972.938
9888.87 5557.2
9819.02 5559.92
9749.14 5562.02
9679.24 5563.51
9609.34 5564.39
9539.43 5564.66
9469.52 5564.32
9399.62 5563.37
9329.73 5561.81
9259.85 5559.63
9241.1 4401.46
9181.3 4399.94
9121.46 4398.42
9061.59 4396.91
9001.67 4395.38
8941.69 4393.86
8881.65 4392.34
8893.28 3712.41
8930.52 2913.1
8883.27 2911.9
8835.93 2910.7
8788.51 2909.5
8740.12 2914.06
8693.37 2907.08
8642.65 2923.62
8597.24 2907.71
8547.39 2916.41
8498.06 2920.86
8453.17 2902.31
8460.24 2641.08
9002.88 -6.00304
8999.12 -86.124
8996.74 -166.211
8995.75 -246.261
9011.62 -385.904
8992.59 -386.387
8973.48 -386.872
8954.28 -387.359
8935 -387.849
8775.57 68.2522
8751.76 67.6478
8727.83 67.04
8703.77 66.4295
8679.59 65.8156
8894.74 -608.942
8884.11 -629.218
8866.33 -629.669
8848.45 -630.123
8830.46 -630.58
8812.35 -631.04
8794.12 -631.503
8775.76 -631.969
8757.28 -632.438
8738.67 -632.91
8719.92 -633.386
8701.03 -633.866
8687.82 -646.521
8665.65 -640.644
8652.83 -654.028
8630.65 -648.886
8606.6 -640.701
8592.47 -651.793
8567.04 -642.024
8551.02 -649.931
8546.54 -678.216
8542.36 -706.23
8547.74 -749.665
8543.91 -776.458
8549.15 -817.299
8545.67 -843.004
8550.75 -881.46
8547.63 -906.192
8552.56 -942.45
8549.79 -966.309
8554.56 -1000.53
8552.15 -1023.6
8556.75 -1055.94
8554.7 -1078.3
8544.55 -1089.24
8527.77 -1091.33
8501.27 -1081.03
8483.5 -1082.58
8470.53 -1090.39
8452 -1091.43
8423.78 -1081.05
8404.13 -1081.54
8384.21 -1082.05
8363.99 -1082.56
8343.48 -1083.08
8322.67 -1083.61
8301.55 -1084.15
8280.1 -1084.69
8258.31 -1085.25
8236.17 -1085.81
8213.68 -1086.38
8190.81 -1086.96
8167.56 -1087.55
8143.92 -1088.15
8125.77 -1094.36
8102.22 -1095.74
8077.77 -1096.71
8053.73 -1098.43
8028.02 -1099.09
8003.44 -1101.16
7976.41 -1101.53
7951.27 -1103.95
7922.83 -1104.06
7897.07 -1106.83
7867.15 -1106.71
7840.72 -1109.82
7793.76 -1097.65
7782.08 -1112.95
7754.77 -1116.73
7720.97 -1116.25
7672.47 -1105.9
7636.86 -1105.52
7607.85 -1110.28
7578.63 -1115.34
7540.3 -1114.85
7489.72 -1107.11
7449.24 -1106.74
7417.9 -1112.77
7386.26 -1119.09
7365.73 -1132.54
7309.62 -1125.35
7256.04 -1120.65
7208.68 -1120.44
7173.94 -1128.02
7118.46 -1124.93
7067.01 -1124.95
7009.85 -1122.92
6955.11 -1123.12
6916.31 -1132.18
6856.62 -1131.71
6796.75 -1132.19
6734.83 -1132.76
6672.14 -1134.05
6606.35 -1135.06
6540.99 -1137.38
6474.67 -1140.42
6401.99 -1141.98
6332.46 -1146.05
6245.67 -1144.56
6160.7 -1145.27
6065.85 -1143.8
5989.67 -1150.73
5911.84 -1158.37
5797.94 -1154.99
5694.78 -1157.17
5589.49 -1160.46
5483.25 -1165.27
5351.3 -1164.11
5236.72 -1170.35
5126.21 -1179.72
4951.72 -1173.38
4825.05 -1182.81
4674.15 -1188.2
4485.55 -1186.89
4322.63 -1194.99
4113.84 -1195.41
3966.68 -1212.97
3717.06 -1211.52
3447.08 -1210.34
3228.72 -1223.78
2920.11 -1224.48
2640.57 -1235.62
2328.24 -1246.19
1941.1 -1250.54
1628.48 -1272.57
1618.62 -1341.78
1609.37 -1411.08
1600.72 -1480.45
1592.68 -1549.89
1585.24 -1619.41
1578.42 -1688.98
1572.2 -1758.62
1566.59 -1828.3
1561.59 -1898.03
1557.2 -1967.8
1553.42 -2037.61
1550.25 -2107.45
1547.69 -2177.31
1545.74 -2247.2
1544.4 -2317.09
1543.67 -2387
1543.55 -2456.91
1544.05 -2526.82
1545.15 -2596.72
1546.87 -2666.61
1549.19 -2736.48
1552.13 -2806.33
1555.68 -2876.15
1559.84 -2945.93
1564.6 -3015.68
1569.98 -3085.39
2692.99 -3054.14
3552.64 -3029.31
4052.77 -3028.22
4413.05 -3034.72
4414.2 -3080.07
5595.74 -2966.64
5835.83 -2967.35
6155.54 -2951.73
6335.63 -2953.01
6575.4 -2940.97
6715.49 -2942.57
6795.78 -2953
6796.41 -2977.78
6797.04 -3002.63
6797.67 -3027.57
6798.31 -3052.58
6798.94 -3077.69
6799.58 -3102.88
7655.02 -2912.29
7715.09 -2914.16
7775.13 -2914.98
7855.01 -2909.2
7914.99 -2907.75
7974.95 -2905.26
8015.02 -2907.85
8074.93 -2903.43
8114.97 -2904.46
8154.99 -2904.8
8195 -2904.44
8254.81 -2896.3
8294.77 -2894.35
8314.9 -2899.18
8354.83 -2896.01
8394.75 -2892.13
8414.84 -2895.6
8434.93 -2898.75
8474.8 -2893.1
8494.86 -2895.39
8534.7 -2888.47
8554.74 -2889.89
8574.78 -2890.97
8594.8 -2891.72
8614.82 -2892.13
8634.83 -2892.19
8654.83 -2891.91
8674.82 -2891.28
8694.8 -2890.3
8714.77 -2888.96
8715.01 -2898.28
8715.25 -2907.69
8715.49 -2917.19
8715.73 -2926.79
8715.98 -2936.47
8716.22 -2946.25
8736.17 -2943.74
8756.1 -2940.85
8756.34 -2950.46
8776.26 -2947.06
8796.17 -2943.27
8816.08 -2939.09
8816.31 -2948.39
8836.2 -2943.68
8856.07 -2938.56
8856.31 -2947.67
8876.17 -2942
8896.02 -2935.91
8896.25 -2944.83
8916.08 -2938.16
8916.31 -2947.04
8936.13 -2939.77
8955.94 -2932.06
8956.16 -2940.74
8975.96 -2932.41
8976.18 -2941.04
8995.95 -2932.07
8996.17 -2940.66
9015.93 -2931.03
9016.15 -2939.57
9035.9 -2929.26
9036.11 -2937.75
9036.33 -2946.39
9056.05 -2935.18
9056.27 -2943.77
9060.98 -2947.75
9069.56 -2947.53
9078 -2947.32
9086.29 -2947.11
9094.45 -2946.9
9102.49 -2946.69
9110.39 -2946.49
9118.17 -2946.3
9125.84 -2946.1
9133.39 -2945.91
9140.83 -2945.72
9148.16 -2945.54
9155.38 -2945.35
9162.51 -2945.17
9169.54 -2944.99
9176.48 -2944.82
9183.32 -2944.64
9190.08 -2944.47
9182.87 -2964.66
9189.72 -2964.49
9183.14 -2984.66
9190.08 -2984.48
9184.1 -3004.64
9191.14 -3004.46
8692.26 -3837.39
8685.02 -3877.59
8690.4 -3897.46
8684.48 -3937.62
8690.69 -3957.47
8697.19 -3977.31
8693.08 -4017.43
8689.71 -4057.53
8697.53 -4077.34
8539.68 -4426.25
8541.21 -4467.18
8534.21 -4527.26
8537.04 -4568.82
8540.03 -4611.58
8542.99 -4655.98
8546.93 -4699.87
8550.04 -4747.4
8553.03 -4797.13
8549.93 -4863.81
8553.3 -4917.23
8551.78 -4985.57
8555.55 -5043.12
8551.78 -5123.75
8559.77 -5175.59
8556.83 -5261.19
8566 -5315.58
8563.9 -5406.84
8569.59 -5478.76
8566.74 -5582.14
8566.06 -5684.33
8572.42 -5768.5
8572.84 -5878.82
8575.5 -5988.01
8577.24 -6107.84
8612.92 -6102.14
8644.43 -6112.46
8678 -6114.21
8715.56 -6097.86
8746.75 -6108.88
8780.27 -6109.01
8801.19 -6171.96
8808.34 -6312.98
8811.17 -6491.42
8815.73 -6677.84
8821.65 -6875.87
8738.33 -7677.18
8784.68 -7680.53
8831.35 -7680.98
8878.01 -7680.77
8925.76 -7670.43
8972.04 -7670.99
9018.58 -7668.07
9064.84 -7666.9
9111 -7665.73
9157.07 -7664.56
9203.07 -7663.39
9248.99 -7662.22
9294.85 -7661.06
9340.64 -7659.9
9386.39 -7658.74
9432.09 -7657.57
9477.75 -7656.42
9523.39 -7655.26
9569 -7654.1
9614.59 -7652.94
9660.18 -7651.78
9705.76 -7650.63
9751.62 -7656.37
9797.46 -7658.94
9842.69 -7649.42
9888.35 -7648.27
9934.05 -7647.11
9964.74 -7466.27
10005.2 -7425.23
9986.45 -6805.5
9985.39 -6445.42
9913.94 -5546.94
9910.85 -5306.94
9900.83 -5047.11
9897.89 -4867.13
9891.79 -4687.22
9889.07 -4547.25
9883.9 -4407.33
9883.5 -4307.31
9881.37 -4207.33
9877.48 -4107.4
9876 -4027.41
9873.12 -3947.46
9873.35 -3887.43
9867.85 -3807.55
9870.69 -3767.46
9867.78 -3707.52
9863.81 -3647.6
9864.22 -3607.58
9863.94 -3567.57
9862.96 -3527.58
9861.28 -3487.61
9858.89 -3447.66
9862.17 -3427.57
9858.56 -3387.65
9854.23 -3347.75
9856.13 -3327.69
9857.69 -3307.65
9851.58 -3267.79
9852.27 -3247.76
9852.61 -3227.75
9852.61 -3207.74
9852.27 -3187.74
9851.57 -3167.76
9850.52 -3147.78
9849.12 -3127.81
9847.36 -3107.84
9854.38 -3107.67
9852.1 -3087.72
9849.46 -3067.78
9846.46 -3047.85
9853.06 -3047.68
9849.52 -3027.76
9845.61 -3007.86
9851.95 -3007.69
9847.49 -2987.8
9853.72 -2987.64
9848.7 -2967.76
9843.3 -2947.89
9849.25 -2947.74
9843.27 -2927.89
9849.11 -2927.74
9842.55 -2907.9
9848.27 -2907.76
9841.11 -2887.93
9846.72 -2887.79
9838.95 -2867.98
9844.43 -2867.84
9849.98 -2867.7
9855.58 -2867.56
9861.26 -2867.41
9867.01 -2867.27
9872.83 -2867.12
9878.72 -2866.97
9884.69 -2866.82
9890.73 -2866.66
9896.86 -2866.51
9903.07 -2866.35
9909.37 -2866.19
9915.76 -2866.03
9922.24 -2865.87
9928.82 -2865.7
9935.49 -2865.53
9942.27 -2865.36
9949.15 -2865.18
9956.14 -2865
9963.24 -2864.82
9970.46 -2864.64
9977.8 -2864.45
9985.26 -2864.27
9992.86 -2864.07
9994.4 -2858.08
9994.21 -2850.56
10014.5 -2861.7
10014.3 -2854.1
10014.1 -2846.62
10034.4 -2856.83
10034.2 -2849.27
10054.4 -2858.76
10054.2 -2851.13
10074.5 -2859.94
10074.3 -2852.23
10074.1 -2844.63
10094.3 -2852.59
10094.1 -2844.92
10114.3 -2852.25
10114.1 -2844.51
10134.3 -2851.21
10154.4 -2857.47
10154.2 -2849.49
10174.4 -2855.15
10174.2 -2847.11
10194.3 -2852.19
10194.1 -2844.09
10214.2 -2848.6
10234.3 -2852.7
10234.1 -2844.38
10254.2 -2847.94
10274.3 -2851.1
10274.1 -2842.57
10294.2 -2845.21
12017.9 -3758.46
12017.2 -3730.41
12016.5 -3702.63
12015.8 -3675.12
12015.1 -3647.86
12014.4 -3620.85
12013.7 -3594.08
12013.1 -3567.54
12012.4 -3541.22
12011.7 -3515.13
12011.1 -3489.25
12010.4 -3463.58
12009.8 -3438.1
12009.1 -3412.82
12008.5 -3387.73
12007.9 -3362.82
12007.2 -3338.08
12006.6 -3313.51
12006 -3289.11
12005.4 -3264.87
12004.8 -3240.79
12004.2 -3216.85
12003.5 -3193.06
12002.9 -3169.4
12002.3 -3145.88
12001.8 -3122.49
11255.8 -2897.89
11255.4 -2881.76
11255 -2865.72
11254.6 -2849.75
11254.2 -2833.86
11273.9 -2822.54
11354 -2823.88
11413.9 -2819.67
11473.8 -2814.43
11573.8 -2815.68
11653.8 -2811.6
11773.8 -2812.93
11873.8 -2808.93
11993.7 -2806.23
12113.6 -2801.44
12293.7 -2802.6
13236.4 -2895.68
13135.2 -2851.22
13134.4 -2819.36
13133.6 -2787.57
13353.4 -2775.55
13613.1 -2762.92
14053.2 -2758.71
14432.9 -2743.01
15072.9 -2734.8
16009 -2728.86
16668.4 -2696.42
17087.3 -2645.78
17085.6 -2579.79
17083.9 -2513.85
17082.2 -2447.95
17080.6 -2382.08
17078.9 -2316.24
17197.2 -2247.45
17539.1 -2169.13
17536.5 -2099.27
17533.2 -2029.44
17529.4 -1959.63
17524.9 -1889.86
17519.8 -1820.14
17514.2 -1750.46
17507.9 -1680.83
17501 -1611.26
17493.5 -1541.76
17485.4 -1472.32
17476.6 -1402.96
17467.3 -1333.67
17457.4 -1264.47
17171.6 -1238.54
17050.3 -1190.26
17048.6 -1123.05
17046.9 -1055.67
17045.2 -988.107
17043.5 -920.341
17041.7 -852.367
17040 -784.176
17038.3 -715.75
17036.5 -647.086
15731 -901.376
15495.2 -904.51
14612.1 -1084.31
14565.9 -1049.51
14579.7 -998.249
14574.3 -952.124
14574.2 -904.249
14569 -857.689
14560.5 -812.093
14558.7 -764.106
14570.8 -711.127
14574.6 -660.529
14561.4 -615.712
13502.3 -960.503
13397 -961.265
13293.9 -963.013
13192.8 -965.754
13081.6 -974.47
13005.4 -970.42
12910.9 -975.57
12829.5 -976.626
12739.1 -983.211
12663.7 -984.423
12596.5 -983.067
12530.5 -982.363
12462.5 -983.747
12379.5 -993.953
12317.2 -995.002
12275.3 -986.328
12195.6 -998.75
12156.1 -990.48
12099.8 -992.273
12042.6 -995.618
11989.9 -997.407
11934.5 -1001.7
11899.3 -994.656
11850.8 -996.449
11797.5 -1002.19
11744 -1009.05
11719.6 -997.722
11668 -1004.97
11625.8 -1006.76
11575.5 -1015.03
11535.6 -1016.83
11506 -1011.88
