-8302.05 1382.26
-8302.05 1382.26
-8302.05 1382.26
-8302.05 1382.26
-8302.05 1382.26
-8302.05 1382.26
-8302.05 1382.26
-8302.05 1382.26
-8302.05 1382.26
-8302.05 1382.26
-8302.05 1382.26
-8302.05 1382.26
-8302.05 1382.26
-8302.05 1382.26
-8302.05 1382.26
-8302.05 1382.26
-8302.05 1382.26
-8302.05 1382.26
-8302.05 1382.26
-8302.05 1382.26
-8302.05 1382.26
-8302.05 1382.26
-8302.05 1382.26
-8302.05 1382.26
-8302.05 1382.26
-8302.05 1382.26
-8302.05 1382.26
-8308.52 1376.98
-8308.52 1376.98
-8308.52 1376.98
-8308.52 1376.98
-8308.52 1376.98
-8308.52 1376.98
-8308.52 1376.98
-8311.5 1377.27
-8314.5 1377.45
-8314.5 1377.45
-8314.5 1377.45
-8317.49 1377.28
-8323.47 1376.78
-8332.42 1375.8
-8341.34 1374.6
-8355.67 1372.29
-8372.85 1369.06
-8392.89 1364.74
-8415.73 1359.18
-8438.4 1353.03
-8466.66 1344.55
-8497.58 1334.39
-8592.05 1238.58
-8637.24 1211.14
-8671.08 1197.51
-8701.81 1184.17
-8731.55 1170.33
-8760.39 1155.96
-8786.42 1142.13
-8812.24 1127.85
-8837.82 1113.15
-8861.43 1099.05
-8884.8 1084.57
-8907.93 1069.69
-8930 1054.98
-8951.78 1039.93
-8973.34 1024.49
-8994.62 1008.72
-9014.06 993.804
-9033.24 978.568
-9052.17 963.017
-9070.09 947.798
-9019.21 851.202
-9036.59 835.393
-9053.72 819.296
-9069.13 804.312
-9084.42 789.192
-9098.87 774.65
-9113.19 759.979
-9126.68 745.905
-9140.06 731.714
-9153.3 717.406
-9166.43 702.976
-9179.42 688.441
-9190.97 675.291
-9202.4 662.035
-9213.71 648.685
-9224.91 635.235
-9235.35 622.462
-9245.68 609.598
-9255.91 596.628
-9196.35 560.413
-9193.89 543.125
-9203.71 529.874
-9212.24 518.147
-9222.41 503.905
-9232.45 489.573
-9242.38 475.148
-9252.16 460.65
-9261.82 446.06
-9276.53 423.421
-9291.24 400.776
-9307.58 375.619
-9325.98 347.297
-9343.54 320.27
-9359.61 295.529
-9375.46 270.653
-9389.5 248.181
-9403.61 225.157
-9416.15 204.692
-9428.69 184.229
-9442.79 161.208
-9457.42 137.328
-9472.05 113.458
-9484.85 92.5682
-9496.95 72.4236
-9508.87 52.1735
-9510.29 -3.46056
-9516.45 -21.563
-9522.34 -32.0248
-9528.22 -42.478
-9534.1 -52.9381
-9539.99 -63.3949
-9545.89 -73.8841
-9551.82 -84.4133
-9556.68 -93.0551
-9561.58 -101.757
-9566.48 -110.472
-9571.38 -119.188
-9577.76 -130.516
-9585.61 -144.46
-9595.01 -161.172
-9604.85 -178.295
-9615.22 -195.989
-9628.54 -200.047
-9639.34 -214.384
-9646.77 -226.244
-9654.21 -238.107
-9661.65 -249.969
-9671.74 -266.067
-9681.83 -282.168
-9691.92 -298.267
-9701.51 -313.555
-9711.04 -328.768
-9720.6 -344.02
-9730.16 -359.271
-9739.72 -374.522
-9748.22 -388.079
-9756.72 -401.634
-9765.22 -415.196
-9773.45 -428.325
-9783.41 -443.912
-9795.16 -461.936
-9808.87 -482.232
-9824.72 -504.692
-9842.22 -528.439
-9860.28 -551.916
-9876.44 -572.791
-9890.87 -591.334
-9905.36 -609.835
-9916.19 -623.579
-9925.5 -635.319
-9932.43 -644.011
-9939.01 -652.203
-9945.6 -660.376
-9952.22 -668.521
-9945.55 -664.785
-9948.4 -670.261
-9953.52 -677.045
-9958.67 -683.815
-9963.84 -690.584
-9969.01 -697.306
-9974.22 -704.038
-9979.43 -710.737
-9984.68 -717.437
-9991.78 -726.462
-9999.01 -735.404
-10010.2 -748.871
-10023.6 -764.38
-10037.3 -779.602
-10053.4 -796.731
-10067.6 -811.493
-10079.9 -823.988
-10092.3 -836.375
-10102.6 -846.548
-10115.3 -858.616
-10128.2 -870.423
-10143.6 -883.938
-10156.9 -895.308
-10168 -904.589
-10177 -911.837
-10183.6 -917.11
-10190.4 -922.297
-10199.6 -929.2
-10211.3 -937.755
-10225.5 -947.899
-10242.5 -959.438
-10259.6 -970.627
-10271.5 -949.445
-10283.2 -951.568
-10295.7 -959.141
-10303 -963.389
-10310.3 -967.67
-10317.7 -971.918
-10325.1 -976.15
-10332.4 -980.361
-10339.9 -984.477
-10347.4 -988.499
-10354.9 -992.425
-10362.5 -996.255
-10370.1 -999.989
-10377.8 -1003.63
-10385.5 -1007.24
-10393.2 -1010.83
-10403.8 -1015.71
-10414.1 -1020.35
-10430.2 -1027.29
-10446.4 -1034.03
-10462.6 -1040.56
-10478.9 -1046.89
-10493.4 -1052.31
-10508 -1057.54
-10522.7 -1062.59
-10537.4 -1067.45
-10552.2 -1072.12
-10566.1 -1076.32
-10580 -1080.33
-10594 -1084.18
-10608 -1087.98
-10622.6 -1091.91
-10636 -1095.46
-10648.1 -1098.63
-10660.2 -1101.76
-10700.1 -1096.01
-10716.8 -1097.53
-10728.8 -1100.84
-10739.9 -1103.87
-10751 -1106.87
-10762.1 -1109.84
-10773.4 -1112.82
-10784.4 -1115.67
-10795.5 -1118.53
-10806.7 -1121.37
-10815.9 -1123.68
-10825.1 -1125.97
-10834.3 -1128.23
-10843.6 -1130.46
-10852.8 -1132.67
-10862 -1134.85
-10871.3 -1137
-10880.6 -1139.12
-10889.8 -1141.22
-10899.1 -1143.29
-10908.4 -1145.33
-10917.7 -1147.35
-10926.9 -1149.34
-10936.2 -1151.3
-10945.5 -1153.23
-10954.8 -1155.14
-10964.2 -1157.02
-10973.5 -1158.87
-10982.8 -1160.61
-10992.2 -1162.22
-11001.6 -1163.72
-11011 -1165.19
-11020.3 -1166.63
-11029.7 -1168.04
-11039.1 -1169.43
-11048.5 -1170.79
-11057.9 -1172.12
-11067.3 -1173.42
-11076.8 -1174.7
-11086.2 -1175.95
-11094.6 -1177.04
-11103 -1178.11
-11111.5 -1179.15
-11119.9 -1180.17
-11128.4 -1181.16
-11136.8 -1182.13
-11117.4 -1124.44
-11125.9 -1125.05
-11134.4 -1125.65
-11142.9 -1126.21
-11151.3 -1126.8
-11159.8 -1127.41
-11168.3 -1128.05
-11176.8 -1128.71
-11179.7 -1128.95
-11179.7 -1128.95
