13508 -6067.84
13508.1 -6059.34
13508.2 -6050.79
13508.2 -6042.18
13505.4 -6034.54
13505.5 -6025.86
13505.6 -6017.13
13505.6 -6008.33
13505.7 -5999.48
13505.8 -5990.56
13505.8 -5981.58
13505.9 -5972.53
13506 -5963.42
13506.1 -5954.23
13506.1 -5944.97
13506.2 -5935.64
13506.3 -5926.23
13506.4 -5916.74
13506.4 -5907.17
13506.5 -5897.51
13506.6 -5887.77
13506.7 -5877.93
13506.8 -5868.01
13506.8 -5857.98
13506.9 -5847.86
13507 -5837.64
13507.1 -5827.31
13507.2 -5816.88
13507.3 -5806.33
13507.3 -5795.67
13507.4 -5784.89
13507.5 -5773.98
13507.6 -5762.95
13507.7 -5751.8
13507.8 -5740.51
13507.9 -5729.08
13508 -5717.5
13508.1 -5705.79
13508.2 -5693.92
13508.3 -5681.89
13508.4 -5669.7
13508.5 -5657.35
13508.6 -5644.83
13508.7 -5632.13
13508.8 -5619.24
13508.9 -5606.17
13509 -5592.9
13509.1 -5579.43
13509.2 -5565.75
13509.3 -5551.86
13509.4 -5537.74
13509.5 -5523.39
13509.7 -5508.81
13509.8 -5493.98
13509.9 -5478.89
13506.4 -5467.15
13500.3 -5457.89
13494.3 -5448.47
13507.4 -5419.02
13502.8 -5407.58
13497.1 -5397.24
13491.5 -5386.69
13503.6 -5356.08
13497.9 -5345.11
13495.4 -5330.28
13506.9 -5298.56
13501.4 -5286.46
13496 -5274.1
13506.6 -5241.6
13505.7 -5222.84
13500.5 -5209.16
13495.5 -5195.16
13505.2 -5160.95
13500 -5146.28
13509.1 -5111.35
13510 -5087.1
13505 -5070.75
13500.1 -5053.98
13508.4 -5016.87
13503.4 -4999.18
13498.4 -4981.01
13501.2 -4950
13508.8 -4910.24
13504 -4889.8
13499.2 -4868.76
13506.1 -4827.16
13501.2 -4804.8
13505.5 -4765.25
13511.9 -4720.75
13507.1 -4695.35
13502.5 -4669.08
13508.1 -4621.99
13503.3 -4593.86
13508.3 -4544.79
13503.4 -4514.57
13507.9 -4463.27
13512.1 -4410.76
13506.9 -4376.88
13510.5 -4321.7
13513.8 -4265.04
13508.4 -4226.75
13511.1 -4166.85
13513.5 -4105.16
13515.6 -4041.53
13509.8 -3995.77
13511.3 -3927.85
13512.6 -3857.52
13513.5 -3784.59
13514 -3708.85
13514.3 -3630.06
13514.2 -3547.95
13520 -3442.27
13519.1 -3352.59
13517.9 -3258.57
13522 -3139.84
13527.3 -3009.02
13496.2 -3008.77
13465.2 -3008.52
13434.3 -3008.27
13403.6 -3008.02
13373 -3007.77
13342.5 -3007.53
13312.1 -3007.28
13281.9 -3007.04
12719.5 -5843.14
12715 -5843.1
12710.5 -5843.07
12706 -5843.03
12701.5 -5842.99
12697.1 -5842.96
12692.6 -5842.92
12688.2 -5842.88
12683.8 -5842.85
12679.4 -5842.81
12674.9 -5842.78
12670.5 -5842.74
12666.2 -5842.71
12661.8 -5842.67
12657.4 -5842.64
12653 -5842.6
12648.6 -5842.56
12644.2 -5842.53
12639.9 -5842.49
12635.5 -5842.46
12631.1 -5842.42
12626.8 -5842.39
12622.4 -5842.35
12618 -5842.32
12613.7 -5842.28
12609.3 -5842.25
12604.9 -5842.21
12600.5 -5842.18
12596.1 -5842.14
12591.7 -5842.1
12587.3 -5842.07
12582.9 -5842.03
12578.5 -5842
12574.1 -5841.96
12569.7 -5841.93
12565.2 -5841.89
12560.8 -5841.85
12556.3 -5841.82
12551.9 -5841.78
12547.4 -5841.75
12542.9 -5841.71
12538.4 -5841.67
12533.9 -5841.64
12529.3 -5841.6
12524.8 -5841.56
12520.2 -5841.53
12515.6 -5841.49
12511 -5841.45
12506.4 -5841.41
12501.7 -5841.38
12497.1 -5841.34
12492.4 -5841.3
12487.7 -5841.26
12482.9 -5841.22
12478.2 -5841.18
12473.4 -5841.15
12468.6 -5841.11
12463.7 -5841.07
12458.9 -5841.03
12454 -5840.99
12449.1 -5840.95
12444.1 -5840.91
12439.1 -5840.87
12434.1 -5840.83
12429 -5840.79
12423.9 -5840.75
12418.8 -5840.7
12413.6 -5840.66
12408.4 -5840.62
12403.2 -5840.58
12397.9 -5840.54
12392.6 -5840.49
12387.2 -5840.45
12381.8 -5840.4
12376.3 -5840.36
12370.8 -5840.32
12365.2 -5840.27
12359.6 -5840.23
12353.9 -5840.18
12348.2 -5840.13
12342.4 -5840.09
12336.6 -5840.04
12330.7 -5839.99
12324.7 -5839.94
12318.7 -5839.89
12312.6 -5839.84
12306.4 -5839.79
12300.2 -5839.74
12293.9 -5839.69
12287.5 -5839.64
12281 -5839.59
12274.5 -5839.54
12267.9 -5839.48
12261.2 -5839.43
12254.4 -5839.37
12247.5 -5839.32
12240.6 -5839.26
12233.5 -5839.2
12226.3 -5839.15
12219.1 -5839.09
12211.7 -5839.03
12204.2 -5838.97
12196.6 -5838.91
12188.9 -5838.84
12181.1 -5838.78
12173.1 -5838.72
12165 -5838.65
12156.8 -5838.58
12148.5 -5838.52
12140 -5838.45
12131.4 -5838.38
12129.8 -5845.53
12129.7 -5854.07
12109.8 -5843.27
12109.7 -5851.86
12089.8 -5841.77
12089.7 -5850.4
12069.8 -5841
12069.7 -5849.67
12049.8 -5840.93
12049.7 -5849.65
12029.8 -5841.55
12029.7 -5850.31
12009.8 -5842.84
12009.7 -5851.64
11989.8 -5844.78
11989.7 -5853.62
11969.8 -5847.35
11969.7 -5856.23
11969.6 -5865.01
11969.6 -5873.67
11969.5 -5882.23
11969.4 -5890.69
11969.3 -5899.04
11969.3 -5907.3
11969.2 -5915.47
11969.1 -5923.54
11969.1 -5931.53
11969 -5939.43
11969 -5947.25
11968.9 -5954.99
11968.8 -5962.66
11968.8 -5970.24
11968.7 -5977.75
11968.6 -5985.2
11968.6 -5992.57
11968.5 -5999.87
11968.5 -6007.11
11968.4 -6014.29
11968.4 -6021.41
11968.3 -6028.47
11968.2 -6035.47
11968.2 -6042.41
11968.1 -6049.3
11968.1 -6056.14
11968 -6062.93
11968 -6069.66
11967.9 -6076.35
11967.9 -6083
11967.8 -6089.6
11967.7 -6096.16
11967.7 -6102.67
11967.6 -6109.15
11967.6 -6115.58
11967.5 -6121.98
11967.5 -6128.34
11967.4 -6134.67
11967.4 -6140.96
11967.3 -6147.22
11967.3 -6153.45
11967.2 -6159.65
11967.2 -6165.82
11967.1 -6171.96
11967.1 -6178.08
11967 -6184.17
11967 -6190.23
11966.9 -6196.27
11966.9 -6202.29
11966.8 -6208.29
11966.8 -6214.27
11966.7 -6220.22
11966.7 -6226.16
11966.6 -6232.08
11966.6 -6237.99
11966.6 -6243.88
11966.5 -6249.75
11966.5 -6255.62
11966.4 -6261.47
11966.4 -6267.3
11966.3 -6273.13
11966.3 -6278.95
11966.2 -6284.75
11966.2 -6290.55
11966.1 -6296.35
11966.1 -6302.13
11966 -6307.91
11966 -6313.69
11965.9 -6319.46
11965.9 -6325.23
11965.8 -6331
11965.8 -6336.77
11965.8 -6342.54
11965.7 -6348.31
11965.7 -6354.08
11965.6 -6359.85
11965.6 -6365.62
11965.5 -6371.4
11965.5 -6377.19
11965.4 -6382.98
11965.4 -6388.78
11965.3 -6394.59
11965.3 -6400.4
11965.2 -6406.23
11965.2 -6412.07
11965.1 -6417.91
11965.1 -6423.77
11965 -6429.65
11965 -6435.54
11965 -6441.44
11964.9 -6447.36
11964.9 -6453.3
11964.8 -6459.25
11964.8 -6465.23
11964.7 -6471.22
11964.7 -6477.24
11964.6 -6483.28
11964.6 -6489.34
11964.5 -6495.43
11964.5 -6501.54
11964.4 -6507.68
11964.4 -6513.85
11964.3 -6520.04
11964.3 -6526.27
11964.2 -6532.53
11964.2 -6538.82
11964.1 -6545.14
11964.1 -6551.5
11964 -6557.89
11964 -6564.32
11963.9 -6570.8
11963.9 -6577.31
11963.8 -6583.86
11963.7 -6590.46
11963.7 -6597.1
11963.6 -6603.78
11963.6 -6610.51
11963.5 -6617.3
11963.5 -6624.13
11963.4 -6631.01
11963.4 -6637.95
11963.3 -6644.95
11963.2 -6652
11963.2 -6659.11
11963.1 -6666.28
11963.1 -6673.52
11963 -6680.82
11963 -6688.18
11983 -6684.91
12003 -6681.26
12003 -6688.38
12023 -6684.18
12022.9 -6691.2
12043 -6686.44
12063 -6681.28
12063 -6688.05
12083 -6682.3
12083 -6688.98
12103 -6682.64
12103 -6689.22
12123 -6682.28
12123 -6688.75
12122.9 -6695.31
12143 -6687.56
12142.9 -6694.02
12163 -6685.63
12162.9 -6691.98
12183 -6682.94
12183 -6689.18
12182.9 -6695.5
12203 -6685.58
12202.9 -6691.79
12202.9 -6698.1
12223 -6687.26
12222.9 -6693.45
12243 -6681.87
12243 -6687.93
12242.9 -6694.1
12263 -6681.53
12263 -6687.56
12262.9 -6693.7
12263.4 -6699.47
12269.6 -6699.52
12275.7 -6699.57
12281.7 -6699.62
12287.6 -6699.67
12293.5 -6699.72
12299.2 -6699.76
12304.9 -6699.81
12310.4 -6699.86
12315.9 -6699.9
12321.3 -6699.94
12326.6 -6699.99
12331.8 -6700.03
12337 -6700.07
12342.1 -6700.11
12347.1 -6700.15
12352.1 -6700.19
12357 -6700.23
12361.8 -6700.27
12366.6 -6700.31
12371.3 -6700.35
12375.9 -6700.39
12380.5 -6700.42
12385.1 -6700.46
12389.6 -6700.5
12394 -6700.53
12398.4 -6700.57
12402.8 -6700.6
12407.1 -6700.64
12411.3 -6700.67
12415.5 -6700.71
12419.7 -6700.74
12423.8 -6700.77
12427.9 -6700.81
12432 -6700.84
12436 -6700.87
12439.9 -6700.9
12443.9 -6700.94
12447.8 -6700.97
12451.7 -6701
12455.5 -6701.03
12459.3 -6701.06
12463.1 -6701.09
12466.8 -6701.12
12470.6 -6701.15
12474.3 -6701.18
12477.9 -6701.21
12481.6 -6701.24
12485.2 -6701.27
12488.8 -6701.3
12492.4 -6701.33
12495.9 -6701.36
12499.4 -6701.39
12502.9 -6701.41
12506.4 -6701.44
12509.9 -6701.47
12513.3 -6701.5
12516.8 -6701.53
12520.2 -6701.55
12523.6 -6701.58
12526.9 -6701.61
12530.3 -6701.63
12533.6 -6701.66
12537 -6701.69
12540.3 -6701.72
12543.6 -6701.74
12546.9 -6701.77
12550.2 -6701.8
12553.4 -6701.82
12556.7 -6701.85
12559.9 -6701.87
12563.2 -6701.9
12566.4 -6701.93
12569.6 -6701.95
12572.8 -6701.98
12576 -6702.01
12579.2 -6702.03
12582.4 -6702.06
12585.6 -6702.08
12588.8 -6702.11
12592 -6702.13
12595.1 -6702.16
12598.3 -6702.19
12601.4 -6702.21
12604.6 -6702.24
12607.8 -6702.26
12610.9 -6702.29
12614.1 -6702.31
12617.2 -6702.34
12620.3 -6702.36
12623.5 -6702.39
12626.6 -6702.41
12629.8 -6702.44
12632.9 -6702.47
12636.1 -6702.49
12639.2 -6702.52
12642.4 -6702.54
12645.5 -6702.57
12648.7 -6702.59
12651.9 -6702.62
12655 -6702.64
12658.2 -6702.67
12661.4 -6702.7
12664.6 -6702.72
12667.8 -6702.75
12671 -6702.77
12674.2 -6702.8
12677.4 -6702.83
12680.6 -6702.85
12683.8 -6702.88
12687.1 -6702.9
12690.3 -6702.93
12693.6 -6702.96
12696.9 -6702.98
12700.2 -6703.01
12703.4 -6703.04
12706.8 -6703.06
12710.1 -6703.09
12713.4 -6703.12
12716.8 -6703.14
12720.1 -6703.17
12723.5 -6703.2
12726.9 -6703.23
12730.3 -6703.25
12733.8 -6703.28
12737.2 -6703.31
12740.7 -6703.34
12744.2 -6703.37
12747.7 -6703.39
12751.2 -6703.42
12754.8 -6703.45
12758.4 -6703.48
12762 -6703.51
12765.6 -6703.54
12769.3 -6703.57
12772.9 -6703.6
12776.7 -6703.63
13115.4 -7486.4
13127.3 -7486.49
13139.3 -7486.59
13151.4 -7486.69
13163.6 -7486.79
13175.9 -7486.89
13188.3 -7486.99
13200.9 -7487.09
13203.2 -7467.11
13205.2 -7447.12
13217.6 -7447.22
13230.1 -7447.32
13242.8 -7447.43
13255.6 -7447.53
13268.5 -7447.63
13508.1 -7829.59
13525.8 -7829.73
13543.8 -7829.88
13561.9 -7830.02
13580.3 -7830.17
13598.8 -7830.32
13617.6 -7830.47
13636.6 -7830.63
13655.8 -7830.78
13675.3 -7830.94
13695 -7831.1
13715 -7831.26
13735.2 -7831.42
13755.7 -7831.59
13481 -7449.36
13496.7 -7449.48
13496.4 -7429.48
13479.4 -7389.34
13494.8 -7389.47
13493.5 -7369.45
13491.8 -7349.44
13489.7 -7329.42
13487.2 -7309.4
13484.3 -7289.38
13481 -7269.35
13496.3 -7269.47
13492.5 -7249.44
13488.3 -7229.41
13498.7 -7224.5
13498.8 -7209.33
13498.9 -7194.43
13499 -7179.77
13499.1 -7165.36
13499.3 -7151.17
13499.4 -7137.21
13499.5 -7123.47
13499.6 -7109.93
13499.7 -7096.6
13499.8 -7083.46
13499.9 -7070.52
13500 -7057.76
13500.1 -7045.17
13500.2 -7032.76
13500.3 -7020.52
13500.4 -7008.44
13500.5 -6996.52
13500.6 -6984.74
13500.7 -6973.12
13500.8 -6961.64
13500.9 -6950.3
13501 -6939.09
13501.1 -6928.01
13501.2 -6917.06
13501.2 -6906.23
13501.3 -6895.53
13501.4 -6884.93
13501.5 -6874.45
13501.6 -6864.08
13501.7 -6853.81
13501.7 -6843.65
13501.8 -6833.58
13501.9 -6823.61
13502 -6813.74
13502.1 -6803.95
13502.1 -6794.25
13502.2 -6784.64
13502.3 -6775.11
13502.4 -6765.66
13502.5 -6756.29
13502.5 -6747
13502.6 -6737.77
13502.7 -6728.62
13502.8 -6719.54
13502.8 -6710.52
13502.9 -6701.57
13503 -6692.68
13503 -6683.85
13503.1 -6675.08
13503.2 -6666.37
13503.3 -6657.71
13503.3 -6649.1
13503.4 -6640.54
13503.5 -6632.04
13503.5 -6623.58
13503.6 -6615.16
13503.7 -6606.8
13503.7 -6598.47
13503.8 -6590.18
13503.9 -6581.94
13503.9 -6573.73
13504 -6565.56
13504.1 -6557.42
13504.1 -6549.32
13504.2 -6541.25
13504.3 -6533.21
13504.3 -6525.2
13504.4 -6517.22
13504.5 -6509.26
13504.5 -6501.33
13504.6 -6493.42
13504.6 -6485.54
13504.7 -6477.68
13504.8 -6469.83
13504.8 -6462.01
13504.9 -6454.2
13505 -6446.41
13505 -6438.63
13505.1 -6430.87
13505.2 -6423.12
13505.2 -6415.39
13505.3 -6407.66
13505.3 -6399.94
13505.4 -6392.23
13505.5 -6384.52
13505.5 -6376.82
13505.6 -6369.13
13505.7 -6361.43
13505.7 -6353.74
13505.8 -6346.05
13505.8 -6338.36
13505.9 -6330.67
13506 -6322.98
13506 -6315.28
13506.1 -6307.57
13506.2 -6299.86
13506.2 -6292.14
13506.3 -6284.42
13506.3 -6276.68
13506.4 -6268.93
13506.5 -6261.17
13506.5 -6253.4
13506.6 -6245.61
13506.7 -6237.8
13506.7 -6229.98
13506.8 -6222.14
13506.8 -6214.28
13506.9 -6206.39
13507 -6198.49
13507 -6190.56
13507.1 -6182.61
13507.2 -6174.63
13507.2 -6166.62
13507.3 -6158.58
13507.4 -6150.51
13507.4 -6142.42
13507.5 -6134.28
13507.6 -6126.11
13507.6 -6117.91
13507.7 -6109.67
13507.8 -6101.39
13507.8 -6093.07
13507.9 -6084.7
13508 -6076.29
13508 -6067.84
