22348.3 4927.31
22346.7 5003.79
22345.1 5081
22343.4 5158.95
22461.2 5309.32
22425 5369.12
22388.3 5428.59
22351 5487.74
22313.2 5546.56
22274.9 5605.04
22236.1 5663.2
22196.8 5721.01
21524 5335.77
21414.9 5335.62
21308.1 5335.19
21203.5 5334.47
21100.9 5333.47
21000.3 5332.17
20980.4 5392
20863.8 5375.56
20788.4 5390.08
20695 5388.66
20583.5 5370.46
20493.2 5368.13
20424.1 5382.53
20336.8 5379.84
20231.2 5359.15
20166.2 5373.44
20098.2 5384
19998.6 5363.58
19918.7 5360.03
19917.1 5432.03
19915.6 5505.22
19914 5579.64
19912.4 5655.35
19904.1 5725.31
21058.8 7042.9
20852.7 6921.62
20754.6 6914.16
20662.1 6911.14
20576.8 6914.76
20495.3 6921.4
20404.3 6915.42
20384 6993.42
20372.1 7083.05
20383.2 7203.31
20153.5 7018.43
20070.7 7016.68
19989.1 7014.96
19908.6 7013.26
19829.1 7011.58
19750.7 7009.93
19673.4 7008.29
19597 7006.68
19535.2 7025.38
19541.1 7145.53
19518.3 7225.07
19442.8 7223.48
19368.1 7221.9
19083.2 6875.81
19014.4 6874.36
18946.3 6872.92
18879 6871.5
18812.4 6870.09
18746.5 6868.7
18688.1 6880.04
18619 6870.54
18615.4 6985.38
18529.1 6941.51
18466 6941.39
18393.8 6921.27
18331.5 6919.96
18269.7 6918.65
18208.4 6917.36
18147.7 6916.08
18087.5 6914.81
18027.7 6913.55
17968.4 6912.3
17909.6 6911.05
17851.2 6909.82
17793.3 6908.6
17735.7 6907.38
17678.5 6906.18
17621.8 6904.98
17565.4 6903.79
17509.3 6902.61
17453.7 6901.43
17398.3 6900.26
17343.3 6899.1
17288.6 6897.95
17234.2 6896.8
17180.1 6895.66
17126.3 6894.52
17072.7 6893.39
17019.4 6892.27
16966.4 6891.15
16913.6 6890.03
16847.7 6828.63
16795.9 6827.53
16756.5 6886.72
16704.6 6885.62
16652.9 6884.53
16601.4 6883.44
16550.7 6886.62
16500.5 6892.23
16447.8 6880.2
16396.9 6879.13
16346.1 6878.05
16295.5 6876.99
16245.1 6875.92
16194.7 6874.86
16144.5 6873.8
16094.3 6872.74
16044.3 6871.68
15994.3 6870.63
15944.4 6869.58
15894.6 6868.52
15813.6 6139.16
15770.3 6138.25
15745.8 6877.9
15696.1 6876.85
15646.4 6875.8
15596.8 6874.75
15547.2 6873.71
15497.5 6872.66
15447.9 6871.61
15398.3 6870.56
15348.6 6869.52
15300 6848.49
15338.5 5428.98
15348 4769.04
15367.5 4129.3
15371.7 3789.32
15381.9 3449.46
15383.2 3249.44
15392.5 3009.58
15393.8 2869.58
15397.4 2729.62
15397.9 2629.61
15403.1 2509.7
15404.1 2429.7
15406.5 2349.73
15406.7 2289.72
15408 2229.74
15410.4 2169.77
15409.7 2129.75
15413.9 2069.83
15410.4 2049.75
15411.8 2009.77
15413.9 1969.8
15411.7 1949.75
15415.1 1909.81
15413.8 1889.78
15418.3 1849.87
15417.9 1829.86
15417.8 1809.85
15418.1 1789.85
15418.7 1769.86
15419.7 1749.88
15421 1729.9
15422.6 1709.93
15417.6 1709.82
15419.8 1689.87
15422.4 1669.91
15417.6 1669.81
15420.7 1649.88
15424.2 1629.94
15419.8 1629.85
15423.8 1609.93
15419.5 1609.84
15424 1589.93
15419.9 1589.84
15425 1569.95
15421 1569.86
15426.7 1549.98
15422.9 1549.9
15419 1549.82
15425.4 1529.95
15421.7 1529.87
15418 1529.79
15414.2 1529.71
15410.4 1529.63
15406.5 1529.55
15402.6 1529.47
15398.7 1529.38
15394.7 1529.3
15390.7 1529.22
15386.6 1529.13
15382.6 1529.04
15378.4 1528.96
15374.2 1528.87
15370 1528.78
15365.7 1528.69
15361.4 1528.6
15357 1528.5
15352.5 1528.41
15348 1528.31
15343.5 1528.22
15338.9 1528.12
15302.8 1567.37
15297.5 1567.26
15308.4 1547.48
15303.2 1547.37
15298 1547.26
15309.8 1527.51
15304.8 1527.4
15299.6 1527.29
15312.4 1507.56
15307.4 1507.45
15302.3 1507.35
15297.1 1507.24
15311.2 1487.53
15306.2 1487.42
15301.1 1487.32
15295.9 1487.21
15295 1483.03
15295.1 1477.9
15295.2 1472.86
15295.3 1467.91
15295.4 1463.03
15295.5 1458.23
15295.6 1453.51
15275.3 1465.88
15275.4 1460.99
15275.5 1456.18
15275.6 1451.44
15255.4 1462.59
15255.5 1457.69
15255.6 1452.86
15255.7 1448.1
12294.4 3585.59
12295.3 3541.18
12296.3 3497.35
12297.2 3454.07
12298.1 3411.32
12299 3369.1
12299.9 3327.39
12300.7 3286.16
12301.6 3245.41
12302.4 3205.13
12312.8 3159.61
12304.1 3125.88
12304.9 3086.9
12305.7 3048.32
12306.5 3010.14
12307.3 2972.34
12308.1 2934.92
12308.9 2897.86
12309.7 2861.15
12310.5 2824.78
12311.2 2788.75
12312 2753.03
12312.7 2717.62
12313.5 2682.52
12314.2 2647.7
12314.9 2613.18
12315.7 2578.92
12316.4 2544.93
12317.1 2511.2
12317.8 2477.73
12318.5 2444.49
12319.2 2411.49
12319.9 2378.71
12320.6 2346.16
12321.2 2313.81
12321.9 2281.68
12322.6 2249.74
12242.7 2243.17
12142.7 2241.33
12022.7 2243.66
11902.6 2243.86
11863.1 2219.87
11863.9 2184.62
11864.6 2149.56
11865.3 2114.66
11866.1 2079.93
11866.8 2045.36
11867.5 2010.94
11868.3 1976.66
11869 1942.52
11869.7 1908.51
11870.4 1874.63
11871.1 1840.87
11871.8 1807.23
11887.9 1771.3
11883.8 1738.72
11882.6 1705.74
11886 1672.22
11875.4 1640.53
11876.1 1607.46
11876.7 1574.47
11877.4 1541.54
11878.1 1508.69
11878.8 1475.89
11879.5 1443.15
11880.2 1410.46
11880.9 1377.81
11881.6 1345.21
11882.3 1312.64
11883 1280.1
11883.6 1247.58
11884.3 1215.09
11885 1182.61
11885.7 1150.14
11886.4 1117.68
11887.1 1085.22
11887.8 1052.75
11888.4 1020.27
11889.1 987.782
11889.8 955.271
11890.5 922.736
11891.2 890.172
11891.9 857.573
11892.6 824.934
11893.3 792.25
11893.9 759.517
11894.6 726.729
11895.3 693.881
11896 660.969
11896.7 627.985
11897.4 594.926
11898.1 561.786
11898.8 528.559
11899.5 495.24
11900.2 461.825
11900.9 428.306
11901.6 394.679
11902.4 360.938
11903.1 327.077
11903.8 293.09
11916.1 261.903
11912.4 226.595
11922.2 194.735
11922.9 160.314
11918.3 124.225
11921.2 90.1036
12263.1 160.747
12370.2 162.87
12464.3 162.588
12499.2 143.941
12506.2 116.067
12490.9 80.176
9732.18 -965.425
9850.53 -979.125
14708.3 847.281
14728.3 846.243
14748.3 845.546
14768.3 845.192
14788.3 845.183
14808.3 845.522
14828.3 846.211
14848.3 847.253
14868.3 848.651
14888.2 850.407
14908.2 852.524
14908.4 845.049
14928.3 847.684
14948.2 850.689
14968.2 854.067
14968.3 846.992
14988.2 850.907
15008.2 855.205
15008.3 848.385
15028.2 853.235
15028.3 846.512
15048.2 851.922
15068.1 857.736
15068.3 851.28
15088.1 857.674
15088.3 851.321
15108.1 858.308
15108.2 852.061
15128.1 859.655
15128.2 853.515
15128.4 847.302
15148.2 855.702
15148.3 849.599
15168.1 858.641
15168.2 852.652
15168.4 846.582
15188.2 856.483
15188.3 850.531
15208.1 861.118
15208.2 855.288
15208.3 849.373
15228.1 860.881
15228.2 855.093
15228.3 849.216
15248.1 861.686
15248.2 855.942
15248.3 850.105
15268 863.583
15268.2 857.886
15268.3 852.092
15268.7 846.488
15274.6 846.613
15280.4 846.735
15286 846.855
15291.6 846.973
15297.1 847.089
15302.6 847.203
15307.9 847.316
15313.1 847.427
15318.3 847.536
15323.4 847.643
15328.4 847.749
15333.4 847.854
15338.3 847.957
15343.1 848.058
15347.8 848.159
15352.5 848.257
15357.1 848.355
15361.7 848.451
15366.2 848.546
15370.6 848.64
15375 848.733
15379.4 848.825
15383.7 848.915
15375.4 828.736
15379.8 828.83
15384.2 828.922
15376.7 808.76
15381.3 808.856
15374.4 788.707
15379.1 788.806
15383.8 788.904
15388.3 789
15392.9 789.096
15397.4 789.191
15401.8 789.285
15406.3 789.379
15410.6 789.471
15415 789.563
15419.3 789.654
15423.6 789.744
15427.8 789.833
15432 789.922
15436.2 790.01
15440.3 790.097
15436.6 770.014
15440.8 770.104
15437.7 750.032
15442.1 750.126
15439.4 730.066
15444 730.162
15448.5 730.258
15453 730.353
15457.5 730.447
15462 730.541
15466.4 730.635
15470.8 730.728
15475.2 730.82
15479.5 730.912
15483.9 731.004
15488.2 731.095
15492.5 731.185
15496.8 731.275
15501 731.365
15505.3 731.455
15509.5 731.544
15513.7 731.633
15517.9 731.721
15522.1 731.809
15526.2 731.897
15530.4 731.985
15534.5 732.072
15538.6 732.159
15542.7 732.246
15546.8 732.332
15550.9 732.419
15555 732.505
15559.1 732.591
15563.2 732.677
15567.2 732.762
15571.3 732.848
15575.3 732.933
15579.4 733.019
15583.4 733.104
15587.4 733.189
15591.4 733.274
15595.5 733.359
15599.5 733.444
15603.5 733.529
15607.5 733.613
15611.6 733.698
15615.6 733.783
15619.6 733.868
15623.6 733.953
15627.6 734.038
15631.7 734.123
15635.7 734.208
15639.7 734.293
15643.8 734.378
15647.8 734.463
15651.9 734.549
15655.9 734.634
15660 734.72
15664 734.806
15668.1 734.892
15672.2 734.978
15676.3 735.065
15680.4 735.151
15684.5 735.238
15688.6 735.325
15692.8 735.413
15696.9 735.5
15701.1 735.588
15705.3 735.677
15709.5 735.765
15713.7 735.854
15717.9 735.943
15722.2 736.033
15726.4 736.123
15730.7 736.213
15735 736.304
15739.3 736.395
15743.7 736.487
15748 736.579
15752.4 736.672
15756.8 736.765
15761.3 736.858
15765.7 736.953
15770.2 737.047
15774.7 737.143
15779.3 737.238
15783.9 737.335
15788.5 737.432
15793.1 737.53
15797.8 737.628
15802.5 737.728
15807.2 737.827
15812 737.928
15816.8 738.03
15821.6 738.132
15826.5 738.235
15831.4 738.339
15836.4 738.443
15841.4 738.549
15846.4 738.656
15851.5 738.763
15856.7 738.872
15861.9 738.982
15867.1 739.092
15872.4 739.204
15877.8 739.317
15883.2 739.431
15888.6 739.546
15894.1 739.662
15899.7 739.78
15905.3 739.899
15911 740.019
15916.8 740.141
15922.6 740.264
15928.5 740.388
15934.5 740.514
15940.5 740.642
15946.7 740.771
15952.9 740.902
15959.2 741.035
15965.5 741.169
15972 741.305
15978.5 741.443
15985.2 741.583
15991.9 741.725
15998.7 741.87
16005.6 742.016
16012.7 742.164
16019.8 742.315
16027.1 742.468
16034.4 742.624
16041.9 742.782
16049.5 742.942
16057.3 743.106
16065.1 743.272
16070.7 745.779
16070.5 753.706
16070.4 761.499
16090.6 750.71
16090.4 758.576
16110.7 748.512
16110.5 756.447
16130.7 747.085
16130.5 755.085
16150.7 746.402
16150.5 754.464
16150.4 762.41
16170.5 754.563
16170.4 762.572
16190.5 755.359
16210.7 748.597
16210.5 756.836
16230.6 750.68
16230.5 758.975
17418 -37.8497
17449.2 -35.5265
17472 -27.3005
17505 -25.2006
17559.4 -36.055
17583.7 -27.284
17619.9 -25.3502
17665.3 -28.2871
17703.6 -26.284
17750 -28.2119
17790.6 -26.13
17832.8 -24.2313
17881.2 -24.8864
17926.1 -22.8865
17975.8 -22.5504
18023.6 -20.4376
18074.7 -19.117
18125.7 -16.8763
18178.8 -14.7774
18232.9 -12.1963
18289.8 -9.94535
18366.1 -15.2112
18427.1 -12.5803
18485.6 -7.83038
18551.2 -5.01711
18632.5 -7.28079
18723.4 -11.8459
18787.6 -4.73007
18864.1 -1.08545
18952 -0.166011
19055.4 -3.06016
19147.4 -0.352525
19238.1 4.39809
19335.1 8.69766
19454.6 7.74416
19557.5 13.8416
19666.9 19.8019
19817 16.2777
19938.2 23.186
20096.8 22.4417
20238.9 28.5888
20400.9 32.3985
20594.6 31.6247
20774.8 37.2598
20962.6 44.3897
21205.3 43.4972
21411 54.0951
21701.6 52.3786
21950.5 63.1444
22276.3 65.2347
22455.3 96.4907
22449.8 158.671
22465.2 217.62
22447.4 281.119
22453.4 341.181
22463.3 400.792
22448.8 463.035
22458.4 522.568
22440 584.652
22438.7 644.947
22437.4 705.132
22436.2 765.223
23416.2 772.329
23593 832.81
23595.9 902.664
23598.1 972.536
23599.7 1042.43
23600.7 1112.33
23601.1 1182.24
23600.9 1252.15
23600.1 1322.05
23598.7 1391.95
23596.7 1461.83
23594 1531.69
23590.7 1601.52
23586.9 1671.33
23582.4 1741.09
23577.3 1810.82
22454.7 1784.24
22413.5 1840.7
22412.2 1900.7
22410.9 1960.77
22409.7 2020.94
22408.4 2081.22
22407.1 2141.61
22405.8 2202.12
22404.6 2262.78
22403.3 2323.57
22402 2384.52
22400.7 2445.63
22399.4 2506.91
22398.1 2568.38
22396.8 2630.05
22395.5 2691.91
22394.2 2754
22392.9 2816.3
22391.6 2878.85
22390.2 2941.64
22388.9 3004.69
22387.6 3068.01
22386.2 3131.62
22384.9 3195.51
22383.5 3259.71
22382.2 3324.23
22380.8 3389.07
22379.4 3454.26
22378 3519.8
22376.6 3585.71
22375.2 3652
22373.8 3718.69
22372.4 3785.78
22371 3853.29
22369.6 3921.24
22368.1 3989.65
22366.7 4058.51
22365.2 4127.86
22363.7 4197.71
22362.2 4268.07
22360.7 4338.96
22359.2 4410.4
22357.7 4482.4
22356.2 4554.99
22354.6 4628.18
22353.1 4701.98
22351.5 4776.43
22349.9 4851.53
22348.3 4927.31
