21373.2 -1018.22
21373.2 -1018.22
21373.2 -1018.22
21373.2 -1018.22
21375.5 -1020.17
21379.5 -1023.61
21385.7 -1029.07
21394.2 -1036.44
21402.7 -1043.73
21411.4 -1050.96
21420 -1058.1
21428.8 -1065.17
21436.4 -1071.24
21444.1 -1077.23
21451.9 -1083.16
21459.7 -1089.02
21467.5 -1094.81
21475.4 -1100.53
21483.3 -1106.18
21491.3 -1111.77
21499.4 -1117.28
21507.5 -1122.73
21515.6 -1128.1
21523.8 -1133.4
21532 -1138.63
21540.3 -1143.79
21548.6 -1148.95
21556.8 -1154.1
21565.1 -1159.26
21573.4 -1164.42
21581.7 -1169.58
21589.9 -1174.74
21598.2 -1179.89
21606.5 -1184.98
21614.9 -1189.99
21623.3 -1194.93
21631.7 -1199.8
21640.2 -1204.59
21648.8 -1209.31
21657.3 -1213.95
21665.9 -1218.52
21674.6 -1223.01
21681.9 -1226.81
21689.2 -1230.62
21697.9 -1235.11
21711.9 -1242.62
21720.6 -1246.98
21729.3 -1251.26
21738.1 -1255.47
21747 -1259.6
21754.5 -1263.03
21762 -1266.46
21769.5 -1269.88
21777 -1273.31
21784.5 -1276.74
21792 -1280.17
21799.5 -1283.6
21807 -1287.02
21814.5 -1290.45
21822 -1293.88
21830.9 -1297.93
21839.8 -1301.91
21848.7 -1305.8
21857.7 -1309.62
21865.3 -1312.78
21870.2 -1314.8
