19716.6 3558.46
19704.1 3511.61
19656 3510.66
19605.3 3512.17
19554.9 3512.4
19503.8 3512.64
19451.9 3512.88
19399.3 3513.13
19345.8 3513.37
19291.5 3513.63
19236.4 3513.88
19180.3 3514.15
19123.4 3514.41
19065.5 3514.68
19006.6 3514.95
18946.6 3515.23
18893.7 3507.54
18838.2 3501.59
18762.8 3513.77
18706.7 3506.33
18649.9 3498.67
18572.5 3508.88
18514.2 3500.47
18435.3 3509.32
20506.5 1663.96
20572.4 1579.77
20578.2 1547.9
20563.7 1533.11
20549 1518.53
20514 1519.86
20518.5 1489.98
20502.8 1475.99
20506.6 1447.31
20510 1419.35
20513 1392.08
20515.6 1365.51
20517.8 1339.6
20519.5 1314.36
20500.8 1303.07
20501.6 1278.86
20501.8 1255.26
20501.5 1232.28
20500.6 1209.9
20519.1 1176.01
20516.9 1155.03
20514.2 1134.61
20499.9 1120.91
20499.8 1099.17
20499.7 1077.65
20499.6 1056.33
20499.5 1035.21
20499.4 1014.28
20499.3 993.537
20499.2 972.972
20499.2 952.581
20499.1 932.359
20499 912.3
20498.9 892.401
20498.8 872.655
20498.7 853.058
20498.6 833.607
20498.5 814.295
20498.4 795.119
20498.3 776.074
20498.2 757.156
20498.2 738.361
20478.1 726.843
20098.6 840.352
20098.5 818.006
20098.4 795.789
20098.3 773.699
20098.2 751.729
20098.1 729.876
20098 708.136
20097.9 686.503
20097.8 664.976
20097.7 643.548
20097.6 622.217
20097.5 600.978
20097.4 579.827
20097.3 558.762
20097.2 537.777
20097.1 516.87
20097 496.036
20096.9 475.274
20096.8 454.577
21749.6 151.206
21749.6 145.467
21749.6 139.743
21749.5 134.035
21749.5 128.34
21749.5 122.658
21749.5 116.988
21749.4 111.33
21749.4 105.682
21749.4 100.043
21749.4 94.4126
21749.3 88.7899
21749.3 83.1739
21749.3 77.5639
21749.3 71.9589
21749.2 66.3578
21749.2 60.7604
21749.2 55.1651
21749.1 49.5715
21749.1 43.9787
21749.1 38.3857
21749.1 32.7918
21749 27.196
21749 21.5975
21749 15.9954
21749 10.3891
21748.9 4.77731
21748.9 -0.840522
21748.9 -6.46537
21748.9 -12.098
21748.8 -17.7395
21748.8 -23.3908
21748.8 -29.0523
21748.8 -34.7255
21748.7 -40.4107
21748.7 -46.1095
21748.7 -51.8224
21748.7 -57.5503
21748.6 -63.2942
21748.6 -69.0551
21748.6 -74.8341
21748.5 -80.6318
21748.5 -86.4495
21748.5 -92.288
21748.5 -98.1486
21748.4 -104.032
21748.4 -109.939
21748.4 -115.872
21748.4 -121.83
21748.3 -127.816
21748.3 -133.83
21748.3 -139.873
21748.2 -145.947
21748.2 -152.052
21748.2 -158.191
21748.2 -164.364
21748.1 -170.572
21748.1 -176.816
21748.1 -183.099
21748 -189.42
21748 -195.783
21748 -202.187
21747.9 -208.635
21747.9 -215.127
21747.9 -221.666
21747.9 -228.252
21747.8 -234.888
21747.8 -241.574
21747.8 -248.313
21747.7 -255.106
21747.7 -261.955
21747.7 -268.862
21747.6 -275.828
21747.6 -282.856
21747.6 -289.946
21747.5 -297.102
21747.5 -304.325
21747.5 -311.617
21747.4 -318.98
21747.4 -326.417
21747.4 -333.929
21747.3 -341.52
21747.3 -349.191
21747.3 -356.945
21747.2 -364.785
21747.2 -372.713
21747.1 -380.732
21747.1 -388.844
21747.1 -397.054
21747 -405.363
21747 -413.774
21747 -422.292
21746.9 -430.919
21746.9 -439.659
21746.8 -448.515
21746.8 -457.491
21746.7 -466.591
21746.7 -475.82
21746.7 -485.18
21746.6 -494.677
21746.6 -504.315
21746.5 -514.098
21746.5 -524.032
21746.4 -534.122
21746.4 -544.372
20085 -2096.81
20085.9 -2133.71
20097.1 -2161.35
20088 -2209.12
20106.7 -2230.23
20106.7 -2270.23
20706.2 -1693.01
20735.3 -1693.15
20763.8 -1693.28
20792 -1693.41
20819.6 -1693.54
20846.9 -1693.67
20873.7 -1693.79
20900.1 -1693.92
20926.1 -1694.04
20951.8 -1694.16
20977.1 -1694.27
21002 -1694.39
21026.6 -1694.51
21050.9 -1694.62
21074.8 -1694.73
21098.5 -1694.84
21121.8 -1694.95
21144.8 -1695.06
21167.6 -1695.16
21190.1 -1695.27
21198.8 -1715.31
21181.2 -1775.23
21190.9 -1795.27
21200.8 -1815.32
21185.9 -1875.25
21184.5 -1915.24
21183.9 -1955.24
21183.9 -1995.24
21196.2 -2015.3
21174.7 -2095.2
21188.1 -2115.26
21190.8 -2155.27
21183.6 -2215.24
21187.9 -2255.26
21192.9 -2295.29
21178.5 -2375.22
20872.3 -3053.8
20905.6 -3053.96
20938.7 -3054.11
20971.5 -3054.26
21004 -3054.41
21629.3 -1697.31
21647.3 -1697.39
21665.1 -1697.48
21682.9 -1697.56
21700.5 -1697.64
21718 -1697.72
21735.3 -1697.8
21752.6 -1697.88
21769.8 -1697.96
21786.8 -1698.04
21803.8 -1698.12
21820.6 -1698.2
21837.4 -1698.28
21854 -1698.36
21870.6 -1698.43
21887.1 -1698.51
21903.5 -1698.59
21919.8 -1698.66
21936.1 -1698.74
21952.3 -1698.81
21964.2 -1716.23
21980.4 -1716.3
21996.6 -1716.38
22012.7 -1716.45
22258.1 -597.582
22263.9 -597.609
22269.6 -597.636
22275.4 -597.662
22281.2 -597.689
22286.9 -597.716
22292.6 -597.743
22298.3 -597.769
22304 -597.796
22309.7 -597.822
22315.4 -597.848
22321 -597.875
22326.7 -597.901
22332.3 -597.927
22337.9 -597.953
22343.6 -597.98
22349.2 -598.006
22354.8 -598.032
22360.4 -598.058
22366 -598.084
22371.6 -598.11
22377.2 -598.136
22382.8 -598.162
22388.4 -598.188
22393.9 -598.214
22399.5 -598.24
22405.1 -598.266
22410.7 -598.292
22416.3 -598.318
22421.9 -598.345
22427.6 -598.371
22433.2 -598.397
22438.8 -598.423
22444.4 -598.449
22450.1 -598.475
22455.7 -598.502
22461.4 -598.528
22467.1 -598.555
22472.8 -598.581
22478.5 -598.608
22484.2 -598.634
22489.9 -598.661
22495.7 -598.688
22501.4 -598.714
22507.2 -598.741
22513 -598.768
22518.8 -598.796
22524.7 -598.823
22530.6 -598.85
22536.4 -598.878
22542.4 -598.905
22548.3 -598.933
22554.3 -598.96
22560.3 -598.988
22566.3 -599.016
22572.3 -599.045
22578.4 -599.073
22584.5 -599.101
22590.7 -599.13
22596.8 -599.159
22603.1 -599.188
22609.3 -599.217
22615.6 -599.246
22621.9 -599.276
22628.3 -599.305
22634.7 -599.335
22641.2 -599.365
22647.7 -599.395
22654.2 -599.426
22660.8 -599.457
22667.5 -599.488
22674.2 -599.519
22680.9 -599.55
22687.7 -599.582
22694.6 -599.614
22701.5 -599.646
22708.5 -599.679
22715.6 -599.711
22722.7 -599.744
22729.8 -599.778
22737.1 -599.811
22744.4 -599.845
22751.8 -599.88
22759.2 -599.915
22766.8 -599.95
22774.4 -599.985
22782.1 -600.021
22789.8 -600.057
22797.7 -600.094
22805.6 -600.131
22813.7 -600.168
22821.8 -600.206
22830.1 -600.244
22838.4 -600.283
22846.8 -600.322
22855.4 -600.362
22864 -600.402
22872.8 -600.443
22881.7 -600.485
22890.7 -600.527
22899.8 -600.569
23055.3 -781.295
23050.8 -761.274
23062.7 -761.329
23057.7 -741.305
23052.2 -721.28
23064 -721.335
23058 -701.306
23051.5 -681.276
23063.3 -681.331
23056.2 -661.297
23048.6 -641.262
23060.3 -641.316
23066 -635.181
23066 -623.504
23066.1 -612.025
23066.1 -600.736
23066.2 -589.63
23066.2 -578.703
23066.3 -567.948
23066.3 -557.359
23066.4 -546.931
23066.4 -536.659
23066.5 -526.538
23066.5 -516.563
23066.6 -506.729
23066.6 -497.032
23066.7 -487.467
23066.7 -478.031
23066.8 -468.72
23066.8 -459.529
23066.8 -450.455
23066.9 -441.495
23066.9 -432.644
23067 -423.9
23067 -415.259
23067 -406.719
23067.1 -398.275
23067.1 -389.926
23067.2 -381.669
23067.2 -373.5
23067.2 -365.417
23067.3 -357.418
23067.3 -349.5
23067.3 -341.66
23067.4 -333.897
23067.4 -326.208
23067.5 -318.59
23067.5 -311.042
23067.5 -303.562
23067.6 -296.147
23067.6 -288.796
23067.6 -281.506
23067.7 -274.276
23067.7 -267.104
23067.7 -259.988
23067.8 -252.926
23067.8 -245.918
23067.8 -238.96
23067.9 -232.051
23067.9 -225.191
23067.9 -218.377
23067.9 -211.608
23068 -204.882
23068 -198.199
23068 -191.555
23068.1 -184.952
23068.1 -178.385
23068.1 -171.856
23068.2 -165.361
23068.2 -158.901
23068.2 -152.473
23068.3 -146.077
23068.3 -139.711
23068.3 -133.374
23068.3 -127.065
23068.4 -120.783
23068.4 -114.527
23068.4 -108.295
23068.5 -102.087
23068.5 -95.9014
23068.5 -89.737
23068.5 -83.5928
23068.6 -77.4679
23068.6 -71.3612
23068.6 -65.2718
23068.7 -59.1987
23068.7 -53.1408
23068.7 -47.0972
23068.7 -41.067
23068.8 -35.049
23068.8 -29.0424
23068.8 -23.0463
23068.9 -17.0596
23068.9 -11.0815
23068.9 -5.11109
23068.9 0.852598
23069 6.81034
23069 12.7636
23069 18.7128
23069 24.6587
23069.1 30.6027
23069.1 36.5452
23069.1 42.4877
23069.2 48.4304
23069.2 54.3751
23069.2 60.322
23069.2 66.272
23069.3 72.2265
23069.3 78.1859
23069.3 84.1516
23069.4 90.124
23069.4 96.1045
23069.4 102.094
23069.4 108.093
23069.5 114.103
23069.5 120.124
23069.5 126.158
23069.5 132.206
23069.6 138.268
23069.6 144.346
23069.6 150.44
23069.7 156.552
23069.7 162.683
23069.7 168.833
23069.7 175.003
23069.8 181.195
23069.8 187.41
23069.8 193.649
23069.9 199.913
23069.9 206.203
23069.9 212.519
23070 218.864
23070 225.239
23070 231.644
23070 238.082
23070.1 244.552
23070.1 251.056
23070.1 257.596
23070.2 264.173
23070.2 270.788
23070.2 277.444
23070.3 284.139
23070.3 290.877
23070.3 297.66
23070.4 304.487
23070.4 311.361
23070.4 318.284
23070.4 325.256
23070.5 332.28
23070.5 339.357
23070.5 346.49
23070.6 353.678
23070.6 360.926
23070.6 368.233
23070.7 375.603
23070.7 383.036
23070.8 390.536
23070.8 398.104
23070.8 405.743
23070.9 413.453
23070.9 421.239
23070.9 429.101
23071 437.042
23071 445.066
23071 453.173
23071.1 461.368
23071.1 469.652
23071.2 478.028
23071.2 486.499
23071.2 495.068
23071.3 503.739
23071.3 512.514
23071.4 521.396
23071.4 530.389
23071.4 539.497
23071.5 548.723
23111.7 588.438
23111.7 598.469
23111.8 608.636
23111.8 618.945
23111.9 629.401
23111.9 640.007
23112 650.77
23112 661.694
23112.1 672.784
23112.1 684.047
23112.2 695.487
23112.2 707.111
23112.3 718.926
23112.3 730.937
23112.4 743.152
23112.5 755.578
23102.8 758.501
23110 778.467
23097.6 778.525
23104.1 798.495
23110.3 818.467
23097.8 818.525
23103.4 838.499
23108.5 858.475
23096 858.534
23100.6 878.513
23104.7 898.493
23108.5 918.476
23085.6 905.861
23089.2 925.976
23092.3 946.097
23095.1 966.222
23082.6 966.422
23090.3 993.955
23092.5 1014.6
23080.1 1015.33
23054.1 996.146
23048.8 1006.42
23037.4 1007.76
23026.1 1009.14
23015 1010.55
23004 1012
22993.1 1013.49
22978.1 1008.2
22967.9 1010.44
22957.9 1012.74
22947.9 1015.11
22926.8 997.599
22915.4 996.819
22906.4 1000.19
22897.5 1003.67
22888.6 1007.26
22879.9 1010.98
22871.2 1014.84
22853.8 1000.63
22845.9 1005.72
22838 1011
22830.3 1016.48
22813.7 1002.22
22806.3 1008.15
22793.9 1002.43
22787.2 1010.08
22772.5 998.095
22766.1 1006.43
22759.8 1015.16
22746.1 1004.33
22740 1013.92
22726.2 1001.84
22721 1014.1
22709.2 1007.05
22697.8 1000.7
22693.1 1015.09
22682.3 1010.35
22674.7 1015.93
22665.4 1015.46
22656.4 1016.26
22642.6 998.469
22638.6 1018.02
22629.6 1018.06
22620.6 1018.1
22611.6 1018.15
22602.6 1018.19
22593.7 1018.23
22584.8 1018.27
22576 1018.31
22567.2 1018.35
22558.4 1018.39
22549.6 1018.43
22540.9 1018.48
22532.1 1018.52
22523.4 1018.56
22514.7 1018.6
22506.1 1018.64
22497.4 1018.68
22488.8 1018.72
22480.2 1018.76
22471.6 1018.8
22463 1018.84
22454.4 1018.88
22445.9 1018.92
22437.3 1018.96
22428.7 1019
22420.2 1019.04
22411.6 1019.08
22403.1 1019.12
22394.6 1019.16
22386 1019.2
22377.5 1019.24
22368.9 1019.28
22360.4 1019.32
22351.8 1019.36
22343.3 1019.4
22334.7 1019.44
22326.1 1019.48
22317.5 1019.52
22308.9 1019.56
22300.3 1019.6
22291.7 1019.64
22283.1 1019.68
22274.4 1019.72
22265.7 1019.76
22257 1019.8
22248.3 1019.84
22239.6 1019.88
22230.8 1019.92
22222 1019.96
22213.2 1020
22204.3 1020.04
22195.5 1020.08
22186.6 1020.12
22177.6 1020.17
22168.6 1020.21
22159.6 1020.25
22150.6 1020.29
22141.5 1020.33
22132.4 1020.38
22123.2 1020.42
22114 1020.46
22104.7 1020.51
22095.4 1020.55
22086 1020.59
22076.6 1020.64
22067.2 1020.68
22057.6 1020.72
22048.1 1020.77
22038.4 1020.81
22028.7 1020.86
22019 1020.9
22009.1 1020.95
21999.2 1021
21989.3 1021.04
21983.7 1010.29
21969.1 1021.14
21958.9 1021.18
21948.6 1021.23
21938.3 1021.28
21927.8 1021.33
21917.3 1021.38
21906.7 1021.43
21896 1021.48
21885.2 1021.53
21874.3 1021.58
21863.3 1021.63
21852.2 1021.68
21841 1021.73
21829.6 1021.79
21818.2 1021.84
21806.6 1021.89
21794.9 1021.95
21783.1 1022
21771.2 1022.06
21759.1 1022.11
21746.9 1022.17
21734.6 1022.23
21380.8 1523.88
21361.7 1523.97
19714.8 3828.67
19721.1 3750.53
19727.6 3674.12
19714.4 3626
19716.6 3558.46
