9126.68 -1787.53
9126.68 -1787.53
9126.68 -1787.53
9129.61 -1788.16
9129.61 -1788.16
9144.19 -1791.7
9155.75 -1794.91
9155.75 -1794.91
9170.05 -1799.43
9186.99 -1805.52
9211.92 -1815.9
9211.92 -1815.9
9220.17 -1819.49
9225.67 -1821.89
9228.42 -1823.09
9228.42 -1823.09
9228.42 -1823.09
9228.42 -1823.09
9231.17 -1824.28
9239.33 -1828.08
9239.33 -1828.08
9239.33 -1828.08
9239.33 -1828.08
9239.33 -1828.08
9242.02 -1829.4
9250.01 -1833.55
9250.01 -1833.55
9250.01 -1833.55
9250.01 -1833.55
9252.65 -1834.98
9252.65 -1834.98
9257.87 -1837.94
9265.6 -1842.55
9275.74 -1848.96
9283.2 -1854
9290.59 -1859.13
9290.59 -1859.13
9290.59 -1859.13
9290.59 -1859.13
9290.59 -1859.13
9293.05 -1860.84
9297.95 -1864.31
9305.18 -1869.67
9312.25 -1875.23
9312.25 -1875.23
9312.25 -1875.23
9312.25 -1875.23
9314.6 -1877.1
9314.6 -1877.1
9319.33 -1880.8
9325.87 -1885.83
9332.96 -1891.37
9342.34 -1898.85
9354.16 -1908.09
9368.57 -1918.87
9384.44 -1930.21
9420.58 -1954.43
9420.58 -1954.43
9435.8 -1964.04
9453.7 -1975.03
9487.57 -1994.35
9487.57 -1994.35
9502.76 -2002.52
9518.06 -2010.5
9533.53 -2018.14
9551.87 -2026.7
9571.62 -2035.82
9611.23 -2053.8
9628.36 -2061.43
9645.52 -2068.99
9645.52 -2068.99
9662.77 -2076.33
9680.12 -2083.44
9715.03 -2097.13
9715.03 -2097.13
9732.54 -2103.85
9748.66 -2109.98
9764.87 -2115.88
9781.15 -2121.58
9797.46 -2127.21
9813.77 -2132.83
9831.49 -2138.95
9864.24 -2149.78
9864.24 -2149.78
9879.22 -2154.66
9895.62 -2160
9912.07 -2165.19
9927.13 -2169.81
9941.47 -2174.2
9955.82 -2178.59
9970.16 -2182.99
9984.5 -2187.38
9997.44 -2191.22
10023.4 -2198.68
10023.4 -2198.68
10036.4 -2202.41
10049.3 -2206.13
10060.9 -2209.35
10072.5 -2212.46
10095.9 -2229.93
10095.9 -2229.93
10107.5 -2233.13
10119.1 -2236.37
10129.2 -2239.08
10139.4 -2241.66
10149.5 -2244.28
10159.7 -2246.94
10169.8 -2249.65
10180 -2252.4
10190.1 -2255.2
10200.2 -2258.04
10210.3 -2260.93
10230.5 -2266.83
10230.5 -2266.83
10247.8 -2271.81
10247.8 -2271.81
10257.8 -2274.83
10267.8 -2277.98
10277.8 -2281.26
10287.7 -2284.67
10297.6 -2288.2
10307.5 -2291.87
10324.2 -2298.41
10328.4 -2300.06
10328.4 -2300.06
10329.8 -2300.61
10329.8 -2300.61
10329.8 -2300.61
10330.8 -2306.2
10330.8 -2306.2
10330.8 -2306.2
10330.8 -2306.2
10330.8 -2306.2
10330.8 -2306.2
10338.1 -2308.23
10338.1 -2308.23
10356 -2313.59
10356 -2313.59
10366 -2316.87
10377.3 -2320.87
10388.5 -2325.11
10396.9 -2328.47
10405.2 -2331.98
10405.2 -2331.98
10405.9 -2332.3
10405.9 -2332.3
10405.9 -2332.3
10408.4 -2333.91
10420.3 -2341.71
10420.3 -2341.71
10428.5 -2347.05
10436.6 -2352.46
10444.6 -2357.97
10452.6 -2363.59
10460.5 -2369.32
10468.3 -2375.14
10476 -2381.07
10491.3 -2393.23
10491.3 -2393.23
10498.8 -2399.46
10462.5 -2402.4
10469.8 -2408.81
10474.8 -2413.31
10478.2 -2416.31
10478.2 -2416.31
10478.2 -2416.31
10478.2 -2416.31
10478.2 -2416.31
10478.2 -2416.31
10478.2 -2416.31
10478.2 -2416.31
10478.2 -2416.31
10478.2 -2416.31
10478.2 -2416.31
10478.2 -2416.31
10478.2 -2416.31
10478.2 -2416.31
10478.2 -2416.31
10478.2 -2416.31
10478.2 -2416.31
10478.2 -2416.31
10478.2 -2416.31
10478.2 -2416.31
10478.2 -2416.31
10478.2 -2416.31
10478.2 -2416.31
10478.2 -2416.31
10478.2 -2416.31
10478.2 -2416.31
10478.2 -2416.31
10478.2 -2416.31
10478.2 -2416.31
10478.2 -2416.31
10481.6 -2425.67
10481.6 -2425.67
10481.6 -2425.67
10481.6 -2425.67
10481.6 -2425.67
10481.6 -2425.67
10481.6 -2425.67
10481.6 -2425.67
10481.6 -2425.67
10481.6 -2425.67
10481.6 -2425.67
10481.6 -2425.67
10481.6 -2425.67
10481.6 -2425.67
10481.6 -2425.67
10481.6 -2425.67
10481.6 -2425.67
10481.6 -2425.67
10481.6 -2425.67
10481.6 -2425.67
10494 -2411.79
10494 -2411.79
10494.6 -2408.83
10495.5 -2403.91
10496.3 -2398.99
10498.1 -2389.15
10498.1 -2389.15
10499.4 -2382.27
10499.4 -2382.27
10499.4 -2382.27
10499.4 -2382.27
10499.4 -2382.27
10499.4 -2382.27
10499.4 -2382.27
10499.4 -2382.27
10499.4 -2382.27
10499.4 -2382.27
10499.4 -2382.27
10499.4 -2382.27
10499.4 -2382.27
10499.4 -2382.27
10499.4 -2382.27
10499.4 -2382.27
10499.4 -2382.27
10499.4 -2382.27
10489.8 -2391.79
10489.8 -2391.79
10489.8 -2391.79
10489.8 -2391.79
10489.8 -2391.79
10489.8 -2391.79
10489.8 -2391.79
10489.8 -2391.79
10489.8 -2391.79
10489.8 -2391.79
10489.8 -2391.79
10489.8 -2391.79
10484.2 -2395.96
10484.2 -2395.96
10484.2 -2395.96
10484.2 -2395.96
10484.2 -2395.96
10484.2 -2395.96
10484.2 -2395.96
10484.2 -2395.96
10484.2 -2395.96
10484.2 -2395.96
10484.2 -2395.96
10484.2 -2395.96
10484.2 -2395.96
10487.1 -2390.81
10487.1 -2390.81
10487.1 -2390.81
10487.1 -2390.81
10487.1 -2390.81
10487.1 -2390.81
10487.1 -2390.81
10487.1 -2390.81
10487.1 -2390.81
10487.1 -2390.81
10487.1 -2390.81
10487.1 -2390.81
10487.1 -2390.81
10487.1 -2390.81
10487.1 -2390.81
10491.4 -2394.65
10491.4 -2394.65
10491.4 -2394.65
10491.4 -2394.65
10491.4 -2394.65
10491.4 -2394.65
10491.4 -2394.65
10491.4 -2394.65
10491.4 -2394.65
10491.4 -2394.65
10491.4 -2394.65
10491.4 -2394.65
10491.4 -2394.65
10493.7 -2388.97
10493.7 -2388.97
10493.7 -2388.97
10493.7 -2388.97
10493.7 -2388.97
10493.7 -2388.97
10493.7 -2388.97
10493.7 -2388.97
10493.7 -2388.97
10493.7 -2388.97
10493.7 -2388.97
10494.5 -2386.08
10495.7 -2380.97
10496.9 -2375.09
10497.8 -2369.16
10498.7 -2361.71
10497.8 -2353.94
10498 -2343.44
10497.8 -2332.2
10497.1 -2320.97
10495.9 -2309.78
10494.2 -2298.66
10492 -2287.62
10489.4 -2276.69
10485.4 -2263
10479.9 -2246.65
10472.6 -2227.76
10464.5 -2209.21
10455.6 -2191.03
10447.3 -2175.88
10438.4 -2161.12
10415.5 -2130.91
10415.5 -2130.91
10403.8 -2116.3
10380.4 -2090.91
10380.4 -2090.91
10355.1 -2067.53
10355.1 -2067.53
10341.8 -2056.52
10328.1 -2045.98
10314.1 -2035.92
10286.4 -2018.09
10286.4 -2018.09
10272.7 -2010.3
10243.2 -1995.52
10243.2 -1995.52
10239.7 -1981.33
10225.1 -1975.33
10210.4 -1969.83
10195.4 -1964.86
10165.1 -1956.49
10151.1 -1953.42
10151.1 -1953.42
10137.1 -1950.85
10123 -1948.64
10094.7 -1945.33
10080.5 -1944.23
10080.5 -1944.23
10055.1 -1943.27
10055.1 -1943.27
10029.6 -1943.64
10029.6 -1943.64
10015.7 -1941.08
10003 -1942.15
9990.32 -1943.56
9977.69 -1945.29
9966.59 -1947.11
9944.49 -1951.33
9944.49 -1951.33
9936.43 -1953.09
9931.34 -1954.38
9926.33 -1955.95
9918.65 -1958.94
9908.56 -1963.93
9896.39 -1971.34
9883.61 -1980.55
9871.6 -1990.74
9860.43 -2001.84
9872.01 -2015
9863.51 -2026.44
9855.83 -2038.44
9849.01 -2050.95
9838.06 -2077.25
9838.06 -2077.25
9834.41 -2089.46
9831.52 -2101.88
9829.14 -2115.93
9827.54 -2130.85
9827.55 -2160.83
9827.55 -2160.83
9829.05 -2174.24
9831.19 -2186.81
9833.98 -2199.25
9837.41 -2211.53
9845.64 -2234.07
9845.64 -2234.07
9849.85 -2243.69
9854.39 -2253.16
9860.14 -2263.69
9866.83 -2274.54
9874.5 -2285.65
9890.27 -2305.69
9890.27 -2305.69
9905.43 -2322.3
9905.43 -2322.3
9914.59 -2331.18
9932.79 -2346.82
9932.79 -2346.82
9950.64 -2360.51
9959.78 -2367.06
9969.13 -2373.33
9978.68 -2379.27
9978.68 -2379.27
9988.44 -2384.87
9998.38 -2390.13
10008.5 -2395.03
10017.4 -2399.13
10036.6 -2407.45
10036.6 -2407.45
10056.2 -2415.11
10056.2 -2415.11
10064.7 -2418.02
10073.3 -2420.63
10082.7 -2428.32
10094.4 -2431.18
10106.1 -2433.89
10116.3 -2436.18
10126.6 -2438.37
10136.9 -2440.48
10147.2 -2442.49
10167.8 -2446.26
10167.8 -2446.26
10187.1 -2449.42
10196 -2450.68
10196 -2450.68
10204.9 -2451.79
10213.9 -2452.74
10221.2 -2437.35
10221.2 -2437.35
10231.6 -2438.67
10240.5 -2439.91
10249.4 -2441.12
10259.8 -2442.49
10280.6 -2445.67
10280.6 -2445.67
10301.2 -2449.58
10301.2 -2449.58
10318.8 -2453.31
10318.8 -2453.31
10330.5 -2455.96
10342.9 -2458.98
10342.9 -2458.98
10342.9 -2458.98
10342.9 -2458.98
10342.9 -2458.98
10342.9 -2458.98
10342.9 -2458.98
10342.9 -2458.98
10342.9 -2458.98
10342.9 -2458.98
10342.9 -2458.98
10342.9 -2458.98
10342.9 -2458.98
10318.4 -2483.64
10318.4 -2483.64
10318.4 -2483.64
10318.4 -2483.64
10318.4 -2483.64
10318.4 -2483.64
10318.4 -2483.64
10318.4 -2483.64
10318.4 -2483.64
10318.4 -2483.64
10318.4 -2483.64
10318.4 -2483.64
10318.4 -2483.64
10318.4 -2483.64
10318.4 -2483.64
10318.4 -2483.64
10318.4 -2483.64
10318.4 -2483.64
10318.4 -2483.64
10318.4 -2483.64
10318.4 -2483.64
10318.4 -2483.64
10318.4 -2483.64
10318.4 -2483.64
10346.3 -2471.91
10346.3 -2471.91
10346.3 -2471.91
10346.3 -2471.91
10346.3 -2471.91
10346.3 -2471.91
10346.3 -2471.91
10346.3 -2471.91
10346.3 -2471.91
10346.3 -2471.91
10346.3 -2471.91
10346.3 -2471.91
10346.3 -2471.91
10346.3 -2471.91
10346.3 -2471.91
10346.3 -2471.91
10346.3 -2471.91
10346.3 -2471.91
10346.3 -2471.91
10346.3 -2471.91
10343.9 -2474.57
10343.9 -2474.57
10343.9 -2474.57
10343.9 -2474.57
10343.9 -2474.57
10343.9 -2474.57
10343.9 -2474.57
10343.9 -2474.57
10343.9 -2474.57
10343.9 -2474.57
10343.9 -2474.57
10343.9 -2474.57
10343.9 -2474.57
10343.9 -2474.57
10343.9 -2474.57
10343.9 -2474.57
10343.9 -2474.57
10343.9 -2474.57
10343.9 -2474.57
10343.9 -2474.57
10347 -2473.68
10347 -2473.68
10347 -2473.68
10347 -2473.68
10347 -2473.68
10347 -2473.68
10347 -2473.68
10347 -2473.68
10347 -2473.68
10347 -2473.68
10347 -2473.68
10347 -2473.68
10347 -2473.68
10347 -2473.68
10347 -2473.68
10347 -2473.68
10347 -2473.68
10347 -2473.68
10347 -2473.68
10349 -2471.43
10367.1 -2464.99
10367.1 -2464.99
10373.7 -2457.52
10373.7 -2457.52
10378.4 -2452.3
10378.4 -2452.3
10378.4 -2452.3
10378.4 -2452.3
10378.4 -2452.3
10378.4 -2452.3
10378.4 -2452.3
10378.4 -2452.3
10378.4 -2452.3
10378.4 -2452.3
10378.4 -2452.3
10378.4 -2452.3
10378.4 -2452.3
10378.4 -2452.3
10378.4 -2452.3
10378.4 -2452.3
10378.4 -2452.3
10378.4 -2452.3
10378.4 -2452.3
10354 -2449.41
10354 -2449.41
10354 -2449.41
10354 -2449.41
10354 -2449.41
10354 -2449.41
10354 -2449.41
10354 -2449.41
10354 -2449.41
10354 -2449.41
10354 -2449.41
10354 -2449.41
10354 -2449.41
10354 -2449.41
10359.7 -2452.49
10359.7 -2452.49
10359.7 -2452.49
10359.7 -2452.49
10359.7 -2452.49
10359.7 -2452.49
10359.7 -2452.49
10359.7 -2452.49
10359.7 -2452.49
10359.7 -2452.49
10359.7 -2452.49
10359.7 -2452.49
10359.7 -2452.49
10359.7 -2452.49
10359.7 -2452.49
10359.7 -2452.49
10361.7 -2450.25
10368.4 -2442.84
10368.4 -2442.84
10372.3 -2433.61
10372.3 -2433.61
10377 -2428.41
10377 -2428.41
10377 -2428.41
10377 -2428.41
10377 -2428.41
10377 -2428.41
10377 -2428.41
10377 -2428.41
10377 -2428.41
10377 -2428.41
10377 -2428.41
10377 -2428.41
10377 -2428.41
10377 -2428.41
10377 -2428.41
10377 -2428.41
10377 -2428.41
10377 -2428.41
10377 -2428.41
10377 -2428.41
10377 -2428.41
10391.2 -2427.03
10391.2 -2427.03
10391.2 -2427.03
10391.2 -2427.03
10391.2 -2427.03
10391.2 -2427.03
10391.2 -2427.03
10391.2 -2427.03
10391.2 -2427.03
10391.2 -2427.03
10391.2 -2427.03
10391.2 -2427.03
10391.2 -2427.03
10391.2 -2427.03
10373.9 -2428.88
10373.9 -2428.88
10373.9 -2428.88
10373.9 -2428.88
10373.9 -2428.88
10373.9 -2428.88
10373.9 -2428.88
10373.9 -2428.88
10373.9 -2428.88
10373.9 -2428.88
10373.9 -2428.88
10373.9 -2428.88
10373.9 -2428.88
10373.9 -2428.88
10373.9 -2428.88
10373.9 -2428.88
10373.9 -2428.88
10388.3 -2424.85
10388.3 -2424.85
10388.3 -2424.85
10388.3 -2424.85
10388.3 -2424.85
10388.3 -2424.85
10388.3 -2424.85
10388.3 -2424.85
10388.3 -2424.85
10388.3 -2424.85
10388.3 -2424.85
10388.3 -2424.85
10388.3 -2424.85
10388.3 -2424.85
10388.3 -2424.85
10388.3 -2424.85
10388.3 -2424.85
10388.3 -2424.85
10388.3 -2424.85
10388.3 -2424.85
10378.8 -2431.47
10378.8 -2431.47
10378.8 -2431.47
10378.8 -2431.47
10378.8 -2431.47
10380.9 -2429.3
10384.4 -2425.71
10387.8 -2422.11
10391.3 -2418.52
10394.8 -2414.92
10398.3 -2411.33
10399.7 -2409.89
10399.7 -2409.89
10399.7 -2409.89
10399.7 -2409.89
10399.7 -2409.89
10399.7 -2409.89
10399.7 -2409.89
10399.7 -2409.89
10399.7 -2409.89
10399.7 -2409.89
10399.7 -2409.89
10399.7 -2409.89
10399.7 -2409.89
10399.7 -2409.89
10399.7 -2409.89
10399.7 -2409.89
10399.7 -2409.89
10399.7 -2409.89
10399.7 -2409.89
10399.7 -2409.89
10399.7 -2409.89
10399.7 -2409.89
10399.7 -2409.89
10399.7 -2409.89
10399.7 -2409.89
10399.7 -2409.89
10399.7 -2409.89
10399.7 -2409.89
10399.7 -2409.89
10399.7 -2409.89
10399.7 -2409.89
10399.7 -2409.89
10399.7 -2409.89
10405.3 -2408.27
10405.3 -2408.27
10405.3 -2408.27
10405.3 -2408.27
10405.3 -2408.27
10405.3 -2408.27
10405.3 -2408.27
10405.3 -2408.27
10405.3 -2408.27
10405.3 -2408.27
10405.3 -2408.27
10413.4 -2412.03
10413.4 -2412.03
10421 -2415.26
10410.2 -2416.44
10420.5 -2421.04
10433.4 -2427.14
10443.4 -2432.23
10455.4 -2438.43
10455.4 -2438.43
10457.4 -2439.47
10457.4 -2439.47
10457.4 -2439.47
10457.4 -2439.47
10457.4 -2439.47
10457.4 -2439.47
10457.4 -2439.47
10453.7 -2441.96
10453.7 -2441.96
10453.7 -2441.96
10453.7 -2441.96
10453.7 -2441.96
10453.7 -2441.96
10453.7 -2441.96
10453.7 -2441.96
10453.7 -2441.96
10453.7 -2441.96
10453.7 -2441.96
10453.7 -2441.96
10453.7 -2441.96
10453.7 -2441.96
10453.7 -2441.96
10453.7 -2441.96
10453.7 -2441.96
10453.7 -2441.96
10453.7 -2441.96
10453.7 -2441.96
10453.7 -2441.96
10453.7 -2441.96
10453.7 -2441.96
10453.7 -2441.96
10453.7 -2441.96
10453.7 -2441.96
10453.7 -2441.96
10453.7 -2441.96
10453.7 -2441.96
10453.7 -2441.96
10453.8 -2452.57
10453.8 -2452.57
10453.8 -2452.57
10453.8 -2452.57
10453.8 -2452.57
10453.8 -2452.57
10453.8 -2452.57
10453.8 -2452.57
10453.8 -2452.57
10453.8 -2452.57
10453.8 -2452.57
10453.8 -2452.57
10453.8 -2452.57
10453.8 -2452.57
10453.8 -2452.57
10453.8 -2452.57
10453.8 -2452.57
10453.8 -2452.57
10453.8 -2452.57
10453.8 -2452.57
10467.8 -2445.33
10467.8 -2445.33
10467.8 -2445.33
10467.8 -2445.33
10467.8 -2445.33
10468.3 -2442.37
10469.1 -2437.44
10469.9 -2432.51
10470.8 -2427.58
10471.6 -2422.65
10472.8 -2415.75
10472.8 -2415.75
10472.8 -2415.75
10472.8 -2415.75
10472.8 -2415.75
10472.8 -2415.75
10472.8 -2415.75
10472.8 -2415.75
10472.8 -2415.75
10472.8 -2415.75
10472.8 -2415.75
10472.8 -2415.75
10472.8 -2415.75
10472.8 -2415.75
10472.8 -2415.75
10444.1 -2414.37
10444.1 -2414.37
10444.1 -2414.37
10444.1 -2414.37
10444.1 -2414.37
10444.1 -2414.37
10444.1 -2414.37
10444.1 -2414.37
10444.1 -2414.37
10444.1 -2414.37
10444.1 -2414.37
10444.1 -2414.37
10444.1 -2414.37
10444.1 -2414.37
10444.1 -2414.37
10485.7 -2415.43
10485.7 -2415.43
10485.7 -2415.43
10485.7 -2415.43
10485.7 -2415.43
10485.7 -2415.43
10485.7 -2415.43
10485.7 -2415.43
10485.7 -2415.43
10485.7 -2415.43
10485.7 -2415.43
10485.7 -2415.43
10485.7 -2415.43
10485.7 -2415.43
10486.3 -2418.36
10450.9 -2418.21
10450.9 -2418.21
10450.9 -2418.21
10450.9 -2418.21
10450.9 -2418.21
10450.9 -2418.21
10450.9 -2418.21
10450.9 -2418.21
10450.9 -2418.21
10450.9 -2418.21
10450.9 -2418.21
10450.9 -2418.21
10450.9 -2418.21
10439.6 -2415
10439.6 -2415
10439.6 -2415
10439.6 -2415
10439.7 -2412
10439.7 -2412
10440.1 -2402.01
10440.3 -2397.02
10440.3 -2397.02
10440.6 -2392.02
10440.9 -2385.03
10440.9 -2385.03
10440.9 -2385.03
10440.9 -2385.03
10440.9 -2385.03
10440.9 -2385.03
10440.9 -2385.03
10440.9 -2385.03
10440.9 -2385.03
10440.9 -2385.03
10440.9 -2385.03
10440.9 -2385.03
10440.9 -2385.03
10440.9 -2385.03
10440.9 -2385.03
10440.9 -2385.03
10440.9 -2385.03
10440.9 -2385.03
10445.8 -2392.67
10445.8 -2392.67
10445.8 -2392.67
10445.8 -2392.67
10445.8 -2392.67
10445.8 -2392.67
10445.8 -2392.67
10445.8 -2392.67
10445.8 -2392.67
10445.8 -2392.67
10445.8 -2392.67
10445.8 -2392.67
10445.8 -2392.67
10445.8 -2392.67
10449.2 -2388.58
10449.2 -2388.58
10449.2 -2388.58
10449.2 -2388.58
10449.2 -2388.58
10449.2 -2388.58
10449.2 -2388.58
10449.2 -2388.58
10449.2 -2388.58
10449.2 -2388.58
10449.2 -2388.58
10449.2 -2388.58
10449.2 -2388.58
10449.2 -2388.58
10449.2 -2388.58
10436.3 -2390.72
10439 -2389.43
10439 -2389.43
10441.7 -2388.04
10445.6 -2385.82
10456.8 -2378.23
10460.8 -2374.87
10460.8 -2374.87
10464.6 -2371.25
10469.2 -2366.3
10469.2 -2366.3
10469.2 -2366.3
10473.8 -2360.42
10473.8 -2360.42
10495.7 -2355.97
10499 -2350.95
10502 -2345.74
10507.1 -2334.87
10507.1 -2334.87
10509.7 -2327.83
10515.2 -2307.58
10515.2 -2307.58
10517.1 -2297.25
10518.6 -2285.34
10519.4 -2272.62
10519.6 -2256.87
10516.6 -2217.25
10516.6 -2217.25
10513.2 -2196.52
10506.3 -2173.91
10501.4 -2155.82
10495.6 -2137.97
10488.5 -2119.02
10480.5 -2100.44
10470.9 -2080.92
10448.2 -2042.06
10448.2 -2042.06
10436.3 -2024.74
10413 -1995.41
10400.3 -1981.62
10386.9 -1968.45
10386.9 -1968.45
10373.1 -1955.82
10358.7 -1943.74
10343.9 -1932.24
10322.2 -1921.25
10293 -1902.99
10293 -1902.99
10277.8 -1894.74
10262.3 -1887.09
10246.6 -1880.05
10230.6 -1873.64
10215.7 -1868.36
10200.7 -1863.54
10170.4 -1855.28
10170.4 -1855.28
10155 -1851.85
10141 -1849.17
10126.9 -1846.93
10112.8 -1845.11
10098.6 -1843.72
10084.4 -1842.77
10070.1 -1842.26
10100.8 -1833.51
10100.8 -1833.51
10088.1 -1833.94
10073.9 -1834.72
10058.9 -1835.87
10030.6 -1839.33
10030.6 -1839.33
10017.3 -1841.48
10004 -1843.92
9990.8 -1846.64
9977.64 -1849.66
9964.55 -1852.96
9952.98 -1856.15
9941.48 -1859.59
9930.07 -1863.27
9918.73 -1867.21
9907.48 -1871.39
9897.72 -1875.27
9888.71 -1878.98
9879.74 -1882.82
9870.83 -1886.77
9861.97 -1890.84
9853.16 -1895.02
9844.41 -1899.31
9835.71 -1903.73
9829.74 -1906.86
9825.82 -1909.07
9815.93 -1915.86
9815.93 -1915.86
9807.9 -1922.63
9800.44 -1930.01
9795.53 -1935.68
9790.98 -1941.65
9785.84 -1949.03
9780.89 -1956.55
9776.93 -1962.92
9773.26 -1969.46
9768.68 -1978.91
9763.6 -1991.42
9758.47 -2007.1
9754.27 -2023.83
9751.25 -2040.81
9749.27 -2057.95
9748.33 -2075.17
9751.6 -2110.2
9751.6 -2110.2
9753.18 -2124.36
9755.44 -2138.43
9758.38 -2152.37
9761.97 -2166.16
9766.23 -2179.76
9771.13 -2193.14
9782.83 -2219.12
9782.83 -2219.12
9789.6 -2231.66
9796.97 -2243.86
9803.98 -2254.5
9818.16 -2273.87
9825.22 -2282.63
9833.52 -2292.31
9841.38 -2295.04
9841.38 -2295.04
9851.7 -2304.87
9861.27 -2313.3
9871.16 -2321.34
9881.29 -2329.08
9891.62 -2336.55
9900.88 -2342.94
9910.28 -2349.13
9919.8 -2355.11
9930.75 -2361.66
9941.83 -2367.96
9953.1 -2373.92
9963.2 -2378.87
9973.41 -2383.6
9983.7 -2388.16
9994.04 -2392.57
9988.76 -2398.01
9999.28 -2402
10008.5 -2405.18
10017.8 -2408.23
10028.5 -2411.62
10039.3 -2414.86
10050.1 -2417.96
10060.9 -2420.92
10071.8 -2423.74
10082.7 -2426.42
10092.2 -2428.61
10101.8 -2430.68
10120.9 -2434.53
10120.9 -2434.53
10130.5 -2436.39
10140 -2438.21
10164.8 -2441.38
10174.4 -2443.12
10184 -2444.81
10193.6 -2446.45
10203.2 -2448.14
10211.4 -2449.61
10219.5 -2450.97
10229.1 -2452.45
10246.9 -2455.29
10255.1 -2456.51
10255.1 -2456.51
10261.8 -2457.39
10268.5 -2458.15
10278.1 -2459.25
10278.1 -2459.25
10278.1 -2459.25
10278.1 -2459.25
10278.1 -2459.25
10278.1 -2459.25
10278.1 -2459.25
10278.1 -2459.25
10278.1 -2459.25
10278.1 -2459.25
10278.1 -2459.25
10278.1 -2459.25
10278.1 -2459.25
10278.1 -2459.25
10278.1 -2459.25
10278.1 -2459.25
10278.1 -2459.25
10278.1 -2459.25
10278.1 -2459.25
10273.4 -2473.22
10273.4 -2473.22
10273.4 -2473.22
10273.4 -2473.22
10273.4 -2473.22
10273.4 -2473.22
10273.4 -2473.22
10273.4 -2473.22
10273.4 -2473.22
10273.4 -2473.22
10273.4 -2473.22
10273.4 -2473.22
10273.4 -2473.22
10273.4 -2473.22
10273.4 -2473.22
10273.4 -2473.22
10273.4 -2473.22
10273.4 -2473.22
10273.4 -2473.22
10272.2 -2463.3
10272.2 -2463.3
10272.2 -2463.3
10272.2 -2463.3
10272.2 -2463.3
10272.2 -2463.3
10272.2 -2463.3
10272.2 -2463.3
10272.2 -2463.3
10272.2 -2463.3
10272.2 -2463.3
10272.2 -2463.3
10272.2 -2463.3
10272.2 -2463.3
10272.2 -2463.3
10272.2 -2463.3
10272.2 -2463.3
10272.2 -2463.3
10272.2 -2463.3
10272.2 -2463.3
10274.8 -2466.99
10274.8 -2466.99
10274.8 -2466.99
10274.8 -2466.99
10274.8 -2466.99
10274.8 -2466.99
10274.8 -2466.99
10274.8 -2466.99
10274.8 -2466.99
10274.8 -2466.99
10274.8 -2466.99
10274.8 -2463.99
10274.9 -2458.99
10274.9 -2453.99
10274.9 -2448.99
10275 -2438.99
10275 -2438.99
10275 -2433.99
10275 -2423.99
10275 -2423.99
10223 -2422.94
10223.1 -2417.94
10223.1 -2412.94
10223.1 -2407.94
10223.1 -2405.94
10223.1 -2405.94
10223.1 -2405.94
10223.1 -2405.94
10223.1 -2405.94
10223.1 -2405.94
10223.1 -2405.94
10223.1 -2405.94
10223.1 -2405.94
10223.1 -2405.94
10223.1 -2405.94
10223.1 -2405.94
10223.9 -2403.04
10226.5 -2393.4
10226.5 -2393.4
10227.9 -2388.58
10229.2 -2383.75
10230.5 -2378.93
10231 -2377
10231 -2377
10231 -2377
10231 -2377
10231 -2377
10231 -2377
10231 -2377
10231 -2377
10231 -2377
10231 -2377
10231 -2377
10231 -2377
10231 -2377
10231 -2377
10231 -2377
10287.7 -2373.57
10287.7 -2373.57
10287.7 -2373.57
10287.7 -2373.57
10287.7 -2373.57
10287.7 -2373.57
10287.7 -2373.57
10287.7 -2373.57
10287.7 -2373.57
10287.7 -2373.57
10287.7 -2373.57
10287.7 -2373.57
10287.7 -2373.57
10287.7 -2373.57
10281 -2376.16
10281 -2376.16
10281 -2376.16
10281 -2376.16
10281 -2376.16
10281 -2376.16
10281 -2376.16
10281 -2376.16
10281 -2376.16
10281 -2376.16
10281 -2376.16
10281 -2376.16
10281 -2376.16
10281 -2376.16
10280.9 -2373.16
10280.9 -2368.16
10280.9 -2363.16
10280.8 -2358.16
10280.8 -2358.16
10280.8 -2353.16
10280.8 -2346.16
10283.2 -2344.71
10283.2 -2344.71
10283.2 -2344.71
10283.2 -2344.71
10283.2 -2344.71
10283.2 -2344.71
10283.2 -2344.71
10283.2 -2344.71
10283.2 -2344.71
10283.2 -2344.71
10283.2 -2344.71
10283.2 -2344.71
10283.2 -2344.71
10283.2 -2344.71
10283.2 -2344.71
10283.2 -2344.71
10283.2 -2344.71
10283.2 -2344.71
10283.2 -2344.71
10283.2 -2344.71
10245.4 -2341.25
10245.4 -2341.25
10245.4 -2341.25
10245.4 -2341.25
10245.4 -2341.25
10245.4 -2341.25
10245.4 -2341.25
10245.4 -2341.25
10245.4 -2341.25
10245.4 -2341.25
10245.4 -2341.25
10245.4 -2341.25
10245.4 -2341.25
10245.4 -2341.25
10245.4 -2341.25
10284.2 -2327.45
10284.2 -2327.45
10284.2 -2327.45
10284.2 -2327.45
10284.2 -2327.45
10284.2 -2327.45
10284.2 -2327.45
10284.2 -2327.45
10284.2 -2327.45
10284.2 -2327.45
10284.2 -2327.45
10284.2 -2327.45
10284.2 -2327.45
10284.2 -2327.45
10286.7 -2325.91
10242.4 -2330.9
10246.8 -2327.97
10252.4 -2324.19
10260.5 -2318.88
10281.4 -2307.03
10281.4 -2307.03
10290.9 -2302.51
10300.5 -2298.36
10310.3 -2294.6
10320.3 -2291.23
10330.3 -2288.24
10340.5 -2285.66
10361.1 -2281.7
10361.1 -2281.7
10371.5 -2280.33
10382 -2279.37
10392.5 -2278.82
10403 -2278.69
10421 -2279.51
10421 -2279.51
10429.9 -2280.52
10429.9 -2280.52
10429.9 -2280.52
10429.9 -2280.52
10429.9 -2280.52
10429.9 -2280.52
10429.9 -2280.52
10429.9 -2280.52
10429.9 -2280.52
10429.9 -2280.52
10429.9 -2280.52
10429.9 -2280.52
10429.9 -2280.52
10429.9 -2280.52
10429.9 -2280.52
10429.9 -2280.52
10429.9 -2280.52
10429.9 -2280.52
10429.9 -2280.52
10429.9 -2280.52
10429.9 -2280.52
10429.9 -2280.52
10429.9 -2280.52
10429.9 -2280.52
10429.9 -2280.52
10429.9 -2280.52
10429.9 -2280.52
10429.9 -2280.52
10434.9 -2291.73
10434.9 -2291.73
10434.9 -2291.73
10434.9 -2291.73
10436.5 -2289.19
10439.1 -2284.66
10447.6 -2267.91
10447.6 -2267.91
10451.7 -2257.45
10455.4 -2246.03
10460.7 -2221.11
10460.7 -2221.11
10462.3 -2207.7
10462.9 -2195.72
10454.8 -2189.23
10454 -2177.26
10452.2 -2162.37
10449.5 -2147.61
10446.3 -2134.49
10442.6 -2121.53
10438.2 -2108.76
10433.2 -2096.23
10427.6 -2083.94
10421.4 -2071.94
10413.1 -2057.65
10403.8 -2043.15
10392.5 -2027.28
10380.4 -2011.97
10367.6 -1997.25
10353.1 -1982.09
10366.1 -1960.53
10350.1 -1946.91
10334.7 -1934.99
10320 -1924.55
10305.6 -1915.11
10275.7 -1897.97
10260.2 -1890.29
10244.5 -1883.23
10244.5 -1883.23
10228.5 -1876.78
10212.2 -1870.97
10195.8 -1865.81
10165.2 -1858.16
10165.2 -1858.16
10148.3 -1854.82
10131.3 -1851.92
10106 -1855.09
10090.4 -1853.37
10074.7 -1852.19
10040.2 -1851.28
10025.9 -1851.4
10012.4 -1851.8
9998.97 -1852.62
9998.97 -1852.62
9985.53 -1853.85
9972.13 -1855.49
9958.78 -1857.54
9948.46 -1859.45
9938.24 -1861.85
9928.14 -1864.74
9915.43 -1869.3
9900.42 -1876.14
9883.4 -1885.66
9907.31 -1880.11
9894.65 -1890.69
9885.37 -1900.5
9877.51 -1911.47
9872.76 -1920.84
9869.69 -1932.4
9869.68 -1933.9
9869.68 -1933.9
9871.1 -1939.72
9871.1 -1939.72
9874.29 -1946.51
9880.21 -1955.18
9902.68 -1974.91
9917.2 -1982.76
9917.2 -1982.76
9932.74 -1988.3
9952.47 -1994.83
9959.92 -1994.03
9959.92 -1994.03
9964.27 -1992.88
9965.65 -1992.28
9965.97 -1992.08
9965.97 -1992.08
9965.97 -1992.08
9965.97 -1992.08
9965.97 -1992.08
9965.97 -1992.08
9965.97 -1992.08
9965.97 -1992.08
9965.97 -1992.08
9965.97 -1992.08
9965.97 -1992.08
9965.97 -1992.08
9960.02 -1994.34
9960.02 -1994.34
9960.02 -1994.34
9960.02 -1994.34
9960.02 -1994.34
9960.02 -1994.34
9960.02 -1994.34
9960.02 -1994.34
9960.02 -1994.34
9960.02 -1994.34
9960.02 -1994.34
9960.02 -1994.34
9960.02 -1994.34
9960.02 -1994.34
9960.02 -1994.34
9960.02 -1994.34
9960.02 -1994.34
9964.86 -1997.13
9973.36 -1994.17
9973.36 -1994.17
9981.95 -1991.49
9993.47 -1988.12
10005.8 -1984.75
10018.1 -1981.71
10043.1 -1976.6
10043.1 -1976.6
10055.7 -1974.53
10069.8 -1972.6
10084 -1971.03
10098.2 -1969.83
10109.4 -1969.18
10120.7 -1968.83
10131.9 -1968.76
10141.7 -1968.97
10145.5 -1960.91
10155.2 -1961.46
10164.9 -1962.18
10187.3 -1964.45
10187.3 -1964.45
10212.5 -1968.22
10212.5 -1968.22
10237.5 -1973.08
10237.5 -1973.08
10248.6 -1975.36
10259.6 -1977.75
10273.5 -1980.89
10287.3 -1984.4
10298.1 -1987.45
10308.1 -1990.47
10343.8 -2002.38
10353.7 -2005.69
10362.3 -2008.56
10370.8 -2011.47
10380.7 -2014.99
10390.5 -2018.64
10400.3 -2022.42
10410.1 -2026.33
10419.7 -2030.37
10429.4 -2034.53
10439 -2038.82
10448.5 -2043.24
10458 -2047.77
10467.4 -2052.44
10476.7 -2057.22
10486 -2062.21
10495.1 -2067.43
10504 -2072.9
10512.9 -2078.6
10521.5 -2084.52
10530 -2090.67
10470.1 -2098.08
10478.3 -2104.63
10496.5 -2120.28
10496.5 -2120.28
10507.1 -2129.83
10526.6 -2148.45
10526.6 -2148.45
10535.6 -2157.48
10544.5 -2166.67
10554.2 -2177.12
10563.7 -2187.73
10573 -2198.5
10582.1 -2209.44
10589.2 -2218.19
10594.4 -2224.62
10597.7 -2228.7
10599.1 -2230.46
10599.1 -2230.46
10599.1 -2230.46
10599.1 -2230.46
10599.1 -2230.46
10599.1 -2230.46
10593.1 -2241.57
10593.1 -2241.57
10593.1 -2241.57
10593.1 -2241.57
10593.1 -2241.57
10593.1 -2241.57
10593.1 -2241.57
10593.1 -2241.57
10593.1 -2241.57
10593.1 -2241.57
10593.1 -2241.57
10593.1 -2241.57
10593.1 -2241.57
10593.1 -2241.57
10593.1 -2241.57
10593.1 -2241.57
10593.1 -2241.57
10593.1 -2241.57
10593.1 -2241.57
10593.1 -2241.57
10593.1 -2241.57
10593.1 -2241.57
10593.1 -2241.57
10593.1 -2241.57
10593.1 -2241.57
10593.1 -2241.57
10594.6 -2245.61
10594.6 -2245.61
10594.6 -2245.61
10594.6 -2245.61
10594.6 -2245.61
10594.6 -2245.61
10594.6 -2245.61
10594.6 -2245.61
10594.6 -2245.61
10594.6 -2245.61
10594.6 -2245.61
10594.6 -2245.61
10594.6 -2245.61
10594.6 -2245.61
10594.6 -2245.61
10598.1 -2237.67
10598.1 -2237.67
10598.1 -2237.67
10598.1 -2237.67
10598.1 -2237.67
10598.1 -2237.67
10598.1 -2237.67
10598.1 -2237.67
10598.1 -2237.67
10598.1 -2237.67
10598.1 -2237.67
10598.1 -2237.67
10598.1 -2237.67
10598.1 -2237.67
10598.1 -2237.67
10596.4 -2245.57
10596.4 -2245.57
10596.4 -2245.57
10596.4 -2245.57
10596.4 -2245.57
10596.4 -2245.57
10596.4 -2245.57
10596.4 -2245.57
10596.4 -2245.57
10596.4 -2245.57
10596.4 -2245.57
10596.4 -2245.57
10595.5 -2242.73
10593.4 -2237.1
10590 -2228.74
10585.2 -2217.77
10576.6 -2194.87
10568 -2179.04
10558.8 -2163.56
10549 -2148.45
10538.7 -2133.74
10518.6 -2108.52
10518.6 -2108.52
10508.1 -2096.71
10497.4 -2085.23
10486.2 -2074.08
10474.8 -2063.27
10460.8 -2050.83
10446.2 -2038.95
10431.3 -2027.65
10415.9 -2016.95
10401.4 -2007.54
10386.7 -1998.57
10371.7 -1990.06
10340.9 -1974.43
10340.9 -1974.43
10309.3 -1960.71
10309.3 -1960.71
10290.4 -1953.51
10271.2 -1946.9
10239 -1936.91
10239 -1936.91
10223.1 -1932.55
10207.1 -1928.54
10191 -1924.88
10176.3 -1921.88
10161.5 -1919.19
10145.2 -1916.73
10128.1 -1914.69
10110.9 -1913.01
10095.2 -1911.83
10079.5 -1910.99
10063.7 -1910.49
10048 -1910.33
10032.2 -1910.52
10018 -1911
10003.8 -1911.67
9989.54 -1912.52
9975.33 -1913.56
9962.63 -1914.66
9984.95 -1905.04
9984.95 -1905.04
9972.35 -1906.98
9962.73 -1908.59
9956.11 -1909.9
9952.47 -1910.81
9948.9 -1911.95
9934.01 -1919.03
9934.01 -1919.03
9910.87 -1935.62
9910.87 -1935.62
9897.65 -1947.83
9885.49 -1961.1
9875.39 -1974.15
9866.27 -1987.9
9858.21 -2002.3
9851.87 -2015.89
9846.43 -2029.87
9843.24 -2054.28
9839.85 -2067.35
9837.26 -2080.6
9835.37 -2093.97
9834.05 -2108.91
9833.64 -2123.9
9835.62 -2152.32
9835.62 -2152.32
9837.55 -2164.92
9840.08 -2177.42
9843.2 -2189.78
9846.92 -2201.98
9856.09 -2225.76
9856.09 -2225.76
9861.52 -2237.3
9866.7 -2247.28
9872.28 -2257.06
9876.18 -2256.59
9883.37 -2267.12
9891.41 -2277.96
9899.87 -2288.48
9907.76 -2297.52
9915.41 -2305.78
9923.3 -2313.79
9931.44 -2321.56
9938.69 -2328.07
9946.09 -2334.43
9954.78 -2341.57
9964.28 -2348.9
9985.15 -2363.55
9985.15 -2363.55
9994.65 -2369.58
10001.7 -2373.85
10017.3 -2382.85
10017.3 -2382.85
10034.4 -2388.49
10040.4 -2391.56
10055.5 -2398.24
10055.5 -2398.24
10066 -2402.38
10076.5 -2406.33
10084.3 -2409.09
10092.1 -2411.58
10103 -2414.6
10113.9 -2417.43
10121.9 -2419.43
10129.9 -2421.37
10140.8 -2423.91
10151.9 -2426.17
10161.5 -2427.87
10171.1 -2429.49
10171.2 -2430.95
10179.3 -2432.17
10186 -2433.2
10192.7 -2434.25
10196.4 -2434.82
10197.1 -2434.92
10197.1 -2434.92
10197.1 -2434.92
10197.1 -2434.92
10197.1 -2434.92
10197.1 -2434.92
10197.1 -2434.92
10197.1 -2434.92
10197.1 -2434.92
10197.1 -2434.92
10197.1 -2434.92
10197.1 -2434.92
10197.1 -2434.92
10197.1 -2434.92
10197.1 -2434.92
10196.8 -2447.13
10196.8 -2447.13
10196.8 -2447.13
10196.8 -2447.13
10196.8 -2447.13
10196.8 -2447.13
10196.8 -2447.13
10196.8 -2447.13
10196.8 -2447.13
10196.8 -2447.13
10196.8 -2447.13
10196.8 -2447.13
10196.8 -2447.13
10196.8 -2447.13
10196.8 -2447.13
10196.8 -2447.13
10196.8 -2447.13
10196.8 -2447.13
10196.8 -2447.13
10196.8 -2447.13
10196.8 -2447.13
10190.4 -2443.93
10190.4 -2443.93
10190.4 -2443.93
10190.4 -2443.93
10190.4 -2443.93
10190.4 -2443.93
10190.4 -2443.93
10190.4 -2443.93
10190.4 -2443.93
10190.4 -2443.93
10190.4 -2443.93
10190.4 -2443.93
10190.4 -2443.93
10190.4 -2443.93
10190.4 -2443.93
10190.4 -2443.93
10190.4 -2443.93
10190.4 -2443.93
10190.4 -2443.93
10190.4 -2443.93
10201.8 -2446.67
10201.8 -2446.67
10201.8 -2446.67
10201.8 -2446.67
10201.8 -2446.67
10201.8 -2446.67
10201.8 -2446.67
10201.8 -2446.67
10201.5 -2443.69
10201 -2438.71
10200.6 -2433.73
10199.7 -2423.77
10199.7 -2423.77
10198.8 -2413.81
10198.3 -2408.83
10198.3 -2408.83
10197.9 -2403.85
10197.4 -2398.87
10196.5 -2388.91
10196.5 -2388.91
10137.3 -2388.64
10136.8 -2383.66
10136.4 -2378.68
10136.2 -2376.69
10136.2 -2376.69
10136.2 -2376.69
10136.2 -2376.69
10136.2 -2376.69
10136.2 -2376.69
10136.2 -2376.69
10136.2 -2376.69
10136.2 -2376.69
10136.2 -2376.69
10136.2 -2376.69
10136.2 -2376.69
10136.2 -2376.69
10136.2 -2376.69
10136.2 -2376.69
10136.2 -2376.69
10136.2 -2376.69
10136.2 -2376.69
10136.2 -2376.69
10136.2 -2376.69
10136.2 -2376.69
10136.2 -2376.69
10136.2 -2376.69
10136.2 -2376.69
10138.4 -2367.66
10138.4 -2367.66
10138.4 -2367.66
10138.4 -2367.66
10138.4 -2367.66
10138.4 -2367.66
10138.4 -2367.66
10138.4 -2367.66
10138.4 -2367.66
10138.4 -2367.66
10138.4 -2367.66
10138.4 -2367.66
10138.4 -2367.66
10138.4 -2367.66
10138.4 -2367.66
10140 -2367.33
10140 -2367.33
10140 -2367.33
10140 -2367.33
10142.8 -2366.26
10148.3 -2363.93
10162.1 -2357.86
10162.1 -2357.86
10171.7 -2353.77
10181.5 -2349.86
10191.3 -2346.21
10201.3 -2342.81
10211.3 -2339.76
10221.5 -2337.11
10231.7 -2334.86
10293.4 -2333.22
10303.7 -2331.56
10314.2 -2330.23
10324.6 -2329.21
10335.1 -2328.51
10345.6 -2328.13
10366.6 -2328.33
10366.6 -2328.33
10389 -2329.94
10389 -2329.94
10400.9 -2331.33
10412.8 -2333.09
10424.6 -2335.21
10434.9 -2337.38
10425.8 -2331.96
10446.1 -2337.43
10446.1 -2337.43
10467.5 -2344.48
10467.5 -2344.48
10480.8 -2349.38
10491.3 -2353.58
10498.9 -2356.75
10503.7 -2358.78
10505.8 -2359.64
10505.8 -2359.64
10505.8 -2359.64
10505.8 -2359.64
10505.8 -2359.64
10474.3 -2368.52
10474.3 -2368.52
10474.3 -2368.52
10474.3 -2368.52
10474.3 -2368.52
10474.3 -2368.52
10474.3 -2368.52
10474.3 -2368.52
10474.3 -2368.52
10474.3 -2368.52
10474.3 -2368.52
10474.3 -2368.52
10474.3 -2368.52
10474.3 -2368.52
10474.3 -2368.52
10474.3 -2368.52
10474.3 -2368.52
10474.3 -2368.52
10474.3 -2368.52
10474.3 -2368.52
10474.3 -2368.52
10474.3 -2368.52
10474.3 -2368.52
10474.3 -2368.52
10474.3 -2368.52
10474.3 -2368.52
10474.3 -2368.52
10453.8 -2371.07
10453.8 -2371.07
10453.8 -2371.07
10453.8 -2371.07
10453.8 -2371.07
10453.8 -2371.07
10453.8 -2371.07
10453.8 -2371.07
10453.8 -2371.07
10453.8 -2371.07
10453.8 -2371.07
10453.8 -2371.07
10453.8 -2371.07
10453.8 -2371.07
10453.8 -2371.07
10453.8 -2371.07
10453.8 -2371.07
10453.8 -2371.07
10453.8 -2371.07
10453.8 -2371.07
10453.8 -2371.07
10453.8 -2371.07
10453.8 -2371.07
10453.8 -2371.07
10453.8 -2371.07
10453.8 -2371.07
10453.8 -2371.07
10453.8 -2371.07
10453.8 -2371.07
10453.8 -2371.07
10453.8 -2371.07
10453.9 -2368.08
10454.1 -2363.08
10454.4 -2353.08
10454.4 -2353.08
10454.6 -2348.09
10454.8 -2343.09
10454.8 -2341.09
10454.8 -2341.09
10454.8 -2341.09
10454.8 -2341.09
10454.8 -2341.09
10522.9 -2340.44
10522.9 -2340.44
10522.9 -2340.44
10522.9 -2340.44
10522.9 -2340.44
10522.9 -2340.44
10522.9 -2340.44
10522.9 -2340.44
10522.9 -2340.44
10522.9 -2340.44
10522.9 -2340.44
10522.9 -2340.44
10522.9 -2340.44
10522.9 -2340.44
10460.3 -2331.83
10460.3 -2331.83
10460.3 -2331.83
10460.3 -2331.83
10460.3 -2331.83
10460.3 -2331.83
10460.3 -2331.83
10460.3 -2331.83
10460.3 -2331.83
10460.3 -2331.83
10460.3 -2331.83
10460.3 -2331.83
10460.3 -2331.83
10460.3 -2331.83
10460.3 -2331.83
10460.3 -2331.83
10460.3 -2331.83
10460.3 -2331.83
10460.3 -2331.83
10474 -2338.59
10476.2 -2344.15
10479.6 -2352.48
10483.1 -2360.8
10483.1 -2360.8
10483.1 -2360.8
10483.1 -2360.8
10483.1 -2360.8
10483.1 -2360.8
10483.1 -2360.8
10483.1 -2360.8
10483.1 -2360.8
10483.1 -2360.8
10517.2 -2368.58
10517.2 -2368.58
10517.2 -2368.58
10517.2 -2368.58
10517.2 -2368.58
10517.2 -2368.58
10517.2 -2368.58
10517.2 -2368.58
10517.2 -2368.58
10517.2 -2368.58
10517.2 -2368.58
10517.2 -2368.58
10517.2 -2368.58
10517.2 -2368.58
10467.8 -2365.1
10467.8 -2365.1
10467.8 -2365.1
10467.8 -2365.1
10467.8 -2365.1
10467.8 -2365.1
10467.8 -2365.1
10467.8 -2365.1
10467.8 -2365.1
10467.8 -2365.1
10467.8 -2365.1
10467.8 -2365.1
10467.8 -2365.1
10467.8 -2365.1
10467.8 -2365.1
10467.8 -2365.1
10482.5 -2369.12
10482.5 -2369.12
10482.5 -2369.12
10482.5 -2369.12
10482.5 -2369.12
10482.5 -2369.12
10482.5 -2369.12
10482.5 -2369.12
10482.5 -2369.12
10482.5 -2369.12
10482.5 -2369.12
10482.5 -2369.12
10482.5 -2369.12
10482.5 -2369.12
10482.5 -2369.12
10479.9 -2365.22
10479.9 -2365.22
10479.9 -2365.22
10479.9 -2365.22
10479.9 -2365.22
10479.9 -2365.22
10479.9 -2365.22
10479.9 -2365.22
10479.9 -2365.22
10479.9 -2365.22
10479.9 -2365.22
10479.9 -2365.22
10479.9 -2365.22
10479.9 -2365.22
10479.9 -2365.22
10488.7 -2374.33
10488.7 -2374.33
10488.7 -2374.33
10488.7 -2374.33
10489.3 -2371.4
10491.9 -2357.38
10491.9 -2357.38
10493 -2348.45
10493.7 -2339.48
10494.1 -2328.99
10494 -2317.74
10493.5 -2306.5
10492.4 -2295.3
10488.9 -2273.09
10488.9 -2273.09
10486 -2253.56
10481.4 -2236.93
10469.6 -2202.93
10469.6 -2202.93
10462.6 -2186.35
10455.5 -2171.45
10440.1 -2143.95
10429.9 -2128.21
10429.9 -2128.21
10419.1 -2112.93
10407.5 -2098.14
10383.6 -2071.24
10383.6 -2071.24
10371.4 -2059.13
10358.6 -2047.57
10345.4 -2036.46
10327.3 -2022.48
10299 -2002.76
10299 -2002.76
10272 -1986.6
10258 -1979.23
10258 -1979.23
10243.9 -1972.36
10229.5 -1965.99
10200.1 -1954.64
10200.1 -1954.64
10170.1 -1944.84
10170.1 -1944.84
10155 -1940.67
10127.1 -1934.56
10127.1 -1934.56
10113.1 -1931.99
10142.3 -1916.95
10128.2 -1915.08
10114 -1913.63
10099.8 -1912.62
10085.6 -1912.05
10071.3 -1911.91
10057.1 -1912.21
10044.3 -1912.86
10031.6 -1913.79
10018.9 -1915
9993.64 -1918.25
9993.64 -1918.25
9981.05 -1920.29
9969.99 -1922.33
9958.97 -1924.6
9948.01 -1927.12
9913.64 -1941.88
9913.64 -1941.88
9902.87 -1945.13
9892.17 -1948.61
9881.55 -1952.33
9872.42 -1955.74
9863.34 -1959.28
9854.3 -1962.94
9845.31 -1966.71
9836.37 -1970.61
9818.68 -1978.82
9818.68 -1978.82
9812.66 -1981.86
9806.75 -1985.13
9803.55 -1987.08
9800.46 -1989.21
9810.41 -1993.18
9803.37 -1999.93
9794.97 -2009.52
9785.66 -2022.23
9777.38 -2035.62
9770.11 -2049.6
9763.9 -2064.07
9759.27 -2077.55
9755.53 -2091.3
9752.7 -2105.26
9750.78 -2119.38
9749.79 -2133.6
9749.74 -2146.35
9750.42 -2159.08
9756.49 -2178.97
9756.49 -2178.97
9759.07 -2191.46
9762.8 -2205.21
9767.6 -2219.42
9778.1 -2244.29
9778.1 -2244.29
9783.54 -2254.99
9789.43 -2265.44
9795.78 -2275.62
9801.71 -2284.29
9807.95 -2292.73
9815.41 -2302.14
9823.67 -2311.84
9832.27 -2321.25
9840.15 -2329.29
9847.76 -2336.53
9861.63 -2355.8
9869.6 -2362.63
9877.74 -2369.26
9886.06 -2375.67
9894.6 -2381.78
9903.34 -2387.6
9913.5 -2393.98
9923.83 -2400.09
9933 -2405.2
9942.31 -2410.06
9949.04 -2413.36
9953.1 -2415.31
9954.45 -2415.96
9954.79 -2416.12
9954.79 -2416.12
9954.79 -2416.12
9954.79 -2416.12
9946.62 -2402.23
9946.62 -2402.23
9946.62 -2402.23
9946.62 -2402.23
9946.62 -2402.23
9946.62 -2402.23
9946.62 -2402.23
9946.62 -2402.23
9946.62 -2402.23
9946.62 -2402.23
9946.62 -2402.23
9946.62 -2402.23
9946.62 -2402.23
9946.62 -2402.23
9945.16 -2393.07
9945.16 -2393.07
9945.16 -2393.07
9945.16 -2393.07
9945.16 -2393.07
9945.16 -2393.07
9945.16 -2393.07
9945.16 -2393.07
9945.16 -2393.07
9945.16 -2393.07
9945.16 -2393.07
9945.16 -2393.07
9945.16 -2393.07
9945.16 -2393.07
9945.16 -2393.07
9945.16 -2393.07
9945.16 -2393.07
9945.16 -2393.07
9945.16 -2393.07
9945.47 -2395.14
9945.47 -2395.14
9945.47 -2395.14
9945.47 -2395.14
9945.47 -2395.14
9945.47 -2395.14
9945.47 -2395.14
9945.47 -2395.14
9945.47 -2395.14
9945.47 -2395.14
9944.84 -2392.21
9943.82 -2387.31
9942.8 -2382.42
9940.75 -2372.63
9940.75 -2372.63
9939.72 -2367.74
9938.7 -2362.84
9937.67 -2357.95
9936.65 -2353.06
9935.62 -2348.16
9935.21 -2346.2
9935.21 -2346.2
9935.21 -2346.2
9935.21 -2346.2
9935.21 -2346.2
9935.21 -2346.2
9935.21 -2346.2
9935.21 -2346.2
9935.21 -2346.2
9935.21 -2346.2
9935.21 -2346.2
9935.21 -2346.2
9935.21 -2346.2
9935.21 -2346.2
9935.21 -2346.2
9935.21 -2346.2
9935.21 -2346.2
9934.75 -2343.24
9934.01 -2338.3
9933.26 -2333.35
9932.52 -2328.41
9931.77 -2323.46
9931.02 -2318.52
9930.73 -2316.54
9930.73 -2316.54
9930.73 -2316.54
9930.73 -2316.54
9929.73 -2328.74
9929.73 -2328.74
9929.73 -2328.74
9929.73 -2328.74
9929.73 -2328.74
9929.73 -2328.74
9929.73 -2328.74
9929.73 -2328.74
9929.73 -2328.74
9929.73 -2328.74
9929.73 -2328.74
9929.73 -2328.74
9929.73 -2328.74
9929.73 -2328.74
9929.73 -2328.74
9929.73 -2328.74
9929.73 -2328.74
9929.73 -2328.74
9922.91 -2321.99
9922.91 -2321.99
9922.91 -2321.99
9922.91 -2321.99
9922.91 -2321.99
9922.91 -2321.99
9922.91 -2321.99
9922.91 -2321.99
9922.91 -2321.99
9922.91 -2321.99
9922.91 -2321.99
9922.91 -2321.99
9922.91 -2321.99
9922.91 -2321.99
9922.91 -2321.99
9925.24 -2320.93
9925.24 -2320.93
9925.24 -2320.93
9925.24 -2320.93
9925.24 -2320.93
9925.24 -2320.93
9925.24 -2320.93
9925.24 -2320.93
9925.24 -2320.93
9925.24 -2320.93
9925.24 -2320.93
9925.24 -2320.93
9925.24 -2320.93
9927.48 -2318.93
9931.28 -2315.3
9936.61 -2310.02
9945.66 -2308.22
9960.95 -2293.83
9968.84 -2286.9
9968.84 -2286.9
9976.91 -2280.18
9985.04 -2273.54
9993.23 -2266.96
10010.1 -2254.47
10010.1 -2254.47
10018.7 -2248.4
10027.3 -2242.41
10036.1 -2236.65
10045 -2231.16
10054.1 -2225.95
10063.3 -2220.86
10071.2 -2216.56
10086.7 -2204.3
10086.7 -2204.3
10096.2 -2199.89
10105.9 -2195.77
10115.6 -2191.87
10126.9 -2187.65
10138.2 -2183.68
10148.2 -2180.42
10158.2 -2177.38
10168.3 -2174.57
10190.2 -2169.25
10202 -2166.9
10202 -2166.9
10212.3 -2165.15
10222 -2163.82
10231.6 -2162.62
10241.3 -2161.55
10252.5 -2160.55
10273.5 -2159.5
10273.5 -2159.5
10282.5 -2159.25
10291.5 -2159.08
10302 -2159.16
10312.5 -2159.51
10334.2 -2165.45
10344.6 -2166.4
10355.1 -2167.62
10365.5 -2169.12
10375.8 -2170.79
10386.2 -2172.65
10396.5 -2174.68
10406.7 -2176.9
10417 -2179.29
10427.1 -2181.87
10437.2 -2184.7
10444.4 -2186.95
10448.7 -2188.35
10450.1 -2188.82
10450.1 -2188.82
10450.1 -2188.82
10450.1 -2188.82
10450.1 -2188.82
10450.1 -2188.82
10397.9 -2194.57
10400.8 -2195.13
10400.8 -2195.13
10405.3 -2195.81
10411.2 -2196.67
10420.1 -2198.03
10431.9 -2200.15
10446.6 -2203.39
10481.1 -2213.43
10481.1 -2213.43
10495.2 -2218.55
10509.2 -2224.16
10522.9 -2230.25
10536.3 -2236.81
10549.6 -2243.84
10560 -2249.83
10570.2 -2256.1
10577.8 -2260.99
10582.8 -2264.3
10585.3 -2265.95
10585.3 -2265.95
10585.3 -2265.95
10582.7 -2266.77
10582.7 -2266.77
10582.7 -2266.77
10582.7 -2266.77
10582.7 -2266.77
10582.7 -2266.77
10582.7 -2266.77
10582.7 -2266.77
10582.7 -2266.77
10582.7 -2266.77
10582.7 -2266.77
10582.7 -2266.77
10582.7 -2266.77
10582.7 -2266.77
10582.7 -2266.77
10582.7 -2266.77
10582.7 -2266.77
10582.7 -2266.77
10582.7 -2266.77
10582.7 -2266.77
10582.7 -2266.77
10580.9 -2274.71
10580.9 -2274.71
10580.9 -2274.71
10580.9 -2274.71
10580.9 -2274.71
10580.9 -2274.71
10580.9 -2274.71
10580.9 -2274.71
10580.9 -2274.71
10580.9 -2274.71
10580.9 -2274.71
10580.9 -2274.71
10580.9 -2274.71
10580.9 -2274.71
10580.9 -2274.71
10569.6 -2267.51
10569.6 -2267.51
10571.2 -2264.99
10573.2 -2261.78
10576.1 -2256.57
10580.3 -2248.57
10585.1 -2237.59
10589.5 -2225.61
10593 -2213.37
10596.4 -2198
10599.3 -2179.47
10600.9 -2160.79
10601.4 -2142.05
10600.6 -2124.81
10598.9 -2107.65
10596.2 -2090.61
10606.5 -2072.31
10602 -2055.66
10596.5 -2039.3
10590.7 -2024.67
10584.2 -2010.33
10569.1 -1982.67
10560.6 -1969.42
10560.6 -1969.42
10536.3 -1937.06
10536.3 -1937.06
10522 -1920.63
10508 -1905.99
10493.9 -1892.56
10479.1 -1879.81
10462.7 -1866.73
10445.8 -1854.3
10447.3 -1836.66
10430.3 -1826.95
10430.3 -1826.95
10395.5 -1809.54
10395.5 -1809.54
10377.5 -1801.87
10360.7 -1795.46
10326.4 -1784.62
10326.4 -1784.62
10309 -1780.07
10291.4 -1776.06
10250.1 -1768.57
10250.1 -1768.57
10232.3 -1766.18
10215.1 -1764.41
10197.9 -1763.16
10180.7 -1762.44
10153.2 -1755.63
10135.9 -1756.21
10118.7 -1757.31
10103 -1758.8
10087.4 -1760.77
10071.9 -1763.21
10056.4 -1765.99
10042.4 -1768.81
10028.5 -1771.94
10014.7 -1775.37
10000.9 -1779.1
9987.23 -1783.13
9973.65 -1787.45
9960.17 -1792.07
9948.2 -1796.47
9936.33 -1801.13
9911.61 -1813.95
9888.39 -1824.49
9888.39 -1824.49
9876.96 -1830.14
9864.32 -1836.73
9849.86 -1844.67
9835.58 -1852.93
9822.9 -1860.95
9810.69 -1869.67
9796.81 -1881.12
9783.27 -1894.1
9770.74 -1908.04
9748.93 -1938.52
9740.51 -1953.57
9740.51 -1953.57
9733.1 -1969.15
9764.57 -1982.12
9759.19 -1998.51
9755.27 -2013.77
9752.21 -2029.22
9750.04 -2044.82
9748.76 -2060.51
9748.37 -2076.26
9748.87 -2092
9750.26 -2107.69
9752.54 -2123.27
9755.57 -2138.73
9758.97 -2152.57
9762.82 -2165.51
9767.18 -2178.28
9772.03 -2190.88
9777.38 -2203.28
9783.21 -2215.46
9791.02 -2217.42
9797.8 -2229.09
9805.04 -2240.49
9812.71 -2251.59
9820.82 -2262.39
9828.4 -2271.69
9836.26 -2280.76
9844.39 -2289.59
9853.83 -2299.23
9864.2 -2309.01
9874.94 -2318.38
9884.87 -2326.37
9895.04 -2334.06
9904.19 -2340.61
9913.47 -2346.96
9922.9 -2353.1
9933.73 -2359.83
9946.06 -2366.97
9958.6 -2373.74
9968.7 -2378.69
9978.99 -2383.23
9989.38 -2387.56
9999.82 -2391.74
10010.3 -2395.79
10020.9 -2399.7
10030.1 -2402.97
10039.3 -2406.12
10050 -2409.61
10060.7 -2412.97
10071.5 -2415.99
10082.5 -2418.68
10093.4 -2421.23
10102.9 -2423.36
10123.5 -2427.66
10134.5 -2429.82
10134.5 -2429.82
10145.6 -2431.89
10156.7 -2433.67
10166.4 -2434.92
10176.1 -2435.87
10185.8 -2436.69
10192.5 -2437.26
10199.2 -2437.83
10209 -2438.65
10219.4 -2439.36
10225.9 -2453.17
10234.9 -2453.33
10251.4 -2453.54
10258.9 -2453.73
10258.9 -2453.73
10269.4 -2454.19
10279.9 -2454.83
10290.4 -2455.65
10300.8 -2456.66
10309.7 -2457.68
10318.7 -2458.85
10329.1 -2460.41
10342.4 -2462.64
10342.4 -2462.64
10342.4 -2462.64
10342.4 -2462.64
10342.4 -2462.64
10342.4 -2462.64
10342.4 -2462.64
10342.4 -2462.64
10342.4 -2462.64
10342.4 -2462.64
10292.5 -2462.86
10292.5 -2462.86
10292.5 -2462.86
10295.3 -2463.91
10300.9 -2466.03
10308 -2468.65
10317.1 -2472.01
10326.2 -2475.5
10335.3 -2479.19
10344.2 -2483.07
10353.1 -2487.06
10361.9 -2491.18
10369.4 -2494.75
10374.1 -2497.09
10376.1 -2498.1
10376.1 -2498.1
10376.1 -2498.1
10376.1 -2498.1
10376.1 -2498.1
10376.1 -2498.1
10376.1 -2498.1
10376.1 -2498.1
10376.1 -2498.1
10376.1 -2498.1
10376.1 -2498.1
10376.1 -2498.1
10376.1 -2498.1
10376.1 -2498.1
10376.1 -2498.1
10376.1 -2498.1
10376.1 -2498.1
10376.1 -2498.1
10376.1 -2498.1
10376.1 -2498.1
10376.1 -2498.1
10373.1 -2491.19
10373.1 -2491.19
10373.1 -2491.19
10373.1 -2491.19
10373.1 -2491.19
10373.1 -2491.19
10373.1 -2491.19
10373.1 -2491.19
10373.1 -2491.19
10373.1 -2491.19
10373.1 -2491.19
10373.1 -2491.19
10373.1 -2491.19
10373.1 -2491.19
10373.1 -2491.19
10373.1 -2491.19
10373.1 -2491.19
10373.1 -2491.19
10373.1 -2491.19
10373.1 -2491.19
10370.8 -2489.26
10370.8 -2489.26
10370.8 -2489.26
10370.8 -2489.26
10370.8 -2489.26
10370.8 -2489.26
10370.8 -2489.26
10370.8 -2489.26
10370.8 -2489.26
10370.8 -2489.26
10370.8 -2489.26
10370.8 -2489.26
10370.8 -2489.26
10370.8 -2489.26
10370.8 -2489.26
10370.8 -2489.26
10370.8 -2489.26
10370.8 -2489.26
10370.8 -2489.26
10370.8 -2489.26
10371.4 -2490.66
10371.4 -2490.66
10371.4 -2490.66
10371.4 -2490.66
10371.4 -2490.66
10372.1 -2487.75
10374.6 -2478.05
10374.6 -2478.05
10375.8 -2473.2
10378.2 -2463.5
10378.2 -2463.5
10379.4 -2458.65
10380.6 -2453.8
10381.9 -2448.95
10384.3 -2439.25
10384.3 -2439.25
10385.5 -2434.4
10386.7 -2429.55
10387.9 -2424.7
10389.2 -2419.85
10391.6 -2410.15
10391.6 -2410.15
10392.8 -2405.3
10394 -2400.45
10395.2 -2395.6
10396.4 -2390.75
10397.7 -2385.9
10400.1 -2376.2
10400.1 -2376.2
10401.3 -2371.35
10401.8 -2369.41
10401.8 -2369.41
10401.8 -2369.41
10401.8 -2369.41
10401.8 -2369.41
10401.8 -2369.41
10401.8 -2369.41
10401.8 -2369.41
10401.8 -2369.41
10401.8 -2369.41
10401.8 -2369.41
10401.8 -2369.41
10401.8 -2369.41
10401.8 -2369.41
10395 -2361.06
10395 -2361.06
10395 -2361.06
10395 -2361.06
10395 -2361.06
10395 -2361.06
10395 -2361.06
10395 -2361.06
10395 -2361.06
10395 -2361.06
10395 -2361.06
10395 -2361.06
10395 -2361.06
10395 -2361.06
10403.2 -2373.13
10403.2 -2373.13
10403.2 -2373.13
10403.2 -2373.13
10403.2 -2373.13
10403.2 -2373.13
10403.2 -2373.13
10403.2 -2373.13
10403.2 -2373.13
10403.2 -2373.13
10403.2 -2373.13
10403.2 -2373.13
10403.2 -2373.13
10429.6 -2374.94
10429.6 -2374.94
10429.6 -2374.94
10429.6 -2374.94
10429.6 -2374.94
10429.2 -2371.96
10428.6 -2367
10428 -2362.04
10427.4 -2357.07
10426.8 -2352.11
10426.2 -2347.15
10426 -2345.16
10426 -2345.16
10426 -2345.16
10426 -2345.16
10426 -2345.16
10426 -2345.16
10426 -2345.16
10426 -2345.16
10426 -2345.16
10426 -2345.16
10426 -2345.16
10426 -2345.16
10426 -2345.16
10426 -2345.16
10426 -2345.16
10395 -2344.26
10395 -2344.26
10395 -2344.26
10395 -2344.26
10395 -2344.26
10395 -2344.26
10395 -2344.26
10395 -2344.26
10395 -2344.26
10395 -2344.26
10395 -2344.26
10395 -2344.26
10395 -2344.26
10395 -2344.26
10395 -2344.26
10395 -2344.26
10395 -2344.26
10395 -2344.26
10396.5 -2336.34
10396.5 -2336.34
10396.5 -2336.34
10396.5 -2336.34
10396.5 -2336.34
10396.5 -2336.34
10396.5 -2336.34
10396.5 -2336.34
10396.5 -2336.34
10396.5 -2336.34
10396.5 -2336.34
10396.5 -2336.34
10396.5 -2336.34
10396.5 -2336.34
10396.5 -2336.34
10453.4 -2343
10453.4 -2343
10453.4 -2343
10453.4 -2343
10453.4 -2343
10453.4 -2343
10453.4 -2343
10453.4 -2343
10453.4 -2343
10453.4 -2343
10453.4 -2343
10453.4 -2343
10453.4 -2343
10453.4 -2343
10453.4 -2343
10408 -2346.24
10408 -2346.24
10408 -2346.24
10408 -2346.24
10408 -2346.24
10408 -2346.24
10408 -2346.24
10408 -2346.24
10408 -2346.24
10408 -2346.24
10408 -2346.24
10408 -2346.24
10408 -2346.24
10408 -2346.24
10408 -2346.24
10454.2 -2342.91
10454.2 -2342.91
10454.2 -2342.91
10454.2 -2342.91
10454.2 -2342.91
10454.2 -2342.91
10454.2 -2342.91
10454.2 -2342.91
10454.2 -2342.91
10454.2 -2342.91
10454.2 -2342.91
10454.2 -2342.91
10454.2 -2342.91
10454.2 -2342.91
10454.2 -2342.91
10454.2 -2342.91
10454.2 -2342.91
10454.2 -2342.91
10454.2 -2342.91
10454.2 -2342.91
10454.2 -2342.91
10454.2 -2342.91
10454.2 -2342.91
10454.2 -2342.91
10454.2 -2342.91
10454.2 -2342.91
10454.2 -2342.91
10455.5 -2345.6
10462.6 -2358.8
10462.6 -2358.8
10467.4 -2367.32
10472.1 -2375.82
10476.9 -2384.3
10481.8 -2392.76
10486.7 -2401.19
10492 -2410.25
10492 -2410.25
10492.4 -2410.9
10492.4 -2410.9
10492.4 -2410.9
10492.4 -2410.9
10492.4 -2410.9
10492.4 -2410.9
10492.4 -2410.9
10492.4 -2410.9
10492.4 -2410.9
10492.4 -2410.9
10417.1 -2408.86
10417.1 -2408.86
10417.1 -2408.86
10417.1 -2408.86
10417.1 -2408.86
10417.1 -2408.86
10417.1 -2408.86
10417.1 -2408.86
10417.1 -2408.86
10417.1 -2408.86
10417.1 -2408.86
10417.1 -2408.86
10417.1 -2408.86
10417.1 -2408.86
10417.1 -2408.86
10417.1 -2408.86
10417.1 -2408.86
10417.1 -2408.86
10417.1 -2408.86
10417.1 -2408.86
10417.1 -2408.86
10417.1 -2408.86
10417.1 -2408.86
10417.1 -2408.86
10417.1 -2408.86
10417.1 -2408.86
10417.1 -2408.86
10417.1 -2408.86
10417.1 -2408.86
10417.1 -2408.86
10424.9 -2398.44
10424.9 -2398.44
10424.9 -2398.44
10424.9 -2398.44
10424.9 -2398.44
10424.9 -2398.44
10424.9 -2398.44
10424.9 -2398.44
10424.9 -2398.44
10424.9 -2398.44
10424.9 -2398.44
10424.9 -2398.44
10424.9 -2398.44
10424.9 -2398.44
10424.9 -2398.44
10424.9 -2398.44
10424.9 -2398.44
10424.9 -2398.44
10424.9 -2398.44
10424.9 -2398.44
10424.9 -2398.44
10424.9 -2398.44
10426.9 -2410.02
10426.9 -2410.02
10426.9 -2410.02
10426.9 -2410.02
10426.9 -2410.02
10426.9 -2410.02
10426.9 -2410.02
10426.9 -2410.02
10428.7 -2407.6
10431.6 -2403.54
10437.4 -2395.44
10437.4 -2395.44
10440.4 -2391.39
10443.3 -2387.34
10444.5 -2385.72
10444.5 -2385.72
10444.5 -2385.72
10444.5 -2385.72
10444.5 -2385.72
10444.5 -2385.72
10444.5 -2385.72
10444.5 -2385.72
10444.5 -2385.72
10450.3 -2387.81
10450.3 -2387.81
10450.3 -2387.81
10450.3 -2387.81
10450.3 -2387.81
10450.3 -2387.81
10450.3 -2387.81
10450.3 -2387.81
10450.3 -2387.81
10450.3 -2387.81
10450.3 -2387.81
10450.3 -2387.81
10450.3 -2387.81
10450.3 -2387.81
10450.3 -2387.81
10450.3 -2387.81
10450.3 -2387.81
10450.3 -2387.81
10451.9 -2387.94
10451.9 -2387.94
10451.9 -2387.94
10451.9 -2387.94
10451.9 -2387.94
10451.9 -2387.94
10451.9 -2387.94
10451.9 -2387.94
10451.9 -2387.94
10451.9 -2387.94
10451.9 -2387.94
10451.9 -2387.94
10451.9 -2387.94
10451.9 -2387.94
10453.9 -2385.6
10453.9 -2385.6
10453.9 -2385.6
10453.9 -2385.6
10453.9 -2385.6
10453.9 -2385.6
10453.9 -2385.6
10453.9 -2385.6
10453.9 -2385.6
10453.9 -2385.6
10453.9 -2385.6
10453.9 -2385.6
10453.9 -2385.6
10453.9 -2385.6
10453 -2382.74
10440.9 -2375.59
10438.8 -2368.38
10435.8 -2358.31
10432.6 -2348.32
10429.1 -2338.44
10425.2 -2328.67
10421.1 -2319.02
10416.6 -2309.5
10411.9 -2300.12
10406.9 -2290.89
10401.6 -2281.82
10396.1 -2272.91
10388.6 -2261.68
10379 -2248.25
10368.6 -2234.51
10363.2 -2231.68
10351.9 -2218.64
10340.3 -2205.94
10316.8 -2182.7
10316.8 -2182.7
10305.2 -2172.14
10293.2 -2161.83
10281.1 -2151.79
10258.6 -2134.34
10258.6 -2134.34
10244.5 -2124.36
10230.2 -2114.81
10216.8 -2106.49
10203.9 -2098.85
10190.8 -2091.49
10177.6 -2084.42
10164.2 -2077.64
10137 -2064.97
10137 -2064.97
10124.6 -2059.67
10112.1 -2054.64
10099.4 -2049.88
10148.4 -2033.19
10135.5 -2029.21
10122.5 -2025.52
10102.1 -2020.27
10102.1 -2020.27
10096.3 -2019.03
10090.3 -2018.31
10090.3 -2018.31
10078.4 -2019.05
10078.4 -2019.05
10068.1 -2021.08
10042.5 -2029.68
10042.5 -2029.68
10020.1 -2041.82
10020.1 -2041.82
10010.3 -2048.81
9991.54 -2066.02
9991.54 -2066.02
9982.22 -2076.79
9951.75 -2097.12
9951.75 -2097.12
9946.94 -2107.29
9942.89 -2117.79
9939.5 -2128.51
9936.76 -2139.42
9934.42 -2151.96
9932.96 -2164.62
9932.46 -2175.86
9932.64 -2187.11
9933.51 -2199.83
9935.05 -2212.49
9936.99 -2223.57
9939.34 -2233.8
9942.22 -2243.9
9949.55 -2263.57
9949.55 -2263.57
9948.39 -2268.06
9952.49 -2276.08
9963.88 -2295.47
9963.88 -2295.47
9970.6 -2305.41
9976.86 -2313.84
9982.53 -2320.83
9994.57 -2334.21
9994.57 -2334.21
10001.9 -2341.69
10016.4 -2354.77
10016.4 -2354.77
10023.3 -2360.51
10031.6 -2367.04
10040.5 -2373.83
10057.8 -2385.76
10068.5 -2380.37
10068.5 -2380.37
10075.5 -2384.65
10090 -2392.57
10090 -2392.57
10097.3 -2396.32
10104.7 -2399.97
10113.6 -2404.1
10122.5 -2408.03
10137.7 -2414.45
10137.7 -2414.45
10146.7 -2418.19
10155.8 -2421.81
10164.9 -2425.27
10174 -2428.57
10189.7 -2433.82
10189.7 -2433.82
10212.3 -2457.95
10221.5 -2461.03
10230.8 -2464.11
10238.6 -2466.72
10246.5 -2469.19
10254.4 -2471.52
10262.3 -2473.85
10267.3 -2475.36
10271.6 -2476.66
10275.9 -2477.92
10283.2 -2479.88
10291.9 -2482.08
10300.6 -2484.29
10306.4 -2485.83
10310.8 -2487.05
10312.9 -2487.64
10315.1 -2488.21
10318.8 -2489.05
10323.9 -2489.98
10329.1 -2490.66
10335.9 -2491.32
10344.1 -2492.03
10344.1 -2492.03
10344.1 -2492.03
10347.1 -2492.26
10363.6 -2494.57
10363.6 -2494.57
10363.6 -2494.57
10363.6 -2494.57
10371.8 -2494.88
10379.3 -2495.03
10379.3 -2495.03
10386.8 -2495.21
10394.3 -2495.55
10401.8 -2496.09
10409.2 -2496.82
10418.2 -2497.94
10437.4 -2501.11
10437.4 -2501.11
10444 -2502.47
10447.7 -2503.26
10448.4 -2503.41
10448.4 -2503.41
10448.4 -2503.41
10448.4 -2503.41
10448.4 -2503.41
10448.4 -2503.41
10448.4 -2503.41
10448.4 -2503.41
10448.4 -2503.41
10448.4 -2503.41
10448.4 -2503.41
10380.1 -2512.01
10380.1 -2512.01
10380.1 -2512.01
10380.1 -2512.01
10380.1 -2512.01
10380.1 -2512.01
10380.1 -2512.01
10380.1 -2512.01
10380.1 -2512.01
10380.1 -2512.01
10380.1 -2512.01
10380.1 -2512.01
10380.1 -2512.01
10380.1 -2512.01
10380.1 -2512.01
10380.1 -2512.01
10380.1 -2512.01
10380.1 -2512.01
10377.1 -2512.03
10377.1 -2512.03
10372.1 -2512.09
10362.1 -2512.21
10362.1 -2512.21
10357.1 -2512.27
10352.1 -2512.33
10350.1 -2512.35
10350.1 -2512.35
10350.1 -2512.35
10350.1 -2512.35
10350.1 -2512.35
10350.1 -2512.35
10350.1 -2512.35
10350.1 -2512.35
10350.1 -2512.35
10350.1 -2512.35
10350.1 -2512.35
10350.1 -2512.35
10350.1 -2512.35
10350.1 -2512.35
10350.1 -2512.35
10350.1 -2512.35
10350.1 -2512.35
10350.1 -2512.35
10350.1 -2512.35
10350.1 -2512.35
10350.1 -2512.35
10350.1 -2512.35
10350.1 -2512.35
10383.3 -2505.71
10383.3 -2505.71
10383.3 -2505.71
10383.3 -2505.71
10383.3 -2505.71
10383.3 -2505.71
10383.3 -2505.71
10383.3 -2505.71
10383.3 -2505.71
10383.3 -2505.71
10383.3 -2505.71
10383.3 -2505.71
10383.3 -2505.71
10383.3 -2505.71
10383.3 -2505.71
10383.3 -2505.71
10383.3 -2505.71
10383.3 -2505.71
10383.3 -2505.71
10383.3 -2505.71
10396.5 -2504.66
10396.5 -2504.66
10396.5 -2504.66
10396.5 -2504.66
10396.5 -2504.66
10396.5 -2504.66
10396.5 -2504.66
10396.5 -2504.66
10395.2 -2502
10390.6 -2493.1
10390.6 -2493.1
10388.3 -2488.65
10383.8 -2479.75
10381.5 -2475.29
10381.5 -2475.29
10376.9 -2466.39
10376.9 -2466.39
10374.6 -2461.94
10372.4 -2457.49
10371.5 -2455.71
10371.5 -2455.71
10371.4 -2453.58
10371.4 -2453.58
10371.4 -2453.58
10370.4 -2450.76
10368.7 -2446.05
10368.7 -2446.05
10367.1 -2441.34
10363.7 -2431.92
10363.7 -2431.92
10362 -2427.21
10361.4 -2425.32
10361.4 -2425.32
10361.4 -2425.32
10361.4 -2425.32
10361.4 -2425.32
10361.4 -2425.32
10361.4 -2425.32
10361.4 -2425.32
10361.4 -2425.32
10361.4 -2425.32
10361.4 -2425.32
10361.4 -2425.32
10361.4 -2425.32
10361.4 -2425.32
10361.4 -2425.32
10361.4 -2425.32
10361.4 -2425.32
10361.4 -2425.32
10361.4 -2425.32
10361.4 -2425.32
10361.4 -2425.32
10361.4 -2425.32
10361.4 -2425.32
10360.5 -2422.45
10364.5 -2417.45
10361.7 -2407.86
10361.7 -2407.86
10360.3 -2403.07
10358.8 -2398.27
10357.4 -2393.48
10356.9 -2391.56
10356.9 -2391.56
10356.9 -2391.56
10356.9 -2391.56
10356.9 -2391.56
10356.9 -2391.56
10356.9 -2391.56
10358.4 -2394.11
10361.8 -2399.08
10365.3 -2403.98
10367 -2406.43
10367.4 -2407.04
10367.4 -2407.04
10367.4 -2407.04
10367.4 -2407.04
10367.4 -2407.04
10367.4 -2407.04
10367.4 -2407.04
10365.7 -2406.44
10363.6 -2401.9
10361.5 -2397.35
10359.4 -2392.81
10357.4 -2388.27
10355.3 -2383.73
10354.4 -2381.91
10354.4 -2381.91
10354.4 -2381.91
10354.4 -2381.91
10354.4 -2381.91
10354.4 -2381.91
10354.4 -2381.91
10356.4 -2384.2
10360.4 -2388.68
10373.1 -2402.42
10373.1 -2402.42
10379.8 -2409.56
10384.4 -2414.49
10387 -2417.19
10387.5 -2417.71
10387.5 -2417.71
10387.5 -2417.71
10387.5 -2417.71
10387.5 -2417.71
10387.5 -2417.71
10387.5 -2417.71
10387.5 -2417.71
10377.1 -2413.45
10377.1 -2413.45
10377.1 -2413.45
10377.1 -2413.45
10377.1 -2413.45
10377.1 -2413.45
10377.1 -2413.45
10377.1 -2413.45
10377.1 -2413.45
10377.1 -2413.45
10377.1 -2413.45
10377.1 -2413.45
10377.1 -2413.45
10375.8 -2410.74
10373.7 -2406.22
10371.6 -2401.7
10369.4 -2397.17
10367.3 -2392.65
10363 -2383.6
10363 -2383.6
10360.9 -2379.08
10360.1 -2377.27
10360.1 -2377.27
10360.1 -2377.27
10364.3 -2377.23
10364.3 -2377.23
10364.3 -2377.23
10364.3 -2377.23
10364.3 -2377.23
10364.3 -2377.23
10364.3 -2377.23
10364.3 -2377.23
10364.3 -2377.23
10366.4 -2381.19
10366.4 -2381.19
10367 -2382.19
10367 -2382.19
10367 -2382.19
10367 -2382.19
10367 -2382.19
10364 -2374.74
10364 -2374.74
10362.2 -2370.08
10360.4 -2365.43
10356.8 -2356.11
10356.1 -2354.25
10356.1 -2354.25
10356.1 -2354.25
10356.1 -2354.25
10357.5 -2356.9
10357.5 -2356.9
10360.5 -2362.08
10363.6 -2367.18
10376.4 -2367.07
10376.8 -2367.68
10377.3 -2368.26
10377.3 -2368.26
10377.3 -2368.26
10377.3 -2368.26
10377.3 -2368.26
10377.3 -2368.26
10375.2 -2366.16
10371.7 -2362.57
10368.2 -2358.97
10364.8 -2355.37
10361.3 -2351.77
10359.9 -2350.33
10359.9 -2350.33
10359.9 -2350.33
10359.9 -2350.33
10308 -2346.66
10308 -2346.66
10308 -2346.66
10308.9 -2347.84
10311.1 -2350.86
10315.1 -2356.34
10320.9 -2364.19
10327.2 -2372.6
10333.5 -2380.95
10339 -2388.07
10344.6 -2395.18
10355.6 -2409.4
10361.1 -2416.51
10361.1 -2416.51
10366.6 -2423.62
10372.1 -2430.73
10377.7 -2437.84
10383.2 -2444.95
10388.7 -2452.07
10388.7 -2452.07
10388.7 -2452.07
10388.7 -2452.07
10388.7 -2452.07
10388.7 -2452.07
10388.7 -2452.07
10388.7 -2452.07
10388.7 -2452.07
10388.7 -2452.07
10388.7 -2452.07
10388.7 -2452.07
10388.7 -2452.07
10388.7 -2452.07
10388.7 -2452.07
10388.7 -2452.07
10388.7 -2452.07
10388.7 -2452.07
10388.7 -2452.07
10388.7 -2452.07
10388.7 -2452.07
10388.7 -2452.07
10388.7 -2452.07
10388.7 -2452.07
10388.7 -2452.07
10388.3 -2463.83
10388.3 -2463.83
10388.3 -2463.83
10388.3 -2463.83
10388.3 -2463.83
10388.3 -2463.83
10388.3 -2463.83
10388.3 -2463.83
10388.3 -2463.83
10388.3 -2463.83
10388.3 -2463.83
10388.3 -2463.83
10388.3 -2463.83
10388.3 -2463.83
10388.3 -2463.83
10388.3 -2463.83
10388.3 -2463.83
10388.7 -2460.86
10390.1 -2450.96
10390.1 -2450.96
10434.9 -2440.64
10434.9 -2440.64
10435.6 -2435.7
10436.4 -2430.75
10437.1 -2425.8
10438.5 -2415.9
10438.5 -2415.9
10439.5 -2408.97
10439.5 -2408.97
10439.5 -2408.97
10439.5 -2408.97
10440.2 -2406.05
10441.4 -2401.21
10443.9 -2391.51
10443.9 -2391.51
10445.1 -2386.67
10445.6 -2384.73
10445.6 -2384.73
10445.6 -2384.73
10445.6 -2384.73
10445.6 -2384.73
10445.6 -2384.73
10445.6 -2384.73
10445.6 -2384.73
10445.6 -2384.73
10445.6 -2384.73
10445.6 -2384.73
10445.6 -2384.73
10445.6 -2384.73
10445.6 -2384.73
10445.6 -2384.73
10445.6 -2384.73
10445.6 -2384.73
10445.6 -2384.73
10445.6 -2384.73
10445.6 -2384.73
10445.6 -2384.73
10445.6 -2384.73
10445.6 -2384.73
10445.6 -2384.73
10445.6 -2384.73
10445.6 -2384.73
10445.6 -2384.73
10445.6 -2384.73
10443.2 -2368.81
10443.2 -2368.81
10443.2 -2368.81
10443.2 -2368.81
10443.2 -2368.81
10443.2 -2368.81
10443.2 -2368.81
10443.2 -2368.81
10443.2 -2368.81
10443.2 -2368.81
10443.2 -2368.81
10443.2 -2368.81
10443.2 -2368.81
10443.2 -2368.81
10443.2 -2368.81
10443.2 -2368.81
10443.2 -2368.81
10443.2 -2368.81
10443.2 -2368.81
10443.2 -2368.81
10443.2 -2368.81
10453.5 -2383.12
10454.9 -2388.94
10457.1 -2396.92
10459.3 -2404.85
10459.3 -2404.85
10463.7 -2419.19
10465.8 -2425.61
10465.8 -2425.61
10467.9 -2432.02
10470.2 -2438.39
10472.5 -2444.71
10475.5 -2452.4
10477.5 -2457.27
10478.3 -2459.35
10426.6 -2464.11
10426.6 -2464.11
10426.6 -2464.11
10426.6 -2464.11
10426.6 -2464.11
10426.6 -2464.11
10426.6 -2464.11
10426.6 -2464.11
10426.6 -2464.11
10426.6 -2464.11
10426.6 -2464.11
10426.6 -2464.11
10426.6 -2464.11
10426.6 -2464.11
10426.6 -2464.11
10426.6 -2464.11
10426.6 -2464.11
10426.6 -2464.11
10426.6 -2464.11
10426.6 -2464.11
10426.6 -2464.11
10426.6 -2464.11
10426.6 -2464.11
10426.6 -2464.11
10426.6 -2464.11
10426.6 -2464.11
10426.6 -2464.11
10466.5 -2466.66
10466.5 -2466.66
10466.5 -2466.66
10466.8 -2463.68
10468 -2453.75
10468.6 -2448.78
10469.2 -2443.82
10469.2 -2443.82
10469.8 -2438.86
10470.1 -2436.87
10470.1 -2436.87
10470.1 -2436.87
10470.1 -2436.87
10470.1 -2436.87
10470.1 -2436.87
10470.1 -2436.87
10470.1 -2436.87
10470.1 -2436.87
10470.1 -2436.87
10470.1 -2436.87
10470.1 -2436.87
10470.1 -2436.87
10470.1 -2436.87
10470.1 -2436.87
10470.1 -2436.87
10432.7 -2434.56
10432.7 -2434.56
10432.7 -2434.56
10432.7 -2434.56
10432.7 -2434.56
10432.7 -2434.56
10432.7 -2434.56
10432.7 -2434.56
10432.7 -2434.56
10432.7 -2434.56
10432.7 -2434.56
10432.7 -2434.56
10432.7 -2434.56
10432.7 -2434.56
10432.7 -2434.56
10486.9 -2432.78
10486.9 -2432.78
10486.9 -2432.78
10486.9 -2432.78
10486.9 -2432.78
10486.9 -2432.78
10486.9 -2432.78
10486.9 -2432.78
10486.9 -2432.78
10486.9 -2432.78
10486.9 -2432.78
10486.9 -2432.78
10486.9 -2432.78
10486.9 -2432.78
10486.9 -2432.78
10434.3 -2432.37
10434.3 -2432.37
10434.3 -2432.37
10434.3 -2432.37
10434.3 -2432.37
10434.3 -2432.37
10434.3 -2432.37
10434.3 -2432.37
10434.3 -2432.37
10434.3 -2432.37
10434.3 -2432.37
10434.3 -2432.37
10434.3 -2432.37
10434.3 -2432.37
10434 -2433.47
10434 -2433.47
10434 -2433.47
10434 -2433.47
10434 -2433.47
10434 -2433.47
10434 -2433.47
10434 -2433.47
10434 -2433.47
10434 -2433.47
10434 -2433.47
10434 -2433.47
10434 -2433.47
10434 -2433.47
10495.7 -2429.71
10495.7 -2429.71
10495.7 -2429.71
10495.7 -2429.71
10495.7 -2429.71
10496.7 -2438.65
10496.7 -2438.65
10498.8 -2451.99
10498.8 -2451.99
10500.8 -2462.29
10501.3 -2464.49
10501.3 -2464.49
10501.3 -2464.49
10501.3 -2464.49
10472 -2466.52
10472 -2466.52
10472 -2466.52
10472 -2466.52
10472 -2466.52
10472 -2466.52
10472 -2466.52
10472 -2466.52
10472 -2466.52
10472 -2466.52
10472 -2466.52
10472 -2466.52
10472 -2466.52
10472 -2466.52
10472 -2466.52
10476.7 -2469.91
10476.7 -2469.91
10476.7 -2469.91
10476.7 -2469.91
10476.7 -2469.91
10478.2 -2462.05
10478.2 -2462.05
10479.1 -2457.14
10480 -2452.23
10481 -2447.32
10481.9 -2442.41
10483.8 -2432.59
10483.8 -2432.59
10484.8 -2427.68
10485.1 -2425.72
10485.1 -2425.72
10485.1 -2425.72
10485.1 -2425.72
10485.1 -2425.72
10485.1 -2425.72
10485.1 -2425.72
10485.1 -2425.72
10485.1 -2425.72
10485.1 -2425.72
10485.1 -2425.72
10485.1 -2425.72
10485.1 -2425.72
10485.1 -2425.72
10485.1 -2425.72
10503.2 -2424.69
10503.2 -2424.69
10503.2 -2424.69
10503.2 -2424.69
10503.2 -2424.69
10503.2 -2424.69
10503.2 -2424.69
10503.2 -2424.69
10503.2 -2424.69
10503.2 -2424.69
10503.2 -2424.69
10503.2 -2424.69
10503.2 -2424.69
10453.8 -2428.21
10453.8 -2428.21
10453.8 -2428.21
10453.8 -2428.21
10453.8 -2428.21
10453.8 -2428.21
10453.8 -2428.21
10453.8 -2428.21
10453.8 -2428.21
10453.8 -2428.21
10453.8 -2428.21
10453.8 -2428.21
10453.8 -2428.21
10453.8 -2428.21
10453.8 -2428.21
10453.8 -2428.21
10453.8 -2428.21
10453.8 -2428.21
10453.8 -2428.21
10453.8 -2428.21
10453.8 -2428.21
10453.8 -2428.21
10453.8 -2428.21
10489.1 -2423.9
10489.1 -2423.9
10489.1 -2423.9
10489.1 -2423.9
10489.1 -2423.9
10489.1 -2423.9
10489.1 -2423.9
10489.1 -2423.9
10489.1 -2423.9
10489.1 -2423.9
10489.1 -2423.9
10489.1 -2423.9
10489.1 -2423.9
10489.1 -2423.9
10489.1 -2423.9
10489.1 -2423.9
10489.1 -2423.9
10489.1 -2423.9
10489.1 -2423.9
10489.1 -2423.9
10497.2 -2423.74
10497.2 -2423.74
10497.2 -2423.74
10497.2 -2423.74
10497.2 -2423.74
10497.2 -2423.74
10497.2 -2423.74
10497.2 -2423.74
10497.2 -2423.74
10497.2 -2423.74
10497.2 -2423.74
10497.2 -2423.74
10497.2 -2423.74
10497.2 -2423.74
10497.2 -2423.74
10497.2 -2423.74
10497.2 -2423.74
10497.2 -2423.74
10497.2 -2423.74
10497.2 -2423.74
10497.2 -2423.74
10497.2 -2423.74
10497.2 -2423.74
10497.2 -2423.74
10497.2 -2423.74
10497.2 -2423.74
10497.2 -2423.74
10497.2 -2423.74
10497.2 -2423.74
10497.2 -2423.74
10497.2 -2423.74
10497.2 -2423.74
10497.2 -2423.74
10497.2 -2423.74
10497.2 -2423.74
10497.2 -2423.74
10497.2 -2423.74
10497.2 -2423.74
10497.2 -2423.74
10497.2 -2423.74
10497.2 -2423.74
10497.2 -2423.74
10497.2 -2423.74
10497.2 -2423.74
10497.2 -2423.74
10459 -2420.15
10461.4 -2415.76
10463.7 -2411.37
10466.1 -2406.98
10468.5 -2402.59
10470.9 -2398.2
10471.9 -2396.44
10471.9 -2396.44
10471.9 -2396.44
10471.9 -2396.44
10471.9 -2396.44
10471.9 -2396.44
10471.9 -2396.44
10471.9 -2396.44
10471.9 -2396.44
10471.9 -2396.44
10471.9 -2396.44
10471.9 -2396.44
10471.9 -2396.44
10471.9 -2396.44
10471.9 -2396.44
10471.9 -2396.44
10471.9 -2396.44
10458.3 -2396.43
10458.3 -2396.43
10458.3 -2396.43
10458.3 -2396.43
10458.3 -2396.43
10458.3 -2396.43
10458.3 -2396.43
10458.3 -2396.43
10458.3 -2396.43
10458.3 -2396.43
10458.3 -2396.43
10458.3 -2396.43
10458.3 -2396.43
10458.3 -2396.43
10458.3 -2396.43
10458.3 -2396.43
10457.6 -2401.18
10457.6 -2401.18
10457.6 -2401.18
10457.6 -2401.18
10457.6 -2401.18
10457.6 -2401.18
10457.6 -2401.18
10457.6 -2401.18
10457.6 -2401.18
10457.6 -2401.18
10457.6 -2401.18
10457.6 -2401.18
10457.6 -2401.18
10457.6 -2401.18
10457.6 -2401.18
10457.6 -2401.18
10457.6 -2401.18
10452.9 -2398.98
10452.9 -2398.98
10452.9 -2398.98
10452.9 -2398.98
10452.9 -2398.98
10452.9 -2398.98
10452.9 -2398.98
10452.9 -2398.98
10452.9 -2398.98
10452.9 -2398.98
10452.9 -2398.98
10452.9 -2398.98
10452.9 -2398.98
10452.9 -2398.98
10452.7 -2397.26
10452.7 -2397.26
10452.7 -2397.26
10452.7 -2397.26
10452.7 -2397.26
10452.7 -2397.26
10452.7 -2397.26
10452.7 -2397.26
10452.7 -2397.26
10452.7 -2397.26
10452.7 -2397.26
10452.7 -2397.26
10452.7 -2397.26
10452.7 -2397.26
10495.5 -2399.67
10495.5 -2399.67
10495.5 -2399.67
10495.5 -2399.67
10495.5 -2399.67
10495.5 -2399.67
10495.5 -2399.67
10495.5 -2399.67
10495.5 -2399.67
10495.5 -2399.67
10495.5 -2399.67
10495.8 -2398.98
10496.4 -2397.58
10497.7 -2394.07
10498.9 -2390.53
10500 -2386.96
10525.7 -2373.3
10527.1 -2367.46
10528.3 -2361.58
10529.6 -2352.68
10529.6 -2352.68
10529.6 -2352.68
10529.9 -2349.7
10530.5 -2343.72
10531 -2334.74
10531.3 -2323.49
10530.9 -2311.5
10530 -2299.53
10528.5 -2287.62
10526.8 -2277.28
10524.6 -2267.01
10522 -2256.84
10457.8 -2254.18
10454.3 -2244.27
10443 -2217.3
10443 -2217.3
10428.7 -2189.27
10428.7 -2189.27
10420.7 -2175.7
10412.9 -2163.72
10404.8 -2152.05
10396.1 -2140.71
10387.2 -2129.64
10377.9 -2118.85
10369.2 -2109.46
10360.3 -2100.33
10355.4 -2089.78
10345.9 -2081.19
10336.2 -2072.9
10324 -2063.03
10310.1 -2052.75
10295.9 -2043.02
10282.5 -2034.66
10268.9 -2026.7
10255.1 -2019.17
10226.8 -2005.39
10226.8 -2005.39
10200.4 -1994.51
10200.4 -1994.51
10187 -1989.67
10173.5 -1985.25
10159.8 -1981.25
10204.2 -1975.72
10177.8 -1970.12
10177.8 -1970.12
10165.2 -1967.94
10151.1 -1965.82
10136.2 -1964.04
10121.3 -1962.72
10107.8 -1961.94
10094.3 -1961.45
10070.3 -1961.34
10070.3 -1961.34
10062.8 -1961.7
10055.3 -1962.47
10032 -1967.86
10017.9 -1973.04
10017.9 -1973.04
10003 -1980.06
9958.46 -1986.22
9946.19 -1994.85
9923.85 -2014.85
9923.85 -2014.85
9905.83 -2036.89
9898.49 -2048.23
9898.49 -2048.23
9891.97 -2060.05
9886.28 -2072.29
9877.43 -2097.78
9877.43 -2097.78
9874.18 -2110.89
9871.86 -2124.19
9870.47 -2137.61
9869.91 -2151.1
9881.06 -2169.61
9882.48 -2181.52
9882.48 -2181.52
9884.02 -2190.39
9885.25 -2196.26
9886.08 -2199.92
9886.75 -2202.85
9887.36 -2205.78
9888.38 -2211.69
9889.1 -2217.65
9889.24 -2220.65
9889.22 -2221.4
9889.22 -2221.4
9889.22 -2221.4
9889.22 -2221.4
9889.22 -2221.4
9889.22 -2221.4
9889.22 -2221.4
9871.38 -2220.67
9871.38 -2220.67
9871.38 -2220.67
9871.38 -2220.67
9871.38 -2220.67
9871.38 -2220.67
9871.38 -2220.67
9871.38 -2220.67
9871.38 -2220.67
9871.38 -2220.67
9871.38 -2220.67
9871.38 -2220.67
9871.38 -2220.67
9871.38 -2220.67
9871.38 -2220.67
9885.35 -2219.32
9885.35 -2219.32
9885.35 -2219.32
9885.35 -2219.32
9885.35 -2219.32
9885.35 -2219.32
9885.35 -2219.32
9885.35 -2219.32
9885.35 -2219.32
9885.35 -2219.32
9885.35 -2219.32
9885.35 -2219.32
9885.35 -2219.32
9885.35 -2219.32
9885.35 -2219.32
9885.35 -2219.32
9913.15 -2223.54
9913.15 -2223.54
9913.15 -2223.54
9913.15 -2223.54
9913.15 -2223.54
9913.15 -2223.54
9913.15 -2223.54
9913.15 -2223.54
9913.15 -2223.54
9913.15 -2223.54
9913.15 -2223.54
9913.15 -2223.54
9913.15 -2223.54
9913.15 -2223.54
9913.15 -2223.54
9881.75 -2217.88
9881.75 -2217.88
9881.75 -2217.88
9881.75 -2217.88
9881.75 -2217.88
9880.78 -2215.04
9879.48 -2210.74
9879.48 -2210.74
9877.56 -2203.49
9875.4 -2193.21
9873.56 -2179.84
9872.45 -2163.37
9872.5 -2145.37
9873.64 -2127.41
9875.88 -2109.55
9879.21 -2091.86
9884.45 -2078.76
9890.27 -2060.15
9897.22 -2041.93
9904.64 -2025.54
9913.06 -2009.62
9922.43 -1994.25
9932.72 -1979.48
9943.76 -1965.27
9955.54 -1951.66
9968.02 -1938.69
9981.15 -1926.38
10008.1 -1904.82
10021.7 -1895.56
10021.7 -1895.56
10037.1 -1886.25
10053 -1877.76
10083.1 -1877.45
10095.5 -1872.08
10108 -1867.15
10120.8 -1862.66
10133.7 -1858.61
10146.7 -1855.02
10158.3 -1852.23
10170.1 -1849.75
10181.9 -1847.58
10193.7 -1845.72
10205.6 -1844.16
10217.6 -1842.92
10228 -1842.11
10238.5 -1841.58
10249 -1841.31
10259.5 -1841.33
10270 -1841.61
10291 -1843.01
10301.4 -1844.12
10301.4 -1844.12
10314.8 -1845.9
10328.1 -1848.15
10339.9 -1850.55
10350.8 -1853
10361.1 -1855.46
10371.2 -1858.19
10381.3 -1861.19
10391.2 -1864.44
10401.1 -1867.96
10411 -1871.65
10420.7 -1875.51
10430.4 -1879.54
10442.8 -1884.94
10464.3 -1895.62
10464.3 -1895.62
10473.5 -1900.73
10482.5 -1906.07
10491.4 -1911.64
10500.1 -1917.45
10508.7 -1923.48
10517.2 -1929.74
10525.4 -1936.21
10533.5 -1942.9
10541.5 -1949.73
10549.4 -1956.69
10557.1 -1963.8
10564.7 -1971.03
10572.2 -1978.4
10579.5 -1985.9
10586.8 -1993.53
10586.4 -2015.12
10586.4 -2015.12
10591.2 -2020.84
10594.1 -2024.28
10595.1 -2025.42
10595.1 -2025.42
10595.1 -2025.42
10595.1 -2025.42
10595.1 -2025.42
10595.1 -2025.42
10595.1 -2025.42
10596.3 -2027.32
10596.3 -2027.32
10599 -2031.83
10603.1 -2038.95
10596.8 -2058.11
10602.2 -2067.99
10607.5 -2077.87
10613.6 -2089.07
10621.1 -2102.96
10629.7 -2119.62
10637.9 -2136.46
10644.5 -2150.75
10649.7 -2162.39
10653.6 -2171.33
10657.8 -2180.95
10657.8 -2180.95
10658.1 -2181.64
10658.1 -2181.64
10658.1 -2181.64
10658.1 -2181.64
10658.1 -2181.64
10658.1 -2181.64
10658.1 -2181.64
10658.1 -2181.64
10658.1 -2181.64
10658.1 -2181.64
10658.1 -2181.64
10658.1 -2181.64
10658.1 -2181.64
10658.1 -2181.64
10658.1 -2181.64
10658.1 -2181.64
10658.1 -2181.64
10658.1 -2181.64
10658.1 -2181.64
10658.1 -2181.64
10658.1 -2181.64
10657.1 -2171.49
10657.1 -2171.49
10657.1 -2171.49
10657.1 -2171.49
10657.1 -2171.49
10657.1 -2171.49
10657.1 -2171.49
10657.1 -2171.49
10657.1 -2171.49
10657.1 -2171.49
10657.1 -2171.49
10657.1 -2171.49
10657.1 -2171.49
10657.1 -2171.49
10657.1 -2171.49
10641.8 -2168.12
10641.8 -2168.12
10641.8 -2168.12
10639.2 -2169.54
10633.8 -2172.26
10625.7 -2176.12
10614.7 -2180.97
10600.8 -2186.69
10584 -2193.11
10567 -2199.08
10550 -2204.76
10512.6 -2216.09
10512.6 -2216.09
10473.5 -2226.48
10473.5 -2226.48
10453.1 -2231.52
10398.9 -2246.16
10398.9 -2246.16
10382.9 -2250.1
10366.9 -2253.98
10350.7 -2257.5
10334.5 -2260.67
10319.8 -2263.49
10307.3 -2265.89
10294.8 -2268.28
10279.2 -2270.97
10263.7 -2273.39
10251.1 -2275.34
10238.5 -2277.3
10210.2 -2280.94
10210.2 -2280.94
10196 -2282.39
10231.2 -2284.9
10218.5 -2285.73
10205.7 -2286.56
10193 -2287.39
10180.3 -2288
10167.5 -2288.39
10154.8 -2288.77
10145.1 -2289.15
10135.3 -2289.62
10124.1 -2290.06
10112.8 -2290.3
10091.8 -2290.38
10091.8 -2290.38
10072.3 -2290.29
10072.3 -2290.29
10062.6 -2289.99
10052.8 -2289.52
10043.1 -2288.97
10033.4 -2288.33
10023.7 -2287.6
10013.9 -2286.79
10004.2 -2286.06
9994.49 -2285.47
9984.75 -2285.04
9975 -2284.78
9965.25 -2284.69
9955.5 -2284.77
9945.75 -2285.03
9936.01 -2285.45
9926.28 -2286.04
9916.56 -2286.8
9917.85 -2266.97
9908.18 -2268.21
9898.53 -2269.61
9888.91 -2271.18
9888.91 -2271.18
9869.75 -2274.83
9869.75 -2274.83
9859.49 -2277.06
9859.49 -2277.06
9858.76 -2277.22
9858.76 -2277.22
9858.76 -2277.22
9858.76 -2277.22
9858.76 -2277.22
9858.76 -2277.22
9858.76 -2277.22
9858.76 -2277.22
9858.76 -2277.22
9858.76 -2277.22
9858.76 -2277.22
9858.76 -2277.22
9858.76 -2277.22
9858.76 -2277.22
9858.76 -2277.22
9858.76 -2277.22
9858.76 -2277.22
9858.76 -2277.22
9858.76 -2277.22
9858.76 -2277.22
9858.76 -2277.22
9858.76 -2277.22
9858.76 -2277.22
9839.64 -2280.32
9839.64 -2280.32
9839.64 -2280.32
9839.64 -2280.32
9839.64 -2280.32
9839.64 -2280.32
9839.64 -2280.32
9839.64 -2280.32
9839.64 -2280.32
9839.64 -2280.32
9839.64 -2280.32
9839.64 -2280.32
9839.64 -2280.32
9839.64 -2280.32
9839.64 -2280.32
9847.12 -2285.57
9847.12 -2285.57
9847.12 -2285.57
9847.12 -2285.57
9847.12 -2285.57
9847.12 -2285.57
9847.01 -2282.57
9847.01 -2282.57
9847.01 -2276.57
9847.29 -2268.33
9847.93 -2260.1
9848.92 -2251.92
9850.52 -2242.3
9852.85 -2231.29
9877.69 -2202.76
9877.69 -2202.76
9881.81 -2191.49
9886.41 -2180.41
9891.49 -2169.54
9897.04 -2158.9
9903.05 -2148.51
9914.65 -2131.01
9914.65 -2131.01
9920.91 -2122.58
9927.45 -2114.36
9934.28 -2106.39
9941.38 -2098.65
9948.74 -2091.17
9956.37 -2083.95
9966.48 -2075.01
9935.32 -2069.46
9947.87 -2059.94
9960.81 -2050.97
9975.41 -2041.78
9990.39 -2033.23
10004.4 -2026.03
10018.7 -2019.44
10033.2 -2013.36
10048 -2007.8
10062.9 -2002.74
10078 -1998.22
10093.2 -1994.22
10107.1 -1991.08
10121.1 -1988.44
10135.2 -1986.28
10147.9 -1984.79
10159.8 -1983.6
10185.7 -1981.7
10199.1 -1980.96
10212.6 -1980.64
10238.1 -1981.18
10238.1 -1981.18
10250.1 -1981.78
10265.1 -1982.73
10283 -1984.42
10303.8 -1987.21
10324.5 -1990.81
10342.1 -1994.6
10358.8 -1998.74
10375.5 -2003.39
10389.1 -2007.64
10399.7 -2011.24
10410.3 -2014.97
10422.3 -2019.36
10463 -2029
10478.8 -2036
10491.7 -2042.18
10501.7 -2047.19
10509.1 -2050.87
10513.8 -2053.21
10515.8 -2054.21
10515.8 -2054.21
10515.8 -2054.21
10515.8 -2054.21
10515.8 -2054.21
10515.8 -2054.21
10515.8 -2054.21
10515.8 -2054.21
10515.8 -2054.21
10447.1 -2062.14
10447.1 -2062.14
10448.8 -2063.71
10452.4 -2067.49
10452.4 -2067.49
10458.1 -2073.47
10465.8 -2081.69
10474.4 -2091.08
10484.8 -2102.87
10496.1 -2115.97
10507 -2129.27
10515.9 -2140.42
10524.1 -2151.12
10540 -2172.95
10540 -2172.95
10547.7 -2184.07
10554.3 -2194.07
10560.9 -2204.12
10565.7 -2211.71
10568.9 -2216.77
10570.6 -2219.3
10570.6 -2219.3
10570.6 -2219.3
10570.6 -2219.3
10570.6 -2219.3
10570.6 -2219.3
10570.6 -2219.3
10570.6 -2219.3
10570.6 -2219.3
10570.6 -2219.3
10570.6 -2219.3
10570.6 -2219.3
10570.6 -2219.3
10570.6 -2219.3
10570.6 -2219.3
10570.6 -2219.3
10570.6 -2219.3
10570.6 -2219.3
10570.6 -2219.3
10570.6 -2219.3
10570.6 -2219.3
10570.6 -2219.3
10570.6 -2219.3
10570.6 -2219.3
10570.6 -2219.3
10570.6 -2219.3
10570.6 -2219.3
10570.6 -2219.3
10600.6 -2221.12
10600.6 -2221.12
10600.6 -2221.12
10600.6 -2221.12
10600.6 -2221.12
10600.6 -2221.12
10600.6 -2221.12
10600.6 -2221.12
10600.6 -2221.12
10600.6 -2221.12
10600.6 -2221.12
10600.6 -2221.12
10600.6 -2221.12
10600.6 -2221.12
10600.6 -2221.12
10600.6 -2221.12
10569.7 -2233.93
10569.7 -2233.93
10569.7 -2233.93
10572.3 -2232.46
10574.8 -2230.92
10577.4 -2229.31
10582.3 -2225.88
10589.4 -2220.29
10598.1 -2212.12
10608.2 -2201.04
10619.2 -2186.78
10630.6 -2169.14
10641.9 -2147.97
10652.3 -2123.87
10660.7 -2098.99
10666.6 -2074.96
10704.6 -2023.18
10704.6 -2023.18
10705.5 -1996.94
10701.7 -1947.61
10697.4 -1923.23
10691.5 -1899.19
10691.5 -1899.19
10684.1 -1875.59
10675.7 -1853.91
10666 -1832.75
10655.2 -1812.18
10643.2 -1792.24
10630.2 -1773.02
10616 -1754.57
10600.8 -1736.96
10585.7 -1721.31
10569.9 -1706.4
10556.7 -1691.59
10538.3 -1677.39
10519.2 -1664.08
10484.6 -1643.15
10484.6 -1643.15
10468 -1634.45
10448.3 -1625.12
10428.3 -1616.56
10410.8 -1609.87
10393.1 -1603.71
10375.2 -1598.1
10357.2 -1593.04
10339 -1588.53
10320.6 -1584.58
10302.2 -1581.19
10285.1 -1578.6
10268 -1576.52
10247.1 -1563.19
10229.9 -1562.22
10214.1 -1561.81
10198.4 -1561.74
10179.6 -1562.07
10158.7 -1563.08
10137.7 -1564.73
10099 -1569.06
10099 -1569.06
10079.7 -1571.87
10061.9 -1574.84
10044.3 -1578.35
10026.7 -1582.4
10009.3 -1586.84
9991.94 -1591.65
9976.19 -1596.54
9960.59 -1601.92
9946.93 -1614.9
9946.93 -1614.9
9937.32 -1619.14
9925.09 -1624.85
9910.3 -1632.16
9893.01 -1641.18
9875.92 -1650.58
9859.05 -1660.34
9842.38 -1670.47
9825.95 -1680.96
9810.99 -1690.98
9798.71 -1699.59
9786.78 -1708.68
9772.9 -1720.14
9757.49 -1734.41
9741.57 -1751.36
9751.37 -1767.06
9739.59 -1783.53
9728.84 -1800.69
9719.08 -1818.44
9710.34 -1836.7
9702.65 -1855.44
9696.04 -1874.58
9686.44 -1912.36
9683.24 -1930.84
9683.24 -1930.84
9680.57 -1952.42
9679.31 -1974.13
9679.47 -1995.88
9681.06 -2017.58
9683.85 -2037.63
9687.78 -2057.5
9663.41 -2074.18
9669.07 -2092.05
9675.51 -2109.66
9682.13 -2125.59
9689.44 -2141.21
9697.42 -2156.5
9705.32 -2170.13
9713.8 -2183.41
9734.76 -2212.67
9734.76 -2212.67
9746.58 -2227.22
9770.13 -2252.42
9770.13 -2252.42
9780.98 -2262.77
9792.1 -2272.84
9803.48 -2282.62
9869.93 -2292.05
9869.93 -2292.05
9894.08 -2309.84
9906.57 -2318.15
9919.34 -2326.02
9919.34 -2326.02
9932.38 -2333.44
9956.51 -2345.54
9956.51 -2345.54
9967.42 -2350.54
9978.41 -2355.36
9990.96 -2360.33
10003.7 -2364.87
10016.5 -2368.96
10029.5 -2372.83
10039.6 -2375.75
10017.2 -2388.37
10028.9 -2390.75
10028.9 -2390.75
10040.8 -2392.78
10061.5 -2395.97
10061.5 -2395.97
10071.9 -2397.42
10082.3 -2398.79
10092.7 -2400.16
10103.1 -2401.57
10113.5 -2403.03
10123.9 -2404.53
10134.3 -2406.08
10144.7 -2407.76
10155 -2409.58
10175.6 -2413.62
10194.3 -2422.04
10194.3 -2422.04
10204.5 -2424.44
10214.7 -2426.98
10224.8 -2429.56
10235 -2432.19
10245.2 -2434.86
10262.5 -2439.77
10262.5 -2439.77
10272.5 -2442.84
10282.5 -2446.04
10291.1 -2448.74
10299.7 -2451.41
10305.4 -2453.26
10308.3 -2454.19
10308.3 -2454.19
10308.3 -2454.19
10308.3 -2454.19
10308.3 -2454.19
10308.3 -2454.19
10311.1 -2455.22
10325 -2460.75
10325 -2460.75
10333.4 -2464.12
10339 -2466.29
10341.8 -2467.33
10342.5 -2467.58
10342.5 -2467.58
10342.5 -2467.58
10342.5 -2467.58
10342.5 -2467.58
10342.5 -2467.58
10342.5 -2467.58
10342.5 -2467.58
10342.5 -2467.58
10342.5 -2467.58
10342.5 -2467.58
10342.5 -2467.58
10342.5 -2467.58
10342.5 -2467.58
10292.7 -2461.46
10292.7 -2461.46
10292.7 -2461.46
10294.5 -2462.81
10305.3 -2470.93
10305.3 -2470.93
10312 -2475.81
10324.1 -2484.58
10324.1 -2484.58
10329 -2488.11
10333.8 -2491.66
10338.7 -2495.23
10344.7 -2499.72
10348.3 -2502.43
10349.5 -2503.33
10349.5 -2503.33
10349.5 -2503.33
10349.5 -2503.33
10349.5 -2503.33
10349.5 -2503.33
10349.5 -2503.33
10349.5 -2503.33
10349.5 -2503.33
10349.5 -2503.33
10349.5 -2503.33
10349.5 -2503.33
10349.5 -2503.33
10349.5 -2503.33
10349.5 -2503.33
10349.5 -2503.33
10349.5 -2503.33
10349.5 -2503.33
10349.5 -2503.33
10349.5 -2503.33
10354.1 -2513.13
10354.1 -2513.13
10354.1 -2513.13
10354.1 -2513.13
10354.1 -2513.13
10354.1 -2513.13
10354.1 -2513.13
10354.1 -2513.13
10354.1 -2513.13
10354.1 -2513.13
10354.1 -2513.13
10365.9 -2524.21
10493.2 -2566.03
10575.4 -2632.16
10635.9 -2733.33
10635.9 -2733.33
10635.9 -2733.33
10635.9 -2733.33
10635.9 -2733.33
10635.9 -2733.33
10646.8 -2738.35
10646.8 -2738.35
10646.8 -2738.35
10646.8 -2738.35
10645.7 -2730.42
10645.7 -2730.42
10645 -2725.47
10644.3 -2720.51
10643.7 -2715.56
10642.3 -2705.65
10642.3 -2705.65
10642.1 -2703.67
10642.1 -2703.67
10642.1 -2703.67
10641.8 -2700.67
10641.5 -2695.69
10641.1 -2690.7
10640.8 -2685.71
10640.4 -2680.72
10640.1 -2675.73
10639.4 -2665.76
10639.4 -2665.76
10639.1 -2660.77
10638.7 -2655.78
10638.4 -2650.8
10637.7 -2640.82
10637.7 -2640.82
10637.3 -2635.83
10637 -2630.84
10636.6 -2625.86
10636.3 -2620.87
10635.9 -2615.88
10635.6 -2610.89
10634.9 -2600.92
10634.9 -2600.92
10634.5 -2595.93
10634.2 -2590.94
10633.9 -2585.95
10633.5 -2580.96
10633.2 -2575.98
10632.8 -2570.99
10632.5 -2566
10631.8 -2556.02
10631.4 -2551.04
10631.4 -2551.04
10631.1 -2546.05
10630.9 -2544.05
10630.9 -2544.05
10630.9 -2544.05
10630.9 -2544.05
10630.9 -2544.05
10630.9 -2544.05
10630.9 -2544.05
10630.9 -2544.05
10630.9 -2544.05
10630.9 -2544.05
10630.9 -2544.05
10630.9 -2544.05
10630.9 -2544.05
10630.9 -2544.05
10630.9 -2544.05
10630.9 -2544.05
10630.9 -2544.05
10630.9 -2544.05
10630.9 -2544.05
10633.8 -2550.44
10633.8 -2550.44
10633.8 -2550.44
10633.8 -2550.44
10633.8 -2550.44
10634.2 -2547.47
10634.9 -2542.53
10635.6 -2537.58
10636.4 -2532.63
10637.1 -2527.68
10637.8 -2522.74
10638.1 -2520.76
10638.1 -2520.76
10638.1 -2520.76
10638.1 -2520.76
10638.1 -2520.76
10638.1 -2520.76
10638.1 -2520.76
10638.1 -2520.76
10638.1 -2520.76
10638.1 -2520.76
10638.1 -2520.76
10638.1 -2520.76
10638.1 -2520.76
10638.1 -2520.76
10638.1 -2520.76
10638.1 -2520.76
10638.1 -2520.76
10605.8 -2509.87
10605.8 -2509.87
10605.8 -2509.87
10605.8 -2509.87
10605.8 -2509.87
10605.8 -2509.87
10605.8 -2509.87
10605.8 -2509.87
10605.8 -2509.87
10605.8 -2509.87
10605.8 -2509.87
10605.8 -2509.87
10605.8 -2509.87
10605.8 -2509.87
10620 -2501.76
10620 -2501.76
10620 -2501.76
10620 -2501.76
10620 -2501.76
10620 -2501.76
10620 -2501.76
10620 -2501.76
10620 -2501.76
10620 -2501.76
10620 -2501.76
10620 -2501.76
10620 -2501.76
10620 -2501.76
10612.1 -2497.31
10600.9 -2505.1
10600.9 -2505.1
10592.7 -2499.92
10584.4 -2494.71
10576.2 -2489.46
10559.9 -2478.86
10559.9 -2478.86
10551.7 -2473.51
10535.5 -2462.7
10535.5 -2462.7
10527.4 -2457.24
10511.2 -2446.42
10503.1 -2441
10495 -2435.54
10486.9 -2430.04
10480.3 -2434.09
10480.3 -2434.09
10472.2 -2428.64
10464.1 -2423.17
10456.1 -2417.65
10448 -2412.18
10439.9 -2406.73
10431.8 -2401.33
10423.7 -2395.88
10415.6 -2390.41
10407.5 -2384.96
10396.9 -2377.89
10383.8 -2369.22
10370.5 -2360.71
10357.1 -2352.44
10342.3 -2343.64
10327.4 -2334.97
10315 -2327.91
10302.6 -2320.96
10288.7 -2313.52
10261.8 -2300.21
10248.8 -2294.32
10248.8 -2294.32
10237.1 -2289.3
10225.4 -2284.33
10212.2 -2278.84
10199 -2273.4
10187.1 -2268.8
10175.2 -2264.45
10151.1 -2255.91
10151.1 -2255.91
10139.1 -2251.72
10129.8 -2248.72
10120.5 -2245.92
10109.7 -2242.74
10098.9 -2239.56
10088.1 -2236.38
10077.3 -2233.2
10055.7 -2227.02
10055.7 -2205.23
10055.7 -2205.23
10046.2 -2202.87
10036.8 -2200.55
10027.3 -2198.24
10017.8 -2195.92
10008.3 -2193.77
9998.77 -2191.78
9989.23 -2189.8
9979.68 -2187.81
9970.1 -2186
9950.88 -2182.7
9950.88 -2182.7
9941.28 -2181.05
9931.64 -2179.56
9921.98 -2178.25
9912.31 -2177.02
9904.12 -2176.01
9895.92 -2175.05
9886.24 -2173.94
9876.53 -2173.05
9865.3 -2172.27
9845.83 -2171.24
9845.83 -2171.24
9837.59 -2170.91
9818.09 -2171
9808.36 -2171.55
9808.36 -2171.55
9790.42 -2172.99
9790.42 -2172.99
9782.21 -2173.82
9772.54 -2175.1
9760.7 -2177.03
9748.18 -2179.46
9735.75 -2182.27
9711.16 -2189.04
9711.16 -2189.04
9699.04 -2192.98
9687.04 -2197.29
9675.17 -2201.96
9666.22 -2205.81
9657.34 -2209.85
9712.11 -2213.79
9703.37 -2218.12
9694.73 -2222.63
9686.19 -2227.33
9669.43 -2237.29
9669.43 -2237.29
9653.11 -2247.97
9653.11 -2247.97
9645.13 -2253.58
9639.7 -2257.58
9636.69 -2259.81
9636.08 -2260.26
9636.08 -2260.26
9636.08 -2260.26
9636.08 -2260.26
9635.04 -2247.28
9635.04 -2247.28
9635.04 -2247.28
9635.04 -2247.28
9635.04 -2247.28
9635.04 -2247.28
9635.04 -2247.28
9635.04 -2247.28
9635.04 -2247.28
9635.04 -2247.28
9635.04 -2247.28
9635.04 -2247.28
9635.04 -2247.28
9635.04 -2247.28
9635.04 -2247.28
9635.04 -2247.28
9635.04 -2247.28
9635.04 -2247.28
9635.04 -2247.28
9635.04 -2247.28
9635.04 -2247.28
9635.04 -2247.28
9628.26 -2252.67
9628.26 -2252.67
9628.26 -2252.67
9628.26 -2252.67
9628.26 -2252.67
9628.26 -2252.67
9628.26 -2252.67
9628.26 -2252.67
9628.26 -2252.67
9628.26 -2252.67
9628.26 -2252.67
9628.26 -2252.67
9628.26 -2252.67
9628.26 -2252.67
9628.26 -2252.67
9612.65 -2256.18
9612.65 -2256.18
9612.65 -2256.18
9612.65 -2256.18
9612.65 -2256.18
9612.65 -2256.18
9612.65 -2256.18
9612.65 -2256.18
9612.65 -2256.18
9612.65 -2256.18
9612.65 -2256.18
9612.13 -2253.22
9611.31 -2247.28
9610.38 -2238.33
9609.77 -2226.34
9609.85 -2213.59
9610.64 -2200.87
9608.14 -2181.63
9610.11 -2170.55
9612.61 -2159.58
9616.44 -2145.86
9621.64 -2130.2
9627.58 -2114.8
9641.63 -2084.96
9641.63 -2084.96
9649.72 -2070.57
9660.08 -2054.05
9672.08 -2036.82
9684.89 -2020.18
9697.39 -2005.21
9710.46 -1990.74
9726.33 -1974.79
9726.43 -1965.62
9742.4 -1951.98
9758.88 -1938.97
9775.87 -1926.63
9811.23 -1903.98
9829.55 -1893.71
9829.55 -1893.71
9846.92 -1884.85
9864.63 -1876.68
9882.64 -1869.22
9900.87 -1862.3
9917.89 -1856.44
9935.13 -1851.24
9952.55 -1846.73
9970.11 -1842.76
9987.78 -1839.32
10005.5 -1836.42
10038.8 -1847.96
10055.2 -1846.41
10071.7 -1845.36
10088.2 -1844.81
10104.7 -1844.77
10121.1 -1845.24
10136.1 -1846.12
10151.1 -1847.32
10166 -1848.85
10179.4 -1850.64
10206 -1855.2
10206 -1855.2
10219.2 -1857.75
10232.4 -1860.58
10245.6 -1863.76
10257.1 -1866.88
10268.7 -1870.21
10280.1 -1873.74
10293 -1877.83
10308.7 -1882.96
10348 -1897.69
10348 -1897.69
10369.4 -1906.91
10408.4 -1926.18
10423.5 -1934.37
10423.5 -1934.37
10446 -1946.48
10446 -1946.48
10453.2 -1950.4
10457.9 -1952.89
10459.8 -1953.96
10459.8 -1953.96
10459.8 -1953.96
10459.8 -1953.96
10459.8 -1953.96
10459.8 -1953.96
10459.8 -1953.96
10461.7 -1955.22
10465.3 -1957.89
10471.3 -1962.49
10479.5 -1969.04
10489.9 -1977.6
10502.4 -1988.34
10515.3 -1999.85
10528.4 -2012.15
10541.3 -2024.74
10553.9 -2037.6
10565.2 -2049.64
10554.9 -2062.66
10566.5 -2076.45
10587.8 -2103.58
10587.8 -2103.58
10597.5 -2116.89
10607 -2130.4
10620.2 -2150.43
10620.2 -2150.43
10624.3 -2156.72
10626.8 -2160.5
10627.6 -2161.75
10627.6 -2161.75
10627.6 -2161.75
10627.6 -2161.75
10627.6 -2161.75
10627.6 -2161.75
10627.6 -2161.75
10627.6 -2161.75
10627.6 -2161.75
10629.3 -2170.03
10629.3 -2170.03
10629.3 -2170.03
10629.3 -2170.03
10629.3 -2170.03
10629.3 -2170.03
10629.3 -2170.03
10629.3 -2170.03
10629.3 -2170.03
10629.3 -2170.03
10629.3 -2170.03
10629.3 -2170.03
10629.3 -2170.03
10629.3 -2170.03
10629.3 -2170.03
10629.3 -2170.03
10629.3 -2170.03
10629.3 -2170.03
10677.6 -2176.92
10677.6 -2176.92
10677.6 -2176.92
10677.6 -2176.92
10677.6 -2176.92
10677.6 -2176.92
10677.6 -2176.92
10677.6 -2176.92
10677.6 -2176.92
10677.6 -2176.92
10677.6 -2176.92
10677.6 -2176.92
10677.6 -2176.92
10633.1 -2168.09
10633.1 -2168.09
10633.1 -2168.09
10633.1 -2168.09
10633.1 -2168.09
10633.1 -2168.09
10633.1 -2168.09
10633.1 -2168.09
10633.1 -2168.09
10633.1 -2168.09
10633.1 -2168.09
10633.1 -2168.09
10633.1 -2168.09
10633.1 -2168.09
10633.1 -2168.09
10633.1 -2168.09
10633.1 -2168.09
10625.3 -2159.62
10625.3 -2159.62
10625.3 -2159.62
10625.3 -2159.62
10625.3 -2159.62
10625.3 -2159.62
10625.3 -2159.62
10625.3 -2159.62
10625.3 -2159.62
10625.3 -2159.62
10625.3 -2159.62
10625.3 -2159.62
10625.3 -2159.62
10625.3 -2159.62
10607.1 -2161.94
10607.1 -2161.94
10607.1 -2161.94
10607.1 -2161.94
10607.1 -2161.94
10607.1 -2161.94
10607.1 -2161.94
10607.1 -2161.94
10607.1 -2161.94
10607.1 -2161.94
10607.1 -2161.94
10607.1 -2161.94
10607.1 -2161.94
10607.1 -2161.94
10607.1 -2161.94
10609.4 -2164.64
10606.9 -2166.4
10606.9 -2166.4
10594.3 -2174.55
10594.3 -2174.55
10570.9 -2187.95
10570.9 -2187.95
10555 -2196.39
10537.6 -2205.15
10502.3 -2221.68
10502.3 -2221.68
10485.8 -2228.99
10469.3 -2236.08
10452.6 -2242.81
10435.7 -2249.18
10415.1 -2246.67
10401 -2251.64
10366.6 -2262.46
10366.6 -2262.46
10350.8 -2267.04
10336.3 -2271.08
10321.9 -2274.99
10305.9 -2279.02
10289.8 -2282.69
10275.1 -2285.71
10261.1 -2288.52
10247.1 -2291.27
10233.1 -2293.71
10219 -2295.85
10199 -2301.41
10199 -2301.41
10184.9 -2303.11
10170.7 -2304.51
10156.5 -2305.59
10143.8 -2306.28
10131.8 -2306.88
10119.8 -2307.48
10095.8 -2308.47
10095.8 -2308.47
10083.8 -2308.65
10071.8 -2308.62
10061.3 -2308.41
10050.8 -2308.2
10029.8 -2307.92
10029.8 -2307.92
10019.3 -2307.67
10008.8 -2307.23
9999.86 -2306.7
9990.88 -2306.16
9975.89 -2305.57
9975.89 -2305.57
9965.4 -2305.18
9944.44 -2303.84
9944.44 -2303.84
9935.48 -2303.04
9926.52 -2302.23
9916.06 -2301.29
9896.66 -2299.3
9896.66 -2299.3
9887.7 -2298.41
9918.09 -2287.37
9907.63 -2286.51
9900.16 -2285.87
9892.69 -2285.2
9882.22 -2284.4
9861.23 -2283.65
9861.23 -2283.65
9840.24 -2284.19
9840.24 -2284.19
9829.77 -2284.94
9819.32 -2285.92
9808.88 -2287.13
9799.97 -2288.36
9791.08 -2289.78
9782.23 -2291.4
9773.41 -2293.21
9755.91 -2297.4
9755.91 -2297.4
9747.23 -2299.78
9730.04 -2305.11
9730.04 -2305.11
9721.53 -2308.06
9713.1 -2311.19
9704.73 -2314.5
9696.43 -2318
9688.22 -2321.67
9680.08 -2325.52
9672.04 -2329.55
9664.08 -2333.76
9648.45 -2342.68
9648.45 -2342.68
9670.55 -2344.83
9655.39 -2354.53
9647.96 -2359.62
9647.96 -2359.62
9643.09 -2363.12
9640.66 -2364.88
