15547.5 757.371
15611.5 744.686
15659.8 757.214
15722.7 748.668
15231.1 1546.28
15238.9 1603.79
15226 1689.13
15226.6 1753.61
15226.9 1816.99
15221.1 1886.94
15221.1 1947.72
15220.8 2007.54
15215.2 2072.61
15230.4 2110.5
15229.7 2167.2
15212.1 2242.71
15223.4 2282.56
15222 2336.49
15220.2 2389.7
15215.3 2445.36
15213.1 2496.83
15210.6 2547.66
15205.9 2599.85
15203 2649.12
15199.7 2697.83
15214.8 2727.31
15211.5 2774.61
15207.8 2821.42
15214.8 2857.18
15213.8 2899.96
15212.9 2942.01
15211.9 2983.36
15211 3024.04
15210.1 3064.07
15209.2 3103.47
15208.3 3142.26
15207.4 3180.46
15206.5 3218.09
15205.7 3255.16
15204.9 3291.7
15204 3327.73
15203.2 3363.25
15202.4 3398.29
15201.6 3432.86
15200.8 3466.97
15200.1 3500.64
15199.3 3533.88
15198.5 3566.71
15197.8 3599.13
15197.1 3631.16
15196.3 3662.82
15195.6 3694.11
15194.9 3725.04
15194.2 3755.62
15193.5 3785.88
15192.8 3815.8
15192.2 3845.41
15191.5 3874.72
15190.8 3903.73
15190.2 3932.45
15189.5 3960.89
15188.9 3989.06
15188.2 4016.97
15187.6 4044.62
15187 4072.03
15186.3 4099.19
15185.7 4126.13
15185.1 4152.83
15184.5 4179.32
15183.9 4205.6
15183.3 4231.67
15182.7 4257.54
15182.1 4283.22
15181.5 4308.71
15181 4334.02
15180.4 4359.15
15179.8 4384.12
15179.2 4408.92
15178.7 4433.56
15178.1 4458.05
15177.5 4482.39
15177 4506.58
15176.4 4530.64
15175.9 4554.57
15175.3 4578.36
15174.8 4602.03
15174.3 4625.58
15173.7 4649.01
15173.2 4672.34
15172.7 4695.56
15172.1 4718.67
15171.6 4741.69
15171.1 4764.61
15170.6 4787.44
15170 4810.19
15169.5 4832.86
15169 4855.44
15168.5 4877.95
15168 4900.4
15167.4 4922.77
15166.9 4945.08
15166.4 4967.33
15165.9 4989.53
15165.4 5011.67
15164.9 5033.77
15164.4 5055.82
15163.9 5077.83
15163.4 5099.8
15162.9 5121.73
15162.4 5143.64
15161.9 5165.52
15161.4 5187.37
15160.9 5209.2
15160.4 5231.01
15159.9 5252.81
15159.4 5274.6
15158.9 5296.38
15158.4 5318.15
15157.9 5339.93
15157.4 5361.7
15156.9 5383.48
15156.4 5405.27
15155.9 5427.08
15155.4 5448.9
15154.9 5470.73
15154.4 5492.59
15153.9 5514.48
15153.4 5536.39
15152.9 5558.34
15152.4 5580.32
15151.9 5602.34
15151.4 5624.41
15150.9 5646.52
15150.3 5668.68
15149.8 5690.89
15149.3 5713.16
15148.8 5735.5
15148.3 5757.89
15147.8 5780.36
15147.3 5802.89
15146.7 5825.5
15146.2 5848.19
15145.7 5870.97
15145.2 5893.83
15144.7 5916.78
15144.1 5939.83
15143.6 5962.98
15143.1 5986.23
15142.5 6009.59
15142 6033.06
15141.4 6056.65
15140.9 6080.36
15140.4 6104.2
15139.8 6128.17
15139.3 6152.27
15138.7 6176.51
15138.1 6200.9
15137.6 6225.43
15137 6250.13
15136.4 6274.98
15135.9 6300
15135.3 6325.19
15134.7 6350.56
15134.1 6376.11
15133.5 6401.85
15132.9 6427.79
15132.3 6453.93
15131.7 6480.27
15131.1 6506.83
15130.5 6533.61
15129.9 6560.62
15129.3 6587.86
15128.6 6615.35
15128 6643.08
15127.4 6671.07
15126.7 6699.33
15086.6 6704.44
15066.2 6720.85
15065.5 6749.25
15064.9 6777.95
15064.2 6806.95
15063.5 6836.25
15062.9 6865.88
15022.8 6869.08
14982.7 6871.61
14942.7 6873.49
14882.9 6860.56
14842.9 6860.82
14802.9 6860.41
14762.9 6859.29
14723 6857.47
14702.7 6870.39
14643.1 6851.67
14622.8 6863.68
14573.8 6851.65
14545.2 6855.87
14497.6 6843.29
14470.3 6847.38
14443.5 6851.55
14417.2 6855.81
14371.8 6842.07
14346.6 6846.19
14321.9 6850.39
14297.6 6854.68
14254.2 6839.7
14230.8 6843.83
14207.8 6848.06
14185.2 6852.38
14159.3 6852.82
14132.8 6852.21
14106.8 6851.61
14081.1 6851.02
14055.9 6850.45
14031.2 6849.88
14006.8 6849.32
13982.7 6848.77
13959.1 6848.22
13935.7 6847.69
13912.8 6847.16
13890.1 6846.64
13867.8 6846.13
13845.8 6845.63
13824.1 6845.13
13802.7 6844.64
13781.5 6844.15
13760.6 6843.67
13740 6843.2
13719.7 6842.73
13699.6 6842.27
13679.7 6841.82
13660.1 6841.37
13640.7 6840.92
13621.5 6840.48
13602.6 6840.05
13583.8 6839.62
13565.2 6839.19
13546.9 6838.77
13528.7 6838.35
13510.7 6837.94
13492.9 6837.53
13475.2 6837.13
13457.8 6836.73
13440.4 6836.33
13423.3 6835.94
13406.3 6835.55
13389.4 6835.16
13372.7 6834.78
13356.1 6834.4
13339.7 6834.02
13323.4 6833.65
13307.2 6833.27
13291.2 6832.91
13275.2 6832.54
13259.4 6832.18
13243.7 6831.82
13228.1 6831.46
13212.6 6831.1
13197.2 6830.75
13181.9 6830.4
13166.7 6830.05
13151.6 6829.71
13136.5 6829.36
13121.6 6829.02
13106.7 6828.68
13092 6828.34
13077.3 6828
13062.6 6827.67
13048.1 6827.33
13033.6 6827
13019.2 6826.67
13026.6 6926.87
13011.4 6926.52
13020.2 7046.75
13015.5 7106.66
12998.8 7106.28
12982.2 7105.89
12965.6 7105.51
12949.1 7105.14
12932.6 7104.76
12916.2 7104.38
12899.8 7104.01
12883.5 7103.63
12867.2 7103.26
12851 7102.89
12834.8 7102.51
12818.6 7102.14
12802.4 7101.77
12786.3 7101.4
12770.2 7101.03
12754.1 7100.66
12738.1 7100.3
12722 7099.93
12706 7099.56
12690 7099.19
12674 7098.83
12658 7098.46
12642 7098.09
12626 7097.73
12610 7097.36
12594 7096.99
12578 7096.63
12562 7096.26
12546 7095.89
12530 7095.52
12514 7095.16
12497.9 7094.79
12481.9 7094.42
12465.8 7094.05
12449.6 7093.68
12433.5 7093.31
12417.3 7092.94
12401.1 7092.57
12384.9 7092.2
12368.6 7091.82
12352.3 7091.45
12335.9 7091.07
12319.5 7090.7
12303 7090.32
12286.5 7089.94
12270 7089.56
12253.4 7089.18
12236.7 7088.8
12219.9 7088.41
12203.1 7088.03
12186.3 7087.64
12169.3 7087.25
12152.3 7086.86
12135.2 7086.47
12118.1 7086.08
12100.8 7085.68
12083.5 7085.28
12066 7084.88
12048.5 7084.48
12030.9 7084.08
12013.2 7083.67
11995.3 7083.26
11977.4 7082.85
11959.4 7082.44
11941.2 7082.02
11922.9 7081.6
11904.5 7081.18
11903.1 7041.14
11893.6 7020.91
11902.2 6961.09
11902.8 6921.1
11885.4 6920.7
11860 6936.57
11846.2 6927.92
11831.9 6920.31
11827.9 6892.89
11833.2 6848.52
11828.3 6824.76
11834.1 6782.04
11829.3 6759.84
11835.7 6718.6
11830.9 6697.79
11837.9 6657.89
11842 6623.89
11837 6605.6
11844.5 6568.11
11839.6 6550.86
11834.7 6534.09
11842.9 6498.07
11838 6482.2
11840.1 6456.69
11834.9 6442.19
11843.8 6408.38
11838.7 6394.61
11848.2 6361.5
11843.2 6348.39
11838.1 6335.58
11851.4 6299.76
11852.7 6279.78
11843 6273.76
11853.9 6242.89
11848.7 6231.89
11843.4 6221.13
11841.3 6206.83
11853.1 6177.31
11847.5 6167.59
11841.9 6158.06
11854.6 6129.13
11850.8 6118.19
11844.8 6109.56
11858.2 6081.53
11852.3 6073.22
11846.4 6065.05
11840.3 6057.02
11840.9 6042.81
11841.2 6029.06
11841.5 6015.55
11841.8 6002.26
11842.1 5989.18
11842.4 5976.31
11842.7 5963.64
11843 5951.16
11843.3 5938.88
11843.6 5926.77
11843.8 5914.84
11844.1 5903.09
11844.4 5891.49
11844.6 5880.06
11844.9 5868.78
11845.1 5857.65
11845.4 5846.67
11845.6 5835.83
11845.9 5825.12
11846.1 5814.55
11846.4 5804.11
11846.6 5793.79
11846.8 5783.59
11847.1 5773.5
11847.3 5763.54
11847.5 5753.68
11847.7 5743.93
11848 5734.28
11848.2 5724.73
11848.4 5715.28
11848.6 5705.93
11848.8 5696.67
11849 5687.49
11849.3 5678.41
11849.5 5669.4
11849.7 5660.48
11849.9 5651.64
11850.1 5642.87
11850.3 5634.18
11850.5 5625.56
11850.7 5617.01
11850.9 5608.53
11851 5600.11
11851.2 5591.76
11851.4 5583.47
11851.6 5575.24
11851.8 5567.06
11852 5558.95
11852.2 5550.88
11852.4 5542.87
11860.3 5532.36
11860.5 5524.53
11860.7 5516.74
11860.9 5508.99
11861 5501.29
11861.2 5493.63
11861.4 5486.02
11861.6 5478.44
11861.7 5470.9
11861.9 5463.39
11862.1 5455.92
11862.2 5448.49
11862.4 5441.08
11862.6 5433.71
11862.8 5426.37
11862.9 5419.05
11863.1 5411.76
11863.3 5404.5
11863.4 5397.26
11863.6 5390.05
11863.7 5382.86
11863.9 5375.68
11864.1 5368.53
11864.2 5361.4
11864.4 5354.28
11864.6 5347.18
11864.7 5340.1
11864.9 5333.03
11865.1 5325.97
11865.2 5318.92
11865.4 5311.89
11865.5 5304.86
11865.7 5297.84
11865.9 5290.83
11866 5283.83
11866.2 5276.83
11866.3 5269.83
11866.5 5262.84
11866.7 5255.85
11866.8 5248.86
11867 5241.87
11867.1 5234.88
11867.3 5227.89
11867.5 5220.89
11867.6 5213.89
11867.8 5206.88
11867.9 5199.87
11868.1 5192.85
11868.3 5185.82
11868.4 5178.78
11868.6 5171.73
11868.8 5164.67
11868.9 5157.59
11869.1 5150.5
11869.2 5143.4
11869.4 5136.28
11869.6 5129.14
11869.7 5121.98
11869.9 5114.8
11870.1 5107.6
11870.2 5100.38
11870.4 5093.13
11870.6 5085.86
11870.7 5078.56
11870.9 5071.24
11871.1 5063.89
11871.2 5056.5
11871.4 5049.09
11871.6 5041.64
11871.7 5034.16
11871.9 5026.65
11872.1 5019.09
11872.3 5011.5
11872.4 5003.87
11872.6 4996.2
11872.8 4988.48
11873 4980.73
11873.1 4972.92
11873.3 4965.07
11873.5 4957.17
11873.7 4949.22
11873.9 4941.21
11874.1 4933.15
11874.2 4925.04
11874.4 4916.87
11874.6 4908.63
11874.8 4900.34
11875 4891.98
11875.2 4883.56
11875.4 4875.07
11875.6 4866.51
11875.8 4857.88
11876 4849.17
11876.2 4840.39
11876.4 4831.53
11876.6 4822.58
11876.8 4813.55
11877 4804.44
11877.2 4795.24
11877.4 4785.94
11877.7 4776.55
11877.9 4767.06
11878.1 4757.47
11878.3 4747.78
11878.5 4737.98
11878.8 4728.07
11879 4718.05
11898.9 4721.92
11918.8 4726.18
11919 4716.32
11938.9 4721.12
11958.8 4726.33
11959 4716.62
11978.9 4722.39
11998.8 4728.58
11999 4719.04
12018.9 4725.81
12019.1 4716.3
12038.9 4723.66
12058.7 4731.49
12058.9 4722.15
12078.8 4730.6
12079 4721.28
12098.8 4730.37
12099 4721.08
12118.8 4730.84
12119 4721.58
12138.7 4732.02
12139 4722.78
12141.8 4716.17
12151.1 4716.38
12160.3 4716.59
12169.3 4716.8
12178.1 4717
12186.8 4717.2
12195.4 4717.39
12203.8 4717.59
12212.1 4717.78
12220.3 4717.97
12228.4 4718.15
12236.3 4718.33
12244.2 4718.51
12251.9 4718.69
12259.5 4718.86
12267 4719.04
12274.4 4719.21
12281.8 4719.37
12289 4719.54
12282.4 4699.38
12289.7 4699.55
12283.7 4679.41
12291.1 4679.58
12285.7 4659.45
12293.2 4659.62
12288.4 4639.51
12295.9 4639.68
12291.7 4619.58
12287.8 4599.48
12295.6 4599.66
12292.3 4579.58
12289.4 4559.51
12286.8 4539.44
12295 4539.63
12293 4519.58
12291.3 4499.54
12290 4479.5
12298.6 4479.7
12297.8 4459.67
12297.4 4439.66
12297.3 4419.65
12297.6 4399.65
12298.3 4379.66
12299.2 4359.68
12300.6 4339.71
12294.5 4299.56
12296.7 4279.6
12299.3 4259.66
12302.2 4239.72
12298.4 4199.62
12302.2 4179.7
12299.7 4139.63
12304.3 4119.73
12303.1 4079.7
12302.5 4039.67
12308.5 4019.8
12303.6 3959.68
12305.2 3919.7
12307.4 3879.74
12305.4 3819.68
12309.2 3779.76
12309.1 3719.74
12310 3659.74
12316.2 3619.88
12315 3539.83
12319.1 3479.9
12316.7 3379.82
12319.7 3299.87
12324 3219.95
12323.4 3099.9
12327.8 2999.98
12328.4 2859.96
12334.1 2740.05
12334.5 2560.02
12340.3 2400.11
12124.8 104.395
12170.4 105.443
12221.3 166.625
12266.3 167.656
12311.1 168.686
12356 169.713
12400.7 170.739
12445.4 171.764
12490.1 172.788
12526.9 -126.446
12574.1 -125.364
12621.2 -124.282
12668.3 -123.202
12715.4 -122.122
12762.5 -121.041
12809.6 -119.962
12856.7 -118.882
12903.8 -117.801
12950.9 -116.721
12998.1 -115.639
13045.3 -114.557
13092.5 -113.474
13139.8 -112.39
13187.1 -111.306
13234.5 -110.219
13281.9 -109.13
13329.4 -108.041
13377 -106.949
13424.7 -105.855
13472.5 -104.759
13520.4 -103.661
13568.4 -102.559
13616.6 -101.455
13664.8 -100.348
14197.7 -2583.77
14266.3 -2570.09
14334.7 -2555.81
14403 -2540.94
14471.2 -2525.46
14539.2 -2509.4
14607.1 -2492.74
14674.9 -2475.48
14742.5 -2457.64
14809.9 -2439.2
14877.2 -2420.18
14944.3 -2400.57
15011.2 -2380.37
14628.7 -938.469
14623.4 -738.539
14601.3 -498.983
14609.1 -358.767
14642.7 -297.98
14646.5 -157.856
14670.2 -77.2906
14708 -36.415
14690.4 143.23
14693.7 263.338
14695 383.398
14696.2 498.545
14698 607.869
14678.8 759.874
14680.8 859.206
14729.3 855.616
14779.9 848.361
14823.1 857.454
14867 865.703
14914.3 867.578
14963.5 866.619
15014.6 862.987
15068.3 855.692
15112.7 866.103
15169.9 854.533
15217.6 860.602
15266.9 864.669
15320.7 861.9
15373.7 861.578
15490 760.959
15547.5 757.37
