18508.2 -1189.48
18508.2 -1189.48
18508.2 -1189.48
18508.2 -1189.48
18511 -1190.68
18515.6 -1192.68
18520.1 -1194.67
18524.7 -1196.67
18529.3 -1198.66
18533.9 -1200.66
18538.5 -1202.66
18543.1 -1204.65
18552.2 -1208.64
18552.2 -1208.64
18556.8 -1210.64
18561.4 -1212.64
18566 -1214.63
18570.6 -1216.63
18575.2 -1218.62
18584.3 -1222.61
18584.3 -1222.61
18588.9 -1224.61
18593.5 -1226.61
18598.1 -1228.6
18602.7 -1230.6
18607.2 -1232.59
18611.8 -1234.59
18621 -1238.58
18621 -1238.58
18625.6 -1240.58
18630.2 -1242.57
18632 -1243.37
18632 -1243.37
18632 -1243.37
18632 -1243.37
18632 -1243.37
18632 -1243.37
18632 -1243.37
18632 -1243.37
18632 -1243.37
18632 -1243.37
18632 -1243.37
18634.4 -1245.18
18638.4 -1248.21
18646.3 -1254.26
18646.3 -1254.26
18650.3 -1257.29
18654.3 -1260.32
18658.3 -1263.35
18662.2 -1266.38
18663.8 -1267.59
18663.8 -1267.59
18663.8 -1267.59
18663.8 -1267.59
18663.8 -1267.59
18663.8 -1267.59
18663.8 -1267.59
18663.8 -1267.59
18663.8 -1267.59
18663.8 -1267.59
18665.8 -1269.87
18669 -1273.69
18672.2 -1277.51
18675.5 -1281.32
18678.7 -1285.14
18688.1 -1295.8
18691.3 -1299.63
18697.8 -1307.29
18697.8 -1307.29
18699.1 -1308.82
18699.1 -1308.82
18699.1 -1308.82
18699.1 -1308.82
18699.1 -1308.82
18699.1 -1308.82
18699.1 -1308.82
18699.1 -1308.82
18699.1 -1308.82
18701.5 -1310.56
18709.7 -1316.33
18709.7 -1316.33
18713.7 -1319.21
18721.9 -1324.98
18721.9 -1324.98
18726 -1327.87
18734.2 -1333.63
18734.2 -1333.63
18738.2 -1336.52
18742.3 -1339.4
18746.4 -1342.29
18746.2 -1343.57
18750.3 -1346.44
18752 -1347.58
18752 -1347.58
18752 -1347.58
18752 -1347.58
18752 -1347.58
18752 -1347.58
18752 -1347.58
18752 -1347.58
18754.1 -1349.69
18757.6 -1353.23
18761.2 -1356.76
18764.7 -1360.3
18768.2 -1363.83
18771.8 -1367.37
18775.3 -1370.9
18782.4 -1377.97
18783.8 -1379.39
18783.8 -1379.39
18783.8 -1379.39
18783.8 -1379.39
18783.8 -1379.39
18783.8 -1379.39
18783.8 -1379.39
18783.8 -1379.39
18783.8 -1379.39
18783.8 -1379.39
18785.5 -1381.88
18791 -1390.19
18791 -1390.19
18793.8 -1394.35
18796.6 -1398.5
18799.4 -1402.66
18802.1 -1406.82
18807.7 -1415.13
18807.7 -1415.13
18810.5 -1419.29
18811.6 -1420.95
18811.6 -1420.95
18811.6 -1420.95
18811.6 -1420.95
18811.6 -1420.95
18811.6 -1420.95
18811.6 -1420.95
18811.6 -1420.95
18811.6 -1420.95
18811.6 -1420.95
18811.6 -1420.95
18811.6 -1420.95
18811.6 -1420.95
18811.6 -1420.95
18811.6 -1420.95
18811.6 -1420.95
18796.4 -1421.82
18796.4 -1421.82
18796.9 -1424.78
18796.9 -1424.78
18797.7 -1429.71
18798.6 -1434.64
18799.4 -1439.57
18801.1 -1449.42
18801.4 -1451.39
18801.4 -1451.39
18801.4 -1451.39
18801.4 -1451.39
18801.4 -1451.39
18801.4 -1451.39
18801.4 -1451.39
18801.4 -1451.39
18801.4 -1451.39
18801.4 -1451.39
18801.4 -1451.39
18801.4 -1451.39
18801.4 -1451.39
18801.4 -1451.39
18801.4 -1451.39
18801.4 -1451.39
18806.6 -1443.82
18806.6 -1443.82
18806.6 -1443.82
18806.6 -1443.82
18806.6 -1443.82
18806.6 -1443.82
18806.6 -1443.82
18806.6 -1443.82
18806.6 -1443.82
18806.6 -1443.82
18806.6 -1443.82
18806.6 -1443.82
18806.6 -1443.82
18811 -1439.14
18811 -1439.14
18811 -1439.14
18811 -1439.14
18811 -1439.14
18811 -1439.14
18811 -1439.14
18811 -1439.14
18811 -1439.14
18811 -1439.14
18811 -1439.14
18811 -1439.14
18811 -1439.14
18811.1 -1438.35
18811.1 -1438.35
18811.1 -1438.35
18811.1 -1438.35
18811.1 -1438.35
18811.1 -1438.35
18811.1 -1438.35
18811.1 -1438.35
18811.1 -1438.35
18811.1 -1438.35
18811.1 -1438.35
18811.1 -1438.35
18811.1 -1438.35
18811.1 -1438.35
18811.1 -1438.35
18806.3 -1435.52
18817 -1444.85
18817 -1444.85
18824.7 -1452.02
18833.3 -1460.36
18833.3 -1460.36
18833.3 -1460.36
18835.5 -1462.48
18839.6 -1466.8
18845.7 -1473.42
18853.2 -1481.85
18860.4 -1490.44
18866.6 -1498.02
18872.5 -1505.74
18879.3 -1514.73
18902.1 -1524.65
18907.6 -1532.65
18918.8 -1550.44
18918.8 -1550.44
18924.4 -1560.18
18929.9 -1570.01
18935.2 -1579.94
18939.5 -1588.67
18943.6 -1597.5
18948.2 -1607.77
18953.5 -1620.2
18958.9 -1633.4
18980 -1662.24
18980 -1662.24
18985.6 -1676.96
18990 -1688.92
18994.2 -1700.95
18997.7 -1711.66
19000.8 -1722.46
19004.1 -1734.79
19007 -1747.2
19009.6 -1759.68
19011.9 -1772.22
19013.6 -1783.34
19015.1 -1794.5
19016.2 -1805.69
19017 -1816.91
19017.8 -1829.64
19017.8 -1829.64
19017.8 -1829.64
19017.8 -1829.64
19017.8 -1829.64
19017.8 -1829.64
19017.8 -1829.64
19017.8 -1829.64
19025 -1820.32
19025 -1820.32
19025 -1820.32
19025 -1820.32
19025 -1820.32
19025 -1820.32
19025 -1820.32
19025 -1820.32
19025 -1820.32
19025 -1820.32
19025 -1820.32
19025 -1820.32
19025 -1820.32
19019.4 -1826.44
19019.4 -1826.44
19013.7 -1832.38
19005.9 -1840.49
18984.4 -1862.21
18973.1 -1874.31
18961.1 -1887.73
18949.4 -1901.35
18936.9 -1916.32
18923.3 -1933.27
18909 -1951.64
18895.1 -1970.25
18880.6 -1990.32
18866.4 -2010.63
18851.8 -2032.44
18837.2 -2055.13
18823 -2078.07
18809.1 -2101.26
18795.7 -2124.69
18782 -2149.65
18759.9 -2168.36
18746.4 -2195.16
18734 -2220.84
18722.1 -2246.73
18710 -2274.2
18698.5 -2301.87
18687.9 -2328.35
18678.9 -2352.2
18671.3 -2373.38
18664.4 -2393.21
18657.7 -2413.1
18651.1 -2433.05
18644.3 -2454.48
18637.6 -2475.98
18631.6 -2496.09
18625.7 -2516.25
18620 -2536.47
18614.5 -2556.73
18614.2 -2582.43
18609 -2602.79
18604.1 -2623.19
18599.3 -2643.64
18594.7 -2664.13
18590.2 -2684.66
18586 -2705.22
18581.9 -2725.83
18574.3 -2767.13
18574.3 -2767.13
18570.6 -2789.31
18567 -2811.53
18563.8 -2832.29
18560.8 -2853.07
18558 -2873.89
18555.4 -2894.72
18553 -2915.58
18550.7 -2936.46
18548.6 -2957.36
18544.8 -3002.19
18544.8 -3002.19
18543.1 -3024.63
18528.8 -3047.41
18527.6 -3068.38
18526.5 -3089.35
18525.5 -3111.83
18524.2 -3156.81
18524.2 -3156.81
18523.7 -3201.8
18523.7 -3201.8
18523.7 -3221.3
18523.7 -3240.8
18523.7 -3260.3
18523.8 -3279.8
18523.8 -3299.3
18523.8 -3318.8
18523.8 -3338.3
18523.8 -3357.8
18523.8 -3377.3
18523.9 -3396.8
18523.9 -3416.3
18523.9 -3435.8
18523.9 -3455.3
18523.9 -3474.8
18524 -3492.8
18529.2 -3518.85
18529.3 -3536.85
18529.4 -3554.85
18529.5 -3571.35
18529.6 -3587.85
18529.7 -3604.35
18529.8 -3620.85
18530 -3637.35
18530.1 -3653.85
18530.2 -3668.85
18530.3 -3683.85
18530.4 -3698.85
18530.6 -3728.85
18530.7 -3742.35
18530.7 -3742.35
18530.8 -3755.85
18530.9 -3769.35
18530.8 -3782.85
18530.7 -3796.35
18530.4 -3809.84
18530.2 -3823.34
18529.9 -3835.34
18529.7 -3847.34
18529.5 -3859.34
18529.2 -3871.33
18529 -3883.33
18528.8 -3895.33
18528.3 -3917.82
18528.3 -3917.82
18518.7 -3944.23
18518.7 -3944.23
18518.5 -3954.73
18518.3 -3965.23
18517.9 -3986.23
18517.6 -3996.72
18517.3 -4007.22
18517.3 -4007.22
18516.7 -4017.7
18516 -4028.18
18515 -4038.63
18513.9 -4049.08
18512.6 -4059.5
18511.2 -4069.89
18509.5 -4080.26
18505.7 -4100.91
18505.7 -4100.91
18503.5 -4111.18
18498.6 -4131.59
18498.6 -4131.59
18495.9 -4141.73
18493 -4151.82
18489.8 -4161.84
18486.4 -4171.76
18482.7 -4181.59
18474.5 -4200.95
18474.5 -4200.95
18470.1 -4210.47
18460.5 -4229.13
18460.5 -4229.13
18455.3 -4238.26
18449.9 -4247.26
18444.2 -4256.11
18438.4 -4264.81
18432.2 -4273.35
18425.9 -4281.73
18419.5 -4290
18409.1 -4315.03
18402.2 -4322.95
18395.2 -4330.75
18395.2 -4330.75
18388 -4338.43
18380.7 -4345.98
18373.3 -4353.4
18365.8 -4360.69
18358.1 -4367.85
18350.3 -4374.87
18342.3 -4381.76
18334.3 -4388.5
18326.1 -4395.11
18317.9 -4401.57
18309.5 -4407.89
18301 -4414.05
18292.4 -4420.07
18283.7 -4425.94
18274.9 -4431.66
18266 -4437.22
18257 -4442.62
18241.3 -4451.55
18241.3 -4451.55
18233.4 -4455.91
18225.5 -4460.2
18217.1 -4449.77
18201.1 -4457.97
18201.1 -4457.97
18193 -4461.96
18187.6 -4464.58
