23507.9 617.097
23507.9 617.097
23507.9 617.097
23507.9 617.097
23507.9 617.097
23507.9 617.097
23507.9 617.097
23507.9 617.097
23507.9 617.097
23507.9 617.097
23507.9 617.097
23507.9 617.097
23507.9 617.097
23507.9 617.097
23507.9 617.097
23507.9 617.097
23507.9 617.097
23507.9 617.097
23507.9 617.097
23507.9 617.097
23533.1 605.419
23533.1 605.419
23533.1 605.419
23533.1 605.419
23533.1 605.419
23533.1 605.419
23533.1 605.419
23533.1 605.419
23533.1 605.419
23533.1 605.419
23533.1 605.419
23533.1 605.419
23533.1 605.419
23533.1 605.419
23533.1 605.419
23533.1 605.419
23533.1 605.419
23533.1 605.419
23533.1 605.419
23533.1 605.419
23533.1 605.419
23533.1 605.419
23533.1 605.419
23533.1 605.419
23533.1 605.419
23533.1 605.419
23533.1 605.419
23533.1 605.419
23533.1 605.419
23533.1 605.419
23509.1 590.737
23509.1 590.737
23509.1 590.737
23509.1 590.737
23509.1 590.737
23509.1 590.737
23509.1 590.737
23506.3 591.929
23506.3 591.929
23501.6 594.181
23486.1 601.852
23486.1 601.852
23477.5 627.279
23467.2 631.818
23454 637.225
23438 643.49
23402.7 656.189
23402.7 656.189
23386.3 661.605
23369.8 666.733
23333 677.139
23333 677.139
23314.1 681.954
23296.6 686.094
23258.9 680.81
23258.9 680.81
23241.2 684.095
23223.5 687.071
23205.7 689.736
23187.8 692.091
23170 694.133
23153.5 695.719
23139.3 696.841
23125.1 697.839
23110.9 698.712
23096.7 699.462
23082.4 700.087
23053.9 700.965
23053.9 700.965
23039.7 701.218
23011.2 701.35
22996.9 701.229
22996.9 701.229
22982.7 700.985
22968.5 700.615
22954.2 700.122
22940 699.504
22925.7 698.762
22911.5 697.896
22897.3 696.906
22883.1 695.792
22868.9 694.554
22853.2 693.048
22840.7 695.698
22840.7 695.698
22826.6 693.615
22798.5 689.081
22798.5 689.081
22784.5 686.63
22769 683.785
22753.5 680.806
22738.1 677.692
22722.6 674.443
22708.7 671.382
22694.8 668.2
22681 665.017
22665.6 661.5
22650.3 657.849
22636.4 654.425
22622.6 651.001
22607.3 647.216
22576.8 639.513
22576.8 639.513
22563 635.848
22549.3 632.063
22537 628.676
22512.4 621.903
22512.4 621.903
22497.2 617.719
22497.2 617.719
22494.3 616.872
22494.3 616.872
22488.6 615.077
22480 612.385
22468.6 608.796
22440.7 600.047
22440.7 600.047
22426.3 595.56
22412 591.074
22396.3 586.001
22380.7 580.792
22365.6 588.827
22331.6 576.985
22331.6 576.985
22300.5 565.994
22300.5 565.994
22269.6 554.597
22254.1 548.696
22254.1 548.696
22240.2 543.209
22226.2 537.723
22212.3 532.236
22198.3 526.75
22184.3 521.263
22171.8 516.325
22152.9 508.919
22152.9 508.919
22143.9 505.352
22134.8 501.786
22122.9 497.123
22111 492.459
22099.2 487.795
22090.1 484.229
22081 480.663
22069.2 475.999
22057.3 471.232
22046.9 466.936
22036.6 462.548
22026.2 458.16
22015.9 453.773
22005.5 449.385
21995.1 444.998
21984.8 440.61
21975.8 436.808
21966.8 433.005
21948.9 425.4
21948.9 425.4
21939.9 421.597
21931 417.717
21920.5 427.79
21902.8 419.676
21902.8 419.676
21893.9 415.503
21885.2 411.253
21866.5 401.598
21866.5 401.598
21848.2 391.32
21848.2 391.32
21839.8 386.395
21823.1 376.325
21814.8 371.182
21814.8 371.182
21806.6 365.966
21798.4 360.679
21790.2 355.32
21782.1 349.891
21766.1 338.821
21766.1 338.821
21758.1 333.182
21742.4 321.695
21734.6 315.849
21734.6 315.849
21719.1 303.954
21719.1 303.954
21711.5 297.906
21696.3 285.611
21696.3 285.611
21688.8 279.365
21681.4 273.054
21674 266.678
21659.5 253.734
21652.2 247.167
21652.2 247.167
21645.1 240.538
21631 227.093
21631 227.093
21624 220.278
21617.1 213.403
21610.2 206.468
21603.4 199.474
21596.7 192.42
21583.4 178.138
21583.4 178.138
21578.9 173.135
21575.9 169.799
