-773.867 -7846.54
-711.831 -7907.91
-649.261 -7968.74
-586.161 -8029.02
-522.539 -8088.75
-458.399 -8147.93
-393.745 -8206.54
-328.581 -8264.58
-262.912 -8322.05
-196.745 -8378.95
-130.085 -8435.27
-62.9356 -8491
4.69789 -8546.15
72.8112 -8600.7
141.398 -8654.66
210.451 -8708.02
279.967 -8760.77
349.944 -8812.91
420.37 -8864.44
5561.77 -1791.64
5574.16 -1793.04
5598.4 -1776.98
5626.21 -1754.77
5636.5 -1758.03
5648.42 -1758.66
5659.77 -1760
5688.03 -1734.06
5686.56 -1755.49
5705.48 -1743.57
5724.66 -1730.53
5740.56 -1722.43
5754.81 -1716.73
5766.97 -1714.37
5778.58 -1712.74
5790.12 -1710.99
5805.28 -1702
5810.73 -1711.55
5822.99 -1707.64
5829.01 -1716.17
5847.61 -1698.49
5861.23 -1690.53
5873.01 -1686.04
5879.82 -1692.39
5891.08 -1688.59
5896.79 -1697.56
5912.17 -1683.4
5918.3 -1691.3
5926 -1695.44
5943.75 -1673.37
5947.82 -1686.66
5965.06 -1664.23
5969.23 -1677.41
5980.09 -1671.66
5989.89 -1668.64
5996.21 -1675.98
6009.24 -1662.3
6020.84 -1652.28
6027.43 -1658.43
6034.93 -1661.65
6047 -1648.42
6052.63 -1658.24
6063.39 -1648.65
6069.4 -1657.39
6080.18 -1646.64
6087.63 -1649.41
6096.62 -1645.29
6104.7 -1644.99
6115.53 -1630.89
6122.49 -1635.33
6128.43 -1645.61
6137.3 -1640.09
6145.9 -1635.47
6152.85 -1640.65
6161.05 -1637.86
6171.27 -1620.13
6177.28 -1632.04
6185.43 -1628.03
6193.83 -1620.96
6201.28 -1621.77
6209.67 -1612.56
6218.16 -1600.28
6224.19 -1616.82
6231.73 -1615.37
6240.99 -1584.9
6247.04 -1606.27
6254.56 -1601.62
6261.83 -1601.9
6269.26 -1596.12
6276.45 -1598.27
6283.69 -1598.36
6290.94 -1600.38
6298.11 -1591.34
6305.42 -1598.24
6312.37 -1587.08
6319.29 -1580.86
6326.16 -1575.58
6333.9 -1588.21
6341.05 -1587.8
6348.55 -1592.31
6354.94 -1581.8
6360.54 -1564.27
6368.16 -1570.59
6376.74 -1584.8
6381.81 -1566.13
6389.75 -1573.24
6396.64 -1571.34
6404.48 -1576.32
6410.49 -1568.37
6416.36 -1560.38
6422.44 -1554.32
6427.37 -1542.3
6437.78 -1560.74
6445.07 -1561.38
6449.98 -1550.2
6458.05 -1554.64
6463.17 -1545.34
6469.72 -1542.82
6477.64 -1546.09
6481.75 -1533.75
6491.44 -1543.67
6502.61 -1558.29
6510.84 -1561.23
6527.71 -1593.87
6531.48 -1580.26
6538.85 -1579.08
6541.69 -1563.53
6552.65 -1573.66
6564.76 -1586.51
6570.26 -1579.35
6584.35 -1596.67
6600.49 -1618.49
6612.46 -1627.92
6623.54 -1634.41
6636.23 -1644.49
6649.49 -1655.34
6682.54 -1713.12
7721.21 -4130.47
7333.24 -3160.86
7314.94 -3064.01
7310.83 -3002.22
7329.02 -2990.51
7348.37 -2981.36
7381.26 -2999.89
7401.14 -2991.18
7478.72 -3095.39
7523.04 -3131.03
7503.63 -3045.17
7522.49 -3032.74
7540.26 -3018.4
7557.88 -3003.92
7580.34 -2997.97
7593.14 -2975.43
7604.1 -2950.27
7617.85 -2930.2
7639.32 -2922.77
7658.07 -2910.91
7675.62 -2897.22
7696.36 -2888.38
7706.41 -2863.6
7811.99 -2977.99
7886.93 -3044.02
7863.7 -2969.8
12176.1 -8852.65
10211.1 -6056.24
10436.1 -6258.84
10864.2 -6717.12
10791.4 -6517.92
10933.7 -6594.16
10795.3 -6320.46
10909.2 -6360.34
10890.2 -6239.46
11010 -6283.44
11235.3 -6445.63
11281.3 -6398.52
11517.8 -6562.64
11514.1 -6457.87
11596.3 -6447.14
11675.3 -6431.78
11695.3 -6354.39
11749.4 -6312.71
11726.8 -6194.22
11865.4 -6236.19
11944.5 -6217.86
11988.3 -6164.87
12034.4 -6114.26
11844 -5847.3
11665.7 -5598.8
11811.1 -5643.04
12192.5 -5888.91
12113 -5731.47
12036.4 -5580.31
11817.2 -5315.25
11289.7 -4808.64
11272.2 -4723.2
11241.9 -4629.15
10973.7 -4354.77
10789.8 -4152.09
10577.8 -3934.49
10419.9 -3762.53
10269.9 -3601.12
10128.1 -3450.02
9968.24 -3290.86
9976.84 -3249.74
10008.4 -3224.08
9823.21 -3057.77
9611.81 -2879.86
9460.4 -2744.98
9367.47 -2649.95
9295.43 -2570.06
9234.31 -2498.67
9153.11 -2417.51
9095.11 -2351.66
9033.56 -2285.51
8987.78 -2229.6
9001.32 -2206.47
9020.86 -2186.44
9038.48 -2165.28
9066.68 -2149.26
9085.82 -2128.47
9099.39 -2104.88
9129.99 -2089.17
9149.6 -2068.06
9169.06 -2046.71
9196.62 -2028.7
9210.27 -2004.46
9229.26 -1982.37
9248.09 -1960.03
9272.34 -1939.66
9305.8 -1922.53
9297.01 -1889.18
9248.4 -1841.75
9210.5 -1799.25
9169.26 -1756.52
9135.08 -1717.12
9091.88 -1675.63
9048.17 -1634.95
8993.45 -1591.91
8998.62 -1567.72
9008.37 -1544.88
9006.37 -1518.73
9034.07 -1500.67
8996.78 -1465.48
8961.03 -1431.47
8928.78 -1399.07
8894.22 -1366.84
8869.07 -1337.41
8857.31 -1311.37
8820.79 -1280.61
7538.98 -1009.84
7401.39 -973.192
7378.51 -959.17
7364.35 -947.04
7360.93 -936.881
7338.62 -924.007
7337.96 -914.575
7335.23 -904.907
7324.47 -894.331
7328.51 -885.636
7322.53 -875.846
7294.56 -864.081
7304.32 -856.088
7318.01 -848.241
7330.64 -840.093
7332.22 -831.07
7328.73 -821.768
7325.16 -812.532
7343.5 -804.108
7357.77 -795.267
7357.96 -785.949
7385.07 -776.838
7410.1 -767.257
7408.05 -757.503
7420.91 -747.508
7435.68 -737.232
7443.36 -726.95
7435.96 -717.2
7464.43 -705.655
7480.81 -694.355
7513.03 -681.632
7518.21 -670.487
7521.29 -659.421
7543.19 -646.454
7553.01 -634.363
7567.69 -621.519
7576.29 -609.148
7594.67 -595.299
7612.92 -581.118
7623.1 -567.796
7650.92 -551.449
7654.89 -538.585
7672.53 -523.192
7685.08 -508.389
7699.45 -492.965
7718.54 -476.269
7589.79 -490.762
7518.01 -494.868
7510.71 -485.292
7480 -481.45
7490.06 -467.919
7477.71 -459.973
7476.91 -449.101
7449.03 -445.73
7476.92 -426.778
7466.23 -418.714
7454.53 -411.104
7436.11 -405.782
7415.79 -401.375
7440.98 -382.018
7454.58 -366.112
7492.49 -341.237
7516.9 -320.471
7662.75 -253.6
7717.93 -218.645
7718.66 -204.001
7702.56 -196.063
7692.89 -185.677
7675.79 -178.549
7675.18 -164.481
7667.12 -153.64
7648.06 -147.881
7658.9 -128.431
7641.53 -122.119
7628.65 -113.864
7613.05 -107.127
7603.67 -97.4266
7590.67 -89.6905
7597.05 -71.782
7575.99 -68.5298
7578.58 -52.4784
7567.06 -44.2215
7552.04 -38.1144
7543.03 -28.6549
7524.54 -24.9719
7518 -14.228
7517.31 0.173892
7513.93 13.0064
7501.19 19.8383
7495.94 31.4823
7490.57 43.0946
7476.85 49.0017
7465.58 56.4546
7457.52 66.0998
7444.54 72.1352
7433.14 79.1993
7423.31 87.3339
7422.93 102.676
7423.16 118.693
7398.96 115.458
7390.43 124.471
7385.68 136.586
7377.74 146.112
7381.11 165.322
7355.58 159.7
7350.43 171.616
7339.96 178.824
7340.5 196.065
7323.27 197.002
7318.43 209.427
7308.42 216.972
7297.65 223.716
7293.19 236.718
7290.68 251.859
7281.74 260.551
7271.35 267.713
7269.08 283.557
7249.74 280.991
7247.23 296.764
7233.93 300.578
7223.91 308.018
7220.32 322.975
7212.04 332.585
7208.75 348.311
7198.97 356.285
7184.77 358.691
7178.59 371.187
7164.36 373.339
7164.58 394.512
7152.62 399.686
7142.39 407.168
7134.42 417.819
7134.92 440.717
7121.51 443.92
7108.1 446.981
7098.57 455.742
7088.94 464.429
7086.74 484.856
7070.48 483.274
7059.53 490.036
7052.12 502.706
7050.12 524.826
7036.81 527.943
7023.5 530.927
7017.46 546.903
7003.57 548.804
6996.73 563.814
6989.69 578.805
6981.53 591.99
6973.2 605.135
6960.31 609.245
6945.68 609.623
6942.91 635.24
6927.74 634.51
6924 659.214
6906.34 652.764
6896.26 663.613
6886.03 674.394
6883.13 703.656
6866.24 698.536
6852.7 701.64
6845.09 720.549
6837.88 741.316
6822.35 739.438
6815.34 761.996
6800.07 760.83
6793.48 786.152
6780.49 792.393
6768.31 801.396
6754.6 805.509
6742.49 815.272
6729.19 821.088
6715.3 824.859
6705.87 845.94
6696.83 869.888
6688.09 896.717
6694.38 990.764
6682.03 1007.9
6671.27 1033.75
6654.94 1034.07
6641.09 1047
6626.5 1056.88
6616.09 1091.26
6599.68 1093.05
6586.54 1115.44
6570.09 1117.95
6555.96 1137.16
6541.01 1152.3
6528.35 1188.17
6511.49 1192.16
6495.92 1208.94
6479.04 1214.64
6465.09 1255.07
6446.88 1249.54
6430.37 1266.79
6413.74 1286.9
6396.78 1306.88
6379.35 1323.72
6361.93 1349.4
6343.8 1363.94
6325.44 1379.33
6307 1419.55
6287.91 1424.62
6268.56 1445.51
6248.99 1459.24
6228.46 1498.78
6208.32 1508.15
6187.43 1530.33
6166.36 1548.32
6143.67 1587.07
6121.63 1606.65
6098.85 1631.01
6075.98 1651.16
6052.84 1670.1
6029.25 1689.82
6012.83 1643.74
5990.56 1651.15
5966.7 1669.26
5944.32 1674.27
5919.59 1693.9
5892.29 1727.11
5863.22 1766.93
5835.7 1793.63
5808.23 1817.1
5776.29 1860.88
5744.35 1900.39
5713.14 1932.69
5678.29 1978.3
5645.76 2009.88
5615.21 2030.4
5581.1 2063.2
5545.35 2099.5
5502.43 2159.52
5464.3 2197.81
5425.73 2234.7
5397.84 2232.79
5428.3 2040.38
5310.01 2329.26
5248.6 2426.13
5200.72 2476.64
5152.2 2525.61
5096.04 2592.83
5042.06 2649.91
4985.24 2710.99
4924.75 2777.86
4864.09 2841.14
4801.1 2906.41
4733.03 2980.09
4663.96 3051.93
4591.51 3127.42
4555.95 3116.1
4569.08 2998.04
4346.54 3388.72
4249.51 3498.8
4154.36 3599.42
4058.65 3696
3945.63 3821.52
3832.57 3940.96
5016.85 1620.48
4937.73 1716.44
4884.53 1761.36
3309.12 4488.19
3153.67 4651.53
2981.93 4834.93
2798.51 5029.43
4273.62 2514.82
4617.12 1902.99
4713.34 1701.18
4702.21 1671.4
4677.67 1662.45
4661.55 1640.83
4635.49 1633.94
4609.99 1625.96
4591.49 1607.95
404.142 7315.89
333.819 7264.22
263.95 7211.94
194.538 7159.04
125.592 7105.55
57.1109 7051.45
-10.8914 6996.76
-78.4141 6941.48
-145.451 6885.61
-211.998 6829.16
-278.051 6772.13
-343.603 6714.53
-408.65 6656.35
-473.187 6597.61
-537.208 6538.31
-600.714 6478.45
-663.691 6418.05
-726.138 6357.09
-788.051 6295.59
