21408.1 -896.396
21408.1 -896.396
21408.1 -896.396
21408.1 -896.396
21405.1 -895.887
21399.2 -894.973
21390.3 -893.758
21378.4 -892.241
21363.5 -890.475
21345.6 -888.668
21327.6 -887.252
21309.7 -886.228
21291.7 -885.596
21275.2 -885.377
21258.7 -885.518
21242.2 -886.019
21225.7 -886.879
21210.8 -887.987
21195.8 -889.422
21195.8 -889.422
21166.1 -893.267
21151.3 -895.546
21136.5 -898.019
21123.2 -900.418
21109.9 -902.992
21096.7 -905.738
21083.5 -908.657
21049.8 -918.559
21036.7 -921.854
21023.6 -925.321
21012.1 -928.554
21000.6 -931.938
20989.1 -935.472
20977.7 -939.156
20966.3 -942.989
20955 -946.971
20943.7 -951.101
20933.9 -954.843
20924.1 -958.713
20914.4 -962.711
20904.8 -966.836
20895.2 -971.086
20885.6 -975.462
20876.1 -979.962
20866.7 -984.587
20857.3 -989.334
20848 -994.203
20838.8 -999.194
20829.6 -1004.31
20820.5 -1009.54
20811.5 -1014.89
20802.5 -1020.35
20793.6 -995.582
20784.6 -1001.1
20775.7 -1006.66
20766.8 -1012.25
20758 -1017.96
20749.3 -1023.79
20740.6 -1029.73
20732.1 -1035.78
20723.6 -1041.94
20715.1 -1048.22
20706.8 -1054.6
20698.5 -1061.1
20690.4 -1067.7
20683.5 -1073.45
20676.6 -1079.22
20669.7 -1085.03
20662.8 -1090.87
20656 -1096.74
20649.2 -1102.64
20642.4 -1108.57
20635.7 -1114.52
20629 -1120.51
20622.3 -1126.53
20614.5 -1133.58
20606.8 -1140.74
20599.2 -1147.99
20591.7 -1155.34
20584.3 -1162.79
20577 -1170.34
20569.8 -1177.98
20562.7 -1185.72
20555.7 -1193.54
20548.8 -1201.46
20542 -1209.47
20535.4 -1217.57
20528.8 -1225.75
20522.3 -1234.02
20515.9 -1242.37
20509.7 -1250.8
20503.5 -1259.32
20497.5 -1267.92
20501.2 -1261.48
20498.7 -1265.23
20497.9 -1266.48
