10581.8 -2348.72
10581.8 -2348.72
10581.8 -2348.72
10581.8 -2348.72
10583.9 -2350.89
10588 -2355.29
10594 -2362.03
10601.2 -2370.65
10609.1 -2380.63
10617.3 -2391.33
10626.7 -2403.99
10636.2 -2417.51
10645.7 -2431.89
10655.2 -2447.15
10664.4 -2462.66
10673.1 -2478.4
10681.4 -2494.37
10688.7 -2509.2
10694.6 -2522.16
10700.3 -2535.23
10705.7 -2548.39
10710.4 -2560.26
10714.9 -2572.2
10719.6 -2585.63
10724.1 -2599.14
10732.5 -2626.39
10732.5 -2626.39
10732.5 -2638.41
10736.7 -2654.38
10740.4 -2670.45
10743.4 -2685.15
10745.9 -2698.42
10748.2 -2711.72
10750.3 -2725.05
10752.3 -2738.41
10755.7 -2765.2
10755.7 -2765.2
10757.1 -2778.62
10759.4 -2805.52
10759.4 -2805.52
10760.3 -2818.99
10761 -2832.47
10761.6 -2845.96
10762.1 -2871.45
10762.1 -2871.45
10762.2 -2883.45
10762.3 -2895.45
10762.3 -2923.2
10762.3 -2923.2
10762.2 -2937.45
10762 -2951.7
10761.8 -2965.95
10761.5 -2980.2
10778.6 -2997.05
10778.1 -3022.54
10778.1 -3022.54
10778 -3035.29
10777.9 -3048.04
10777.8 -3060.79
10777.9 -3073.54
10777.9 -3086.29
10778.1 -3099.04
10778.3 -3111.79
10778.5 -3124.54
10778.8 -3138.78
10779.2 -3153.03
10780.2 -3181.51
10780.7 -3192.75
10780.7 -3192.75
10781.2 -3203.99
10781.8 -3216.72
10782.5 -3229.45
10783.3 -3242.18
10784.1 -3254.91
10784.9 -3267.63
10785.7 -3278.85
10786.6 -3290.07
10787.5 -3301.28
10788.5 -3312.49
10789.5 -3323.7
10790.5 -3334.9
10791.6 -3346.09
10792.6 -3355.79
10793.6 -3365.49
10794.6 -3375.19
10795.6 -3384.89
10796.6 -3394.59
10797.6 -3404.28
10798.7 -3413.97
10799.9 -3423.65
10798.3 -3438.34
10799.7 -3447.99
10801.3 -3457.62
10802.9 -3467.23
10804.7 -3476.81
10806.6 -3486.38
10809 -3497.36
10811.8 -3508.27
10814.9 -3519.08
10818.3 -3529.8
10826.1 -3550.89
10826.1 -3550.89
10829.9 -3559.87
10833.9 -3568.76
10842.5 -3586.27
10842.5 -3586.27
10847.1 -3594.88
10856.8 -3611.8
10856.8 -3611.8
10861.9 -3620.09
10867.2 -3628.27
10872.7 -3636.33
10878.3 -3644.27
10884.2 -3652.09
10896.3 -3667.33
10902.7 -3674.74
10902.7 -3674.74
10915.7 -3689.21
10924.9 -3691.19
10924.9 -3691.19
10931.7 -3698.2
10938.6 -3705.11
10945.5 -3711.94
10959.7 -3725.31
10959.7 -3725.31
10967 -3731.86
10974.3 -3738.31
10981.7 -3744.67
10989.1 -3750.93
10996.7 -3757.09
11004.3 -3763.15
11019.8 -3774.97
11019.8 -3774.97
11035.7 -3786.37
11035.7 -3786.37
11049.3 -3795.69
11049.3 -3795.69
11052.4 -3797.78
