21509.1 5033.61
21555.8 5034.08
21602.8 5034.55
21650.1 5035.02
21697.7 5035.49
21745.6 5035.97
21793.8 5036.45
21842.3 5036.94
21891.2 5037.42
21940.5 5037.92
21990.1 5038.41
22040.2 5038.91
22090.6 5039.41
22141.4 5039.92
22192.7 5040.43
22244.3 5040.95
22296.5 5041.47
22349 5041.99
22402.1 5042.52
22455.7 5043.06
22509.7 5043.6
22564.3 5044.14
22619.4 5044.69
22675.1 5045.25
22731.3 5045.81
22788.2 5046.38
22845.6 5046.95
22903.7 5047.53
22962.4 5048.11
23021.8 5048.71
23081.8 5049.31
23142.6 5049.91
23204.1 5050.53
23266.3 5051.15
23329.3 5051.78
23393.1 5052.41
23457.8 5053.06
23523.3 5053.71
23589.6 5054.37
23656.9 5055.05
23725.1 5055.73
23794.3 5056.42
23864.4 5057.12
23935.6 5057.83
24007.9 5058.55
24081.2 5059.28
24155.7 5060.02
24231.4 5060.78
24308.2 5061.55
24386.4 5062.33
24465.8 5063.12
24546.6 5063.93
24628.7 5064.75
24703 5074.65
24791.7 5071.86
24537.5 5392
24527.5 5477.68
24618.1 5470.79
24689.1 5483
24760.4 5496
24860.5 5485.32
24940.5 5493.55
25181.7 5369.42
24979.3 5612.28
25018.9 5654.77
25118.9 5649.87
25198.8 5662.34
25298.8 5660.78
24008.4 6694.74
24007.9 6751.35
24047.6 6778.35
24145.8 6764.54
24208 6777.54
25963.2 5643.97
24860.5 6454.97
24857 6520.15
24863.7 6578.04
24849.7 6648.37
24867.2 6698.32
24847.7 6770.35
24847.1 6830.1
24846.5 6889.23
24845.9 6947.74
24845.4 7005.67
24844.8 7063.02
24844.2 7119.81
24843.7 7176.06
24843.1 7231.79
24842.6 7287.01
24842 7341.73
24841.5 7395.98
20922.4 9286.58
20922.3 9298.12
20922.2 9309.57
20922.1 9320.92
20921.9 9332.19
20921.8 9343.37
20921.7 9354.47
20921.6 9365.49
20921.5 9376.43
20921.4 9387.29
20921.3 9398.08
20921.2 9408.8
20921.1 9419.45
20921 9430.03
20920.9 9440.55
20920.8 9451.01
20920.7 9461.41
20920.6 9471.75
20920.5 9482.04
20920.4 9492.27
20920.3 9502.45
20920.1 9512.58
20920 9522.66
20919.9 9532.69
20919.8 9542.68
20919.7 9552.63
20919.7 9562.54
20919.6 9572.41
20919.5 9582.24
20919.4 9592.04
20919.3 9601.8
20919.2 9611.53
20919.1 9621.24
20919 9630.91
20918.9 9640.55
20918.8 9650.17
20918.7 9659.77
20918.6 9669.34
20918.5 9678.89
20918.4 9688.42
20918.3 9697.94
20918.2 9707.43
20918.1 9716.92
20918 9726.38
20917.9 9735.84
20917.8 9745.29
20917.7 9754.73
20917.6 9764.16
20917.5 9773.58
20917.5 9783
20917.4 9792.41
20917.3 9801.83
20917.2 9811.24
20917.1 9820.65
20917 9830.07
20916.9 9839.49
20916.8 9848.92
20916.7 9858.35
20916.6 9867.79
20916.5 9877.24
20916.4 9886.7
20916.3 9896.18
20916.2 9905.66
20916.1 9915.17
20916 9924.69
20915.9 9934.23
20915.8 9943.79
20915.8 9953.37
20915.7 9962.97
20915.6 9972.6
20915.5 9982.26
20915.4 9991.94
20915.3 10001.7
20915.2 10011.4
20915.1 10021.2
20915 10031
20914.9 10040.8
20914.8 10050.7
20914.7 10060.6
20914.6 10070.6
20834.8 10059.4
20792.4 10057
20751.5 10054.3
20731.8 10057.1
20693.3 10053.9
20675.8 10056.5
20655.4 10058
20621.8 10054.7
20608.8 10057.8
20576.6 10054
20564.9 10057
20533.8 10052.6
20523.2 10055.5
20493.2 10050.5
20483.5 10053.2
20464.5 10051.9
20456.9 10055.1
20429.7 10049.7
20422.6 10052.7
20415.9 10055.8
20389.5 10049.6
20383.3 10052.5
20377.3 10055.4
20350.4 10047.9
20345.7 10051.1
20341.2 10054.3
20316.9 10047
20312.7 10050.1
20308.6 10053.2
20304.6 10056.3
20280.9 10048
20282.4 10054.1
28415.1 14938.8
28369.8 15013.5
28323.9 15087.8
28277.3 15161.8
28230 15235.3
28182.2 15308.4
28133.7 15381.1
28084.5 15453.4
28034.7 15525.2
27984.3 15596.6
27933.3 15667.5
27881.7 15738
27829.4 15808.1
27776.6 15877.7
27723.1 15946.8
27669 16015.4
27614.4 16083.6
27559.1 16151.3
27503.3 16218.5
27446.8 16285.2
27389.8 16351.5
27332.2 16417.2
27274.1 16482.4
27215.3 16547.1
27156 16611.3
27096.2 16675
27035.8 16738.1
26974.8 16800.7
26913.3 16862.8
26851.3 16924.4
26788.7 16985.4
26725.6 17045.8
26661.9 17105.7
26597.8 17165
26533.1 17223.8
26467.9 17282
26402.2 17339.6
26336.1 17396.7
26269.4 17453.2
26202.2 17509.1
26134.5 17564.4
26066.4 17619.1
25997.8 17673.2
25928.7 17726.7
25859.1 17779.6
25789.1 17831.9
25718.6 17883.6
25647.7 17934.6
25576.4 17985.1
25504.6 18034.9
25432.3 18084.1
25359.7 18132.6
25286.6 18180.5
25213.1 18227.8
25139.2 18274.4
25064.9 18320.4
24990.2 18365.8
24915.1 18410.4
24839.6 18454.5
24763.7 18497.8
24687.5 18540.5
24610.8 18582.5
24533.9 18623.9
24456.5 18664.6
24378.8 18704.6
24300.8 18743.9
24222.4 18782.5
24143.7 18820.5
24064.6 18857.8
23985.3 18894.3
23905.6 18930.2
23825.6 18965.4
23745.3 18999.9
23664.7 19033.6
23583.8 19066.7
23502.6 19099.1
23421.2 19130.7
23339.5 19161.7
23257.5 19191.9
23175.2 19221.4
23092.7 19250.2
23009.9 19278.2
22926.9 19305.6
22843.7 19332.2
19987.1 10275.4
19982.5 10275.4
19983.7 10295.4
19984.5 10315.4
19984.9 10335.4
19985 10355.4
19984.8 10375.4
19984.2 10395.4
19983.2 10415.4
19982 10435.4
19984.6 10475.4
19982.4 10495.4
19983.8 10535.4
19980.8 10555.4
19980.9 10595.4
19980.4 10635.4
19982.3 10695.4
19980.2 10735.4
19980.2 10795.4
19979.2 10855.4
19979.5 10935.4
19978.5 11015.4
19978.1 11115.4
19997.1 11435.6
19982.6 11435.4
19968.1 11435.3
19953.7 11435.1
19939.3 11435
19924.9 11434.8
19910.5 11434.7
19896.2 11434.6
19881.8 11434.4
19864.8 11274.2
19851.8 11274.1
19838.9 11274
19826 11273.9
19813 11273.7
19800.1 11273.6
19787.2 11273.5
19774.2 11273.3
19761.3 11273.2
19748.3 11273.1
19735.3 11272.9
19722.4 11272.8
19709.3 11272.7
19696.3 11272.6
19683.3 11272.4
19670.2 11272.3
19657.1 11272.2
19644 11272
19630.9 11271.9
19617.7 11271.8
19604.5 11271.6
19591.3 11271.5
19578 11271.4
19564.7 11271.2
19551.3 11271.1
19537.9 11271
19524.5 11270.8
19511 11270.7
19497.5 11270.6
19483.9 11270.4
19470.2 11270.3
19456.5 11270.2
19442.7 11270
19428.9 11269.9
19415 11269.8
19401.1 11269.6
19387 11269.5
19372.9 11269.3
19358.7 11269.2
19344.5 11269
19275 11428.4
19259 11428.2
19243 11428
19226.8 11427.9
19210.5 11427.7
19194.1 11427.6
19177.6 11427.4
19161 11427.2
19144.3 11427.1
19127.4 11426.9
19110.4 11426.7
19093.3 11426.5
19076.1 11426.4
19058.7 11426.2
19041.2 11426
19023.5 11425.9
19005.7 11425.7
18987.7 11425.5
18969.6 11425.3
18951.3 11425.1
18932.8 11424.9
18914.2 11424.8
18895.3 11424.6
18876.3 11424.4
18857.1 11424.2
18849.9 11404.1
18855.5 11364.2
18849.1 11344.1
18855.9 11304.2
18850.3 11284.1
18858.4 11244.2
18853.7 11224.1
18863.2 11184.2
18859.3 11164.2
18855.6 11144.2
18852.3 11124.1
18849.3 11104.1
18861.9 11064.2
18859.8 11044.2
18858 11024.2
18856.6 11004.2
18855.4 10984.2
18854.6 10964.1
18854.2 10944.1
18854.1 10924.1
18854.3 10904.1
18854.9 10884.1
18855.8 10864.2
18857.1 10844.2
18858.8 10824.2
18860.8 10804.2
18863.3 10784.2
18866.1 10764.2
18850.4 10762.8
18850.5 10745.9
18850.7 10729.2
18850.9 10712.8
18851 10696.7
18851.2 10680.8
18851.3 10665.2
18851.5 10649.9
18851.6 10634.7
18851.8 10619.8
18851.9 10605.2
18852.1 10590.7
18852.2 10576.4
18852.4 10562.4
18852.5 10548.5
18852.6 10534.8
18852.8 10521.3
18852.9 10508
18853 10494.8
18853.2 10481.9
18853.3 10469
18853.4 10456.4
18853.5 10443.8
18853.7 10431.5
18853.8 10419.2
18853.9 10407.1
18854 10395.2
18854.1 10383.4
18854.3 10371.7
18854.4 10360.1
18854.5 10348.6
18854.6 10337.3
18834.6 10336.9
18814.6 10336.2
18794.6 10335.1
18774.6 10333.7
18754.7 10331.9
18734.7 10329.9
18694.6 10337
18674.6 10334
18654.7 10330.7
18614.6 10336
18594.6 10331.9
18574.7 10327.4
18534.7 10330.9
18494.6 10333.7
18474.7 10327.9
18434.7 10329.4
18394.7 10330.3
18354.6 10330.4
18314.7 10329.8
18274.7 10328.5
18234.7 10326.6
18174.6 10330.4
18134.7 10326.9
17954.3 10365.2
17954.5 10347.2
17954.6 10329.3
17954.8 10311.5
19017.9 10011.9
19017.9 10004.2
19018 9996.59
19018.1 9988.97
19018.2 9981.38
19018.2 9973.82
19018.3 9966.29
19018.4 9958.79
19018.5 9951.32
19018.5 9943.88
19018.6 9936.46
19018.7 9929.06
19018.8 9921.69
19018.8 9914.34
19018.9 9907
19019 9899.69
19019.1 9892.4
19019.1 9885.12
19019.2 9877.85
19019.3 9870.61
19019.3 9863.37
19019.4 9856.15
19019.5 9848.93
19019.6 9841.73
19019.6 9834.53
19019.7 9827.35
19019.8 9820.17
19019.8 9812.99
19019.9 9805.82
19020 9798.65
19020.1 9791.48
19020.1 9784.32
19020.2 9777.15
19020.3 9769.99
19020.3 9762.82
19020.4 9755.64
19020.5 9748.47
19020.6 9741.28
19020.6 9734.09
19020.7 9726.89
19020.8 9719.69
19020.8 9712.47
19020.9 9705.24
19021 9698
19021.1 9690.75
19021.1 9683.48
19021.2 9676.19
19021.3 9668.89
19021.4 9661.57
19021.4 9654.23
19021.5 9646.87
19021.6 9639.49
19021.7 9632.08
19021.7 9624.65
19021.8 9617.2
19021.9 9609.72
19021.9 9602.21
19022 9594.67
19022.1 9587.1
19022.2 9579.5
19042.2 9577.28
19062.2 9575.4
19082.2 9573.86
19122.2 9578.64
19142.2 9577.97
19162.2 9577.65
19182.2 9577.68
19202.2 9578.06
19222.2 9578.79
19242.2 9579.87
19262.2 9581.31
19262.2 9575.58
19282.2 9577.54
19302.2 9579.87
19302.2 9574.42
19322.2 9577.28
19342.2 9580.5
19342.2 9575.35
19362.2 9579.12
19382.2 9583.26
19382.2 9578.41
10829.7 5456.44
10868 5377.87
10906.9 5299.63
10946.5 5221.74
10986.8 5144.2
11027.8 5067.01
11069.4 4990.18
11111.8 4913.72
11154.7 4837.63
11198.4 4761.93
11242.7 4686.6
11287.6 4611.67
11333.2 4537.13
11379.5 4462.99
11426.4 4389.26
11474 4315.94
11522.2 4243.04
11571 4170.56
11620.4 4098.52
11670.5 4026.91
11721.2 3955.74
11772.6 3885.01
11824.5 3814.74
11877.1 3744.92
11930.2 3675.56
11984 3606.68
12038.4 3538.26
12093.3 3470.33
12148.9 3402.87
12205 3335.9
12261.8 3269.43
12319.1 3203.45
12376.9 3137.98
12435.4 3073.02
12494.4 3008.57
12554 2944.63
12614.1 2881.23
12674.8 2818.34
12736 2756
12797.8 2694.18
19049.8 8983.19
19063.6 8983.28
19058.2 8963.17
19052 8941.86
19047.1 8921.39
19060.7 8921.09
19054.2 8898.24
19050 8877.34
19063.2 8876.61
19056.5 8852.1
19052.9 8830.74
19049.6 8809.35
19058.8 8803.22
19055.8 8781.33
19053.2 8759.4
19051 8737.43
19058.9 8728.81
19056.9 8706.26
19055.3 8683.65
19054 8660.98
19060.8 8649.58
19059.8 8626.24
19059.1 8602.81
19065 8588.94
19064.5 8564.74
19064.4 8540.43
19064.7 8516.01
19057.6 8478.51
19058.3 8453.18
19059.3 8427.68
19060.7 8402.03
19062.5 8376.2
19066.5 8353.86
19089.6 8367.1
19101.8 8360.01
19113.9 8352.67
19136 8365.6
19147.2 8356.85
19167.8 8367.88
19178.6 8358.46
19197 8365.51
19207 8354.34
19225.6 8362.81
19243.7 8370.8
19253.1 8358.2
19267 8356.36
19283.5 8361.48
19299.5 8365.92
19315.1 8369.63
19323.1 8352.5
19337.1 8352.1
19351.2 8352.24
19365.3 8352.38
19379.2 8352.52
19393.1 8352.66
19406.9 8352.8
19420.7 8352.94
19434.3 8353.07
19447.9 8353.21
19461.5 8353.34
19474.9 8353.48
19488.3 8353.61
19501.7 8353.74
19514.9 8353.88
19528.2 8354.01
19541.4 8354.14
19554.5 8354.27
19567.6 8354.4
19580.6 8354.53
19593.6 8354.66
19606.5 8354.79
19619.4 8354.92
19623.6 8294.96
19140.4 4629.95
19160.4 4425.19
19109.7 3589.59
19164.6 3590.14
19219.5 3590.69
19274.2 3591.24
19328.9 3591.78
19383.5 3592.33
19438 3592.87
19546.2 4554
19592.2 4554.46
19629.6 4334.82
19677.4 4335.3
19725.1 4335.77
19772.8 4336.25
19820.5 4336.73
19868.2 4337.2
19915.9 4337.68
20023.8 1678.62
20094.7 1679.33
20165.7 1680.04
20236.7 1680.75
20307.8 1681.46
20378.9 1682.17
20450.1 1682.88
20521.3 1683.59
20592.7 1684.3
20670.3 1625.07
20938.1 -145.619
21024.9 -135.645
21111.6 -124.911
21198.2 -113.421
21284.8 -101.175
21371.2 -88.1726
20914.8 3236.68
20909.5 3608.06
20906.4 3931.78
20904.1 4221.15
20917.7 4406.37
20969.3 4393.89
21016.1 4405.61
21064.7 4409.14
21095.3 4489.45
21090.3 4709.41
21096.7 4869.49
21100.3 5029.53
21144.8 5029.97
21189.5 5030.42
21234.5 5030.87
21279.6 5031.32
21325.1 5031.77
21370.7 5032.23
21416.6 5032.69
21462.7 5033.15
21509.1 5033.61
