21787 1054.94
21787 1054.94
21787 1054.94
21787 1054.94
21788.5 1052.36
21791.6 1047.25
21796.6 1039.73
21803.5 1029.92
21812.5 1017.92
21822.8 1005.03
21833.5 992.456
21844.5 980.217
21856 968.322
21867.8 956.782
21879.9 945.607
21892.4 934.808
21905.2 924.395
21918.3 914.378
21931.7 904.766
21945.4 895.568
21959.4 886.793
21971 879.965
21982.8 873.394
21996.1 866.379
22010.2 859.32
22036.3 850.509
22036.3 850.509
22050.3 845.085
22064.4 839.967
22077.2 835.64
22090.1 831.592
22103.1 827.826
22117.6 823.957
22132.1 820.405
22146.8 817.172
22161.5 814.259
22191.1 809.399
22191.1 809.399
22220.9 805.836
22220.9 805.836
22235.8 804.542
22250.8 803.575
22265.8 802.803
22280.8 802.228
22295.8 801.98
22309.3 802.051
22322.8 802.299
22336.3 802.724
22349.7 803.325
22363.2 804.103
22378.2 805.163
22393.1 806.418
22408.1 807.87
22423 809.516
22437.9 811.358
22451.2 813.191
22463.3 814.221
22476.7 816.386
22492.9 819.244
22492.9 819.244
22492.9 819.244
22501.7 821.022
22510.5 823.005
22522.2 825.75
22522.2 825.75
22536.8 829.246
22553.5 833.339
22570.2 837.651
22586.9 842.181
22621.4 852.325
22621.4 852.325
22639.3 857.956
22655.7 863.351
22672 868.961
22689.7 875.289
22689.7 875.289
22692.5 876.339
22698.1 878.438
22706.5 881.586
22706.5 881.586
22717.8 885.784
22731.8 891.153
22748.5 897.744
22799.6 902.07
22799.6 902.07
22817.5 909.602
22835.5 917.291
22853.3 925.136
22871.1 933.137
22888.8 941.292
22906.4 949.602
22924 958.066
22940.2 966.019
22956.2 974.114
22974.8 983.883
22995.9 995.417
23018.7 1008.43
23067.5 1037.77
23067.5 1037.77
23092.4 1053.15
23114.6 1067.15
23134.2 1079.72
23151.1 1090.81
23165.5 1100.39
23177.3 1108.4
23188.4 1116.09
23199.4 1123.88
23210.3 1131.76
23221.2 1139.74
23230.8 1146.91
23240.4 1154.17
23263.5 1168.34
23275.2 1177.66
23286.9 1187.09
23297.3 1195.66
23307.7 1204.32
23318 1213.07
23340.5 1232.83
23340.5 1232.83
23355 1245.86
23389.2 1277.38
23389.2 1277.38
23406.7 1293.88
23422.9 1309.49
23454.9 1341.12
23454.9 1341.12
23470.7 1357.15
23485.3 1372.23
23499.7 1387.45
23514.1 1402.79
23528.4 1418.12
23556.1 1447.71
23556.1 1447.71
23569.4 1461.95
23582.7 1476.19
23596.1 1490.43
23608.3 1503.58
23632.9 1529.88
23632.9 1529.88
23645.2 1543.02
23655.6 1218.01
23666.7 1230.28
23690.4 1257.37
23690.4 1257.37
23717.5 1289.44
23717.5 1289.44
23730.9 1305.65
23743.1 1320.81
23755.3 1336.07
23767.3 1351.45
23779.1 1366.92
23790.9 1382.5
23801.6 1396.97
23822.6 1426.2
23822.6 1426.2
23832.9 1440.95
23842.2 1454.55
23851.4 1468.24
23860.5 1482
23869.5 1495.84
23878.4 1509.76
23895 1536.55
23895 1536.55
23902.7 1549.41
23910.3 1562.34
23936.7 1591.83
23936.7 1591.83
23943.9 1604.98
23950.3 1616.87
23956.5 1628.82
23962.7 1640.82
23968.9 1652.82
23975.1 1664.82
23980.6 1675.49
23986.1 1686.16
23991.6 1696.83
23997.1 1707.49
24002.6 1718.16
24008.1 1728.83
24013.6 1739.5
24019.1 1750.16
24028.7 1768.83
24028.7 1768.83
24033.5 1778.17
24038.2 1787.54
24042.9 1796.96
24047.4 1806.42
24051.9 1815.91
24056.4 1825.41
24060.9 1834.91
24065.3 1844.44
24069.6 1854.02
24073.8 1863.63
24078 1873.24
24082.3 1882.85
24086.5 1892.46
24094.9 1911.68
24099.2 1921.29
24099.2 1921.29
24107.5 1940.55
24107.5 1940.55
24111.6 1950.23
24115.6 1959.95
24119.6 1969.66
24123.5 1979.38
24127.5 1989.1
24132.1 2003.06
24136.1 2012.78
24140.1 2022.5
24144 2032.22
24148 2041.94
24151.9 2051.7
24154.6 2058.69
24156.2 2062.89
