3741.33 4918.71
3662.69 4956.54
3583.72 4993.68
3504.43 5030.13
3424.82 5065.89
3344.91 5100.95
3264.7 5135.31
3184.18 5168.97
3103.38 5201.93
3022.29 5234.18
2940.92 5265.72
2859.29 5296.55
2777.38 5326.66
2695.21 5356.07
2612.8 5384.75
2530.13 5412.71
2447.23 5439.95
2364.08 5466.46
2280.72 5492.25
2197.13 5517.31
2113.32 5541.64
1651.03 4195.51
1716.95 4733.01
1742.24 5150.23
1654.18 5140.52
1569.74 5143.59
1486.98 5152.71
1400.56 5144.49
1256.33 4860.55
1222.12 5093.3
1069.18 4732.12
934.838 4434.88
853.275 4406.87
775.768 4398.79
700.689 4403.85
626.363 4413.18
549.627 4405.03
474.555 4407.09
399.536 4408.49
323.457 4399.29
248.031 4393.38
172.684 4385.82
99.0009 4394.52
24.9187 4398.58
-45.4014 4456.87
-96.838 4844.99
-178.431 4776.42
-255.81 4777.05
-321.73 5114.81
-403.208 5066.19
-495.393 4309.95
-569.463 4192.83
-641.611 4197.06
-713.64 4181.67
-785.605 4176.65
-857.572 4174.01
-929.071 4158.74
-1000.86 4154.84
-1072.55 4149.32
-1147.71 4200.06
-1237.17 4438.64
-1339.03 4778.94
-1424.99 4871.05
-1533.36 5175.33
-1597.67 5012.98
-1637.73 4663.46
-1778.12 5172.4
-1860.6 5175.93
-1942.4 5172.78
-2026.46 5183.74
-2109.56 5186.04
-2189.81 5169.84
-2274.44 5178.55
-2192.17 4289.93
-2225.96 4075.79
-2278.78 3972.43
-2319.47 3819.87
-2474.63 4192.35
-2783.54 5196.84
-2855.69 5141.75
-2933.84 5113.27
-2907.07 4681.5
-3003.4 4735.67
-3213.25 5192.46
-3300.93 5193.62
-3394.53 5213.11
-2592.04 2310.17
-2607.25 2165.08
-2671.85 2178.98
-2743.84 2213.09
-2793.4 2179.3
-2498 1175.52
-2475.82 973.062
-2516.99 949.295
-2576.2 972.788
-2608.41 925.875
-2649.34 901.956
-2697.67 896.174
-2766.03 936.851
-2829.26 962.958
-2885.77 971.905
-2920.58 932.042
-2914.61 805.902
-2780.2 415.933
-2720.89 195.797
-2738.4 138.055
-1922.5 -1549.31
-1926.44 -1595.24
-1929.2 -1641.92
-1929.82 -1691.09
-1941.33 -1719.11
-1941.61 -1766.28
-1945.66 -1805.49
-1951.68 -1840.28
-1953.58 -1881
-1955.92 -1919.88
-1963.52 -1949.3
-1963.71 -1989.65
-1968.75 -2021.46
-1975 -2050.7
-1975.81 -2087.34
-1980.04 -2118.08
-1984.42 -2147.92
-1987.22 -2179.31
-1996.64 -2200.9
-2001.02 -2228.94
-1995.97 -2268.88
-2010.45 -2282.43
-2007.54 -2318.14
-2014.7 -2340.37
-2014.03 -2371.91
-2008.44 -2408.7
-2026.14 -2416.94
-2017.79 -2455.75
-2014.78 -2487.51
-2023.93 -2504.86
-2020.15 -2536.37
-2028.78 -2553.69
-2032.43 -2576.16
-2022.71 -2612.34
-2050.01 -2609.44
-2076.07 -2608.32
-2115 -2594.84
-2127.85 -2607.83
-2159.31 -2602.89
-2206.21 -2583.96
-2227.21 -2590.25
-2256.33 -2589.38
-2285.59 -2588.9
-2334.47 -2571.61
-2367.16 -2569.48
-2658.02 -2347.92
-2755.05 -2296.97
-2761.21 -2323.18
-3012.86 -2150.77
-4054.86 -1357.84
-3031.08 -2204.28
-2849.59 -2376.65
-2883.5 -2381.64
-3606.14 -1878.66
-3895.61 -1708.66
-3889.24 -1756.36
-3769.98 -1882.22
-3801.35 -1901.2
-3955.43 -1837.93
-4030.72 -1830.09
-3935.19 -1934.32
-3937.7 -1973.41
-3938.09 -2013.44
-3942.29 -2050.71
-3935.81 -2094.07
-3920.19 -2142.22
-3942.99 -2167.49
-3953.41 -2199.89
-2671.8 -2946.51
-2574.28 -3022.45
-2579.85 -3041.31
-2575.48 -3065.25
-2574.4 -3087.22
-2576.67 -3107.32
-2577.84 -3127.82
-2585.11 -3145.26
-2578.64 -3169.08
-2588.28 -3185.27
-2584.99 -3207.24
-2579.64 -3229.88
-2577.72 -3250.8
-2597.77 -3262.46
-2581.58 -3288.98
-2583.71 -3307.84
-2580.98 -3328.47
-2581.79 -3347.59
-2589.93 -3363.95
-2580.96 -3386.38
-2586.89 -3403.41
-2588.87 -3421.75
-2589.73 -3440.38
-2615.22 -3451.19
-2601.45 -3474.34
-2592.22 -3495.79
-2588.53 -3515.38
-2614.54 -3526.62
-2613.44 -3545.48
-2603.45 -3566.52
-2581.6 -3590.24
-2583.8 -3607.73
-2595.59 -3622.99
-2652.19 -3628.5
-3674.48 -3430.8
-3926.97 -3407.39
-3917.93 -3439.01
-3919.42 -3468.43
-3908.81 -3499.9
-3926.52 -3526.37
-3941.05 -3553.58
-3727.85 -3614.76
-3795.13 -3632.95
-4187.56 -3609.81
-4190.48 -3640.97
-4177.23 -3673.94
-4134.83 -3709.65
-3988.55 -3754.44
-3439.27 -3831.43
-3269.79 -3869.24
-3250.53 -3893.7
-3220.06 -3918.47
-3209.33 -3941.67
-3226.38 -3963.48
-10627 -3735.67
-3806.73 -3994.23
-3801.3 -4022.03
-3974.63 -4048.36
-4153.72 -4077.71
-4123.56 -4108.14
-4166.12 -4139.4
-4155.42 -4169.96
-4189.42 -4201.96
-4203.15 -4233.66
-4206.62 -4265.08
-4190.84 -4295.39
-4202.74 -4327.42
-4198.4 -4358.41
-4190.8 -4389.07
-4202.84 -4421.56
-4188.73 -4451.54
-4145.56 -4477.99
-4174.65 -4512.69
-4204.39 -4548.05
-4200.12 -4579.2
-4203.49 -4611.51
-2071.54 -4303.4
-2078.36 -4317.44
-4200.01 -4706.89
-4197.3 -4738.55
-4188.42 -4769.05
-4196.91 -4803.06
-2817.41 -4540.75
-4204.14 -4869.72
-4108.41 -4880.29
-4031.25 -4893.71
-4025.91 -4923.82
-4048.37 -4961.19
-4089.74 -5004.22
-3916.76 -4988.47
-3885.59 -5010.46
-3814.99 -5020.28
-3731.09 -5024.84
-3629.24 -5022.27
-3528.63 -5018.31
-3470.04 -5026.67
-2114.75 -4586.01
-2174.3 -4621.69
-3173.6 -5001.82
-3156.98 -5020.8
-3115.02 -5029.86
-3022.89 -5018.41
-2978.41 -5024.58
-2917.39 -5023.14
-2866.69 -5025.03
-2825.31 -5030.09
-2762.09 -5024.73
-2726.43 -5030.8
-2668.18 -5025.74
-2618.3 -5023.62
-2598.26 -5035.2
-2537.91 -5026.38
-2501.03 -5028.41
-2453.63 -5024.32
-2414.38 -5023.71
-2375.28 -5022.49
-2350.33 -5028.43
-2316.71 -5029.07
-2291.87 -5034.21
-2235.2 -5020.18
-2182.34 -5007.3
-2157.95 -5010.84
-2148.86 -5023.59
-2127.88 -5028.71
-2100.21 -5029.17
-2085.99 -5038.07
-2048.52 -5031.11
-2022.82 -5031.52
-1993.13 -5028.68
-1970.92 -5030.62
-1951.2 -5034.03
-1917.87 -5027.03
-1900.73 -5031.58
-1877.26 -5031.02
-1868.08 -5041.23
-1832.22 -5030.16
-1812.18 -5031.14
-1789.91 -5029.93
-1779.23 -5038.06
-1751.78 -5031.77
-1743.37 -5041.5
-1715.43 -5033.91
-1707.76 -5043.99
-1668.32 -5024.92
-1653.4 -5027.78
-1640.69 -5032.51
-1622.95 -5032.23
-1610.98 -5037.33
-1577.82 -5021.06
-1578.62 -5038.55
-1568.08 -5044.61
-1541.7 -5033.85
-1523.07 -5030.77
-1508.61 -5031.86
-1486.85 -5024.59
-1481.83 -5035.75
-1465.55 -5034.06
-1455.19 -5039.01
-1442.88 -5041.55
-1428.69 -5041.63
-1407.65 -5032.98
-1389.92 -5027.96
-1385.87 -5040.05
-1361 -5025.15
-1361.69 -5043.46
-1336.57 -5027.26
-1325.29 -5029.31
-1314.6 -5032.06
-1298.77 -5027.32
-1292.12 -5035.57
-1274.22 -5027.18
-1264.22 -5030.24
-1247.15 -5022.29
-1243.68 -5035.21
-1234.74 -5039.66
-1221.07 -5036.34
-1207.51 -5032.86
-1193.04 -5027.49
-1182.2 -5028.02
-1170.91 -5027.55
-1162.08 -5031.33
-1150.37 -5029.76
-1134.98 -5020.99
-1131.31 -5034.21
-1114.75 -5022.48
-1107.79 -5029.34
-1096.81 -5028.05
-1086.32 -5027.55
-1082.62 -5041.44
-1072.51 -5041.69
-1058.36 -5032.7
-1053.96 -5045.55
-1040.4 -5037.22
-1028.54 -5032.42
-1019.41 -5033.98
-1009.19 -5032.67
-999.382 -5032.18
-990.308 -5033.47
-983.626 -5041.25
-969.181 -5027.3
-964.418 -5040.61
-951.858 -5031.13
-942.877 -5031.98
-932.707 -5028.92
-922.031 -5023.85
-915.711 -5033.05
-904.31 -5024.91
-892.008 -5012.79
-892.312 -5046.9
-876.331 -5020.07
-870.715 -5032.84
-861.873 -5032.93
-851.256 -5025.15
-844.024 -5031.9
-835.863 -5034.69
-823.307 -5015.84
-816.977 -5027.29
-807.926 -5024.93
-800.829 -5033.31
-791.302 -5027.84
-784.215 -5037.09
-773.75 -5024.53
-766.968 -5036.62
-756.361 -5020.89
-749.663 -5034.84
-740.713 -5030.86
-733.082 -5038.73
-724.28 -5035.58
-715.54 -5032.36
-706.941 -5030.05
-698.732 -5032.66
-689.763 -5023.22
-681.375 -5021.68
-673.868 -5040.05
-665.334 -5037.38
-656.875 -5035.63
-648.433 -5032.8
-640.057 -5031.9
-631.688 -5039.93
-623.239 -5041.88
-614.903 -5035.77
-606.947 -5019.58
-598.552 -5023.32
-589.33 -5043.96
-581.56 -5030.56
-574.27 -5013.11
-564.802 -5030.52
-556.616 -5027.9
-547.412 -5037.16
-541.432 -5011.5
-530.192 -5039.5
-523.026 -5027.64
-512.864 -5041.53
-505.609 -5031.53
-497.117 -5031.37
-488.618 -5031.14
-479.326 -5035.77
-472.101 -5027.5
-463.087 -5030
-452.734 -5039.29
-445.275 -5032.78
-436.514 -5033.07
-428.152 -5031.32
-418.718 -5034.38
-410.118 -5033.45
-402.457 -5028.55
-392.678 -5032.33
-386.586 -5021.48
-375.468 -5029.92
-369.55 -5018.97
-362.696 -5011.83
-346.541 -5036.28
-338.447 -5032.79
-329.185 -5033.04
-320.517 -5031.31
-312.493 -5027.6
-300.264 -5036.11
-290.876 -5036
-282.493 -5032.98
-273.786 -5030.82
-265.809 -5026.72
-255.303 -5029.06
-244.353 -5032.22
-236.005 -5028.8
-223.379 -5035.42
-221 -5018.06
-210.738 -5019
-189.205 -5044.38
-185.413 -5030.51
-179.24 -5022.06
-170.105 -5019.86
-158.29 -5022.95
-144.568 -5029.46
-142.263 -5013.64
-128.907 -5019.03
-115.419 -5024.26
-96.4591 -5038.93
-90.0318 -5030.74
-78.1964 -5032.03
-66.806 -5032.32
-60.012 -5024.77
-41.7915 -5035.93
-34.4808 -5029.04
-25.0924 -5025.47
-9.71996 -5031.02
3.58433 -5033.05
19.771 -5039.06
33.274 -5040.74
38.2387 -5029.98
54.6982 -5035.48
60.1197 -5025.4
76.7359 -5030.56
104.342 -5049.87
99.4194 -5025.96
128.661 -5046.31
130.884 -5031.81
150.557 -5039.08
162.771 -5036.84
179.51 -5039.81
198.312 -5044.84
210.694 -5042.07
217.784 -5033.18
239.521 -5040.57
265.509 -5052.07
273.328 -5043.46
295.537 -5050.01
304.019 -5041.88
315.237 -5036.51
336.342 -5040.92
353.312 -5040.83
375.394 -5045.37
376.571 -5029.66
418.549 -5052.15
427.046 -5042.94
440.669 -5038.33
469.285 -5046.8
473.2 -5033.21
495.99 -5035.85
528.11 -5045.86
535.003 -5034.43
568.23 -5044.31
593.885 -5047.47
605.488 -5039.19
629.745 -5040.51
654.117 -5041.47
670.557 -5036.14
697.526 -5038.23
731.147 -5044.56
7564.95 -9800.89
7614.61 -9729.14
7663.65 -9656.95
7712.06 -9584.34
7759.82 -9511.31
7806.96 -9437.86
7853.44 -9364.01
7899.28 -9289.75
7944.47 -9215.1
7989.01 -9140.06
8032.89 -9064.63
8076.11 -8988.81
8118.67 -8912.63
8160.56 -8836.08
8201.79 -8759.16
8242.34 -8681.88
8282.21 -8604.26
8321.41 -8526.29
8359.92 -8447.98
