-0 -0
-0 -0
-0 -0
-0 -0
-0 -0
-0 -0
-0 -0
-0 -0
-0 -0
-0 -0
-0 -0
-0 -0
-0 -0
-0 -0
-0 -0
-0 -0
-0 -0
-0 -0
-0 -0
-0 -0
-2.30291 -3.2889
-2.27072 -3.30392
-2.22 -3.29128
-2.16911 -3.27717
-2.11538 -3.2574
-2.06753 -3.24537
-2.02641 -3.24294
-1.98288 -3.23577
-1.93551 -3.22123
-1.88652 -3.20268
-1.8425 -3.1913
-1.80375 -3.18811
-1.77634 -3.20461
-1.7402 -3.20505
-1.69996 -3.19715
-1.65814 -3.18526
-1.62392 -3.18713
-1.58534 -3.1797
-1.54438 -3.16645
-1.50851 -3.16266
-1.46775 -3.14761
-1.43318 -3.14483
-1.4008 -3.14625
-1.36412 -3.13726
-1.32692 -3.12603
-1.29232 -3.11994
-1.25755 -3.11256
-1.22192 -3.10201
-1.18978 -3.09949
-1.15323 -3.08446
-1.19433 -3.28141
-1.20638 -3.40671
-1.19614 -3.47384
-1.18291 -3.53535
-1.16932 -3.5988
-1.1514 -3.65178
-1.13674 -3.71811
-1.12016 -3.78158
-1.11275 -3.88061
-1.09942 -3.96438
-1.0785 -4.02501
-1.06612 -4.12237
-1.04849 -4.20526
-1.0358 -4.3144
-1.0179 -4.40902
-0.996488 -4.49487
-0.975729 -4.59045
-0.954574 -4.69188
-0.933629 -4.8031
-0.909902 -4.90939
-0.887342 -5.03237
-0.855937 -5.11488
-0 -0
-0 -0
-0 -0
-0 -0
-0 -0
-0 -0
-0 -0
-0 -0
-0 -0
-0 -0
-0 -0
-0 -0
-0 -0
-0 -0
-0 -0
-0 -0
-0 -0
-0 -0
0 -0
0 -0
0 -0
0 -0
0 -0
0 -0
0 -0
0 -0
0 -0
0.547331 -6.95449
0.603903 -6.90263
0.662486 -6.88018
0.723023 -6.87911
0.781102 -6.85565
0.840411 -6.8446
0.897629 -6.81817
0.955006 -6.79522
1.01368 -6.78267
1.0722 -6.76962
1.12777 -6.73929
1.1888 -6.74199
1.24594 -6.72251
1.30437 -6.7104
1.3575 -6.67231
1.41858 -6.6739
1.47655 -6.66029
1.53372 -6.64325
1.5342 -6.39042
1.6441 -6.59413
1.7136 -6.626
1.77317 -6.61756
1.82604 -6.58449
1.86965 -6.52024
0.746108 -2.51882
0.714849 -2.33817
0 -0
0 -0
0 -0
0.591557 -1.71801
0.579822 -1.63737
0.571174 -1.56929
0.541421 -1.4481
0.523217 -1.36303
0.50907 -1.29235
0.501224 -1.24057
0.484095 -1.16871
0.484116 -1.14051
0.470923 -1.08305
0.458392 -1.02957
0.457821 -1.0046
0.457273 -0.980625
0.419748 -0.880021
0.409 -0.838575
0.399347 -0.800966
0.40723 -0.799233
0.396642 -0.761942
0.389192 -0.731964
0.388407 -0.715357
0.378151 -0.682203
0.374734 -0.662341
0.3695 -0.639993
0.363905 -0.617788
0.363617 -0.60516
0.355821 -0.580648
0.359815 -0.575825
0.350857 -0.550735
0.353471 -0.544297
0.348824 -0.527016
0.348936 -0.51732
0.338711 -0.492827
0.33841 -0.4833
0.343195 -0.481142
0.343854 -0.473275
0.33667 -0.454983
0.33822 -0.448833
0.335428 -0.437138
0.335536 -0.429466
0.339893 -0.427304
0.341092 -0.421213
0.332669 -0.40356
0.338106 -0.402939
0.338362 -0.396172
0.333278 -0.383392
0.331973 -0.375227
0 -0
0 -0
0 -0
0 -0
0 -0
0 -0
0 -0
0 -0
0 -0
0 -0
0 -0
0 -0
0 -0
0 -0
0 -0
0 -0
0 -0
0 -0
0 -0
0 -0
0 -0
0 -0
0 -0
0 -0
0 -0
0 -0
0 -0
0 -0
0 -0
0 -0
0 -0
0 -0
0 -0
0 -0
0 -0
0 -0
0 -0
0 -0
0 -0
0 -0
0 -0
0 -0
0 -0
0 -0
0 -0
0 -0
0 -0
0 -0
0 -0
0 -0
0 -0
0 -0
0 -0
0 -0
0 -0
0 -0
0 -0
0 -0
0 -0
0 -0
0 -0
0 -0
0 -0
0 -0
0 -0
0 -0
0 -0
0 -0
0 -0
0 -0
0 -0
0 -0
0 -0
0 -0
0 -0
0 -0
0 -0
0 -0
0 -0
0 -0
0 -0
0 -0
0 -0
0 -0
0 -0
0 -0
0 -0
0 -0
0 -0
0 -0
0 -0
0 -0
0 -0
0 -0
0 -0
0 -0
0 0
0 0
0 0
0 0
0 0
0 0
0 0
0 0
0 0
0 0
0 0
0 0
0 0
0 0
0 0
0 0
0 0
0 0
0 0
0 0
0 0
0 0
0 0
0 0
0 0
0 0
0 0
0 0
0 0
0 0
0 0
0 0
0 0
0 0
0 0
0 0
0 0
0 0
0 0
0 0
0 0
0 0
0 0
0 0
0 0
0 0
0 0
0 0
0 0
0 0
0 0
0 0
0 0
0 0
0 0
0 0
0 0
0 0
0 0
0 0
0 0
0 0
0 0
0 0
0 0
0 0
0 0
0 0
0 0
0 0
0 0
0 0
0 0
0 0
0 0
0 0
0 0
0 0
0 0
0 0
0 0
0 0
0 0
0 0
0 0
0 0
0 0
0 0
0 0
0 0
0 0
0 0
0 0
0 0
0 0
0 0
0 0
0 0
0 0
0 0
0 0
0 0
0 0
0 0
0 0
0 0
0 0
0 0
0 0
0 0
0 0
0 0
0 0
0 0
0 0
0 0
0 0
0 0
0 0
0 0
0 0
0 0
0 0
0 0
0 0
0 0
0 0
0 0
0 0
0 0
0 0
0 0
0 0
0 0
0 0
0 0
0 0
0 0
0 0
0 0
0.173404 0.476424
0.172578 0.487346
0.166691 0.484106
0.164364 0.491232
0.163779 0.50406
0.159073 0.504516
0.160512 0.525011
0.154504 0.521598
0.156286 0.545035
0.151257 0.545415
0.147009 0.548646
0.143969 0.556685
0.143218 0.574415
0.141001 0.587311
0.134746 0.583648
0.131812 0.594564
0.1314 0.618189
0.127994 0.629112
0.123835 0.637076
0.119364 0.644032
0.11756 0.666715
0.114708 0.685468
0.112007 0.707185
0.107753 0.720993
0.105215 0.748643
0.0999831 0.759447
0.0965206 0.786097
0.0904495 0.793864
0.0869676 0.827442
0.0818523 0.850068
0.0771329 0.881632
0.0726532 0.923145
0.0690588 0.987588
0.0613538 1.00313
0.0542201 1.03458
0.047109 1.07897
0.0387735 1.11032
0.0299987 1.14561
0.0208905 1.19682
0.0108471 1.24295
9.76943e-08 1.294
-0.0117196 1.34295
-0 0
-0 0
-0 0
-0 0
-0 0
-0.111536 1.82359
-0 0
-0.513202 6.52084
-0.571568 6.53304
-0.628557 6.52781
-0.686125 6.52804
-0.742613 6.51783
-0.799584 6.51209
-0.858862 6.52371
-0.913392 6.49913
-0.965785 6.46223
-1.02089 6.44565
-1.08007 6.45425
-1.13444 6.43375
-1.18982 6.41967
-1.24713 6.41592
-1.30506 6.41459
-1.35766 6.3873
-1.41443 6.38009
-1.4714 6.37335
-1.52907 6.36902
-1.58386 6.35253
-1.64049 6.3433
-1.69811 6.33744
-1.75308 6.32142
-1.80846 6.30684
-1.86456 6.29465
-1.9241 6.29344
-1.97654 6.26878
-2.03364 6.2589
-2.09135 6.2504
-2.1481 6.23853
-2.20546 6.22803
-2.26315 6.21795
-2.31872 6.20171
-2.3767 6.1915
-2.4387 6.191
-2.49376 6.17226
-2.54905 6.15396
-2.6093 6.14713
-2.66763 6.13513
-2.73042 6.13263
-2.78757 6.11676
-2.84295 6.09673
-2.90681 6.09426
-2.96602 6.08124
-3.02701 6.07123
-3.08441 6.0535
-3.14728 6.04587
-3.21071 6.03848
-3.27044 6.02341
-3.3321 6.01126
-3.36079 5.94018
-3.307 5.72789
-3.25484 5.52563
-3.28131 5.46101
-3.33511 5.4424
-3.40314 5.44617
-3.45806 5.42807
-3.52218 5.42368
-3.5771 5.40441
-3.63308 5.38626
-3.70656 5.39308
-3.78274 5.40231
-4.14274 5.8079
-0 0
-0 0
-0 0
-0 0
-0 0
-0 0
-0 0
-0 0
-0 0
-0 0
-0 0
-0 0
-0 0
-0 0
-0 0
-0 0
-0 0
-0 0
-0 0
0 0
0 0
0 0
0 0
0 0
0 0
0 0
0 0
0 0
0 0
0 0
0 0
0 0
0 0
0 0
0 0
0 0
0 0
0 0
0 0
0 0
0 0
0 0
0 0
0 0
0 0
0 0
0 0
0 0
48.4004 7.97216
-1.97474