7211.7 -2984.07
7211.7 -2984.07
7211.7 -2984.07
7211.61 -2981.07
7211.61 -2981.07
7211.45 -2976.08
7211.3 -2971.08
7211.14 -2966.08
7210.99 -2961.08
7210.83 -2956.09
7210.68 -2951.09
7210.52 -2946.09
7210.37 -2941.09
7210.22 -2936.1
7210.06 -2931.1
7209.91 -2926.1
7209.75 -2921.1
7209.6 -2916.11
7209.44 -2911.11
7209.13 -2901.11
7209.13 -2901.11
7208.98 -2896.12
7208.82 -2891.12
7208.67 -2886.12
7208.51 -2881.12
7208.36 -2876.12
7208.05 -2866.13
7208.05 -2866.13
7207.89 -2861.13
7207.74 -2856.13
7207.43 -2846.14
7207.43 -2846.14
7207.27 -2841.14
7206.97 -2831.15
7206.81 -2826.15
7206.81 -2826.15
7206.66 -2821.15
7206.5 -2816.15
7206.35 -2811.16
7207.73 -2800.97
7207.57 -2795.97
7207.41 -2790.97
7207.25 -2785.98
7206.93 -2775.98
7206.77 -2770.98
7206.77 -2770.98
7206.6 -2765.99
7206.28 -2755.99
7206.28 -2755.99
7206.12 -2751
7205.96 -2746
7205.8 -2741
7205.64 -2736
7205.31 -2726.01
7205.31 -2726.01
7205.15 -2721.01
7204.99 -2716.01
7204.83 -2711.02
7204.67 -2706.02
7204.51 -2701.02
7204.35 -2696.02
7204.18 -2691.03
7204.02 -2686.03
7203.86 -2681.03
7203.7 -2676.03
7203.54 -2671.04
7203.38 -2666.04
7203.22 -2661.04
7203.06 -2656.04
7202.89 -2651.05
7202.73 -2646.05
7202.57 -2641.05
7202.41 -2636.05
7202.25 -2631.06
7202.09 -2626.06
7201.93 -2621.06
7201.76 -2616.07
7201.44 -2606.07
7201.44 -2606.07
7201.28 -2601.07
7201.12 -2596.08
7200.96 -2591.08
7200.8 -2586.08
7200.64 -2581.08
7200.47 -2576.09
7200.31 -2571.09
7200.15 -2566.09
7199.99 -2561.09
7199.83 -2556.1
7199.51 -2546.1
7199.35 -2541.1
7199.28 -2539.11
7199.28 -2539.11
7199.28 -2539.11
7199.28 -2539.11
7199.28 -2539.11
7199.28 -2539.11
7199.28 -2539.11
7199.28 -2539.11
7199.28 -2539.11
7199.28 -2539.11
7199.28 -2539.11
7199.28 -2539.11
7199.28 -2539.11
7199.28 -2539.11
7198.69 -2536.16
7197.73 -2531.26
7196.77 -2526.35
7195.8 -2521.44
7194.84 -2516.54
7193.88 -2511.63
7193.49 -2509.67
7193.49 -2509.67
7193.49 -2509.67
7193.49 -2509.67
7193.49 -2509.67
7193.49 -2509.67
7193.49 -2509.67
7193.49 -2509.67
7193.49 -2509.67
7193.49 -2509.67
7193.49 -2509.67
7193.49 -2509.67
7193.49 -2509.67
7193.49 -2509.67
7193.49 -2509.67
7193.49 -2509.67
7191.68 -2514.87
7191.68 -2514.87
7191.68 -2514.87
7191.68 -2514.87
7191.68 -2514.87
7191.68 -2514.87
7191.68 -2514.87
7191.68 -2514.87
7191.68 -2514.87
7191.68 -2514.87
7191.68 -2514.87
7191.68 -2514.87
7191.68 -2514.87
7191.68 -2514.87
7152.67 -2516.05
7152.67 -2516.05
7152.67 -2516.05
7152.67 -2516.05
7152.67 -2516.05
7152.67 -2516.05
7152.67 -2516.05
7152.67 -2516.05
7152.67 -2516.05
7152.67 -2516.05
7152.67 -2516.05
7152.67 -2516.05
7152.67 -2516.05
7152.67 -2516.05
7141.71 -2515.85
7141.71 -2515.85
7141.71 -2515.85
7141.71 -2515.85
7141.71 -2515.85
7141.71 -2515.85
7141.71 -2515.85
7141.71 -2515.85
7141.71 -2515.85
7141.71 -2515.85
7141.71 -2515.85
7141.71 -2515.85
7141.71 -2515.85
7141.71 -2515.85
7160.51 -2517.6
7160.51 -2517.6
7160.51 -2517.6
7158.58 -2515.31
7154.84 -2510.62
7146.48 -2500.02
7146.48 -2500.02
7140.37 -2492.42
7134.18 -2484.89
7127.93 -2477.4
7121.62 -2469.97
7115.24 -2462.6
7108.8 -2455.28
7102.29 -2448.02
7095.72 -2440.81
7091.25 -2425.37
7084.54 -2418.3
7077.76 -2411.29
7070.92 -2404.33
7063.97 -2397.5
7049.7 -2384.21
7049.7 -2384.21
7028.83 -2365.93
7028.83 -2365.93
7015.14 -2354.24
6998.93 -2340.89
6980.07 -2326.04
6958.51 -2309.8
6934.15 -2292.28
6909.42 -2275.29
6881.82 -2257.21
6853.83 -2239.73
6828.04 -2224.4
6801.92 -2209.64
6772.85 -2194.03
6741.44 -2178.04
6709.68 -2162.73
6661.25 -2147.11
6628.78 -2133.4
6596.01 -2120.41
6565.78 -2109.18
6538.23 -2099.35
6511.97 -2090.37
6486.31 -2081.97
6460.55 -2073.9
6410.15 -2059.2
6410.15 -2059.2
6385.53 -2052.54
6362.28 -2046.58
6338.96 -2040.93
6292.1 -2030.53
6292.1 -2030.53
6268.57 -2025.8
6246.46 -2021.65
6212.4 -2011.24
6212.4 -2011.24
6190.17 -2007.76
6148.56 -2002.07
6148.56 -2002.07
6106.81 -1997.48
6106.81 -1997.48
6085.89 -1995.59
6066.45 -1994.09
6046.99 -1992.85
6027.52 -1991.86
6008.03 -1991.13
5970.54 -1990.44
5970.54 -1990.44
5952.54 -1990.47
5934.54 -1990.74
5916.55 -1991.24
5882.09 -1992.87
5882.09 -1992.87
5865.62 -1993.98
5849.18 -1995.3
5821.89 -2004.92
5805.46 -2006.51
5775.62 -2009.58
5775.62 -2009.58
5760.71 -2011.22
5745.81 -2012.92
5730.91 -2014.68
5717.51 -2016.33
5704.12 -2018.04
5690.73 -2019.8
5677.36 -2021.62
5663.99 -2023.51
5650.63 -2025.44
5638.76 -2027.22
5626.9 -2029.05
5603.21 -2032.86
5603.21 -2032.86
5591.37 -2034.84
5579.55 -2036.87
5567.73 -2038.96
5555.92 -2041.1
5545.6 -2043.01
5535.28 -2044.97
5524.97 -2046.98
5504.39 -2051.12
5504.39 -2051.12
5483.84 -2055.45
5483.84 -2055.45
5473.58 -2057.68
5463.33 -2059.95
5453.11 -2062.36
5432.76 -2067.58
5432.76 -2067.58
5422.65 -2070.38
5403.59 -2062.59
5393.56 -2065.7
5383.58 -2068.95
5373.63 -2072.33
5363.74 -2075.84
5353.92 -2079.56
5344.18 -2083.5
5334.54 -2087.64
5324.99 -2092
5306.18 -2101.34
5306.18 -2101.34
5296.93 -2106.31
5278.77 -2116.85
5269.87 -2122.42
5269.87 -2122.42
5261.09 -2128.18
5252.43 -2134.13
5243.92 -2140.27
5235.53 -2146.59
5227.29 -2153.09
5219.19 -2159.77
5211.24 -2166.63
5204.55 -2172.65
5198 -2178.82
5185.3 -2191.58
5185.3 -2191.58
5178.14 -2199.26
5164.13 -2214.9
5164.13 -2214.9
5157.28 -2222.86
5129.38 -2224.47
5122.72 -2232.59
5116.17 -2240.79
5109.72 -2249.08
5103.38 -2257.45
5091.04 -2274.44
5091.04 -2274.44
5085.9 -2281.82
5080.85 -2289.27
5075.9 -2296.79
5071.04 -2304.37
5066.29 -2312.01
5061.64 -2319.72
5052.64 -2335.31
5048.29 -2343.19
5048.29 -2343.19
5044.05 -2351.12
5039.91 -2359.12
5036.55 -2365.82
5033.28 -2372.57
5030.09 -2379.36
5027.62 -2384.82
