-763.478 -7845.69
-701.373 -7907
-638.736 -7967.76
-575.569 -8027.97
-511.88 -8087.63
-447.674 -8146.73
-382.955 -8205.27
-317.726 -8263.24
-251.993 -8320.64
-185.763 -8377.46
-119.04 -8433.71
-51.8287 -8489.36
15.8662 -8544.43
84.0403 -8598.91
152.687 -8652.79
221.8 -8706.07
291.374 -8758.75
361.409 -8810.81
431.893 -8862.27
5560.19 -1791.08
5582.95 -1777.74
5604.84 -1764.91
5616.43 -1766.72
5632.4 -1761.73
5648.22 -1756.54
5665.52 -1748.61
5690.01 -1728.57
5694.33 -1740.62
5705.99 -1740.65
5726.71 -1725.03
5735.65 -1729.06
5751 -1721.69
5767.63 -1711.49
5778.33 -1711.64
5795.54 -1699.29
5797.32 -1716.03
5810.21 -1711.39
5825.64 -1701.23
5835.62 -1701.67
5843 -1707.43
5853.81 -1705.88
5869.93 -1692.36
5881.73 -1687.79
5891.83 -1686.75
5900.71 -1688.37
5911.87 -1684.35
5924.06 -1677.43
5932.81 -1678.75
5940.49 -1682.79
5947.16 -1689.58
5965.49 -1664.35
5972.07 -1670.94
5986.18 -1655.72
5991.49 -1665.96
6002.18 -1659.98
6010.34 -1661.53
6018.51 -1663
6028.95 -1656.72
6040.61 -1645.52
6048.09 -1648.65
6054.32 -1656.55
6064.39 -1649.88
6073.84 -1645.04
6082.97 -1641.08
6091.33 -1639.95
6097.52 -1648.51
6107.76 -1638.44
6117.4 -1630.21
6127.27 -1619.92
6133.53 -1628.22
6140.94 -1630.56
6148.87 -1629.88
6158.48 -1618.25
6165.97 -1619.39
6172.66 -1626.41
6181.25 -1619.49
6190.92 -1602.56
6197.39 -1611.36
6204.62 -1614.15
6213.02 -1604.93
6220.99 -1598.62
6227.17 -1614.17
6235.58 -1600.74
6243.27 -1595.21
6250.26 -1601.6
6257.82 -1596.94
6265.03 -1600.21
6272.65 -1588.43
6279.73 -1598.57
6287.08 -1595.65
6294.36 -1592.66
6301.66 -1594.62
6308.9 -1592.51
6315.91 -1583.34
6323.29 -1588.1
6330.29 -1582.8
6337.52 -1583.44
6344.65 -1582.02
6352.11 -1585.53
6359.47 -1586.97
6364.73 -1564.44
6371.26 -1558.81
6379.83 -1573
6386.23 -1566.25
6392.77 -1561.43
6400.16 -1563.5
6408.87 -1574.41
6413.12 -1554.58
6422.27 -1567.32
6426.81 -1551.37
6431.78 -1539.34
6440.42 -1547.93
6450.77 -1564.27
6457.58 -1561.88
6462.27 -1549.65
6467.62 -1541.31
6476.03 -1546.57
6481.71 -1540.08
6491.2 -1549.07
6499.09 -1551.18
6510.42 -1565.76
6514.76 -1554.19
6530.29 -1582.01
6537.17 -1578.94
6544.01 -1575.82
6546.89 -1560.25
6561.64 -1581.76
6565.93 -1570.85
6577.26 -1580.72
6590.46 -1595.16
6599.46 -1597.22
6615.21 -1616.98
6634.57 -1644.91
6643.38 -1644.68
6663.52 -1672.16
6684.55 -1700.27
7734.13 -4135.8
7342.01 -3159.23
7312.64 -3037.72
7323.32 -3008.73
7345.03 -3004.18
7357.65 -2980.48
7381.84 -2980.98
7410.14 -2989.27
7485.17 -3088.02
7532.34 -3128.91
7515.73 -3048.33
7527.99 -3023.53
7543.32 -3004.8
7566.82 -3000.75
7585.82 -2988.68
7593 -2956.66
7610.06 -2941.8
7627.48 -2927.67
7642.09 -2909.16
7657.56 -2892.25
7676.12 -2880.26
7696.23 -2870.6
7717.41 -2862.41
7816.95 -2967.57
7884.48 -3022.89
7869.23 -2960.14
12187.6 -8837.37
10217.7 -6040.74
10440.5 -6239.92
10870.9 -6700.14
10804 -6508.91
10950.8 -6590.42
10808.4 -6312.15
10923 -6352.64
10904.6 -6232.49
11020.6 -6271.74
11259.2 -6448.73
11298.7 -6393.96
11526.8 -6548.1
11515.5 -6435.24
11602.4 -6429.59
11682.7 -6415.62
11711.7 -6347.54
11768.7 -6308.58
11740.3 -6184.38
11890.4 -6237.35
11952.4 -6202.15
11991.7 -6145
12039.9 -6096.42
11852.1 -5832.4
11672.8 -5583.42
11827.2 -5635.44
12212.1 -5883.43
12114.9 -5711.08
12044.3 -5565.19
11822.4 -5298.47
11286.5 -4786.19
11285.4 -4713.9
11242.4 -4610.01
10988.1 -4346.9
10800.9 -4141.96
10584.7 -3921.59
10427.4 -3750.39
10279.6 -3590.87
10127 -3432.45
9986.75 -3287.08
9986.25 -3239.7
10020.3 -3215.63
9835.81 -3050
9622.57 -2871.19
9460.85 -2730.09
9374.62 -2639.36
9309.37 -2563.64
9247.35 -2491.73
9173.05 -2414.57
9102.85 -2341.79
9048.25 -2279.53
8997.18 -2220.73
9017.79 -2201.28
9030.26 -2177.44
9033.61 -2148.98
9063.55 -2133.89
9097.03 -2120.13
9117.83 -2099.9
9132.14 -2076.45
9142.61 -2051.21
9183.03 -2039.24
9198.68 -2015.96
9219.67 -1994.82
9227.56 -1968.09
9266.76 -1953.99
9282.66 -1930.17
9310.51 -1910.81
9297.94 -1876.07
9251.15 -1829.4
9223.58 -1790.6
9165.28 -1742.01
9142.43 -1706.5
9105.85 -1667.17
9058.31 -1625.26
9009.3 -1583.96
8991.45 -1552.89
9013.65 -1533.68
9023.2 -1510.71
9019.02 -1484.02
8995.21 -1452.51
8974.94 -1422.42
8931.98 -1387.42
8912.98 -1358.79
8875.13 -1326.47
8842.8 -1296.09
8816.01 -1267.5
7548.62 -1001.05
7435.59 -969.005
7395.01 -951.645
7398.62 -942.344
7366.58 -927.437
7346.23 -914.853
7333.68 -903.733
7324.98 -893.359
7334.05 -885.303
7319.21 -874.432
7325.14 -865.981
7328.02 -857.154
7315.88 -847.009
7320.59 -838.382
7333.21 -830.219
7328.8 -820.841
7333.29 -811.997
7327.71 -802.665
7343.04 -794.122
7364.29 -785.459
7383.47 -776.398
7378.58 -766.844
7409.6 -757.301
7413.53 -747.511
7447.38 -737.064
7455.14 -726.761
7455.8 -716.58
7484.35 -705.105
7469.85 -695.47
7497.19 -683.43
7495.48 -672.993
7501.66 -661.935
7543.59 -647.55
7544.55 -636.442
7555.36 -624.242
7565.06 -611.959
7588.53 -597.761
7597.97 -584.999
7620.15 -570.224
7618.45 -558.647
7647.25 -542.17
7673.89 -525.51
7676.72 -512.586
7690.24 -497.568
7706.54 -481.717
7724.63 -465.158
7618.37 -474.931
7537.77 -480.853
7527.5 -471.813
7516.19 -463.168
7497.07 -456.649
7488.57 -447.664
7484.84 -437.5
7475.24 -428.993
7471.35 -418.963
7441.5 -416.699
7465.22 -398.443
7450.59 -391.856
7431.18 -387.053
7432.62 -375.534
7464.19 -353.48
7489.8 -332.862
7517.95 -310.735
7665.61 -243.004
7739.4 -200.773
7729.82 -190.011
7720.17 -179.374
7695.66 -175.016
7693.27 -161.616
7692.58 -147.412
7678.96 -138.897
7663.49 -131.405
7646.19 -124.985
7644.21 -111.467
7650.17 -93.9733
7626.43 -91.1137
7609.86 -84.97
7616.33 -67.0099
7600.53 -60.6695
7590.87 -51.1983
7574.16 -45.7357
7565.27 -36.0623
7566.69 -20.4673
7555.89 -11.9236
7537.33 -8.16389
7544.35 11.0585
7520.64 11.3183
7513.02 21.4663
7511.19 35.3654
7501.7 44.3079
7483.88 47.5362
7481.73 61.3101
7469.61 68.2038
7459.09 76.114
7447.71 83.314
7441.92 94.5551
7436.01 105.759
7432.38 118.756
7426.24 129.904
7411.41 134.145
7399.68 140.72
7392.55 150.984
7384.57 160.548
7369.66 164.183
7369.09 180.123
7357.11 186.16
7354.01 200.109
7335.29 199.855
7329.8 211.651
7320.56 219.976
7312.69 229.605
7313.27 247.601
7294.56 246.549
7286.44 255.969
7294.18 281.902
7272 276.793
7265.64 288.232
7256.46 296.683
7262.56 322.179
7242.5 318.596
7235.68 329.869
7224.19 335.772
7225.49 356.906
7210 358.048
7198.96 364.454
7194.08 378.592
7181.66 383.258
7181.37 403.687
7166.38 404.999
7155.59 411.775
7155.3 433.036
7145.44 441.334
7127.49 438.066
7119.83 449.432
7112.59 461.587
7101.35 467.861
7093.32 479.071
7082.48 486.011
7083.73 512.387
7068.95 513.267
7062.43 527.717
7048.14 529.21
7034.87 532.286
7024.05 539.585
7020.9 560.805
7010.3 568.87
7007.09 590.993
6995.74 598.065
6981.15 598.797
6971.49 609.233
6962.14 620.504
6954.36 635.329
6941.32 639.237
6935.28 658.507
6920.85 659.489
6918.36 687.865
6902.6 685.9
6888.06 686.545
6883.61 712.102
6866.01 705.097
6856.41 718.455
6851.5 744.879
6835.63 742.176
6820.84 742.14
6813.86 764.671
6801.8 772.958
6791.48 786.86
6781.55 802.607
6767.61 805.857
6760.98 833.928
6748.42 842.764
6730.71 833.182
6720.38 850.475
6708.8 863.834
6698.46 882.937
6689.89 910.737
6693.8 995.053
6683.61 1021.93
6668.88 1029.19
6658.78 1059.85
6645.71 1077.71
6628.77 1075.8
6614.97 1091.47
6600.27 1103.1
6586.16 1119.54
6570.92 1129.95
6556.88 1150.13
6544.06 1182.12
6529.26 1202.11
6510.91 1193.17
6495.81 1213.9
6480.17 1232.52
6463.8 1246.04
6447.13 1258.43
6432.69 1306.59
6414.24 1300.75
6397.66 1329.69
6379.8 1339.52
6362.43 1369.19
6343.97 1374.72
6325.74 1401.08
6306.97 1414.29
6287.98 1423.33
6268.4 1472.2
6248.94 1470.91
6228.37 1509.42
6207.61 1534.76
6186.59 1555.91
6165.79 1565.88
6143.6 1594.62
6121.91 1609.19
6098.1 1646.49
6075.86 1658.64
6052.12 1683.53
6030.6 1683.32
6010.68 1669.02
5989.37 1667.46
5969 1658.78
5946.21 1667.74
5918.29 1709.12
5889.15 1753.15
5860.55 1788.97
5835.17 1802.82
5807.66 1826.26
5772.19 1887.67
5743.47 1910.45
5715.78 1926.09
5682.75 1963.89
5646.29 2013
5610.35 2055.85
5578.97 2076.94
5538.09 2132.54
5501.92 2166.39
5466.72 2194.05
5424.04 2245.33
5395.85 2244.34
5432.96 2030.93
5309.96 2334.02
5241.94 2450.78
5196.08 2494.56
5144.47 2551.95
5091.1 2610.57
5041.44 2655.35
4987.03 2709.82
4930.14 2767.32
4861.46 2851.05
4793.1 2929.21
4726.35 2999.06
4659.05 3066.18
4585.26 3144.32
4550.03 3132.01
4562.8 3014.84
4342.28 3399.79
4243.79 3512.45
4151.99 3605.75
4048.11 3718.32
3944.38 3824.95
3826.11 3954.02
5006.79 1646.3
4933.63 1730.67
4884.2 1768.51
3306.74 4491.84
3140.59 4673.18
2973.6 4847.69
2804.37 5017.98
4270.89 2523.84
4599.62 1936.94
4714.16 1706.45
4692.7 1692.58
4681.88 1662.7
4659.68 1650.21
4641.56 1631.75
4606.37 1637.7
4587.26 1620.46
397.63 7318.04
327.365 7266.29
257.554 7213.93
188.202 7160.96
119.316 7107.39
50.8945 7053.21
-17.0468 6998.45
-84.5079 6943.09
-151.483 6887.15
-217.967 6830.62
-283.956 6773.52
-349.444 6715.84
-414.426 6657.6
-478.897 6598.79
-542.852 6539.41
-606.291 6479.48
-669.201 6419
-731.58 6357.98
-793.425 6296.41
