16261.7 2095.08
16261.7 2095.08
16261.7 2095.08
16261.7 2095.08
16261.7 2095.08
16261.7 2095.08
16261.7 2095.08
16261.7 2095.08
16261.7 2095.08
16261.7 2095.08
16261.7 2095.08
16261.7 2095.08
16261.7 2095.08
16261.7 2095.08
16261.7 2095.08
16261.7 2095.08
16261.7 2095.08
16261.7 2095.08
16261.7 2095.08
16261.7 2095.08
16261.7 2095.08
16261.7 2095.08
16261.7 2095.08
16261.7 2095.08
16261.7 2095.08
16261.7 2095.08
16261.7 2095.08
16250.3 2094.5
16250.3 2094.5
16247.5 2093.45
16247.5 2093.45
16241.9 2091.19
16222.9 2082.29
16222.9 2082.29
16209.7 2075.1
16194.3 2065.8
16159.5 2042.31
16159.5 2042.31
16142.7 2029.78
16126.2 2016.74
16110.2 2003.2
16102.1 1991.09
16089.1 1978.69
16076.8 1966.54
16064.8 1954.12
16053.1 1941.45
16041.7 1928.52
16030.6 1915.35
16019.7 1901.93
16009.2 1888.29
15998.9 1874.41
15989 1860.32
15970 1831.5
15970 1831.5
15961 1816.78
15952.3 1801.87
15941.1 1777.56
15934.4 1764.98
15927.9 1752.31
15921.6 1739.56
15915.4 1726.73
15909.3 1713.81
15903.5 1700.82
15897.8 1687.76
15892.3 1674.62
15887 1661.4
15881.8 1648.12
15876.8 1634.78
15872.5 1622.78
15868.3 1610.72
15866.4 1602.99
15862.5 1590.83
15858.8 1578.62
15855.3 1566.37
15852 1554.07
15846.4 1532.28
15846.4 1532.28
15843.6 1521.36
15841 1510.44
15838.3 1499.5
15835.7 1488.55
15833.2 1477.59
15830.7 1466.62
15826.5 1447.57
15826.5 1447.57
15824.5 1438.04
15822.5 1428.49
15820.6 1418.94
15818.6 1409.38
15816.8 1399.81
15815.2 1391.7
15813.7 1383.6
15809.9 1364.47
15809.9 1364.47
15808.6 1357.84
15807.3 1351.22
15805.7 1343.13
15804.1 1335.04
15800.7 1318.9
15800.7 1318.9
15798.9 1310.84
15797.1 1302.78
15795.6 1296.2
15794.1 1289.62
15792.2 1281.59
15788.3 1265.56
15788.3 1265.56
15786.3 1257.56
15784.3 1249.56
15782.2 1241.58
15780.5 1235.05
15777.8 1232.16
15775.6 1224.21
15773.4 1216.26
15771.1 1208.32
15768.8 1200.39
15766.5 1192.47
15764.6 1186
15762.7 1179.54
15760.7 1173.09
15758.7 1166.64
15754.6 1153.78
15754.6 1153.78
15752.5 1147.36
15750.3 1140.97
15748.1 1134.61
15745.8 1128.26
15743.5 1121.92
15741.1 1115.6
15738.6 1109.33
15736 1103.08
15733.4 1096.87
15730.7 1090.67
15725.2 1078.33
15725.2 1078.33
15722.4 1072.21
15720.1 1067.49
15715.5 1058.06
15715.5 1058.06
15713.1 1053.39
15710.6 1048.74
15708.1 1044.13
15705.6 1039.55
15702.9 1035.01
15700.2 1030.5
15697.5 1026.02
15694.7 1021.58
15691.8 1017.18
15685.9 1008.5
15685.9 1008.5
15682.9 1004.21
