19377.1 1665.03
19396.4 1665.3
19415.5 1665.58
19434.5 1665.85
19453.2 1666.12
19471.8 1666.39
19490.3 1666.66
19508.6 1666.92
19526.7 1667.18
19544.7 1667.44
19562.5 1667.7
19580.2 1667.96
19597.8 1668.21
19615.3 1668.46
19632.6 1668.71
19649.8 1668.96
19666.8 1669.21
19683.8 1669.45
19700.7 1669.7
19717.4 1669.94
19734 1670.18
19750.6 1670.42
19767 1670.65
19783.4 1670.89
19799.6 1671.12
19815.8 1671.36
19831.9 1671.59
19847.9 1671.82
19863.9 1672.05
19879.7 1672.28
19895.5 1672.51
19911.2 1672.74
19926.9 1672.96
19942.5 1673.19
19958 1673.41
19973.5 1673.63
19988.9 1673.86
20004.3 1674.08
20019.6 1674.3
20034.9 1674.52
20050.1 1674.74
20065.3 1674.96
20080.4 1675.18
20095.5 1675.4
20110.6 1675.61
20125.6 1675.83
20140.6 1676.05
20155.6 1676.26
20170.6 1676.48
20185.5 1676.69
20200.4 1676.91
20215.3 1677.13
20230.2 1677.34
20245.1 1677.55
20259.9 1677.77
20274.8 1677.98
20289.6 1678.2
20304.5 1678.41
20319.3 1678.63
20334.1 1678.84
20349 1679.05
20363.8 1679.27
20378.7 1679.48
20393.5 1679.7
20408.4 1679.91
20423.3 1680.13
20438.2 1680.34
20453.1 1680.56
20468 1680.77
20483 1680.99
20498 1681.21
20513 1681.42
20528.1 1681.64
20543.1 1681.86
20558.2 1682.08
20583.3 1622.43
20599 1622.66
20614.8 1622.89
21259.4 -1648.15
21533.8 -2784.31
21589.7 -2783.5
21694 -3002.02
21752.3 -3001.18
21810.9 -3000.33
21869.7 -2999.48
21729.4 -2221.43
21744.4 -2081.2
21724.1 -1821.46
21727.5 -1661.4
21769.1 -1640.79
21816.7 -1640.11
21864.5 -1639.42
21912.5 -1638.72
21960.8 -1638.03
22009.4 -1637.33
22058.2 -1636.62
22107.3 -1635.91
22156.9 -1635.58
22207.3 -1636.45
21773.4 -400.603
21763.4 -280.734
21767.7 -200.664
21770.6 -120.615
21763.5 -20.7061
21754.6 79.1761
21771 119.416
21759.1 219.255
21792.5 219.738
21826.2 220.224
22343.3 -752.413
22327.7 -632.626
22340.8 -572.432
22352.9 -512.25
22396.2 -511.624
22440 -510.992
22484.2 -510.355
22528.8 -509.711
22573.8 -509.06
22619.3 -508.404
22665.3 -507.741
21329.2 1713.21
21336.7 1733.32
21343.9 1753.42
21364 1753.71
21384.2 1754
21404.7 1754.3
21425.5 1754.6
21446.5 1754.9
21467.7 1755.21
21489.2 1755.52
21511 1755.83
21533 1756.15
21555.4 1756.48
21578 1756.8
21601 1757.13
21624.2 1757.47
21647.8 1757.81
21671.8 1758.16
21696 1758.51
21720.7 1758.86
21745.7 1759.22
21771.1 1759.59
21796.9 1759.96
21823.1 1760.34
21849.7 1760.72
21876.8 1761.11
21904.3 1761.51
21932.3 1761.92
21957.1 1765.86
21988.4 1763.99
21999.6 1781.47
22031.4 1780.04
22063.3 1778.99
22095.5 1778.32
22127.9 1778.01
22160.5 1778.07
22193.4 1778.48
22226.5 1779.25
22259.9 1780.36
22293.6 1781.81
22327.5 1783.6
22361.8 1785.73
22416.6 1772.91
22451.5 1775.97
22486.8 1779.34
22522.4 1783.03
22558.3 1787.04
22614.9 1777.43
22651.7 1782.32
22688.8 1787.5
22746.7 1779.84
22784.8 1785.87
22843.5 1779.55
22882.6 1786.4
22942.4 1781.4
22982.5 1789.07
23043.4 1785.35
23105 1782.38
23147 1791.36
23209.8 1789.64
23273.4 1788.65
23337.7 1788.39
23402.7 1788.85
23468.7 1790.02
23535.5 1791.9
23603.2 1794.47
23671.9 1797.75
23741.7 1801.72
23832.7 1797.39
23904.7 1802.94
23998.1 1800.61
24092.9 1799.37
24189.1 1799.22
24266.6 1808.08
20876.9 3151.86
20876.8 3157.72
20876.7 3163.55
20876.6 3169.33
20876.6 3175.08
20876.5 3180.79
20876.4 3186.47
20876.3 3192.11
20876.2 3197.72
20876.2 3203.3
20876.1 3208.85
20876 3214.36
20875.9 3219.86
20875.8 3225.32
20875.8 3230.76
20875.7 3236.17
20875.6 3241.56
20875.5 3246.92
20875.5 3252.26
20875.4 3257.58
20875.3 3262.89
20875.2 3268.17
20875.1 3273.43
20875.1 3278.68
20875 3283.9
20874.9 3289.12
20874.8 3294.32
20874.8 3299.5
20874.7 3304.67
20874.6 3309.83
20874.5 3314.97
20874.5 3320.11
20874.4 3325.24
20874.3 3330.35
20874.3 3335.46
20874.2 3340.56
20874.1 3345.66
20874 3350.74
20874 3355.83
20873.9 3360.9
20873.8 3365.98
20873.7 3371.05
20873.7 3376.12
20873.6 3381.19
20873.5 3386.26
20873.4 3391.33
20873.4 3396.39
20873.3 3401.47
20873.2 3406.54
20873.2 3411.62
20873.1 3416.7
20873 3421.78
20872.9 3426.88
20872.9 3431.97
20872.8 3437.08
20872.7 3442.19
20872.6 3447.32
20872.6 3452.45
20872.5 3457.59
20872.4 3462.74
20872.3 3467.91
20872.3 3473.09
20872.2 3478.28
20872.1 3483.49
20872 3488.71
20872 3493.95
20871.9 3499.21
20871.8 3504.49
20871.7 3509.78
20871.7 3515.1
20871.6 3520.43
20871.5 3525.79
20871.4 3531.17
20871.3 3536.57
20871.3 3542
20871.2 3547.45
20871.1 3552.94
20871 3558.44
20871 3563.98
20870.9 3569.55
20870.8 3575.15
20870.7 3580.78
20870.6 3586.45
20870.5 3592.15
20870.5 3597.88
20870.4 3603.65
20870.3 3609.46
20870.2 3615.31
20870.1 3621.2
20870 3627.14
20870 3633.11
20869.9 3639.14
20869.8 3645.2
20869.7 3651.32
20869.6 3657.48
20869.5 3663.7
20869.4 3669.97
20869.3 3676.29
20850.7 3672.8
20850.6 3679.03
20850.5 3685.32
20850.4 3691.66
20850.3 3698.07
20850.2 3704.54
20850.2 3711.07
20850.1 3717.67
20850 3724.34
20849.9 3731.08
20849.8 3737.9
20849.7 3744.79
20849.6 3751.75
20849.5 3758.8
20849.4 3765.93
20849.3 3773.15
20849.1 3780.45
20849 3787.84
20848.9 3795.33
20848.8 3802.91
20848.7 3810.6
20848.6 3818.38
20848.5 3826.28
20848.4 3834.28
20848.3 3842.39
20848.1 3850.62
20848 3858.97
20847.9 3867.45
20847.8 3876.05
20847.6 3884.79
20847.5 3893.66
20847.4 3902.68
20847.3 3911.84
20847.1 3921.16
20847 3930.63
20846.8 3940.26
20844 3947.31
20838.1 3951.16
20832.3 3955.08
20845.2 3979.35
20839.2 3983.42
20835.2 3989.6
20829.7 3994.23
20841.6 4019.2
20836 4024.02
20830.5 4028.93
20841.4 4054.19
20839.3 4063.84
20834 4069.53
20828.8 4075.34
20838.9 4101.51
20833.5 4107.59
20828.2 4113.82
20828.2 4127.54
20837.4 4154.79
20832.3 4162
20827.2 4169.4
20835.6 4197.18
20830.4 4204.97
20838 4233.15
20827.1 4232.37
20834.6 4261.6
20829.6 4270.9
20836.5 4300.65
20831.4 4310.5
20826.3 4320.65
20832.4 4351.27
20835.7 4377.9
20830.8 4389.77
20825.8 4402.04
21005.1 4777.41
21006.3 4810.6
21007.1 4844.24
21045.8 4958.92
21026.3 4953.26
21008.4 4950.57
20999.2 4967.15
20998.8 5004.5
23714.6 11468.7
23631 11467.4
23548.1 11466.2
23465.8 11465.1
23384.1 11463.9
23302.9 11462.7
23222.3 11461.5
23085.5 11299.6
23007.5 11298.4
22930 11297.3
22853 11296.2
22776.5 11295.1
22749.4 11455.6
22672.8 11456.6
22597.2 11459.8
22518.7 11451.4
22442.6 11450.3
22367 11449.2
22291.7 11448.1
22216.7 11447
22142.1 11446
22067.8 11444.9
21993.8 11443.8
21920.1 11442.7
21846.6 11441.7
21773.5 11440.6
21700.5 11439.6
21627.9 11438.5
21555.4 11437.5
21483.2 11436.4
21388.9 11275.1
21318.5 11274
21248.3 11273
21178.2 11272
21108.3 11271
20851.4 9287.1
20826.7 9606.78
20911.7 11428.2
20748.4 10065.7
20690.5 10078.7
20631 10064
20572.4 10063.2
20513.8 10062.3
20455.3 10061.5
20396.9 10060.6
20338.4 10059.8
20280 10058.9
20221.6 10058.1
20163.3 10057.2
20104.9 10056.4
20046.5 10055.6
19988 10054.7
19929.6 10053.9
19785.1 11411.9
19726.1 11251.1
19657 11250.1
19587.7 11249.1
19518.4 11248.1
19449 11247.1
19379.5 11246.1
19309.9 11245.1
19240.1 11244
19421 9486.47
19366.6 9485.69
19504.4 8287.55
19460.4 8286.92
19416.3 8286.28
19372.1 8285.64
19327.7 8285
19283.2 8284.36
19238.6 8283.72
19193.8 8283.07
19148.8 8282.42
19103.6 8281.77
19058.3 8281.11
19012.8 8280.46
18967.1 8279.8
18960.2 8139.68
18921.2 8119.12
18876.3 8118.47
18831.3 8117.82
18786 8117.17
18740.4 8116.51
18694.7 8115.85
18648.6 8115.18
18602.3 8114.51
18555.7 8113.84
19059.6 6651.52
19060.8 6563.47
19056.9 6492.34
19058.2 6411.44
19063.5 6324.53
19890.3 4319.54
19892.3 4292.53
19894.7 4265.81
19888.4 4259.23
19891.3 4233.04
19894.6 4207.09
19888.5 4201.22
19893 4174.4
19896.7 4149.98
19890.5 4145.58
19894.7 4121.48
19899.4 4097.52
19893.4 4093.54
19898.6 4069.85
19892.7 4066.11
19895.5 4047.74
19901.3 4025.08
19895.2 4022.33
19901.5 3999.84
19895.5 3997.25
19902.4 3974.91
19883.3 3992.27
19884.1 3979.56
19877.6 3977.79
19871 3976.07
19864.3 3974.38
19857.6 3972.73
19836 3990.91
19828.8 3989.32
19826.6 3981.15
19818.9 3980.11
19811.1 3979.09
19803.2 3978.09
19795.2 3977.11
19787.1 3976.14
19782.3 3971.27
19756.3 3990.51
19747.2 3989.99
19738 3989.48
19728.6 3988.97
19719.1 3988.47
19709.6 3987.84
19718.6 3967.97
19708.6 3967.83
19718.3 3947.97
19708.3 3947.82
19705.4 3940.67
19705.5 3930.74
19705.7 3920.98
19705.8 3911.39
19706 3901.94
19706.1 3892.65
19706.2 3883.5
19706.3 3874.5
19706.5 3865.63
19706.6 3856.89
19706.7 3848.29
19706.9 3839.8
19707 3831.44
19707.1 3823.19
19707.2 3815.05
19707.3 3807.02
19707.4 3799.1
19707.6 3791.28
19707.7 3783.56
19707.8 3775.93
19707.9 3768.4
19708 3760.96
19708.1 3753.61
19708.2 3746.34
19708.3 3739.15
19708.4 3732.05
19708.5 3725.02
19708.6 3718.07
19708.7 3711.19
19708.8 3704.38
19708.9 3697.64
19709 3690.96
19709.1 3684.35
19709.2 3677.81
19709.3 3671.32
19709.4 3664.9
19709.5 3658.53
19709.6 3652.21
19709.6 3645.95
19709.7 3639.74
19709.8 3633.59
19709.9 3627.48
19710 3621.42
19710.1 3615.41
19710.2 3609.44
19710.3 3603.51
19710.3 3597.63
19710.4 3591.78
19710.5 3585.98
19710.6 3580.21
19710.7 3574.48
19710.8 3568.79
19710.8 3563.13
19710.9 3557.5
19711 3551.91
19711.1 3546.35
19711.2 3540.81
19711.2 3535.31
19711.3 3529.83
19711.4 3524.38
19711.5 3518.96
19691.5 3518.29
19671.5 3517.28
19651.5 3515.92
19611.5 3518.41
19591.5 3516.18
19551.5 3517.43
19531.5 3514.33
19491.5 3514.36
19451.5 3513.68
19411.5 3512.3
19351.5 3513.15
19291.5 3512.94
19231.5 3511.68
19171.6 3509.38
19091.6 3508.23
18991.6 3507.71
18891.6 3505.44
18751.6 3504.76
18611.6 3501.64
18431.6 3498.71
18171.6 3497.2
17871.7 3493.08
17491.7 3486.88
16931.8 3479.59
16131.8 3467.79
14812 3448.92
14612.6 3401.91
14613.4 3352.27
14614.1 3302.64
14614.8 3253.01
14615.5 3203.37
14616.2 3153.72
14616.9 3104.04
14617.7 3054.34
14618.4 3004.6
14619.1 2954.82
14619.8 2904.98
14621.9 2855.21
14622.6 2805.26
14623.3 2755.23
14624 2705.12
14624.7 2654.92
14625.5 2604.62
14526.4 2539.74
10410.1 1854.41
10423.8 1768.1
10438.2 1681.91
10453.4 1595.85
10579.1 1530.78
11076.4 1541.66
11508.1 1547.63
11581.3 1483.29
12619.2 1638.42
12879.4 1629.09
13139.5 1624.25
13479.2 1644.19
13699.3 1638.65
13979.1 1653.23
14159.3 1644.65
14399.1 1656.6
14559.3 1648.8
14639.7 1618.99
14779.9 1609.57
14900.1 1595.96
15111.9 1615.51
15266.4 1618.88
15395.2 1615.72
15538.5 1620.15
15656.9 1617.68
15790.6 1623.21
15900.1 1621.46
16025.4 1628.13
16107.3 1618.78
16106.2 1575.11
16121 1538.13
16121.6 1494.71
16181.9 1478.46
16182.5 1434.99
14554.3 604.589
14555.2 542.913
14556.1 480.724
14557 418.001
17005.4 1644
17078.8 1646.61
17130.5 1638.67
17200.5 1641.74
17268.9 1645.16
17335.7 1648.93
17381.3 1641.25
17445.4 1645.51
17508.1 1650.14
17549.8 1642.61
17610.2 1647.75
17669.4 1653.27
17707.8 1645.93
17764.9 1651.98
17821.1 1658.43
17856.5 1651.28
17910.8 1658.29
17944.5 1651.18
17997.2 1658.76
18029.3 1651.71
18080.4 1659.88
18111 1652.88
18160.8 1661.67
18190 1654.73
18238.5 1664.14
18266.5 1657.26
18313.7 1667.33
18340.6 1660.52
18366.9 1653.59
18412.5 1664.52
18437.8 1657.67
18482.3 1669.29
18506.7 1662.52
18530.6 1655.62
18573.8 1668.18
18596.9 1661.36
18619.5 1654.42
18648.6 1654.51
18677.6 1654.93
18706 1655.34
18734 1655.74
18761.5 1656.14
18788.6 1656.53
18815.3 1656.92
18841.5 1657.29
18867.4 1657.67
18892.9 1658.04
18918 1658.4
18942.7 1658.76
18967.1 1659.11
18991.2 1659.45
19014.9 1659.8
19038.4 1660.14
19061.5 1660.47
19084.3 1660.8
19106.8 1661.12
19129.1 1661.44
19151 1661.76
19172.8 1662.08
19194.2 1662.39
19215.4 1662.69
19236.4 1662.99
19257.2 1663.29
19277.7 1663.59
19298 1663.88
19318.1 1664.17
19337.9 1664.46
19357.6 1664.74
19377.1 1665.03
