22520.5 -6617.1
22520.7 -6640.64
22520.9 -6664.25
22521.1 -6687.94
22521.3 -6711.7
22521.6 -6735.53
22521.8 -6759.45
22522 -6783.46
22602 -6788.76
22662.1 -6797.57
22742.1 -6800.29
22882 -6785.87
22942 -6790.69
23002.1 -6794.49
23042.2 -6803.08
23162 -6786.99
23202.1 -6793.5
23242.1 -6799.35
23302.1 -6797.95
23302.3 -6815.81
23302.4 -6833.77
23302.6 -6851.84
23302.7 -6870.03
23302.9 -6888.32
23303.1 -6906.74
23303.2 -6925.27
23303.4 -6943.94
23303.5 -6962.73
23303.7 -6981.66
23303.9 -7000.73
23304 -7019.94
23304.2 -7039.3
23304.4 -7058.82
23304.5 -7078.49
23304.7 -7098.33
23304.9 -7118.33
23305.1 -7138.51
23305.2 -7158.86
23305.4 -7179.4
23305.6 -7200.13
23305.8 -7221.06
23305.9 -7242.19
23306.1 -7263.52
22987.9 -7474.67
23047.9 -7463.95
23068 -7476.72
23108 -7476.71
23167.8 -7463.2
23187.9 -7474.59
23247.8 -7459.16
23267.9 -7469.61
23288 -7479.84
23347.8 -7461.7
23367.9 -7470.95
23412.5 -7461.97
23444.2 -7461.71
23482.4 -7456
23513.1 -7455.32
23529.4 -7465.42
23559.2 -7464.59
23593.5 -7459.43
23622.4 -7458.18
23655.1 -7453.18
23683.2 -7451.48
23714.3 -7446.65
23721.8 -7462.26
23751.4 -7457.92
23778.1 -7455.65
23806.2 -7451.51
23832.3 -7448.81
23839.2 -7464.23
24669.5 -6662.41
24669.5 -6670.67
24674.6 -6673.97
24682.8 -6673.9
24690.9 -6673.83
24698.9 -6673.76
24706.7 -6673.69
24714.4 -6673.62
24722 -6673.56
24729.4 -6673.5
24736.8 -6673.43
24744 -6673.37
24734.7 -6693.45
24742.1 -6693.39
24733.4 -6713.46
24740.8 -6713.4
24732.9 -6733.47
24740.4 -6733.4
24733 -6753.47
24740.6 -6753.4
24733.9 -6773.46
24741.5 -6773.39
24735.4 -6793.45
24743.1 -6793.38
24737.5 -6813.43
24745.3 -6813.36
24740.3 -6833.41
24735.8 -6853.45
24743.8 -6853.38
24739.8 -6873.41
24736.2 -6893.45
24744.4 -6893.37
24741.3 -6913.4
24738.6 -6933.43
24736.3 -6953.45
24744.9 -6953.37
24743.1 -6973.39
24741.6 -6993.4
24740.5 -7013.41
24739.8 -7033.42
24739.4 -7053.42
24739.4 -7073.42
24739.8 -7093.42
24740.5 -7113.42
24741.5 -7133.41
24742.8 -7153.4
24744.6 -7173.38
24738.6 -7213.44
24741.2 -7233.41
24744.1 -7253.39
24747.4 -7273.36
24743.8 -7313.4
24740.9 -7353.42
24745.5 -7373.38
24743.9 -7413.4
24742.9 -7453.41
24748.9 -7473.36
24761.2 -7473.25
24773.4 -7473.15
24785.6 -7473.04
24797.7 -7472.94
24809.7 -7472.83
24821.7 -7472.73
24833.6 -7472.63
24845.5 -7472.52
24857.3 -7472.42
24869.1 -7472.32
24880.8 -7472.22
24892.5 -7472.12
24904.1 -7472.02
24915.7 -7471.92
24927.3 -7471.82
24938.8 -7471.72
24950.3 -7471.62
24961.7 -7471.52
24973.3 -7470.18
24985.6 -7463.26
24997.5 -7458.18
25009 -7455.35
25020.2 -7455.32
25031 -7458.84
25041.3 -7469.11
25052.7 -7467.35
25064.7 -7454.74
25075.8 -7454.64
25086.9 -7454.55
25098 -7454.45
25109.1 -7454.36
25120.1 -7454.26
25131.2 -7454.17
25142.2 -7454.07
25153.3 -7453.98
25164.3 -7453.88
25175.4 -7453.79
25186.4 -7453.69
25197.5 -7453.6
25208.5 -7453.5
25219.6 -7453.4
25230.7 -7453.31
25241.8 -7453.21
25252.9 -7453.12
25264 -7453.02
25275.1 -7452.93
25286.3 -7452.83
25297.5 -7452.73
25308.7 -7452.64
25319.9 -7452.54
25331.1 -7452.44
25342.4 -7452.35
25353.7 -7452.25
25365 -7452.15
25376.4 -7452.05
25387.8 -7451.95
25399.2 -7451.86
25410.7 -7451.76
25422.2 -7451.66
25433.8 -7451.56
25445.4 -7451.46
25457 -7451.36
25468.7 -7451.26
25480.5 -7451.16
25492.3 -7451.05
25504.1 -7450.95
25516 -7450.85
25528 -7450.75
25540 -7450.64
25552.1 -7450.54
25564.3 -7450.43
25576.5 -7450.33
25588.8 -7450.22
25601.2 -7450.11
25613.6 -7450.01
25626.2 -7449.9
25638.8 -7449.79
25651.5 -7449.68
25664.3 -7449.57
25677.2 -7449.46
25690.1 -7449.35
25703.2 -7449.23
25716.4 -7449.12
25729.6 -7449.01
25743 -7448.89
25756.5 -7448.77
25770.1 -7448.66
25783.8 -7448.54
25797.6 -7448.42
25811.6 -7448.3
25825.6 -7448.18
25839.8 -7448.06
25854.2 -7447.93
25868.7 -7447.81
25883.3 -7447.68
25898.1 -7447.55
25913 -7447.43
25928.1 -7447.3
25943.3 -7447.16
25966.9 -7459.64
25980.9 -7456.86
25976.2 -7426.05
25971 -7395.52
25979.4 -7385.15
25973.7 -7355.16
25976.1 -7337.22
25970.1 -7308.23
25978.6 -7299.33
25972 -7270.77
25975.7 -7256.18
25984.6 -7248.34
25977.6 -7220.81
25970.1 -7193.45
25975.1 -7181.81
25967.3 -7155.2
25976.2 -7148.58
25967.8 -7122.24
25974.3 -7113.23
25965.5 -7087.54
25974.7 -7081.81
25965.2 -7056.34
25973.3 -7049.7
25983 -7044.64
25973 -7019.84
25982.6 -7014.95
25984 -7001.96
25983.9 -6987.76
25983.7 -6973.8
25983.6 -6960.07
25983.5 -6946.56
25983.4 -6933.27
25983.3 -6920.19
25983.2 -6907.31
25801.7 -6742.07
25801.6 -6732.28
25801.6 -6722.62
25801.5 -6713.11
25801.4 -6703.73
25801.3 -6694.49
25801.2 -6685.36
25801.2 -6676.36
25801.1 -6667.48
25801 -6658.71
25800.9 -6650.05
25821 -6655.36
25820.9 -6646.66
25840.9 -6651.41
25861 -6655.75
25881 -6659.69
25860.8 -6638.04
25880.9 -6641.69
25900.9 -6644.95
25920.9 -6647.82
25940.9 -6650.32
25940.9 -6641.04
25960.9 -6643.02
25989.4 -6649.26
25989.3 -6639.7
25989.2 -6630.23
25989.2 -6620.85
25989.1 -6611.55
25989 -6602.34
25988.9 -6593.21
25988.8 -6584.15
25988.8 -6575.17
25988.7 -6566.26
25988.6 -6557.43
25988.5 -6548.66
25988.5 -6539.96
25988.4 -6531.32
25988.3 -6522.75
25988.2 -6514.23
25988.2 -6505.78
25988.1 -6497.38
25988 -6489.04
25987.9 -6480.75
25987.9 -6472.51
25987.8 -6464.32
25987.7 -6456.17
25987.7 -6448.08
25987.6 -6440.03
25987.5 -6432.02
25987.5 -6424.05
25987.4 -6416.12
25987.3 -6408.24
25987.2 -6400.38
25987.2 -6392.57
25987.1 -6384.79
25987 -6377.04
25987 -6369.32
25986.9 -6361.63
25986.8 -6353.97
25986.8 -6346.34
25986.7 -6338.73
25986.7 -6331.15
25986.6 -6323.59
25986.5 -6316.06
25986.5 -6308.54
25986.4 -6301.05
25986.3 -6293.57
25986.3 -6286.11
25986.2 -6278.67
25986.1 -6271.24
25986.1 -6263.82
25986 -6256.42
25985.9 -6249.03
25985.9 -6241.65
25985.8 -6234.27
25985.8 -6226.91
25985.7 -6219.55
25985.6 -6212.2
25985.6 -6204.85
25985.5 -6197.51
25985.4 -6190.17
25985.4 -6182.83
25985.3 -6175.49
25985.2 -6168.14
25985.2 -6160.8
25985.1 -6153.45
25985.1 -6146.1
25985 -6138.74
25984.9 -6131.38
25984.9 -6124.01
25984.8 -6116.63
25984.7 -6109.24
25984.7 -6101.84
25984.6 -6094.42
25984.5 -6086.99
25984.5 -6079.55
25984.4 -6072.09
25984.4 -6064.61
25984.3 -6057.12
25984.2 -6049.6
25984.2 -6042.07
25984.1 -6034.51
25984 -6026.93
25984 -6019.33
25983.9 -6011.7
25983.8 -6004.04
25983.8 -5996.35
25983.7 -5988.63
25983.6 -5980.89
25983.6 -5973.11
25983.5 -5965.29
25983.4 -5957.44
25983.4 -5949.56
25983.3 -5941.63
25983.2 -5933.67
25983.2 -5925.66
25983.1 -5917.61
25983 -5909.52
25982.9 -5901.38
25982.9 -5893.19
25982.8 -5884.95
25982.7 -5876.66
25982.7 -5868.32
25982.6 -5859.93
25982.5 -5851.48
25982.4 -5842.96
25982.4 -5834.39
25982.3 -5825.76
25982.2 -5817.06
25982.1 -5808.3
25982.1 -5799.46
25982 -5790.56
25981.9 -5781.58
25981.8 -5772.53
25981.8 -5763.4
25981.7 -5754.19
25981.6 -5744.9
25973.1 -5740.1
25973 -5730.73
25972.9 -5721.27
25972.9 -5711.72
25972.8 -5702.08
25972.7 -5692.33
25972.6 -5682.49
25972.5 -5672.54
25972.4 -5662.48
25972.3 -5652.32
25972.3 -5642.04
25972.2 -5631.64
25972.1 -5621.12
25972 -5610.47
25971.9 -5599.7
25971.8 -5588.8
25971.7 -5577.75
25971.6 -5566.57
25971.5 -5555.24
25971.4 -5543.76
25971.3 -5532.12
25971.2 -5520.33
25971.1 -5508.37
25971 -5496.23
25970.9 -5483.93
25970.8 -5471.44
25970.7 -5458.76
25970.6 -5445.88
25970.4 -5432.81
25970.3 -5419.53
25970.2 -5406.03
25970.1 -5392.31
25970 -5378.37
25969.9 -5364.18
25968.8 -5350.71
25959.4 -5345.64
25950.2 -5340.47
25959.9 -5315.05
25952 -5308.19
25961.3 -5282.19
25952.4 -5276.23
25961 -5250.01
25954.6 -5240.73
25962.9 -5213.84
25954.2 -5206.96
25961.8 -5179.79
25953.1 -5172.61
25932.8 -5180.17
25924.8 -5172.21
25901.7 -5184.19
25894.2 -5175.84
25877.4 -5180.29
25870.6 -5171.03
25849.9 -5181.67
25843.5 -5171.95
25823.7 -5182.09
25810.9 -5182.19
25805.5 -5171.12
25787.4 -5179.85
25769.8 -5188.27
25765 -5176.24
25757.5 -5168.68
25745.3 -5168.79
25733.3 -5168.89
25721.5 -5168.99
25709.7 -5169.09
25698.1 -5169.19
25686.5 -5169.29
25675.1 -5169.39
25663.8 -5169.49
25652.6 -5169.59
25641.4 -5169.68
25630.4 -5169.78
25619.5 -5169.87
25608.7 -5169.96
25597.9 -5170.06
25587.2 -5170.15
25576.7 -5170.24
25566.2 -5170.33
25555.7 -5170.42
25545.4 -5170.51
25535.1 -5170.6
25524.9 -5170.69
25514.8 -5170.77
25504.7 -5170.86
25515.3 -5110.77
25511.4 -5090.8
25507.3 -5070.84
25496.5 -5070.93
25510.1 -4990.81
25504.6 -4970.85
25498.7 -4950.9
25509.1 -4870.81
25507.4 -4830.83
25499.8 -4810.89
25511.8 -4710.78
25502.9 -4690.86
25498.2 -4650.9
25510.5 -4530.79
25508 -4470.81
25500.4 -4430.87
25492.1 -4390.94
25759.1 -2848.58
25729 -2848.84
25698.9 -2849.1
25668.9 -2849.36
25639 -2849.62
25609.2 -2849.87
25579.4 -2850.13
25549.7 -2850.39
25520.1 -2850.64
25490.6 -2850.9
25461.1 -2851.15
25431.7 -2851.4
25402.3 -2851.66
25372.9 -2851.91
25343.6 -2852.16
25314.3 -2852.42
25285.1 -2852.67
25255.9 -2852.92
25226.7 -2853.17
25197.5 -2853.42
25168.4 -2853.67
25139.2 -2853.93
25110.1 -2854.18
25080.9 -2854.43
25051.8 -2854.68
25022.6 -2854.93
24993.4 -2855.18
24976.2 -3075.34
24948.9 -3075.58
24905.7 -2855.94
24986.1 -4215.3
24968.7 -4215.45
25058.9 -5309.76
25056.7 -5361.45
25049.8 -5365.32
25042.5 -5365.61
25034.8 -5363.07
25026.8 -5358.25
25021.4 -5371.57
25012.7 -5363.38
25007.1 -5373.88
24999.3 -5371.12
24991.9 -5371.18
24984.5 -5371.25
24977 -5371.31
24969.6 -5371.38
24962.1 -5371.44
24954.6 -5371.51
24947.1 -5371.57
24939.5 -5371.64
24931.9 -5371.7
24924.2 -5371.77
24916.6 -5371.83
24908.9 -5371.9
24901.1 -5371.97
24893.3 -5372.03
24885.5 -5372.1
24877.6 -5372.17
24869.7 -5372.24
24861.8 -5372.31
24853.8 -5372.37
24845.7 -5372.44
24837.6 -5372.51
24829.4 -5372.58
24821.2 -5372.66
24813 -5372.73
24804.7 -5372.8
24796.3 -5372.87
24787.8 -5372.94
24779.3 -5373.02
24770.7 -5373.09
24762.1 -5373.16
24753.4 -5373.24
24744.6 -5373.32
24735.8 -5373.39
24726.8 -5373.47
24717.8 -5373.55
24708.7 -5373.63
24699.6 -5373.7
24690.3 -5373.78
24680.9 -5373.86
24671.5 -5373.95
24662 -5374.03
24652.3 -5374.11
24642.6 -5374.2
24632.8 -5374.28
24622.8 -5374.37
24612.8 -5374.45
24602.6 -5374.54
24592.3 -5374.63
24581.9 -5374.72
24571.4 -5374.81
24560.7 -5374.9
24549.9 -5374.99
24539 -5375.09
24528 -5375.18
24516.7 -5375.28
24505.4 -5375.38
24493.9 -5375.48
24482.2 -5375.58
24470.4 -5375.68
24458.4 -5375.78
24446.2 -5375.89
24433.8 -5376
24421.3 -5376.1
24408.5 -5376.21
24395.6 -5376.33
24382.4 -5376.44
24369.1 -5376.55
24355.5 -5376.67
24341.7 -5376.79
24327.6 -5376.91
24318.4 -5382
23281.4 -4400.56
23281.7 -4431.86
23282 -4462.63
23282.2 -4492.9
23282.5 -4522.69
23282.8 -4552
23283 -4580.86
23283.2 -4609.28
23283.5 -4637.27
23263.6 -4648.35
23223.5 -4643.42
23183.5 -4639.25
23163.6 -4651.47
23143.7 -4663.87
23083.6 -4646.31
23043.5 -4644.83
23003.5 -4644.07
22983.7 -4658.28
22952.2 -4664.58
22912.2 -4665.55
22852.1 -4653.72
22812.1 -4656.31
22772.1 -4659.57
22712 -4650.77
22672.1 -4655.59
22632.1 -4661.05
22572.1 -4655.17
22532.1 -4662.15
22512.3 -4681.27
22512.6 -4711.83
22512.8 -4742.09
22513.1 -4772.05
22513.3 -4801.72
22513.6 -4831.12
23297.3 -5256.09
23297.5 -5276.36
23297.6 -5296.46
23297.8 -5316.38
23298 -5336.13
23298.1 -5355.72
23298.3 -5375.15
23297.1 -5393.83
23295.3 -5412.14
23305.8 -5435.43
23302.7 -5452.88
23299.3 -5470.2
23304.6 -5490.71
23299.6 -5507.2
23294.3 -5523.59
23293.2 -5541.43
23305.9 -5563.87
23298.2 -5579.19
23309.6 -5600.7
23299.1 -5615.09
23308.1 -5635.46
23310.2 -5653.54
23295.6 -5666.78
23300.2 -5685.45
23310.7 -5705.49
23310.5 -5722.58
23309 -5739.25
23293.1 -5752.46
23293.3 -5769.55
23293.4 -5786.57
23293.5 -5803.52
23293.7 -5820.4
23293.8 -5837.23
23294 -5853.99
23294.1 -5870.7
23294.3 -5887.36
23294.4 -5903.97
23294.6 -5920.53
23294.7 -5937.04
23294.8 -5953.52
23295 -5969.95
23295.1 -5986.35
23295.3 -6002.72
23295.4 -6019.05
23295.5 -6035.35
23295.7 -6051.63
23295.8 -6067.88
23296 -6084.11
23296.1 -6100.33
23296.2 -6116.53
23296.4 -6132.71
23296.5 -6148.88
23296.7 -6165.05
23296.8 -6181.21
23296.9 -6197.36
23297.1 -6213.51
22517.3 -6246.45
22517.5 -6269.43
22517.7 -6292.41
22517.9 -6315.41
22518.1 -6338.42
22518.3 -6361.45
22518.5 -6384.5
22518.7 -6407.58
22518.9 -6430.7
22519.1 -6453.84
22519.3 -6477.02
22519.5 -6500.24
22519.7 -6523.51
22519.9 -6546.83
22520.1 -6570.19
22520.3 -6593.61
22520.5 -6617.1
