5041.53 -2391.97
5041.53 -2391.97
5041.53 -2391.97
5041.53 -2391.97
5037.75 -2400.14
5037.75 -2400.14
5028.5 -2418.99
5028.5 -2418.99
5022.65 -2431.16
5016.91 -2443.37
5005.76 -2467.96
5000.34 -2480.33
5000.34 -2480.33
4995.03 -2492.74
4989.83 -2505.2
4984.74 -2517.7
4979.75 -2530.25
4974.88 -2542.84
4970.12 -2555.47
4965.47 -2568.14
4960.93 -2580.86
4956.5 -2593.61
4952.18 -2606.4
4947.97 -2619.23
4939.89 -2644.99
4939.89 -2644.99
4936.02 -2657.92
4928.62 -2683.89
4925.09 -2696.92
4925.09 -2696.92
4918.37 -2723.07
4918.37 -2723.07
4912.11 -2749.33
4912.11 -2749.33
4909.16 -2762.51
4906.31 -2775.7
4903.59 -2788.92
4899.04 -2812.49
4896.93 -2824.3
4896.93 -2824.3
4893 -2847.98
4893 -2847.98
4889.5 -2871.72
4889.5 -2871.72
4888.1 -2882.13
4886.7 -2892.53
4885.3 -2902.94
4883.9 -2913.35
4880.8 -2937.15
4880.8 -2937.15
4879.41 -2949.07
4919.47 -3034.24
4918.26 -3046.18
4917.15 -3058.13
4916.15 -3070.08
4914.45 -3094.02
4914.45 -3094.02
4913.76 -3106
4913.17 -3117.99
4912.58 -3129.97
4912 -3141.96
4911.41 -3153.95
4910.82 -3165.93
4910.24 -3177.92
4909.65 -3189.9
4908.96 -3201.88
4908.16 -3213.86
4907.26 -3225.82
4906.26 -3237.78
4905.29 -3248.24
4904.32 -3258.69
4903.35 -3269.15
4902.38 -3279.6
4901.4 -3290.06
4900.43 -3300.51
4899.32 -3312.46
4898.22 -3324.41
4897.11 -3336.36
4896 -3348.31
4894.78 -3360.24
4893.47 -3372.17
4890.98 -3393.02
4890.98 -3393.02
4889.56 -3404.94
4888.14 -3416.85
4886.89 -3427.28
4885.65 -3437.71
4883.16 -3458.56
4883.16 -3458.56
4880.67 -3479.41
4880.67 -3479.41
4879.43 -3489.84
4878.18 -3500.26
4876.85 -3510.68
4837.36 -3457.52
4835.76 -3467.9
4834.07 -3478.26
4832.47 -3487.12
4830.71 -3495.95
4828.66 -3506.24
4824.47 -3526.82
4824.47 -3526.82
4819.92 -3547.32
4819.92 -3547.32
4814.74 -3567.67
4811.89 -3577.78
4811.89 -3577.78
4808.86 -3587.83
4805.66 -3597.83
4802.28 -3607.77
4798.73 -3617.66
4795.01 -3627.47
4791.11 -3637.23
4787.05 -3646.91
4778.5 -3666.09
4778.5 -3666.09
4774.11 -3675.62
4765.06 -3694.58
4765.06 -3694.58
4760.41 -3703.99
4750.87 -3722.7
4750.87 -3722.7
4741.01 -3741.24
4735.96 -3750.44
4735.96 -3750.44
4730.82 -3759.6
4725.61 -3768.72
4720.32 -3777.79
4709.5 -3795.78
4709.5 -3795.78
4703.97 -3804.71
4698.37 -3813.59
4686.92 -3831.2
4686.92 -3831.2
4681.09 -3839.93
4669.19 -3857.23
4669.19 -3857.23
4663.13 -3865.8
4656.99 -3874.32
4650.78 -3882.79
4646.29 -3888.8
4640.77 -3903.22
