16567 -1098.16
16567 -1098.16
16567 -1098.16
16567 -1098.16
16567 -1098.16
16567 -1098.16
16567 -1098.16
16567 -1098.16
16567 -1098.16
16567 -1098.16
16567 -1098.16
16567 -1098.16
16567 -1098.16
16567 -1098.16
16567 -1098.16
16567 -1098.16
16567 -1098.16
16567 -1098.16
16567 -1098.16
16567 -1098.16
16591.8 -1094.75
16591.8 -1094.75
16591.8 -1094.75
16591.8 -1094.75
16591.8 -1094.75
16591.8 -1094.75
16591.8 -1094.75
16591.8 -1094.75
16591.8 -1094.75
16591.8 -1094.75
16591.8 -1094.75
16591.8 -1094.75
16591.8 -1094.75
16591.8 -1094.75
16591.8 -1094.75
16591.8 -1094.75
16591.8 -1094.75
16591.8 -1094.75
16591.8 -1094.75
16591.8 -1094.75
16579.8 -1086.1
16579.8 -1086.1
16577.5 -1087.99
16577.5 -1087.99
16573.6 -1091.13
16569.7 -1094.27
16565.8 -1097.41
16558 -1103.69
16558 -1103.69
16556.4 -1104.94
16556.4 -1104.94
16556.4 -1104.94
16556.4 -1104.94
16556.4 -1104.94
16556.4 -1104.94
16556.4 -1104.94
16556.4 -1104.94
16556.4 -1104.94
16556.4 -1104.94
16556.4 -1104.94
16556.4 -1104.94
16556.4 -1104.94
16556.4 -1104.94
16556.4 -1104.94
16556.4 -1104.94
16556.4 -1104.94
16556.4 -1104.94
16560.6 -1111.57
16560.6 -1111.57
16560.6 -1111.57
16560.6 -1111.57
16560.6 -1111.57
16560.6 -1111.57
16560.6 -1111.57
16560.6 -1111.57
16560.6 -1111.57
16560.6 -1111.57
16560.6 -1111.57
16560.6 -1111.57
16560.1 -1114.09
16560.1 -1114.09
16560.1 -1114.09
16560.1 -1114.09
16560.1 -1114.09
16560.1 -1114.09
16560.1 -1114.09
16560.1 -1114.09
16560.1 -1114.09
16560.1 -1114.09
16560.1 -1114.09
16560.1 -1114.09
16560.1 -1114.09
16560.1 -1114.09
16547.4 -1112.08
16547.4 -1112.08
16547.4 -1112.08
16547.4 -1112.08
16547.4 -1112.08
16547.4 -1112.08
16547.4 -1112.08
16547.9 -1115.04
16547.9 -1115.04
16548.7 -1120.99
16549.7 -1129.94
16550.8 -1141.88
16552.1 -1156.83
16557.3 -1171.42
16558.6 -1187.12
16559.9 -1201.31
16562.3 -1229.71
16563.6 -1243.9
16563.6 -1243.9
16564.8 -1258.1
16566 -1272.3
16567.2 -1286.49
16568.3 -1299.2
16570.5 -1324.6
16570.5 -1324.6
16571.6 -1337.3
16572.7 -1350.01
16573.8 -1362.71
16574.8 -1373.92
16575.8 -1385.12
16576.8 -1396.33
16578.7 -1418.75
16578.7 -1418.75
16579.7 -1429.96
16580.6 -1441.16
16581.6 -1452.37
16582.5 -1462.09
16573.7 -1484.82
16574.5 -1494.53
16575.4 -1504.24
16576.4 -1513.95
16577.4 -1523.64
16579.8 -1543
16579.8 -1543
16581.2 -1552.64
16582.7 -1562.28
16584.1 -1571.93
16585.3 -1581.6
16586.6 -1591.26
16587.9 -1600.92
16589.3 -1610.57
16590.7 -1620.22
16593.9 -1639.46
16593.9 -1639.46
16595.7 -1649.04
16597.6 -1658.6
16601.8 -1677.64
16604.1 -1687.12
16604.1 -1687.12
16606.5 -1696.57
16609.1 -1705.98
16611.7 -1715.37
16614.5 -1724.71
16617.4 -1734.02
16620.4 -1743.29
16623.6 -1752.52
16630.2 -1770.85
16630.2 -1770.85
16637.3 -1789
16637.3 -1789
16641.1 -1798
16648.9 -1815.86
16648.9 -1815.86
16653 -1824.71
16658.5 -1836.21
16665.3 -1849.6
16672.4 -1862.8
16679.8 -1875.82
16686.9 -1887.35
16643.4 -1878.13
16651.8 -1890.58
16660.5 -1902.81
16678.8 -1926.56
16678.8 -1926.56
16688.4 -1938.07
16698.3 -1949.32
16716.9 -1968.89
16716.9 -1968.89
16725 -1976.79
16733.1 -1984.55
16741.4 -1992.16
16749.8 -1999.63
16758.3 -2006.96
16767 -2014.13
16775.8 -2021.15
16793.7 -2034.72
16793.7 -2034.72
16812.1 -2047.66
16821.5 -2053.89
16821.5 -2053.89
16856 -2070.94
16875.2 -2082.53
16875.2 -2082.53
16885 -2088.07
16894.9 -2093.43
16904.9 -2098.63
16916.3 -2104.32
16938.1 -2114.38
16948.5 -2118.68
16959 -2122.8
16959 -2122.8
16969.5 -2126.79
16980.1 -2130.63
16990.7 -2134.34
17007.8 -2139.95
17007.8 -2139.95
17023.5 -2144.87
17031.4 -2147.28
17031.4 -2147.28
17047.2 -2152
17047.2 -2152
17055.1 -2154.31
17063.1 -2156.58
17081.9 -2161.75
17081.9 -2161.75
17076.8 -2161.8
17084.8 -2163.76
17100.9 -2167.56
17100.9 -2167.56
17108.9 -2169.41
17117 -2171.23
17126.5 -2173.33
17145.6 -2177.41
17145.6 -2177.41
17163.2 -2181.03
17163.2 -2181.03
17169.1 -2182.25
17174.9 -2183.49
17182.3 -2185.08
17190.3 -2186.79
17206.5 -2190.1
17206.5 -2190.1
17214.6 -2191.7
17222.7 -2193.27
17230.8 -2194.87
17238.9 -2196.51
17253.6 -2199.59
17260.1 -2201.01
17260.1 -2201.01
17266.7 -2202.47
17273.3 -2203.96
17281.4 -2205.81
17297.4 -2209.61
17297.4 -2209.61
17305.4 -2211.57
17319.9 -2215.4
17319.9 -2215.4
17326.4 -2217.2
17332.9 -2219.02
17339.4 -2220.94
17347.3 -2223.38
17355.1 -2225.92
17361.5 -2228.08
17367.9 -2230.33
17374.2 -2232.67
17380.5 -2235.08
17388.2 -2238.13
17388.2 -2238.13
17388.2 -2238.13
17391 -2239.23
17396.6 -2241.33
17402.9 -2243.69
17409.9 -2246.37
17416.9 -2249.11
17423.9 -2251.92
17436.3 -2257.12
17436.3 -2257.12
17441.8 -2259.51
17448.7 -2262.56
17462.3 -2268.83
17462.3 -2268.83
17473.1 -2274.03
17473.1 -2274.03
17479.8 -2277.37
17487.2 -2281.11
17495.2 -2285.26
17467.9 -2301.21
17467.9 -2301.21
17470.6 -2302.59
17476 -2305.29
17482.7 -2308.68
17490.7 -2312.79
17498.7 -2316.93
17506.6 -2321.17
17514.5 -2325.52
17522.3 -2329.97
17530.1 -2334.53
17539 -2339.96
17556.8 -2351.17
17565.6 -2356.95
17565.6 -2356.95
17574.3 -2362.85
17582.9 -2368.86
17591.4 -2374.9
17608.5 -2387.1
17608.5 -2387.1
17625.5 -2399.45
17634 -2405.68
17634 -2405.68
17642.4 -2411.95
17659.2 -2424.6
17659.2 -2424.6
17667.5 -2430.97
17675.8 -2437.39
17684.1 -2443.84
17692.4 -2450.32
17700.6 -2456.85
17708.8 -2463.4
17717 -2470
17725.1 -2476.63
17741.3 -2489.99
17741.3 -2489.99
17749.4 -2496.73
17757.4 -2503.5
17765.4 -2510.3
17781.3 -2524.02
17781.3 -2524.02
17789.2 -2530.92
17794.8 -2535.88
17798.2 -2538.86
