25670.3 2944.99
25695 2959.64
25741.1 2957.65
25731.1 3000.09
25729.5 3035.38
25727.9 3070.15
25726.3 3104.43
25724.8 3138.22
25723.3 3171.55
25721.8 3204.42
25720.3 3236.86
25718.8 3268.87
25717.4 3300.47
25715.9 3331.67
25714.5 3362.49
25713.1 3392.93
25711.8 3423.01
25710.4 3452.73
25709.1 3482.12
25707.8 3511.17
25706.4 3539.9
25705.1 3568.32
25703.9 3596.44
25702.6 3624.26
25701.3 3651.8
25700.1 3679.06
25698.9 3706.05
25697.6 3732.79
25696.4 3759.27
25695.2 3785.51
25694.1 3811.5
25692.9 3837.27
25691.7 3862.82
25690.6 3888.15
25689.4 3913.27
25688.3 3938.18
25687.1 3962.9
25686 3987.43
25684.9 4011.77
25683.8 4035.93
25682.7 4059.92
25091.8 4285.19
25091 4303.02
25090.2 4320.73
25089.4 4338.33
25088.6 4355.81
25087.8 4373.18
25087 4390.46
25086.2 4407.63
25085.5 4424.7
25084.7 4441.68
25083.9 4458.57
25083.2 4475.37
25082.4 4492.09
25081.6 4508.73
25080.9 4525.29
25080.1 4541.78
25079.4 4558.19
25078.6 4574.54
25077.9 4590.82
25077.1 4607.04
25076.4 4623.2
25075.7 4639.3
25074.9 4655.34
25074.2 4671.34
25073.5 4687.28
25072.8 4703.18
25072 4719.04
25071.3 4734.85
25070.6 4750.63
25069.9 4766.37
25069.2 4782.08
25068.4 4797.75
25067.7 4813.4
25067 4829.02
25066.3 4844.62
25065.6 4860.19
25064.9 4875.75
25064.2 4891.29
25063.5 4906.82
25062.8 4922.33
25062.1 4937.84
25061.3 4953.34
25060.6 4968.84
25059.9 4984.33
25059.2 4999.82
25058.5 5015.32
25057.8 5030.82
25635.5 5093.62
25634.6 5114.21
25633.7 5134.81
25632.7 5155.44
25631.8 5176.08
25630.8 5196.76
25629.9 5217.46
25629 5238.19
25628 5258.96
25627.1 5279.77
25626.1 5300.62
25625.2 5321.51
25624.2 5342.46
25623.2 5363.45
25622.3 5384.5
25621.3 5405.61
25620.3 5426.79
25619.4 5448.02
25618.4 5469.33
25617.4 5490.71
25616.5 5512.17
25615.5 5533.71
25614.5 5555.33
25613.5 5577.04
25612.5 5598.84
25611.5 5620.74
25610.5 5642.73
25609.5 5664.83
25608.5 5687.04
25607.5 5709.36
25606.4 5731.8
25605.4 5754.36
25604.4 5777.04
25603.3 5799.85
25602.3 5822.8
25601.2 5845.89
25600.2 5869.12
25599.1 5892.5
25598 5916.03
25596.9 5939.73
25595.9 5963.58
25594.8 5987.61
25593.7 6011.81
25592.5 6036.2
25591.4 6060.77
25590.3 6085.53
25589.2 6110.49
25588 6135.66
25586.8 6161.04
25585.7 6186.64
25584.5 6212.46
25583.3 6238.51
25582.1 6264.8
25619.9 6314.95
25618.6 6342.2
25617.4 6369.72
25616.1 6397.51
25614.8 6425.58
25613.5 6453.94
25612.2 6482.61
25610.9 6511.58
25609.6 6540.88
25608.2 6570.5
25606.8 6600.46
25605.5 6630.78
25604.1 6661.45
25602.6 6692.5
25601.2 6723.93
25599.7 6755.75
25598.3 6787.99
25596.8 6820.64
25595.3 6853.73
25593.7 6887.27
25592.2 6921.28
25590.6 6955.76
25589 6990.73
25587.4 7026.21
25585.8 7062.22
25584.1 7098.78
25582.4 7135.89
25580.7 7173.59
25578.9 7211.88
25577.2 7250.8
25575.4 7290.36
25585.9 7343.72
25552.9 7351.2
25518.8 7357.02
25478.2 7355.17
25438.4 7353.36
25399.2 7351.57
25272.5 7245.68
25236.2 7244.02
25200.5 7242.39
25165.3 7240.79
25130.7 7239.21
25096.6 7237.65
25063 7236.12
25029.8 7234.61
24997.2 7233.12
24965 7231.65
24933.2 7230.2
24901.9 7228.77
24871 7227.36
24840.5 7225.97
24810.4 7224.6
24780.7 7223.24
24335 6562.24
24314.3 6561.29
24293.7 6560.36
24273.5 6559.43
24253.4 6558.52
24233.6 6557.61
24214 6556.72
24194.6 6555.83
24175.4 6554.96
24156.4 6554.09
24137.6 6553.23
24119 6552.38
24100.6 6551.54
24082.4 6550.71
24064.3 6549.89
24046.4 6549.07
24028.6 6548.26
24011 6547.46
23993.6 6546.66
23976.3 6545.87
23959.1 6545.09
23942.1 6544.31
23925.2 6543.54
23908.5 6542.78
23891.9 6542.02
23875.4 6541.27
23859 6540.52
23842.7 6539.78
23826.6 6539.04
23810.5 6538.31
23794.6 6537.58
23778.7 6536.86
23763 6536.14
23747.3 6535.42
23731.7 6534.71
23716.3 6534.01
23700.9 6533.3
23685.6 6532.6
23689.3 6612.86
23687.1 6672.82
23675.1 6692.3
23679.6 6792.6
23666.2 6812.01
23736.7 7275.71
23715.1 7274.72
23693.5 7273.74
23672.1 7272.76
23650.7 7271.78
23629.4 7270.81
23608.1 7269.84
23587 7268.88
23565.9 7267.91
23544.8 7266.95
23525.4 7281.87
23504.5 7282.87
23482.4 7269.5
23461.7 7270.23
23434.1 7165.4
23414.7 7174.17
23394.1 7159.97
23374.3 7159.07
23354.5 7158.17
23334.8 7157.27
23315.1 7156.36
23295.3 7155.47
23275.7 7154.57
23256 7153.67
23236.3 7152.77
23216.7 7151.88
23197 7150.98
23177.3 7150.08
23157.7 7149.18
23138 7148.29
23118.4 7147.39
23098.7 7146.49
23079 7145.59
23059.3 7144.7
23039.6 7143.8
23019.8 7142.89
23000.1 7141.99
22980.3 7141.09
22960.4 7140.18
22940.6 7139.28
22920.7 7138.37
22900.7 7137.46
22880.7 7136.55
22860.7 7135.63
22840.6 7134.72
22820.5 7133.8
22800.3 7132.88
22780 7131.95
22759.7 7131.03
22715 7229.09
22693.6 7228.11
22672.2 7227.14
22650.7 7226.15
22627.6 7230.21
22601.8 7242.96
22580.7 7239.1
22557.5 7241.8
22540.1 7226.16
22519.2 7221.42
22493 7231.86
22472.9 7224.22
22446.8 7233.25
22424.8 7230.36
22407.4 7215.05
22378.8 7228.85
22354.5 7230.75
22337.8 7213.8
22310.3 7222.83
22300.8 7189.12
22305.3 7125.07
22305 7074.22
22314.4 7004.24
22319.2 6946.73
22320.7 6898.41
22322.8 6850.44
22327.8 6798.45
22320.7 6771.72
22325.5 6723.27
22329.2 6678.42
22333.6 6633.78
22327.7 6609.12
22332.8 6565.68
22337.6 6524.3
22343.8 6481.94
22336.7 6462.59
22343.7 6421.18
22339 6399.31
22343.6 6363.57
22352.1 6323.05
22349.4 6300.34
22358.7 6260.72
22355.2 6240.54
22352 6220.37
22363.1 6180.84
22360.8 6160.71
22358.8 6140.6
22357.1 6120.5
22355.8 6100.42
22370 6061.03
22369.6 6040.99
22369.5 6020.96
22369.7 6000.95
22370.3 5980.96
22371.2 5960.98
22372.4 5941.01
22374.1 5921.07
22376 5901.14
22378.4 5881.22
22363 5880.52
22365.8 5860.63
22369 5840.75
22372.5 5820.89
22376.5 5801.05
22380.9 5781.23
22385.6 5761.43
22370.5 5760.74
22375.7 5740.96
22368.3 5733.08
22369 5717.98
22369.7 5703.13
22370.3 5688.53
22371 5674.16
22371.6 5660.03
22372.3 5646.12
22372.9 5632.43
22373.5 5618.94
22374.1 5605.65
22374.7 5592.56
22375.3 5579.66
22375.9 5566.94
22376.5 5554.4
22377 5542.03
22377.6 5529.83
22378.1 5517.79
22378.7 5505.9
22379.2 5494.16
22379.7 5482.58
22380.3 5471.13
22380.8 5459.82
22381.3 5448.65
22381.8 5437.6
22382.3 5426.68
22382.8 5415.89
22383.3 5405.21
22383.7 5394.64
22384.2 5384.19
22384.7 5373.85
22385.2 5363.61
22385.6 5353.47
22386.1 5343.43
22386.5 5333.49
22387 5323.64
22387.4 5313.88
22387.9 5304.2
22388.3 5294.62
22388.7 5285.11
22389.2 5275.68
22389.6 5266.33
22390 5257.06
22390.4 5247.86
22390.9 5238.73
22391.3 5229.66
22391.7 5220.67
22392.1 5211.74
22392.5 5202.86
22392.9 5194.05
22393.3 5185.3
22393.7 5176.6
22394.1 5167.96
22394.5 5159.37
22394.9 5150.83
22395.3 5142.34
22395.6 5133.9
22396 5125.5
22396.4 5117.15
22396.8 5108.84
22397.2 5100.57
22397.5 5092.34
22397.9 5084.15
22398.3 5075.99
22398.7 5067.87
22399 5059.78
22399.4 5051.72
22399.8 5043.69
22400.1 5035.7
22400.5 5027.72
22400.9 5019.78
22401.2 5011.86
22401.6 5003.97
22401.9 4996.09
22402.3 4988.24
22402.6 4980.41
22403 4972.6
22403.4 4964.8
22403.7 4957.02
22404.1 4949.25
22404.4 4941.5
22404.8 4933.76
22405.1 4926.03
22405.5 4918.31
22405.8 4910.6
22406.2 4902.9
22406.5 4895.21
22406.9 4887.52
22407.2 4879.83
22407.6 4872.14
22407.9 4864.46
22408.3 4856.78
22408.6 4849.1
22409 4841.41
22409.3 4833.72
22409.7 4826.03
22410 4818.33
22410.4 4810.63
22410.7 4802.92
22411.1 4795.2
22411.5 4787.47
22411.8 4779.72
22412.2 4771.97
22412.5 4764.2
22412.9 4756.41
22413.2 4748.61
22413.6 4740.8
22413.9 4732.96
22414.3 4725.1
22414.7 4717.23
22415 4709.32
22415.4 4701.4
22415.7 4693.45
22416.1 4685.47
22416.5 4677.47
22416.8 4669.44
22417.2 4661.37
22417.6 4653.27
22417.9 4645.14
22418.3 4636.98
22418.7 4628.78
22419.1 4620.54
22419.4 4612.26
22419.8 4603.94
22420.2 4595.57
22420.6 4587.17
22421 4578.71
22421.4 4570.21
22421.8 4561.66
22422.1 4553.06
22422.5 4544.4
22422.9 4535.69
22423.3 4526.93
22423.7 4518.1
22424.1 4509.22
22424.6 4500.27
22425 4491.26
22425.4 4482.18
22425.8 4473.03
22426.2 4463.82
22426.6 4454.52
22427.1 4445.16
22427.5 4435.71
22427.9 4426.19
22428.4 4416.58
22428.8 4406.89
22429.3 4397.1
22429.7 4387.23
22430.2 4377.27
22430.6 4367.21
22431.1 4357.04
22431.6 4346.78
22432 4336.41
22432.5 4325.93
22433 4315.34
22433.5 4304.64
22434 4293.81
22434.5 4282.86
22435 4271.79
22435.5 4260.58
22436 4249.24
22436.5 4237.77
22437.1 4226.14
22456.9 4229.99
22476.7 4234.23
22496.5 4238.87
22516.3 4243.9
22516.9 4232.62
22536.6 4238.19
22556.4 4244.18
22556.9 4233
22576.6 4239.55
22596.3 4246.54
22596.8 4235.47
22616.5 4243.04
22617 4231.93
22636.6 4240.1
22656.3 4248.75
22656.8 4237.75
22676.4 4247.03
22676.9 4236
22685.2 4233.5
22696.2 4234
22706.9 4234.49
22717.5 4234.97
22727.9 4235.44
22738.1 4235.91
22748.2 4236.37
22758.1 4236.82
22767.9 4237.27
22785.5 4248.06
22794.4 4247.93
22803.2 4247.78
22808.1 4242.4
22816.3 4241.75
22820.2 4234.91
22828 4233.72
22835.7 4232.48
22838.3 4223.56
22845.6 4221.72
22839.6 4199.2
22841.2 4188
22848.2 4185.43
22842.9 4162.2
22843.5 4148.51
22850.4 4145.1
22845.5 4121.03
22845.4 4104.58
22852.1 4100.19
22847.8 4075.14
22846.8 4055.62
22853.4 4050.08
22849.6 4023.87
22848 4000.9
22854.4 3994
22851.2 3966.41
22857.8 3959.03
22855.2 3931.02
22852.6 3901.77
22859.1 3892.61
22855.9 3859.96
22862.2 3849.08
22860.3 3817.38
22858.9 3785.24
22862.9 3765.97
22861.7 3731.66
22868.1 3717.11
22871.2 3692.53
22883.2 3693.08
22869.6 3615.26
22869.7 3576.04
22871.3 3539.77
22871.6 3497.01
22878.2 3473.38
22879.1 3428.2
22879.7 3378.52
22881 3328.49
22882.7 3276.72
22884.9 3223.05
22889.5 3175.69
22891.9 3115.1
22894.8 3051.81
22899.8 2993.11
22901.6 2913.11
22905.4 2836.46
22909.8 2755.4
22911.4 2649.2
22917.5 2560.02
22923.2 2457.46
22930.5 2353.85
22736 697.337
22772.6 690.911
22811.4 704.487
22848.4 703.128
22885.6 704.188
22921.6 693.757
22958.6 693.401
22995.7 695.094
23032.7 696.783
23069.7 698.468
23106.6 700.151
23143.4 701.832
23180.2 703.51
23216.9 705.186
23253.6 706.86
23290.3 708.533
23326.9 710.204
23363.5 711.874
23400.1 713.544
23436.6 715.213
23473.2 716.881
23509.8 718.55
23592.1 -18.4616
23635.2 -16.4981
23678.3 -14.5328
23721.4 -12.5667
23764.5 -10.5992
23807.6 -8.62979
23850.8 -6.65805
23894.1 -4.68429
23937.4 -2.70789
23980.8 -0.728528
24024.3 1.25432
24067.8 3.24094
24111.4 5.23138
24084.7 404.428
24080.5 644.489
24099.4 745.452
24136.8 747.159
24174.3 748.871
24212 750.589
24249.7 752.311
24287.6 754.039
24325.6 755.774
24363.7 757.513
24402 759.26
24440.4 761.013
24479 762.774
24629.4 389.24
24671.8 391.177
24714.5 393.121
24757.3 395.076
24800.3 397.04
24843.6 399.013
25013.1 46.3749
25060.3 48.5259
25107.7 50.6903
25155.4 52.8654
25203.3 55.054
25251.6 57.2553
25300.1 59.4712
25349 61.7011
25398.2 63.9443
25447.7 66.2037
25497.5 68.4778
25547.7 70.7691
25598.3 73.0761
25649.3 75.4009
25700.6 77.7435
25752.3 80.1033
25804.5 82.4831
25857 84.8813
25845.1 206.545
25841.6 308.968
25839.8 405.17
25840.5 493.985
25829.8 599.707
25832.9 679.132
25828 769.223
25819.9 862.07
25815.3 946.567
25815.9 1020.87
25814.4 1096.21
25814.3 1167.61
25810.2 1242.98
25796.7 1329.76
25235.8 2178.94
25240.3 2222.45
25238.1 2274
25235.6 2324.72
25226.4 2382.96
25223.5 2431.63
25220.4 2479.58
25227 2514.35
25223.7 2560.5
25220.1 2606.03
25211.5 2656.38
25224.2 2681.05
25220.2 2724.45
25223.4 2758.78
25221 2798.71
25217.8 2838.61
25214 2878.47
25209.4 2918.31
25241.8 2919.79
25274.8 2921.29
25308.2 2922.82
25342.3 2924.37
25376.9 2925.95
25412.1 2927.55
25447.9 2929.19
25470.1 2943.62
25513.4 2939.56
25557.2 2935.97
25580.6 2950.56
25625.2 2947.55
25670.3 2944.99
