24031.4 -5923.63
24031.4 -5923.63
24031.4 -5923.63
24031.4 -5923.63
24035 -5931.91
24035 -5931.91
24038.8 -5940.04
24044.4 -5950.66
24051.9 -5963.66
24061.1 -5978.26
24070.8 -5992.49
24081.1 -6006.32
24092 -6019.74
24103.3 -6032.72
24115.2 -6045.25
24135.9 -6064.85
24147.8 -6075.14
24147.8 -6075.14
24172.6 -6094.61
24185.4 -6103.78
24185.4 -6103.78
24198.5 -6112.54
24225.4 -6128.85
24225.4 -6128.85
24233 -6170.77
24233 -6170.77
24245.9 -6176.93
24258.9 -6182.8
24270.6 -6187.8
24282.4 -6192.54
24295.8 -6197.55
24322.8 -6206.7
24336.4 -6210.82
24336.4 -6210.82
24348.7 -6214.25
24361 -6217.52
24373.4 -6220.62
24385.8 -6223.45
24398.3 -6226.01
24409.4 -6228.03
24420.4 -6229.91
24433 -6231.87
24458.3 -6235.29
24471 -6236.75
24483.7 -6238.05
24496.4 -6239.18
24496.4 -6239.18
24509.1 -6240.14
24521.8 -6240.94
24534.5 -6241.57
24557 -6242.34
24557 -6242.34
24568.3 -6242.66
24579.5 -6242.92
24590.8 -6243.13
24602 -6243.3
24613.3 -6243.41
24635.8 -6243.5
24635.8 -6243.5
24647 -6243.46
24655.3 -6247.18
24665 -6247.07
24674.8 -6246.92
24684.5 -6246.73
24704 -6246.21
24704 -6246.21
24713.8 -6245.89
24723.5 -6245.53
24733.3 -6245.12
24743 -6244.67
24752.7 -6244.18
24762.5 -6243.65
24772.2 -6243.07
24781.9 -6242.45
24791.7 -6241.79
24801.4 -6241.09
24811.1 -6240.34
24820.8 -6239.55
24830.5 -6238.72
24840.3 -6237.85
24850 -6236.93
24859.7 -6235.97
24869.4 -6234.97
24879.1 -6233.93
24898.4 -6231.72
24898.4 -6231.72
24908.1 -6230.55
24917.8 -6229.34
24927.5 -6228.08
24937.1 -6226.79
24956.4 -6224.07
24956.4 -6224.07
24966.1 -6222.64
24975.7 -6221.18
24985.3 -6219.67
25001.6 -6217.02
25005.3 -6216.41
25006.1 -6216.29
