22239.7 -1039.45
22239.5 -1030.9
22239.4 -1022.37
22239.2 -1013.86
22239.1 -1005.38
22238.9 -996.923
22238.8 -988.486
22238.6 -980.07
22238.5 -971.672
22238.4 -963.291
22238.2 -954.927
22238.1 -946.577
22237.9 -938.241
22237.8 -929.916
22237.6 -921.603
22237.5 -913.299
22237.4 -905.003
22237.2 -896.714
22237.1 -888.431
22236.9 -880.152
22236.8 -871.876
22236.6 -863.602
22236.5 -855.329
22236.4 -847.055
22236.2 -838.779
22236.1 -830.5
22235.9 -822.216
22235.8 -813.927
22235.6 -805.631
22235.5 -797.326
22235.4 -789.012
22235.2 -780.687
22235.1 -772.349
22234.9 -763.999
22234.8 -755.633
22234.6 -747.252
22234.5 -738.853
22234.3 -730.435
22234.2 -721.997
22234 -713.538
22233.9 -705.056
22233.8 -696.55
22233.6 -688.018
22233.5 -679.458
22233.3 -670.871
22233.2 -662.253
22233 -653.604
22232.9 -644.922
22232.7 -636.205
22232.6 -627.452
22232.4 -618.662
22232.3 -609.833
22232.1 -600.963
22232 -592.05
22231.8 -583.093
22231.6 -574.09
22231.5 -565.04
22231.3 -555.94
22231.2 -546.789
22231 -537.585
23025.9 -234.538
23025.6 -217.352
23025.3 -200.057
23025 -182.65
23024.7 -165.127
23024.4 -147.485
23024.1 -129.718
23023.8 -111.824
23023.5 -93.7978
23023.2 -75.6355
23022.8 -57.3329
23022.5 -38.885
23022.2 -20.2876
23021.9 -1.53612
23021.6 17.3751
23021.2 36.4495
23020.9 55.6939
23020.6 75.1123
23020.2 94.7106
23019.9 114.494
23019.5 134.469
23019.2 154.64
23018.8 175.015
23018.5 195.599
23018.1 216.398
23017.8 237.42
23017.4 258.67
23017 280.157
23016.6 301.888
23016.3 323.869
23015.9 346.11
23015.5 368.617
23015.1 391.4
23014.7 414.466
23014.3 437.825
23013.9 461.486
23013.5 485.459
23013.1 509.753
23012.6 534.379
23012.2 559.347
23011.8 584.669
23011.3 610.357
21710.4 -506.459
21710.3 -499.995
21710.2 -493.432
21690.4 -505.006
21690.3 -498.554
21690.1 -491.999
21670.4 -504.542
21670.2 -498.101
21670.1 -491.552
21670 -484.889
21666.1 -482.09
21660.3 -481.355
21654.5 -480.603
21667.3 -459.512
21661.4 -458.73
21655.6 -457.93
21667.4 -436.806
21661.5 -435.972
21655.6 -435.118
21666.4 -413.954
21660.5 -413.062
21654.6 -412.147
21664.4 -390.936
21658.5 -389.978
21652.5 -388.995
21661.5 -367.727
21655.5 -366.696
21663.8 -345.387
21657.6 -344.302
21651.6 -343.186
21659.1 -321.803
21652.9 -320.627
21659.7 -299.189
21653.4 -297.946
21659.7 -276.448
21653.3 -275.132
21658.9 -253.564
21652.4 -252.168
21657.5 -230.524
21650.9 -229.038
21655.4 -207.309
21659.5 -185.536
21652.6 -183.9
21656.2 -162.025
21649.2 -160.274
21652.2 -138.285
21654.8 -116.235
21657.1 -94.1201
21649.7 -92.0997
21651.4 -69.8396
21652.8 -47.5012
21653.8 -25.0793
21654.4 -2.56817
21654.7 20.0386
21654.6 42.7476
21654.2 65.5666
21653.4 88.5034
21652.3 111.567
21650.8 134.767
21649 158.114
21646.8 181.62
21924.3 1059.72
21905.6 1059.4
21886.9 1059.08
21868.3 1058.76
21849.9 1058.44
21831.5 1058.12
21813.2 1057.8
21795 1057.49
21777 1057.18
21759 1056.87
21741 1056.56
21723.2 1056.25
21705.4 1055.94
21687.7 1055.64
21689.9 1155.69
21686.5 1235.64
21678.1 1295.51
21672.1 1375.42
21680.9 1555.6
21659 1555.22
21637.3 1554.84
21615.6 1554.47
21593.9 1554.09
21572.4 1553.72
21550.8 1553.35
21529.3 1552.98
21507.9 1552.61
21486.5 1552.24
21465.1 1551.87
21443.8 1551.5
21422.4 1551.14
21401.2 1550.77
21379.9 1550.4
21358.7 1550.03
21337.5 1549.67
21316.2 1549.3
21295.1 1568.94
21273.1 1668.58
21250.8 1668.19
21228.6 1667.81
21145.3 3526.65
21106.8 3525.98
21068.3 3525.32
21029.8 3524.65
20991.2 3523.99
20952.6 3523.32
20914 3522.66
20875.3 3521.99
20836.6 3521.32
20826.8 3261.11
20804.7 3140.71
20769.1 3140.1
19917.4 9029.33
19830.9 9016.96
19744.5 9003.83
19658.3 8989.95
19572.1 8975.31
19486.1 8959.93
19400.2 8943.79
19314.5 8926.9
19366.3 8256.66
19283.1 8255.22
19199.6 8253.78
19115.9 8252.33
19031.7 8250.88
18947.3 8249.42
18862.5 8247.96
18821.2 8087.23
18737.1 8085.77
19774.8 4271.54
19783.1 4082.94
19773.7 3961.7
20510.9 1535.4
20487.7 1535
20467 1526.72
20441.9 1531.15
20444.4 1458.87
20447.2 1389.19
20450.2 1321.92
20445.9 1276.76
20449.4 1213.79
20453.3 1152.76
20449.1 1113.38
20453.5 1055.82
20458.2 999.825
20454.2 965.143
20459.4 911.986
20455.6 879.96
20478.1 794.728
20460.1 794.418
20453.7 771.007
20449.9 743.4
20435.4 736.566
20409.8 750.441
20394.1 745.336
20378 741.028
20053.6 1272.24
20053.4 1229.69
20053.6 1187.84
20054.2 1146.64
20055 1106.07
20056.3 1066.1
20057.8 1026.7
20059.7 987.839
20048.7 969.272
20051.1 931.422
20053.8 894.047
20056.9 857.124
20060.4 820.635
20064.3 784.561
20053.7 768.633
20058.1 733.335
20062.8 698.403
20052.4 683.556
20057.7 649.309
20063.4 615.387
20053 601.495
20059.3 568.182
20065.9 535.158
20055.7 522.115
20063 489.634
20070.7 457.411
20060.5 445.125
20068.9 413.389
20072.1 387.663
20070.3 367.628
20057.5 358.873
20067.1 328.011
20056.9 317.005
20056.3 296.935
20056.6 276.243
20057 255.898
20057.3 235.888
20057.7 216.202
20058 196.83
20058.3 177.76
20058.7 158.984
20059 140.49
20059.3 122.272
20059.6 104.319
20059.9 86.6231
20060.2 69.1764
20060.5 51.9706
20060.8 34.9986
20061.1 18.2532
20061.4 1.72708
20061.7 -14.5863
20061.9 -30.6936
20062.2 -46.6012
20062.5 -62.315
20062.8 -77.8408
20063 -93.1848
20063.3 -108.352
20063.5 -123.347
20063.8 -138.177
20064.1 -152.845
20064.3 -167.357
20064.6 -181.717
20064.8 -195.929
20065 -209.999
20065.3 -223.931
20065.5 -237.728
20065.8 -251.394
20066 -264.934
20066.2 -278.351
20066.4 -291.649
20066.7 -304.831
20066.9 -317.902
20067.1 -330.864
20067.3 -343.72
20067.6 -356.475
20067.8 -369.13
20068 -381.69
20068.2 -394.157
20068.4 -406.533
20068.6 -418.823
20068.9 -431.028
20069.1 -443.152
20069.3 -455.196
20069.5 -467.164
20069.7 -479.059
20069.9 -490.881
20070.1 -502.635
20070.3 -514.322
20070.5 -525.945
20070.7 -537.506
20070.9 -549.007
20071.1 -560.451
20071.3 -571.839
20071.5 -583.174
20071.7 -594.458
20071.9 -605.693
20072.1 -616.881
20072.3 -628.024
20072.4 -639.123
20072.6 -650.182
20072.8 -661.201
20073 -672.183
20073.2 -683.129
20073.4 -694.042
20073.6 -704.923
20073.8 -715.773
20074 -726.596
20074.1 -737.392
20074.3 -748.163
20074.5 -758.911
20074.7 -769.638
20074.9 -780.345
20075.1 -791.034
20075.2 -801.706
20075.4 -812.364
20075.6 -823.009
20075.8 -833.643
20076 -844.267
20076.2 -854.883
20076.4 -865.493
20076.5 -876.097
20076.7 -886.699
20076.9 -897.299
20077.1 -907.899
20077.3 -918.5
20086.7 -928.702
20091.8 -938.97
20079.4 -950.237
20097.9 -959.561
20079.9 -971.455
20091.5 -981.088
20096.1 -991.203
20095.9 -1001.77
20092.1 -1012.76
20085.7 -1024.16
20097.2 -1033.34
20087.1 -1045.37
20095.7 -1054.82
20083.3 -1067.47
20090 -1077.17
20096 -1086.91
20081.4 -1100.39
20086.3 -1110.38
20090.7 -1120.42
20094.7 -1130.49
20098.4 -1140.61
20081.9 -1155.37
20085.1 -1165.75
20088 -1176.18
20090.8 -1186.65
20093.3 -1197.17
20095.7 -1207.74
20098 -1218.36
20100.1 -1229.03
20102.1 -1239.75
20084.2 -1256.82
20086 -1267.85
20087.7 -1278.94
20089.3 -1290.09
20090.9 -1301.31
20092.4 -1312.6
20093.8 -1323.95
20095.2 -1335.38
20096.5 -1346.88
20097.8 -1358.46
20099 -1370.12
20100.2 -1381.86
20101.4 -1393.68
20102.5 -1405.59
20103.5 -1417.59
20104.6 -1429.69
20105.6 -1441.87
20086.7 -1463.85
20087.7 -1476.45
20088.6 -1489.16
20089.5 -1501.98
20090.4 -1514.91
20091.3 -1527.95
20092.1 -1541.12
20093 -1554.41
20093.8 -1567.83
20094.6 -1581.38
20095.3 -1595.06
20096.1 -1608.89
20096.9 -1622.85
20097.6 -1636.97
20098.4 -1651.24
20099.1 -1665.66
20099.8 -1680.25
20100.5 -1695.01
20101.2 -1709.93
20101.9 -1725.04
20102.5 -1740.33
20103.2 -1755.81
20103.9 -1771.48
20104.5 -1787.35
20105.2 -1803.43
20105.8 -1819.73
20106.5 -1836.24
20107.1 -1852.99
20107.8 -1869.96
20108.4 -1887.19
20109 -1904.66
20109.7 -1922.39
20110.3 -1940.39
20110.9 -1958.66
20111.5 -1977.23
20112.2 -1996.08
20112.8 -2015.24
20113.4 -2034.72
20114 -2054.52
20114.7 -2074.67
20118.4 -2091.91
20119.8 -2111.89
20121.5 -2131.86
20123.6 -2151.83
20126 -2171.79
20128.7 -2191.75
20131.7 -2211.7
20135 -2231.64
20138.6 -2251.58
20125.8 -2291.81
20113.9 -2332.02
20119 -2351.94
20108.5 -2392.12
20114.5 -2412.02
20120.6 -2431.92
20695.2 -1681.89
20706.2 -1681.71
20717 -1681.52
20727.6 -1681.33
20738.2 -1681.15
20748.6 -1680.97
20758.8 -1680.8
20769 -1680.62
20779 -1680.45
20788.9 -1680.28
20798.7 -1680.11
20808.4 -1679.94
20818 -1679.77
20827.5 -1679.61
20836.9 -1679.45
20846.2 -1679.29
20855.4 -1679.13
20864.5 -1678.97
20873.5 -1678.82
20882.5 -1678.66
20891.3 -1678.51
20900.1 -1678.36
20908.8 -1678.21
20917.4 -1678.06
20926 -1677.91
20934.5 -1677.77
20942.9 -1677.62
20951.2 -1677.48
20959.5 -1677.33
20967.7 -1677.19
20975.9 -1677.05
20984 -1676.91
20992 -1676.77
21000 -1676.63
21008 -1676.5
21015.9 -1676.36
21023.7 -1676.23
21031.5 -1676.09
21039.2 -1675.96
21046.9 -1675.82
21054.6 -1675.69
21062.2 -1675.56
21069.7 -1675.43
21077.3 -1675.3
21084.8 -1675.17
21092.2 -1675.04
21099.7 -1674.91
21107 -1674.79
21114.4 -1674.66
21121.7 -1674.53
21129 -1674.41
21136.3 -1674.28
21143.5 -1674.16
21150.8 -1674.03
21158 -1673.91
21165.1 -1673.78
21172.3 -1673.66
21179.4 -1673.54
21186.5 -1673.42
21191.2 -1693.34
21191.7 -1753.34
21193.3 -1813.32
21195.9 -1873.28
21196.2 -1973.29
21198.2 -2073.27
21200.6 -2193.25
21203.8 -2333.21
21192.5 -2813.48
21209.5 -2813.19
21226.4 -2812.9
21243.4 -2812.6
21260.3 -2812.31
21277.2 -2812.02
21294.1 -2811.73
21311.1 -2811.44
21328 -2811.14
21344.9 -2810.85
21361.8 -2810.56
21378.7 -2810.27
21395.7 -2809.98
21412.6 -2809.68
21429.5 -2809.39
21446.5 -2809.1
21463.5 -2808.81
21480.5 -2808.51
21497.6 -2808.22
21514.6 -2807.92
21531.7 -2807.63
21548.8 -2807.33
21597.4 -3026.53
21616.5 -3026.2
21635.7 -3025.87
21655 -3025.53
21674.3 -3025.2
21693.6 -3024.87
21713 -3024.53
21732.5 -3024.2
21752 -3023.86
21771.6 -3023.52
21791.3 -3023.18
21811 -3022.84
21650.1 -2305.51
21647.8 -2245.54
21649.8 -2205.5
21645.5 -2145.57
21645.9 -2105.55
21645.6 -2065.55
21644.6 -2025.56
21642.9 -1985.59
21640.5 -1945.62
21644.1 -1925.56
21640.5 -1885.61
21643.3 -1865.56
21638.4 -1825.64
21640.3 -1805.61
21641.8 -1785.58
21643.1 -1765.55
21643.9 -1745.53
21644.5 -1725.52
21636.2 -1685.66
21644.5 -1685.52
21644 -1665.52
21652.3 -1665.38
21660.6 -1665.23
21669 -1665.09
21677.4 -1664.94
21685.9 -1664.8
21694.5 -1664.65
21703.2 -1664.5
21711.9 -1664.35
21720.8 -1664.2
21729.7 -1664.04
21738.6 -1663.89
21747.7 -1663.73
21756.9 -1663.57
21766.1 -1663.41
21775.5 -1663.25
21784.9 -1663.09
21794.5 -1662.92
21804.1 -1662.76
21813.9 -1662.59
21823.8 -1662.42
21833.7 -1662.25
21843.8 -1662.07
21854 -1661.9
21864.4 -1661.72
21874.9 -1661.54
21885.5 -1661.35
21896.2 -1661.17
21907.1 -1660.98
21918.1 -1660.79
21929.3 -1660.6
21940.6 -1660.4
21952.1 -1660.2
21963.8 -1660
21975.6 -1659.8
21987.6 -1659.59
21999.8 -1659.38
22012.1 -1659.17
22024.7 -1658.95
22037.5 -1658.73
22050.4 -1658.51
22063.6 -1658.28
22077 -1658.05
22090.7 -1657.81
22098.9 -1652.17
22099 -1638.75
22119.4 -1644.38
22139.7 -1649.56
22160.1 -1654.31
22160.2 -1640.79
22180.5 -1645
22200.9 -1648.8
22221.3 -1652.19
22221.4 -1638.57
22241.8 -1641.46
22262.1 -1643.95
22282.5 -1646.06
22302.9 -1647.78
22323.3 -1649.13
22343.7 -1650.11
22343.8 -1636.12
22364.2 -1636.64
22384.6 -1636.81
22405 -1636.62
22425.4 -1636.08
23073 -2047.1
23073 -2024.95
23073.1 -2003.07
23073.2 -1981.43
23073.3 -1960.03
23073.4 -1938.87
23073.5 -1917.94
23073.7 -1897.22
23073.9 -1876.72
23053.9 -1845.33
23054.1 -1825.48
23054.3 -1805.81
23054.6 -1786.33
23054.8 -1767.04
23055.1 -1747.91
23055.5 -1728.97
23055.8 -1710.18
23056.2 -1691.56
23056.6 -1673.09
23057.1 -1654.78
23057.5 -1636.61
23058 -1618.58
23058.6 -1600.69
23059.2 -1582.94
23059.8 -1565.31
23060.4 -1547.81
23061.1 -1530.42
23061.9 -1513.16
23062.7 -1496.01
23063.6 -1478.97
23064.5 -1462.03
23065.5 -1445.2
23066.5 -1428.46
23046.1 -1405.33
23045.8 -1388.55
23045.5 -1371.86
23045.2 -1355.25
23045 -1338.73
23044.7 -1322.29
23044.4 -1305.93
23044.1 -1289.65
23043.8 -1273.44
23043.6 -1257.29
23043.3 -1241.22
23043 -1225.2
22240 -1056.66
22239.8 -1048.04
22239.7 -1039.45
