13163.3 -3055.99
13222.7 -3058.78
13281.3 -3060.9
13344 -3060.1
13420 -3051.93
13475.5 -3052.25
13532.3 -3050.94
13585.8 -3050.33
13638.7 -3049.02
13670.6 -3057.86
13721.9 -3055.81
13772.7 -3053.06
13820.1 -3051.35
13869.5 -3047.62
13918.6 -3043.16
13962.1 -3041.14
13990.1 -3047.73
14037.8 -3041.75
14077.9 -3039.64
14104.6 -3045.39
14150.9 -3037.86
14168.1 -3048.92
14213.6 -3040.58
14248.6 -3038.57
14273.3 -3043.17
14298 -3047.48
14330.5 -3045.67
14374.2 -3034.86
14404.9 -3033
14428.2 -3036.41
14451.3 -3039.51
14479.9 -3037.87
14502.5 -3040.65
14529.6 -3039.27
14551.6 -3041.73
14577.3 -3040.62
14598.8 -3042.75
14623.3 -3041.94
14644.3 -3043.75
14665.3 -3045.25
14688.1 -3044.74
14708.7 -3045.91
14730.3 -3045.74
14762.9 -3034.31
14763.2 -3054.74
14784.4 -3054
14803.8 -3054.77
14822.2 -3056.31
14840.6 -3057.51
14857.3 -3060.22
14874.9 -3061.86
14892.1 -3063.53
14924.2 -3047.69
14940.3 -3049.86
14953.2 -3055.57
14968.5 -3058.27
14996.3 -3045.16
15010.7 -3048.43
15020.7 -3057.02
15034.4 -3060.91
15062.9 -3044.7
15071 -3055.44
15083.6 -3060.13
15104.9 -3052.39
15116.6 -3057.84
15141.9 -3043.25
15146.9 -3058.22
15171 -3044.5
15187.7 -3041.31
15197.5 -3048.71
15207.3 -3056.32
15221.7 -3056.15
15230.8 -3064.85
15228 -3093.95
15229.1 -3117.3
15215.3 -3167.8
15224.5 -3178.3
15246.5 -3165.13
15254.8 -3177.09
15273.4 -3169.31
15292.8 -3159.39
15307 -3159.2
15297 -3209.21
13773.6 -6479.79
13823 -6479.13
13872 -6478.49
13920.6 -6477.84
14537.3 -5149.56
14571.4 -5149.11
14605.2 -5148.66
14638.8 -5148.22
14672.1 -5147.78
14705.2 -5147.34
14738.1 -5146.9
14770.7 -5146.47
14803.2 -5146.04
14835.4 -5145.62
14867.4 -5145.19
14899.3 -5144.77
14931 -5144.35
14962.4 -5143.93
14982.1 -5183.68
14991.1 -5263.56
14990.6 -5383.58
14997.4 -5483.5
15005.9 -5583.4
14991.8 -5783.6
15014 -5843.31
15037.3 -5903.01
15044.1 -6042.93
15053.5 -6182.82
15053.3 -6382.84
14852.7 -7665.61
14905.3 -7664.91
14957.7 -7664.22
15009.9 -7663.52
15062 -7662.84
15113.9 -7662.15
15165.7 -7661.46
15192.2 -7861.13
15224.4 -8040.72
15592.5 -5135.59
15621.5 -5135.21
15650.4 -5134.82
15679.3 -5134.44
15708.1 -5134.06
15736.9 -5133.68
15765.6 -5133.3
15794.3 -5132.92
15822.9 -5132.54
15851.6 -5132.16
15880.2 -5131.78
15908.8 -5131.4
15937.4 -5131.03
15966 -5130.65
15994.6 -5130.27
16039.9 -5837.49
16004.2 -3661.46
15994.2 -3035.78
16004.9 -3042.19
16014.7 -3033.79
16025.4 -3039.07
16035.7 -3038.94
16046.1 -3038.8
16056.5 -3038.66
16066.8 -3038.52
16077.2 -3038.39
16087.7 -3038.25
16098.1 -3038.11
16108.6 -3037.97
16119 -3037.83
16129.6 -3037.69
16140.1 -3037.55
16150.6 -3037.42
16161.2 -3037.28
16171.9 -3037.13
16182.5 -3036.99
16193.2 -3036.85
16203.9 -3036.71
16214.7 -3036.57
16225.5 -3036.42
16236.4 -3036.28
16247.2 -3036.14
16258.2 -3035.99
16269.2 -3035.85
16280.2 -3035.7
16291.3 -3035.55
16302.4 -3035.41
16313.6 -3035.26
16324.9 -3035.11
16336.2 -3034.96
16347.6 -3034.81
16359.1 -3034.66
16370.6 -3034.5
16382.2 -3034.35
16393.8 -3034.2
16405.5 -3034.04
16417.4 -3033.88
16429.2 -3033.73
16441.2 -3033.57
16453.3 -3033.41
16465.4 -3033.25
16477.7 -3033.09
16490 -3032.92
16502.4 -3032.76
16514.9 -3032.59
16527.6 -3032.42
16540.3 -3032.26
16553.2 -3032.09
16566.1 -3031.91
16579.2 -3031.74
16592.4 -3031.57
16605.7 -3031.39
16619.2 -3031.21
16632.8 -3031.03
16646.5 -3030.85
16660.3 -3030.67
16674.3 -3030.48
16688.5 -3030.29
16702.8 -3030.11
16717.2 -3029.91
16731.9 -3029.72
16746.6 -3029.52
16761.6 -3029.33
16776.8 -3029.13
16792.1 -3028.92
16807.6 -3028.72
16823.3 -3028.51
16839.2 -3028.3
16855.3 -3028.09
16871.7 -3027.87
16888.2 -3027.65
16905 -3027.43
16922 -3027.2
16939.3 -3026.97
16956.8 -3026.74
16974.6 -3026.51
16992.7 -3026.27
17011 -3026.02
17029.6 -3025.78
17048.5 -3025.53
17067.7 -3025.27
17087.3 -3025.02
17087.4 -3005.01
17087.3 -2985.01
17100.8 -2978.62
17100.6 -2958.98
17100.3 -2939.67
17100 -2920.68
17099.8 -2902
17099.6 -2883.62
17099.3 -2865.53
17091 -2840.84
17091 -2823.61
17094.6 -2809.6
17095 -2793.17
17079.7 -2764.4
17080.6 -2749.02
17081.6 -2733.84
17088.3 -2723.27
17096.1 -2713.44
17098.1 -2699.4
17079.9 -2671.11
17089.8 -2663.16
17092.5 -2650.17
17083.9 -2629.67
17087.3 -2617.5
17100.7 -2611.95
17125 -2613.19
17129.3 -2601.44
17205.9 -2634.17
17211 -2622.17
17209.1 -2606.05
17215.2 -2594.77
17201.3 -2572.18
17222.8 -2569.69
17250.4 -2570.16
17274.5 -2568.31
19210.7 -3564.05
19264.7 -3555.5
19338.4 -3555.95
19419.1 -3558.54
19481.4 -3550.84
19566.7 -3552.96
19637.1 -3546.69
19752.5 -3559.39
19828.6 -3552.81
19908 -3546.39
20017.6 -3551.15
20105.5 -3545.21
20217.7 -3547.34
20324.1 -3545.3
20426.5 -3539.9
20554 -3541.93
20680.9 -3541.52
23507.8 -4471.2
23530.3 -4405.02
23552.2 -4338.65
23573.6 -4272.08
23594.4 -4205.33
23614.6 -4138.41
23634.2 -4071.3
23653.3 -4004.03
23671.7 -3936.6
23689.5 -3869.01
23706.8 -3801.26
22248.1 -3378.01
22247.3 -3319.68
22246.6 -3261.6
22245.8 -3203.77
22245 -3146.16
22264.3 -3092.67
22261.5 -3034.92
22465.8 -3014.09
22755.6 -3004.1
23074.7 -2993.75
23550.3 -3001.34
23867.4 -2978.24
23876.8 -2908.97
23885.7 -2839.63
23894 -2770.21
23901.6 -2700.72
23908.7 -2631.16
23915.1 -2561.55
23920.9 -2491.88
23926.1 -2422.17
23930.7 -2352.41
23934.7 -2282.61
21331.1 -2097.72
21450.5 -2054.81
22230.2 -2027.43
22229.5 -1972.47
22228.8 -1917.54
22228.1 -1862.63
22227.3 -1807.74
22226.6 -1752.85
22225.9 -1697.96
22225.1 -1643.05
22224.4 -1588.13
22223.7 -1533.18
22223 -1478.19
22222.2 -1423.15
22221.5 -1368.06
22220.8 -1312.9
22220 -1257.68
22199.3 -1204.47
21759.2 -1199.2
18062.7 -1600.65
17922.6 -1600.25
17762.7 -1605.1
17662.7 -1603.82
17542.7 -1607.44
17462.7 -1606.49
17362.7 -1610.45
17302.7 -1608.78
17222.7 -1612.03
17202.6 -1604.52
17202.5 -1593.09
17202.3 -1581.63
17202.2 -1570.12
17202 -1558.57
17181.9 -1551.95
17141.9 -1550.79
17082 -1555.68
17081.8 -1545.05
17081.7 -1534.37
17081.5 -1523.65
17081.4 -1512.87
17081.3 -1502.03
17081.1 -1491.14
17081 -1480.19
17080.8 -1469.18
17080.7 -1458.1
17080.5 -1446.96
17080.4 -1435.75
17080.2 -1424.47
17080.1 -1413.12
17079.9 -1401.69
17079.8 -1390.18
17079.6 -1378.59
17079.5 -1366.92
17079.3 -1355.17
17079.2 -1343.32
17079 -1331.39
17078.8 -1319.35
17078.7 -1307.23
17078.5 -1295
17078.4 -1282.67
17078.2 -1270.23
17078 -1257.68
17077.9 -1245.01
17077.7 -1232.24
17077.5 -1219.34
17077.3 -1206.31
17077.2 -1193.16
17077 -1179.87
17076.8 -1166.45
17076.6 -1152.89
17076.5 -1139.19
17076.3 -1125.33
17076.1 -1111.32
17075.9 -1097.15
17075.7 -1082.82
17075.5 -1068.32
17075.3 -1053.65
17075.1 -1038.8
17074.9 -1023.76
17074.7 -1008.54
17074.5 -993.113
17074.3 -977.486
17074.1 -961.651
17073.9 -945.599
17073.7 -929.325
17073.5 -912.82
17073.2 -896.078
17073 -879.091
17072.8 -861.85
17072.6 -844.347
17072.3 -826.574
17072.1 -808.521
17071.8 -790.179
17071.6 -771.537
17071.3 -752.587
17071.1 -733.316
17070.8 -713.714
17059.6 -705.178
17059.2 -685.182
17041.2 -683.78
17041.6 -662.457
17040.9 -642.059
17041.7 -619.588
17040.6 -598.788
17041.6 -575.109
17040.1 -553.875
17041.4 -528.922
17039.5 -507.216
17041 -480.917
17038.8 -458.699
17040.5 -430.972
17038 -408.196
17039.8 -378.955
20642.4 4616.32
20585.6 4657.11
20528.5 4697.41
20471 4737.2
20413.2 4776.5
20355 4815.28
20296.5 4853.56
20237.7 4891.32
20178.5 4928.57
20119 4965.29
20059.2 5001.5
19999.1 5037.18
19938.7 5072.34
19878 5106.97
19816.9 5141.06
19755.6 5174.62
19694 5207.65
19632.1 5240.13
19569.9 5272.07
19507.4 5303.47
19444.7 5334.32
19381.7 5364.62
19318.4 5394.36
19254.9 5423.56
19191.1 5452.2
19127.1 5480.28
19062.8 5507.8
18998.3 5534.75
18933.6 5561.14
18868.6 5586.97
18803.4 5612.23
18738 5636.91
18672.4 5661.02
18606.6 5684.56
18540.6 5707.53
18474.3 5729.91
18407.9 5751.72
18341.3 5772.94
18274.5 5793.58
18207.5 5813.64
18140.4 5833.11
18073.1 5851.99
18005.6 5870.29
17938 5887.99
17870.2 5905.1
17802.3 5921.62
17734.2 5937.55
17666 5952.88
17597.6 5967.61
17529.2 5981.74
17460.6 5995.28
17391.9 6008.22
17323.1 6020.55
17254.1 6032.28
17185.1 6043.41
17116 6053.94
17046.8 6063.87
16977.5 6073.18
16216.5 373.152
16196.7 372.889
16176.9 372.628
16151.5 312.286
16132.3 312.032
16113.2 311.779
16094.1 311.526
16075 311.274
16056 311.022
16037 310.77
16018 310.518
15999 310.267
15980 310.015
15953.9 -719.817
15943.9 -719.949
15933.9 -720.081
15924 -720.213
15914 -720.345
15904 -720.477
15894.1 -720.609
15884.1 -720.741
15856.5 -441.082
15844 -441.247
15831.6 -441.412
15819.1 -441.577
15806.6 -441.742
15794.1 -441.908
15781.6 -442.074
15769 -442.24
15756.5 -442.406
15743.9 -442.573
15779.6 -762.128
15782.6 -842.095
15780.2 -882.13
15785.7 -962.065
15785.1 -1002.08
15781.3 -1022.13
15786 -1082.07
15783.2 -1102.11
15785.2 -1142.09
15787.9 -1182.05
15786.5 -1202.08
15785.4 -1222.09
15779.5 -1222.17
15773.6 -1222.25
15767.6 -1222.33
15761.6 -1222.41
15755.6 -1222.49
15749.5 -1222.57
15743.4 -1222.65
15737.3 -1222.73
15731.1 -1222.81
15724.9 -1222.89
15718.7 -1222.97
15712.4 -1223.06
15706.1 -1223.14
15699.8 -1223.22
15693.4 -1223.31
15687 -1223.39
15680.5 -1223.48
15674 -1223.57
15667.4 -1223.65
15660.8 -1223.74
15654.2 -1223.83
15647.4 -1223.92
15640.7 -1224.01
15633.9 -1224.1
15627 -1224.19
15620 -1224.28
15613 -1224.37
15606 -1224.47
15598.8 -1224.56
15591.7 -1224.66
15584.4 -1224.75
15577.1 -1224.85
15569.7 -1224.95
15562.2 -1225.05
15554.6 -1225.15
15547 -1225.25
15539.3 -1225.35
15531.5 -1225.45
15523.6 -1225.56
15515.6 -1225.66
15507.6 -1225.77
15499.4 -1225.88
15491.1 -1225.99
15482.8 -1226.1
15474.3 -1226.21
15465.7 -1226.32
15457 -1226.44
15448.2 -1226.56
15439.3 -1226.67
15430.3 -1226.79
15421.1 -1226.91
15411.8 -1227.04
15402.4 -1227.16
15392.8 -1227.29
15383.1 -1227.42
15373.2 -1227.55
15363.2 -1227.68
15353 -1227.82
15342.7 -1227.95
15332.2 -1228.09
15321.5 -1228.23
15310.6 -1228.38
15299.6 -1228.52
15297.6 -1237.57
15277.5 -1229.4
15277.6 -1240.49
15257.5 -1232.95
15257.7 -1244
15237.6 -1237.07
15217.5 -1230.61
15217.7 -1241.77
15197.6 -1235.89
15177.5 -1230.46
15177.7 -1241.72
15157.6 -1236.84
15157.7 -1248.07
15137.7 -1243.75
15117.6 -1239.83
15097.6 -1236.31
15097.7 -1247.77
15077.7 -1244.77
15057.6 -1242.16
15037.6 -1239.93
15017.6 -1238.08
14997.6 -1236.61
14997.7 -1248.51
14977.7 -1247.51
14957.7 -1246.88
14937.7 -1246.61
14917.7 -1246.68
14897.7 -1247.11
14877.7 -1247.88
14857.7 -1249
14837.7 -1250.45
14797.6 -1241.39
14777.6 -1243.74
14757.7 -1246.42
14697.4 -1229.08
14697.6 -1242.8
14697.8 -1256.41
14698 -1269.89
14698.2 -1283.27
14698.3 -1296.53
14698.5 -1309.68
14698.7 -1322.72
14698.9 -1335.67
14699 -1348.52
14699.2 -1361.27
14699.4 -1373.93
14699.5 -1386.5
14699.7 -1398.99
14699.9 -1411.39
14700 -1423.71
14660 -1422.27
14640.1 -1428.18
13515.4 -1079.73
13515.7 -1103.19
13516 -1126.52
13516.3 -1149.72
13516.6 -1172.79
13516.9 -1195.75
13517.2 -1218.59
13517.5 -1241.32
13497.7 -1259.01
13417.8 -1262.76
13317.8 -1263.33
13217.8 -1265.65
13077.7 -1261.34
12977.8 -1267.5
12857.8 -1271.57
12697.8 -1270.44
12537.8 -1272.12
12357.8 -1273.31
12177.9 -1277.64
11917.8 -1273.44
11717.9 -1282.01
11397.8 -1278.7
11137.9 -1288.13
10838 -1297.68
10378 -1296.24
9978.08 -1308.39
8558.65 -1242.24
8559.51 -1307.26
7963.3 -1332.75
7959 -1402.53
7955.3 -1472.34
7952.22 -1542.18
7949.75 -1612.05
7947.89 -1681.93
7946.63 -1751.84
7945.99 -1821.74
7945.97 -1891.65
7946.55 -1961.56
7947.74 -2031.46
7949.54 -2101.34
7951.96 -2171.21
7954.98 -2241.06
7958.62 -2310.87
7962.86 -2380.66
7967.72 -2450.4
7973.18 -2520.09
7979.25 -2589.74
7985.93 -2659.33
7993.22 -2728.86
8001.12 -2798.32
8009.62 -2867.71
8018.73 -2937.02
8028.44 -3006.26
8038.76 -3075.4
8049.69 -3144.45
8563.6 -3127.17
8704.16 -3168.3
9007.29 -3176.25
9175.58 -3205.72
9977.15 -3100.71
10225.6 -3101.32
10285.6 -3140.2
9949.18 -3271.47
9950.96 -3326.46
9966.77 -3378.08
11273.2 -3089.95
11475.3 -3078.63
11613.5 -3081.73
11748 -3083.5
11908.8 -3075
12034.7 -3074.49
12158 -3072.62
12282.2 -3068.24
12339.2 -3084.49
12334.5 -3121.38
12328.1 -3159.21
12336.4 -3191.94
12325.3 -3232.1
12332.8 -3265.49
12331.2 -3302.6
12335 -3337.79
12337.8 -3373.6
13163.3 -3055.99
