-767.803 -7843.59
-705.732 -7904.93
-643.128 -7965.72
-579.994 -8025.97
-516.339 -8085.67
-452.165 -8144.8
-387.478 -8203.37
-322.281 -8261.38
-256.58 -8318.82
-190.381 -8375.68
-123.689 -8431.96
-56.5088 -8487.65
11.1558 -8542.76
79.2998 -8597.28
147.917 -8651.2
217 -8704.51
286.546 -8757.23
356.552 -8809.33
427.007 -8860.82
5558.05 -1794.09
5580.25 -1781.6
5600.48 -1771.27
5619.36 -1762.33
5634.73 -1758.15
5654.32 -1747.06
5669.37 -1742.45
5682.19 -1741.06
5698.06 -1734.4
5721.98 -1713.81
5729.3 -1720.47
5741.68 -1718.41
5757.91 -1709.24
5761.85 -1721.75
5779.29 -1709.63
5789.45 -1710.53
5803.28 -1704.23
5811.07 -1709.35
5826.93 -1698.29
5837.74 -1696.91
5853.64 -1684.59
5863.4 -1684.75
5867.76 -1696.65
5883.23 -1683.86
5892.09 -1685.56
5899.78 -1689.94
5905.99 -1697.95
5918.28 -1691.08
5935.9 -1670.1
5947.05 -1664.77
5952.16 -1675.24
5962.87 -1670.66
5970.15 -1675.38
5979.11 -1675.32
5989.94 -1669.48
6001.88 -1659.71
6011.52 -1656.48
6023.7 -1644.55
6028.88 -1655.49
6038.06 -1652.94
6046.65 -1652.24
6055.46 -1650.48
6063.72 -1650.57
6073.18 -1645.74
6086.47 -1624.27
6091.77 -1635.78
6100.7 -1631.64
6109.12 -1629.36
6118.68 -1621.12
6125.05 -1628.5
6132.27 -1631.89
6139.7 -1634.24
6148.63 -1627.64
6156.04 -1629.85
6166.84 -1609.24
6173.83 -1613.27
6181.78 -1610.31
6186.91 -1630.1
6197.5 -1604.15
6205.27 -1600.97
6212.13 -1606.67
6219.34 -1609.33
6228.2 -1590.99
6234.01 -1612.47
6242.33 -1597.97
6249.43 -1602.37
6256.98 -1597.72
6264.18 -1600.99
6271.56 -1599.2
6279.04 -1588.35
6286.27 -1586.43
6293.49 -1598.45
6300.62 -1581.41
6307.8 -1582.31
6315.1 -1587.14
6322.63 -1595.9
6329.68 -1590.61
6336.06 -1574.27
6342.46 -1562.88
6350.16 -1572.39
6357.72 -1577.83
6364.57 -1574.24
6369.72 -1553.67
6378.85 -1573.85
6385.25 -1567.1
6392.52 -1568.24
6398.11 -1556.43
6406.03 -1562.41
6412.86 -1560.39
6419.36 -1556.35
6425.29 -1549.29
6433.21 -1554.01
6439.75 -1550.78
6447.4 -1553.39
6452.5 -1543.19
6462.25 -1555.45
6466.77 -1543.2
6472 -1534.82
6479.92 -1538.09
6489.13 -1546.12
6498.48 -1554.05
6505.91 -1554.15
6512.82 -1552.25
6523.87 -1564.71
6534.3 -1574.16
6540.21 -1568.19
6549.96 -1574.57
6557.35 -1573.24
6566.34 -1576.59
6574.42 -1577
6582.54 -1577.33
6600.64 -1604.82
6616.42 -1624.56
6623.94 -1621.7
6646.52 -1656.89
6659.21 -1665.81
6682.84 -1700.43
7733.02 -4141.14
7336.26 -3152.43
7306.48 -3030.03
7327.9 -3024.73
7328.95 -2975.76
7356.87 -2984.66
7380.19 -2983.37
7413.42 -3001.51
7478.92 -3081.56
7529.22 -3128.73
7513.58 -3049.91
7522.02 -3018.09
7545.06 -3013.39
7554.3 -2984.11
7577.66 -2979.93
7598.49 -2971.21
7610.5 -2947.74
7630.05 -2937.01
7647.39 -2922.71
7662.43 -2904.9
7670.16 -2876.1
7695.2 -2874
7711.34 -2858.36
7819.85 -2976.79
7885.69 -3029.65
7873.41 -2970.93
12182.7 -8842.41
10213.2 -6043.09
10436.4 -6243.2
10873.3 -6712.37
10806 -6520.27
10952.1 -6601.03
10801.2 -6311.77
10913.8 -6350.05
10896 -6230.7
11017.1 -6276.13
11251.7 -6448.73
11295.8 -6399.25
11526.5 -6556.48
11520 -6448.74
11608.4 -6444.53
11670.9 -6411.68
11710.9 -6355.19
11766.6 -6314.82
11748.3 -6200.47
11872.7 -6228.23
11948.3 -6206.37
11991.9 -6153.36
12051.2 -6115
11837.1 -5826.46
11662.3 -5581.5
11803.9 -5622.42
12203.5 -5883.9
12101.1 -5707
12042 -5570.79
11821.8 -5305.21
11291.7 -4797.01
11273.4 -4710.98
11239.8 -4614.52
10974.6 -4342.77
10782.6 -4134.22
10576.1 -3920.99
10424.5 -3753.87
10276.8 -3594.28
10145.6 -3450.66
9981.64 -3288.65
9984.46 -3243.52
10006 -3211.21
9835.81 -3054.83
9607.48 -2866.24
9465.28 -2737.33
9368.04 -2639.73
9305.38 -2565.55
9238.22 -2490.59
9167.38 -2415.45
9100.69 -2344.63
9028.61 -2272.69
8981.89 -2216.4
8999.78 -2195.68
9023.74 -2177.98
9049.37 -2160.88
9069.54 -2140.77
9082.37 -2116.91
9091.38 -2091.23
9123.74 -2076.44
9150.58 -2058.7
9172.77 -2038.57
9192.06 -2016.96
9220.41 -1999.01
9241.27 -1977.6
9265.68 -1957.41
9263.9 -1926.67
9307.59 -1913.55
9297.84 -1879.86
9243.55 -1830.44
9209.38 -1789.35
9176.62 -1749.6
9147.18 -1711.76
9091.61 -1666.2
9052.64 -1627.07
9006.51 -1586.66
8992.51 -1556.73
9007.04 -1535.33
9037.79 -1518.25
9039.46 -1492.98
9000.22 -1457.28
8968.33 -1424.24
8940.94 -1392.98
8895.66 -1358.22
8871.47 -1329.03
8843.06 -1299.49
8823.15 -1272.26
7542.17 -1002.4
7417.35 -968.171
7384.63 -952.321
7362.58 -938.856
7350.26 -927.34
7354.63 -918.539
7327.24 -905.271
7321.51 -895.33
7328.6 -887.064
7323.69 -877.345
7315.71 -867.413
7314.61 -858.288
7302.46 -848.249
7314.15 -840.276
7334.75 -832.719
7329.34 -823.261
7333.84 -814.411
7339.25 -805.529
7341.6 -796.457
7359.86 -787.741
7381.04 -778.756
7374.15 -769.203
7405.18 -759.713
7435.12 -749.691
7419.98 -740.003
7435.74 -729.718
7454.41 -719.047
7459.99 -708.636
7475.46 -697.584
7485.83 -686.572
7499.1 -675.16
7514.25 -663.351
7526.3 -651.537
7537.23 -639.603
7553.03 -626.939
7560.74 -614.908
7580.26 -601.252
7581.78 -589.621
7622.81 -572.323
7643.85 -557.283
7622.27 -548.655
7664.73 -529.56
7673.48 -515.664
7689.96 -500.127
7709.22 -483.708
7718.5 -468.942
7606.37 -479.964
7519.93 -487.252
7511.65 -477.907
7496.49 -470.331
7504.58 -457.154
7484.45 -451.12
7463.36 -445.674
7482.71 -429.284
7465.35 -423.065
7466.19 -411.698
7444.93 -407.05
7441.79 -397.004
7430.97 -389.47
7425.78 -380.183
7463.99 -355.915
7483.96 -337.323
7512.14 -315.26
7666.41 -245.198
7715.97 -212.356
7719.49 -196.64
7696.9 -191.351
7690.95 -179.499
7681.22 -169.276
7670.5 -159.578
7663.37 -148.389
7650.69 -139.776
7658.8 -121.584
7643.24 -114.433
7624.97 -108.825
7618.33 -97.6666
7603.58 -90.673
7606.54 -74.6233
7592.56 -67.4174
7579.43 -59.924
7585.49 -41.9111
7560.03 -41.5157
7550.24 -32.4846
7546.42 -20.0069
7535.62 -11.672
7525.62 -2.9452
7517.26 6.72708
7517.25 21.6974
7512.88 33.9963
7488.4 33.0002
7483.08 44.5297
7471.06 51.4853
7462.28 60.592
7453.44 69.6079
7448.57 81.4771
7443.57 93.3244
7432.08 100.324
7435.61 118.779
7423.95 125.639
7403.66 125.502
7406.75 143.995
7387.24 144.127
7383.89 157.513
7375.07 166.354
7368.44 177.083
7369.18 194.405
7341.5 186.339
7332.46 194.784
7332.84 212.023
7322.85 219.688
7313.53 227.949
7308.42 240.334
7304.58 254.122
7297.78 265.061
7284.62 269.475
7268.03 270.105
7263.08 282.976
7263.37 301.746
7250.71 306.46
7248.63 323.034
7232.58 323.781
7229.56 339.561
7221.2 349.233
7201.31 344.936
7196.65 359.052
7196.78 379.44
7185.56 385.712
7169.44 385.522
7164.8 400.33
7161.75 417.558
7151.43 425.101
7132.35 420.329
7128.87 437.456
7118.38 444.712
7107.82 451.876
7099.96 463.121
7095.76 480.198
7091.86 498.138
7079.25 502.522
7065.59 505.075
7052.96 509.202
7049.94 529.591
7033.66 527.487
7026.32 540.877
7015.41 548.11
7011.09 567.565
7001.33 577.322
6991.47 587.011
6976.96 587.711
6971.83 607.07
6957.24 607.552
6949.99 623.24
6946.72 647.973
6932.33 649.079
6926.48 669.238
6912.78 671.966
6900.25 677.327
6888.05 683.503
6882.51 706.275
6865.3 700.199
6856.81 716.355
6845.28 724.974
6834.67 736.326
6829.23 762.696
6818.17 773.947
6800.97 767.092
6791.61 783.844
6781.39 798.64
6771.83 816.244
6755.5 811.736
6748.06 837.839
6730.1 827.295
6717.77 836.854
6708.28 857.941
6698.22 878.012
6690.16 907.756
6696.13 1000.84
6680.31 1002.34
6669.24 1026.21
6658.17 1051.98
6643.28 1060.01
6628.27 1067.93
6618.32 1105.27
6599.73 1094.23
6584.76 1104.75
6570.08 1118.11
6557.93 1151.17
6541.62 1156.39
6529.68 1198.2
6513.02 1204.18
6495.86 1206.03
6480.19 1223.66
6464.31 1242.16
6447.51 1252.56
6431.43 1275.79
6414.42 1289.91
6398.45 1328.84
6380.03 1325.7
6363.18 1367.36
6344.75 1373.9
6326.61 1405.27
6307.75 1412.49
6288.77 1418.54
6269.35 1456.43
6249.73 1470.14
6229.26 1505.67
6209.01 1518.03
6188.03 1541.19
6166.7 1563.16
6145.29 1579.94
6123.3 1600.51
6100.05 1631.84
6076.78 1656.97
6053.54 1676.89
6032.16 1675.71
6011.59 1667.39
5991.27 1657.9
5970.83 1650.23
5948.39 1657.23
5921.77 1690.73
5889.17 1757.51
5866.37 1758.83
5835.46 1805.23
5809.59 1819.82
5776.89 1867.52
5745.53 1904.07
5713.28 1941.24
5680.78 1976.1
5646.04 2017.41
5611.48 2054.44
5575.98 2092.04
5543.04 2116.65
5503.12 2165.03
5466.05 2199.45
5425 2244.98
5397.09 2243.05
5431.73 2037.26
5311.85 2330.87
5247.95 2435.32
5196.18 2497.17
5148.49 2543.24
5098.24 2593.42
5042.22 2656.13
4980.79 2729.35
4934.54 2758.82
4861.56 2853.77
4797.73 2920.84
4733.77 2984.29
4660.74 3065.29
4587.79 3141.64
4553.8 3126.62
4566.12 3010.36
4345.43 3396.36
4253.93 3494.66
4153.98 3605.14
4054.19 3709.72
3955.14 3807.53
3827.83 3954.47
5010.05 1640.81
4935.54 1727.87
4885.67 1766.62
3303.29 4502.13
3144.17 4671.39
2977.8 4845.15
2796.81 5035.24
4275.95 2517.2
4604.94 1929.31
4717.26 1702.16
4701.28 1679.94
4683.91 1660.13
4658.91 1651.8
4640.18 1634.17
4608.99 1634.39
4588.15 1619.61
401.665 7319.5
331.371 7267.79
261.532 7215.46
192.15 7162.53
123.234 7109
54.7834 7054.86
-13.1881 7000.14
-80.6797 6944.82
-147.685 6888.91
-214.201 6832.42
-280.221 6775.36
-345.741 6717.71
-410.755 6659.5
-475.258 6600.73
-539.247 6541.39
-602.718 6481.5
-665.661 6421.05
-728.075 6360.06
-789.953 6298.53
