-4033.86 2411.04
-4033.86 2411.04
-4033.86 2411.04
-4033.86 2411.04
-4033.86 2411.04
-4033.86 2411.04
-4033.86 2411.04
-4033.86 2411.04
-4033.86 2411.04
-4033.86 2411.04
-4033.86 2411.04
-4033.86 2411.04
-4033.86 2411.04
-4034.61 2406.1
-4035.35 2401.17
-3922.27 2252.92
-3994.51 2334.84
-3994.78 2332.86
-3995.02 2330.88
-3995.02 2330.88
-3995.02 2330.88
-3995.02 2330.88
-3995.02 2330.88
-3995.02 2330.88
-3995.02 2330.88
-3995.02 2330.88
-3995.02 2330.88
-3995.02 2330.88
-3995.02 2330.88
-3995.02 2330.88
-3995.02 2330.88
-3995.02 2330.88
-3995.02 2330.88
-3995.02 2330.88
-3982.43 2326.88
-3978.4 2325.6
-3978.4 2325.6
-3978.4 2325.6
-3978.4 2325.6
-3978.4 2325.6
-3978.4 2325.6
-3978.4 2325.6
-3978.4 2325.6
-3978.4 2325.6
-3978.4 2325.6
-3978.4 2325.6
-3978.4 2325.6
-3978.4 2325.6
-3929.18 2400.32
-3913.32 2424.06
-3913.32 2424.06
-3913.32 2424.06
-3913.32 2424.06
-3913.32 2424.06
-3913.32 2424.06
-3913.32 2424.06
-3913.32 2424.06
-3913.32 2424.06
-3913.32 2424.06
-3913.32 2424.06
-3913.32 2424.06
-3905.49 2421.66
-3902.94 2420.84
-3825.69 2338.74
-3902.94 2420.84
-3902.94 2420.84
-3902.94 2420.84
-3902.94 2420.84
-3902.94 2420.84
-3902.94 2420.84
-3902.94 2420.84
-3902.94 2420.84
-3902.94 2420.84
-3970.36 2365.81
-3970.36 2365.81
-3970.36 2365.81
-3970.36 2365.81
-3970.36 2365.81
-3970.36 2365.81
-3970.36 2365.81
-3970.36 2365.81
-3970.36 2365.81
-3970.36 2365.81
-3965.89 2361.81
-3878.62 2281.17
-3953.07 2349.18
-3944.92 2340.37
-3935.16 2328.98
-3924.1 2314.78
-3913.71 2300.08
-3902.68 2282.8
-3891.74 2264.3
-3880.47 2243.67
-3870.13 2222.57
-3861.72 2203.33
-3855.41 2187
-3850.48 2172.84
-3846.03 2158.51
-3842.05 2144.05
-3838.56 2129.46
-3835.55 2114.75
-3833.2 2100.95
-3831.31 2087.09
-3829.88 2073.16
-3829.03 2060.88
-3828.53 2049.2
-3828.31 2036.9
-3828.4 2025.2
-3737.35 1940.18
-3829.5 2001.08
-3830.49 1989.27
-3832.06 1974.86
-3834.02 1960.49
-3836.67 1944.21
-3839.67 1927.56
-3842.79 1911.78
-3846.25 1895.64
-3849.99 1879.5
-3853.97 1863.57
-3859.01 1844.73
-3769.09 1748.63
-3872.39 1798.61
-3783.11 1697.18
-3890.29 1740.78
-3899.87 1710.25
-3908.26 1683.53
-3916.63 1656.85
-3925.01 1630.15
-3934.6 1599.63
-3944.78 1567.19
-3955.58 1532.77
-3967.25 1495.62
-3979.67 1456.04
-3992.45 1416.54
-4004.94 1379.09
-4003.72 1318.54
-4011.85 1273.66
-4011.85 1273.66
-4024.26 1238.28
-4024.26 1238.28
-4037 1203.01
-4050.06 1167.8
-4063.15 1133.44
-4075.68 1101.43
-4088.46 1069.6
-3985.34 958.865
-4115.01 1005.88
-4115.01 1005.88
-4127.5 976.971
-4140.26 948.163
-4153.68 918.56
-4153.68 918.56
-4166.93 889.981
-4180.44 861.526
-4191.79 838.142
-4233.12 767.716
-4250.4 734.405
-4250.4 734.405
-4255.95 721.556
-4261.51 708.703
-4264.68 701.361
-4267.86 694.016
-4268.66 692.171
-4268.66 692.171
-4268.66 692.171
-4268.66 692.171
-4268.66 692.171
-4270.84 687.129
-4273.06 682.1
-4278.02 671.172
-4155.2 583.482
-4290.41 643.85
-4290.41 643.85
-4298.87 625.179
-4308.76 603.864
-4318.84 582.636
-4329.1 561.494
-4338.22 543.133
-4504.23 589.702
-4514.4 568.572
-4514.4 568.572
-4526.1 544.804
-4536.89 523.36
-4544.98 507.284
-4553.08 491.187
-4558.47 480.482
-4558.47 480.482
-4561.18 475.104
-4561.18 475.104
-4561.18 475.104
