-8115.99 9372.21
-8197.56 9341.2
-8278.86 9309.47
-8359.87 9277.04
-8440.6 9243.91
-8521.04 9210.07
-8601.18 9175.53
-8681.01 9140.29
-8760.54 9104.36
-8839.75 9067.73
-8918.63 9030.41
-8997.19 8992.41
-9075.41 8953.73
-9153.3 8914.36
-9230.83 8874.31
-9308.01 8833.59
-9384.84 8792.2
-9461.3 8750.13
-9537.39 8707.41
-5365.66 1326.73
-5380.18 1325.19
-9763.38 8575.26
-9837.93 8529.91
-9746.98 8220.35
-6070.47 2306.92
-6086.1 2287.32
-7317.31 4099.95
-6956.32 3489.6
-6641.65 2968.26
-7422.31 4025.86
-10001.3 7559.12
-7577.92 4094.06
-5434.21 1129.94
-5377.66 1034.87
-5298.78 913.935
-5244.38 828.312
-5204.12 763.261
-5150.17 683.452
-5148.39 669.402
-5148.33 657.731
-5160.47 660.545
-5193.72 687.323
-11238 7491.45
-11303 7433.27
-11367.5 7374.52
-11431.5 7315.21
-11495 7255.34
-5071.9 493.814
-5069.8 483.293
-11682.3 7072.45
-11743.7 7010.4
-11804.5 6947.82
-11864.8 6884.72
-11924.5 6821.09
-5103.55 466.993
-5143.23 494.686
-5130.2 474.734
-5109.31 448.495
-5101.7 434.333
-5078.55 407.5
-5069.65 393.173
-5056.65 375.89
-5034.76 352.027
-5018.01 332.879
-5012.88 323.168
-5004.41 311.168
-12648.6 5948.5
-12700.1 5878.06
-12751 5807.18
-12801.3 5735.86
-12850.9 5664.1
-12899.9 5591.91
-12948.3 5519.3
-12996.1 5446.26
-13043.2 5372.81
-13089.7 5298.96
-13135.6 5224.7
-13180.7 5150.04
-13225.3 5074.99
-13269.1 4999.56
-13312.4 4923.74
-13354.9 4847.55
-13396.8 4771
-13438 4694.08
-13478.6 4616.8
-13518.4 4539.17
-13557.6 4461.2
-13596.1 4382.89
-13633.9 4304.25
-13671.1 4225.28
-13707.5 4145.98
-13743.3 4066.38
-13778.3 3986.46
-13812.7 3906.24
-13846.3 3825.73
-13879.3 3744.92
-13911.5 3663.83
-13943.1 3582.46
-13973.9 3500.82
-14004 3418.91
-14033.4 3336.74
-14062.1 3254.32
-14090 3171.66
-14117.3 3088.75
-14143.8 3005.61
-14169.6 2922.24
-14194.6 2838.64
-14218.9 2754.84
-14242.5 2670.82
-14265.4 2586.6
-14287.5 2502.18
-14308.9 2417.58
-14329.5 2332.79
-14349.4 2247.82
-14368.6 2162.69
-14387 2077.39
-14404.7 1991.93
-14421.6 1906.32
-14437.8 1820.57
-14453.2 1734.67
-5099.34 91.966
-14481.8 1562.5
-14495 1476.24
-14507.4 1389.86
-5101.92 74.5988
-5115.37 71.8133
-5120.87 67.9013
-5126.33 63.898
-5135.74 60.1828
-5131.18 55.1031
-5159.48 52.6581
-5183.78 49.4483
-5187.1 44.5596
-5197.37 39.9743
-5204.6 35.085
-5213.8 30.1391
-5248.95 25.6854
-5317.05 21.1578
-5339.13 15.0941
-5402.15 8.59885
-5486.1 0.796841
-6371.84 -23.3893
-6454.46 -41.0908
-6482.92 -58.2898
-6511.23 -75.9895
-6535.38 -93.9743
-6540.39 -111.205
-6519.31 -126.688
-6516.06 -143.245
-6505.69 -159.138
-6495.18 -174.861
-6479.58 -189.885
-6482.74 -206.824
-6470.85 -221.988
-6476.69 -239.331
-6449.7 -252.164
-6432.51 -266.034
-6421.15 -280.569
-6413.62 -295.592
-6403.99 -310.156
-6413.92 -328.242
-6388.33 -339.617
-6385.21 -355.182
-6370.23 -368.211
-6364.91 -383.182
-6350.7 -396.054
-6337.38 -408.943
-6328.81 -422.846
-6322.07 -437.134
-6324.86 -453.937
-6302.45 -463.845
-6295.37 -477.826
-6299.68 -495.141
-6295.21 -509.926
-6273.45 -519.24
-6253.56 -528.834
-6246.91 -542.579
-6262.82 -564.089
-6237.96 -571.518
-6230.95 -585.075
-6217.28 -596.096
-6219.39 -613.034
-6199.95 -621.601
-6191.6 -634.385
-6197.93 -653.211
-6175.52 -660.05
-6178.78 -677.744
-6174.55 -692.283
-6165.64 -704.723
-6143.95 -711.128
-6140.31 -725.841
-6130.24 -737.47
-6120.98 -749.426
-6108.96 -759.912
-6103.96 -773.949
-6097.95 -787.486
-6101.47 -806.239
-6089.93 -816.854
-6069.61 -822.395
-6058.83 -833.157
-6062.62 -852.439
-6039.62 -855.854
-6054.17 -881.967
-6039.56 -890.348
-6023.22 -897.466
-6025.31 -916.371
-6008.01 -922.664
-5993.19 -930.407
-5992.35 -947.608
-5982.31 -958.545
-5968.93 -967.054
-5974.09 -988.943
-5954.08 -992.528
-5946.09 -1004.88
-5954.62 -1029.98
-5934.48 -1033.1
-5923.76 -1043.43
-5912.97 -1053.65
-5908.27 -1068.86
-5906.46 -1086.65
-5900.64 -1101.23
-5878.84 -1102
-5885.55 -1127.69
-5859.99 -1124.77
-5851.51 -1137.04
-5846.58 -1152.67
-5843.63 -1170.37
-5840.47 -1188.11
-5824.28 -1193.25
-5812.32 -1202.44
-5790.5 -1201.52
-5712.58 -1141.98
-5697.68 -1146.54
-5679.38 -1147.26
-5666.54 -1153.65
-5649 -1154.71
-5642.11 -1167.54
-5648.83 -1196.2
-5662.27 -1233.44
-5692.46 -1291.71
-5646.77 -1259.46
-5610.51 -1237.41
-5581.57 -1223.43
-5547.41 -1201.95
-5502.76 -1165.68
-5408.35 -1061.58
-5391.25 -1058.11
-5421.81 -1120
-5388.15 -1093.7
-5360.74 -1075.09
-5343.9 -1070.94
-5317.69 -1052.47
-5297.38 -1041.98
-5269.69 -1019.46
-5259.08 -1022.7
-5228.89 -994.443
-5209.67 -982.801
-5191.74 -972.616
-5158.83 -936.329
-5149.56 -939.409
-5124.06 -913.659
-5115.01 -916.419
-5095.48 -899.746
-5076.76 -883.687
-5066.18 -882.461
-5050.68 -871.312
-5043.42 -876.079
-5020.8 -849.311
-5004.7 -834.862
-4992.26 -827.452
-4983.29 -827.174
-4967.05 -810.352
-4961.07 -816.248
-4945.67 -800.001
-4932.49 -788.17
-4915.05 -765.04
-4911.57 -776.11
-4901.13 -769.432
-4889.08 -757.946
-4876.92 -745.371
-4871.65 -751.503
-4861.11 -742.467
-4851.06 -734.254
-4844.25 -735.437
-4830.85 -715.569
-4824.22 -716.572
-4821.56 -730.943
-4806.58 -703.012
-4800.08 -703.796
-4793.59 -704.521
-4784.12 -693.566
-4773.64 -677.648
-4766.24 -673.274
-4762.29 -683.443
-4755.16 -679.923
-4747.28 -672.417
-4738.55 -659.927
-4730.99 -652.247
-4726.12 -658.254
-4718.56 -649.452
-4712.81 -650.434
-4704.71 -636.548
-4698.04 -630.485
-4692.32 -630.299
-4686.34 -628.078
-4680.53 -626.794
-4672.74 -607.571
-4666.83 -603.181
-4662.15 -610.682
-4656.82 -612.17
-4651.24 -610.621
-4644.52 -592.061
-4639.21 -591.401
-4634.37 -599.683
-4629.01 -598.933
-4623.06 -580.146
-4617.81 -576.299
-4612.68 -575.405
-4607.65 -584.465
-4602.49 -566.482
-4597.48 -564.454
-4592.34 -571.382
-4587.68 -556.271
-4582.53 -562.111
-4577.85 -554.916
-4573.14 -550.679
-4567.63 -560.377
-4564.08 -540.096
-4558.65 -547.708
-4553.79 -547.299
-4549.9 -536.894
-4545.03 -537.403
-4541.29 -527.934
-4536.6 -527.374
-4530.47 -537.677
-4527.8 -522.17
-4523.61 -518.526
-4519.16 -516.824
-4513.91 -520.016
-4511.04 -509.371
-4503.58 -524.276
-4500.84 -513.572
-4496.08 -513.639
-4493.4 -503.884
-4490.67 -495.098
-4486.49 -493.124
-4478.59 -506.668
-4480.9 -478.401
-4472.87 -491.833
-4470.84 -481.987
-4465.49 -484.667
-4459.52 -489.212
-4458.59 -476.438
-4452.89 -479.938
-4449.23 -476.701
-4444.68 -476.29
-4441.72 -471.097
-4438.19 -467.78
-4434.03 -466.322
-4428.85 -467.646
-4425.4 -464.234
-4422.35 -459.866
-927.439 -9290.44
-846.423 -9258.01
-765.693 -9224.87
-685.253 -9191.03
-605.114 -9156.49
-4397.22 -451.586
-4392.37 -451.591
-366.547 -9048.7
-4386.08 -444.233
-209.104 -8973.38
-130.882 -8934.69
-53.001 -8895.32
24.5341 -8855.28
101.718 -8814.55
178.543 -8773.16
255.002 -8731.1
331.093 -8688.37
406.806 -8644.98
482.141 -8600.93
557.086 -8556.23
631.639 -8510.87
705.792 -8464.86
779.543 -8418.21
852.883 -8370.92
925.808 -8322.99
998.31 -8274.42
1070.39 -8225.23
1142.03 -8175.4
1213.24 -8124.95
1284 -8073.89
-4303.49 -394.478
1424.18 -7969.91
1493.59 -7917.01
1562.52 -7863.51
1630.99 -7809.4
-4288.04 -378.693
1766.5 -7699.41
1833.53 -7643.53
1900.07 -7587.07
1966.12 -7530.03
2031.66 -7472.42
-4267.49 -362.412
2161.23 -7355.48
-4261.05 -356.497
-4255.11 -356.396
2351.7 -7175.89
2414.14 -7114.92
2476.05 -7053.41
-4241.12 -345.427
-4239.48 -340.867
-4234.26 -339.743
-4233.42 -334.467
2777.39 -6737.9
-4223.75 -331.303
-4218.54 -329.964
-4212.57 -329.216
-4217.24 -319.309
-4208.25 -321.064
-4203.07 -319.511
-4199.43 -316.636
-4200.52 -309.992
-4204.06 -301.548
-4191.03 -305.956
-4188.3 -302.348
-4185.59 -298.715
-4183.73 -294.473
-4181.9 -290.222
-4167.01 -295.124
-4162.72 -292.437
-4171.71 -280.767
-4158.35 -284.154
-4160 -277.542
-4158.35 -273.128
-4147.42 -274.525
-4142.4 -272.102
-4150.25 -261.902
-4131.52 -267.564
-4128.25 -263.936
-4127.62 -258.799
-4131.43 -251.253
-4120.38 -251.888
-4119.88 -246.728
-4106.12 -248.49
-4104.78 -243.69
-4091.85 -244.674
-4091.45 -239.327
-4078.46 -240.006
-4083.56 -232.045
-4089.66 -223.779
-4073.93 -225.375
-4074.66 -219.554
-4073.6 -214.544
-4064.27 -212.967
-4054 -211.618
-4038.13 -212.299
-4041.82 -205.216
-4036.22 -201.706
-4037.22 -195.728
-4028.85 -193.11
-4031.83 -186.469
-4016.86 -185.903
-4022.79 -178.316
-4002.09 -179.236
-4000.46 -173.984
-3990.25 -171.264
-3977.16 -169.203
-3984.3 -161.338
-3981.87 -156.189
-3974.63 -152.256
-3956.75 -150.859
-3948.56 -146.838
-3949.17 -140.673
-3939.1 -136.898
-3926.1 -133.579
-3923.9 -127.863
-3913.89 -123.638
-3910.79 -117.98
-3896.9 -114.176
-3888.94 -109.156
-3888.92 -102.763
-3869.17 -99.313
-3871.22 -92.4898
-3856.48 -87.9101
-3855.66 -81.3906
-3842.97 -76.2089
-3835.28 -70.2956
-3825.66 -64.4437
-3819.06 -58.1722
-3804.55 -52.4098
-3793.06 -46.1931
-3772.64 -40.3198
-3778.23 -32.7634
-3766.9 -26.0303
-3754.63 -19.1365
-3737.42 -12.1563
-3732.26 -4.68221
-3719.17 2.82001
-3708.15 10.5469
-3683.19 18.604
-3681.31 26.6688
-3671.5 34.9859
-3669.75 43.187
-3645.11 52.4502
-3633.54 61.4507
-3608.08 71.5271
-3596.69 81.059
-3584.39 90.8745
-3574.18 100.733
-3558.1 111.358
-3532.18 123.326
-3530.23 133.011
-3518.45 143.968
-3481.99 158.432
-3462.54 171.157
-3440.27 184.679
-3420.11 198.287
-3409.97 210.598
-3359.59 230.266
-3337.97 245.51
-3304.75 263.451
5193.8 2014.46
5175.93 2099.88
5157.32 2185.14
5137.96 2270.23
5117.86 2355.15
5097.02 2439.89
5075.44 2524.45
5053.13 2608.81
5030.08 2692.98
5006.29 2776.94
4981.78 2860.69
4956.53 2944.23
4930.56 3027.54
4903.86 3110.62
4876.43 3193.46
4848.29 3276.07
4819.42 3358.42
4789.84 3440.52
4759.54 3522.36
