18872.1 1069.32
18872.1 1069.32
18872.1 1069.32
18872.1 1069.32
18869.1 1069.16
18854.1 1068.9
18842.1 1069.21
18842.1 1069.21
18827.1 1069.91
18809.1 1071.15
18788.2 1072.87
18764.3 1075.05
18707.6 1080.97
18674.8 1084.82
18674.8 1084.82
18645.1 1088.32
18618.2 1091.48
18594.4 1094.28
18573.5 1096.73
18555.7 1098.83
18540.8 1100.58
18528.9 1101.98
18519.9 1103.03
18514 1103.73
18511 1104.08
18511 1104.08
18511 1104.08
18511 1104.08
18511 1104.08
18511 1104.08
18511 1104.08
18511 1104.08
18511 1104.08
18511 1104.08
18511 1104.08
18511 1104.08
18508.3 1105.33
18494.9 1112.25
18484.4 1117.96
18484.4 1117.96
18471.2 1125.05
18460.6 1130.68
18452.6 1134.89
18447.3 1137.71
18444.7 1139.11
18451.9 1136.28
18451.9 1136.28
18451.9 1136.28
18449.2 1137.67
18444 1140.55
18425.8 1151.05
18425.8 1151.05
18412.9 1158.65
18397.3 1167.78
18379.2 1178.34
18358.3 1190.24
18334.8 1203.41
18279.4 1233.42
18279.4 1233.42
18248.2 1249.81
18215.5 1266.61
18182 1283.46
18148.3 1300.02
18083.3 1330.97
18083.3 1330.97
18052 1345.39
18020.5 1359.54
17988.9 1373.41
17958.6 1386.41
17928.2 1399.15
17897.6 1411.62
17839 1434.67
17839 1434.67
17809.5 1445.81
17781.4 1456.17
17753.1 1466.28
17724.8 1476.15
17696.4 1485.78
17669.3 1494.68
17642.2 1503.35
17614.9 1511.78
17587.6 1519.97
17561.7 1527.51
17469 1451.1
17443 1458.32
17416.9 1465.31
17392.2 1471.69
17367.5 1477.86
17317.8 1489.55
17317.8 1489.55
17294.4 1494.75
17270.9 1499.74
17223.8 1509.11
17223.8 1509.11
17201.7 1513.21
17179.6 1517.12
17157.4 1520.83
17135.1 1524.35
17149.5 1523.58
17127.2 1526.56
17106.3 1529.16
17085.5 1531.58
17043.7 1535.88
17043.7 1535.88
17022.8 1537.75
17001.9 1539.44
16982.4 1540.84
16962.9 1542.08
16943.5 1543.14
16924 1544.03
16885 1545.3
16885 1545.3
16865.5 1545.68
16829.5 1545.91
16811.5 1545.79
16811.5 1545.79
16793.5 1545.52
16775.5 1545.08
16757.5 1544.49
16743.6 1541.96
16727.1 1541.1
16710.6 1540.09
16694.2 1538.95
16661.3 1536.22
16661.3 1536.22
16644.9 1534.64
16628.5 1532.92
16612.1 1531.06
16595.7 1529.05
16580.8 1527.09
16566 1525.01
16551.1 1522.8
16521.5 1517.98
16521.5 1517.98
16506.7 1515.38
16492 1512.65
16477.3 1509.79
16464 1507.1
16450.8 1504.3
16424.5 1498.34
16424.5 1498.34
16411.4 1495.2
16385.2 1488.56
16385.2 1488.56
16372.2 1485.06
16359.2 1481.46
16346.2 1477.74
16333.2 1473.91
16320.3 1469.97
16294.4 1464.32
16268.7 1455.96
16268.7 1455.96
16256 1451.61
16244.6 1447.65
16233.3 1443.59
16222.1 1439.43
16210.9 1435.17
16199.7 1430.82
16188.5 1426.36
16178.8 1422.38
16159.5 1414.17
16159.5 1414.17
16149.9 1409.93
16140.3 1405.62
16130.8 1401.21
16121.3 1396.73
16111.8 1392.16
16103.8 1388.18
16096.4 1384.46
16081.7 1377.03
16081.7 1377.03
16074.3 1373.31
16066.9 1369.59
16059.6 1365.87
16052.2 1362.16
16034.8 1353.29
16034.8 1353.29
16027.5 1349.45
16020.9 1345.95
16006.3 1338.26
15998.4 1334
15998.4 1334
15991.8 1330.39
15985.2 1326.78
15978.7 1323.17
15972.1 1319.55
15965.5 1315.94
15959 1312.28
15952.5 1308.55
15965.2 1403
15958.7 1399.31
15958.7 1399.31
15952.1 1395.62
15945.6 1391.94
15939.1 1388.25
15932.5 1384.56
15926 1380.81
15919.6 1377.01
15913.1 1373.21
15906.6 1369.41
15900.2 1365.61
15895 1362.56
15889.8 1359.52
15884.7 1356.48
15879.5 1353.44
15874.3 1350.4
15869.1 1347.36
15864 1344.31
15858.8 1341.27
15853.6 1338.23
15848.5 1335.19
15843.3 1332.15
15838.1 1329.11
15832.9 1326.07
15827.8 1323.02
15817.4 1316.94
15817.4 1316.94
15807.1 1310.86
15801.9 1307.82
15801.9 1307.82
15796.7 1304.77
15791.6 1301.73
15786.4 1298.69
15777.3 1293.37
15773.5 1291.09
15773.5 1291.09
15769.6 1288.81
15765.7 1286.53
15757.9 1281.96
15757.9 1281.96
15754.1 1279.68
15750.2 1277.4
15746.3 1275.12
15742.4 1272.84
15738.6 1270.56
15730.8 1265.99
15730.8 1265.99
15726.9 1263.71
15723 1261.43
15719.2 1259.15
15715.3 1256.87
15711.4 1254.62
15707.5 1252.41
