11047 -3804.07
11047 -3804.07
11047 -3804.07
11047 -3804.07
11047 -3804.07
11047 -3804.07
11047 -3804.07
11047 -3804.07
11047 -3804.07
11047 -3804.07
11047 -3804.07
11047 -3804.07
11047 -3804.07
11047 -3804.07
11047 -3804.07
11047 -3804.07
11047 -3804.07
11047 -3804.07
11047 -3804.07
11047 -3804.07
11047 -3804.07
11047 -3804.07
11047 -3804.07
11047 -3804.07
11047 -3804.07
11047 -3804.07
11055.9 -3803.47
11055.9 -3803.47
11055.9 -3803.47
11055.9 -3803.47
11055.9 -3803.47
11055.9 -3803.47
11055.9 -3803.47
11055.9 -3803.47
11055.9 -3803.47
11055.9 -3803.47
11055.9 -3803.47
11055.9 -3803.47
11050.4 -3802.27
11050.4 -3802.27
11050.4 -3802.27
11050.4 -3802.27
11048.6 -3804.67
11046.3 -3807.6
11042.5 -3812.2
11036.4 -3818.85
11027.8 -3827.19
11018 -3835.35
11007.6 -3842.77
10996.7 -3849.39
10991.9 -3859.68
10981.5 -3864.12
10970.9 -3867.87
10960.1 -3870.92
10938 -3875.16
10926.8 -3876.33
10926.8 -3876.33
10915.6 -3876.87
10904.3 -3876.77
10893.1 -3876.03
10881.9 -3874.76
10870.8 -3872.95
10842 -3862.62
10842 -3862.62
10827.7 -3858.12
10813.6 -3852.94
10799.8 -3847.09
10786.3 -3840.58
10762.8 -3827.26
10762.8 -3827.26
10751.5 -3819.91
10740.4 -3812.13
10729.7 -3803.92
10720.5 -3796.26
10712.1 -3788.74
10704 -3780.96
10694 -3769.91
10685.4 -3760.5
10678.1 -3751.91
10671.1 -3743.11
10664.4 -3734.09
10657.9 -3724.87
10651.7 -3715.46
10645.9 -3705.87
10640.3 -3696.1
10635 -3686.16
10630.7 -3677.42
10627 -3669.23
10623.4 -3660.96
10609.5 -3646.49
10609.5 -3646.49
10606.5 -3638
10603.7 -3629.44
10598.7 -3612.16
10598.7 -3612.16
10596.4 -3603.44
10592.6 -3585.87
10592.6 -3585.87
10590.9 -3577.02
10589.4 -3568.14
10588.4 -3560.71
10587.4 -3553.27
10585.1 -3544.08
10584.4 -3536.62
10583.7 -3529.15
10583.1 -3521.67
10582.6 -3514.18
10582.3 -3506.69
10582 -3499.2
10581.8 -3491.7
10581.7 -3482.7
10581.7 -3472.95
10581.9 -3463.2
10582.3 -3454.96
10582.8 -3446.73
10583.3 -3439.99
10583.8 -3433.27
10584.5 -3426.55
10585.3 -3418.34
10586.3 -3409.39
10587.4 -3400.46
10588.4 -3393.02
10589.4 -3385.59
10590.4 -3378.17
10604 -3365.98
10605.1 -3358.57
10607.5 -3343.76
10607.5 -3343.76
10608.8 -3336.38
10610.2 -3329.02
10611.7 -3321.66
10613.2 -3314.3
10614.6 -3306.95
10616.1 -3299.59
10617.6 -3292.24
10619 -3284.88
10620.5 -3277.53
10621.7 -3271.64
10624 -3259.88
10624 -3259.88
10625.5 -3252.52
10627.1 -3244.43
10628.7 -3236.34
10630.3 -3228.25
10631.9 -3220.16
10633.3 -3213.54
10634.6 -3206.92
10635.9 -3200.3
10637.2 -3193.68
10638.5 -3187.06
10639.9 -3180.44
10641.2 -3173.82
10642.5 -3167.2
10643.8 -3160.58
10647.6 -3141.46
10649.5 -3131.89
10651.4 -3122.33
10651.4 -3122.33
10653.3 -3112.77
10655.3 -3103.21
10657.2 -3093.65
10659.1 -3084.08
10661 -3074.52
10662.9 -3064.96
10664.8 -3055.4
10667 -3044.36
10669.2 -3033.33
10671.4 -3022.3
10673.6 -3011.27
10678 -2989.2
10678 -2989.2
10680.5 -2976.7
10683 -2964.19
10685.5 -2951.69
10687.9 -2939.18
10690.4 -2926.68
10692.9 -2914.18
10695.1 -2903.14
10697.3 -2892.11
10699.5 -2881.08
10701.7 -2870.04
10703.9 -2859.01
10706.1 -2847.98
10708.3 -2836.95
10699.6 -2833.7
10701.5 -2824.14
10703.4 -2814.57
10705.3 -2805.01
10707.2 -2795.45
10711.1 -2776.34
10711.1 -2776.34
10715.3 -2757.3
10715.3 -2757.3
10717.6 -2747.81
10722.4 -2728.91
10725 -2719.53
10725 -2719.53
10727.8 -2710.19
10730.8 -2700.9
10733.9 -2691.67
10737.2 -2682.49
10740.7 -2673.37
10744.3 -2664.32
10748.1 -2655.32
10752 -2646.4
10756.1 -2637.54
10760.3 -2628.76
10764.7 -2620.05
10769.2 -2611.42
10773.9 -2602.87
10778.7 -2594.41
10783.7 -2586.03
10788.8 -2577.74
10794.1 -2569.53
10799.5 -2561.43
10805.1 -2553.41
10816.6 -2537.69
10816.6 -2537.69
10822.6 -2529.98
10828.7 -2522.37
10834.9 -2514.87
10841.3 -2507.48
10847.8 -2500.21
10854.4 -2493.05
10861.1 -2486
10868 -2479.08
10875 -2472.27
10882.1 -2465.59
10889.3 -2459.03
10896.6 -2452.6
10922.3 -2437.17
10937.5 -2424.95
10947.6 -2417.22
10947.6 -2417.22
10975.6 -2397.06
10975.6 -2397.06
11014.3 -2371.22
11014.3 -2371.22
11037.7 -2356.39
11061.4 -2341.97
11085.4 -2327.97
11109.6 -2314.39
11132.7 -2301.94
11156 -2289.9
11179.6 -2278.27
11203.3 -2267.05
11225.8 -2256.87
11271.5 -2237.69
11271.5 -2237.69
11294.5 -2228.69
11316.3 -2220.63
11360.4 -2205.64
11360.4 -2205.64
11382.6 -2198.73
11402.9 -2192.1
11423.9 -2186.34
11444.9 -2180.95
11466.1 -2175.93
11507.2 -2167.29
11507.2 -2167.29
11527.1 -2163.66
11567.1 -2157.43
11567.1 -2157.43
11585.7 -2155.03
11603.6 -2153.04
11621.5 -2151.2
11639.4 -2149.53
11657.4 -2148
11675.3 -2146.64
11691.8 -2145.53
11708.3 -2144.57
11724.7 -2143.75
11757.7 -2142.54
11757.7 -2142.54
11774.2 -2142.15
11789.2 -2141.93
11808.6 -2145.52
11823.6 -2145.55
11838.6 -2145.71
11853.6 -2146
11868.6 -2146.42
11882.1 -2146.92
11909.1 -2148.27
11909.1 -2148.27
11936 -2150.08
11936 -2150.08
11949.5 -2151.17
11961.4 -2152.24
11985.3 -2154.69
11985.3 -2154.69
12009.1 -2157.55
12009.1 -2157.55
12031.4 -2160.62
12031.4 -2160.62
12041.8 -2162.19
12062.5 -2165.61
12062.5 -2165.61
12072.9 -2167.45
12083.2 -2169.38
12093.5 -2171.41
12103.8 -2173.52
12114 -2175.72
12124.3 -2178.01
12134.5 -2180.4
12144.7 -2182.87
12154.9 -2185.43
12165.1 -2188.07
12175.2 -2190.81
12185.3 -2193.64
12195.4 -2196.55
12205.5 -2199.55
12215.5 -2202.64
12225.5 -2205.82
12233.3 -2202.19
12243.2 -2205.54
12263 -2212.49
12263 -2212.49
12272.9 -2216.1
12292.5 -2223.57
12292.5 -2223.57
12302.3 -2227.44
12312 -2231.39
12321.7 -2235.42
12331.4 -2239.54
12341 -2243.74
12350.6 -2248.03
12360.1 -2252.4
12379.1 -2261.38
12388.5 -2266
12388.5 -2266
12397.9 -2270.7
12416.6 -2280.35
12416.6 -2280.35
12425.8 -2285.29
12432.4 -2288.88
12436.4 -2291.04
