20601.7 -6706.45
20601.7 -6706.45
20601.7 -6706.45
20601.7 -6706.45
20601.7 -6706.45
20601.7 -6706.45
20601.7 -6706.45
20601.7 -6706.45
20601.7 -6706.45
20601.7 -6706.45
20601.7 -6706.45
20601.7 -6706.45
20601.7 -6706.45
20601.7 -6706.45
20601.7 -6706.45
20601.7 -6706.45
20601.7 -6706.45
20601.7 -6706.45
20601.7 -6706.45
20601.7 -6706.45
20601.7 -6706.45
20601.7 -6706.45
20600.9 -6701.3
20600.9 -6701.3
20600.9 -6701.3
20600.9 -6701.3
20600.9 -6701.3
20600.9 -6701.3
20600.9 -6701.3
20600.9 -6701.3
20600.9 -6701.3
20600.9 -6701.3
20600.9 -6701.3
20600.9 -6701.3
20600.9 -6701.3
20602 -6698.52
20604.1 -6692.89
20604.1 -6692.89
20607.1 -6684.38
20610.8 -6672.97
20615.2 -6658.63
20620.1 -6641.33
20625.6 -6621.05
20631.6 -6597.81
20645.1 -6542.45
20645.1 -6542.45
20652.6 -6510.3
20662.1 -6475.64
20669.1 -6442.62
20675.8 -6409.55
20682.3 -6376.42
20688.4 -6343.23
20694.5 -6308.51
20700.3 -6273.75
20705.6 -6240.41
20710.6 -6207.03
20719.2 -6143.12
20723.2 -6111.11
20726.5 -6082.04
20726.5 -6082.04
20731.4 -6059.05
20734.5 -6030.73
20737.9 -6000.92
20741 -5970.33
20743.9 -5939.72
20746.3 -5912.07
20748.6 -5885.17
20750.9 -5859.01
20753 -5833.61
20755.2 -5808.2
20757.4 -5782.79
20759.6 -5757.39
20763.1 -5736.36
20765.3 -5712.46
20767.5 -5688.56
20769.6 -5664.65
20771.8 -5640.75
20774 -5616.85
20778.4 -5569.05
20778.4 -5569.05
20780.3 -5548.14
20782 -5527.21
20783.8 -5503.28
20785.6 -5478.59
20787.4 -5453.91
20789.1 -5430.72
20790.8 -5408.28
20792.4 -5385.84
20795.7 -5340.97
20795.7 -5340.97
20798.3 -5316.33
20799.7 -5295.39
20802.6 -5253.49
20802.6 -5253.49
20804 -5234.03
20805.3 -5214.58
20806.7 -5195.13
20808 -5175.67
20809.4 -5156.22
20810.7 -5136.77
20812 -5118.81
20813.2 -5100.85
20815.7 -5064.94
20815.7 -5064.94
20817 -5046.98
20818.1 -5030.52
20819.2 -5014.06
20820.4 -4997.6
20821.5 -4981.14
20822.7 -4964.68
20823.8 -4948.22
20825 -4931.76
20826 -4916.8
20829.9 -4902.91
20831 -4887.94
20832 -4872.98
20833.1 -4858.02
20834.1 -4843.05
20835.1 -4829.59
20836 -4816.12
20837 -4802.65
20837.9 -4789.19
20838.8 -4775.72
20839.8 -4762.25
20840.6 -4750.28
20841.6 -4738.32
20844.3 -4708.45
20844.3 -4708.45
20846.2 -4690.55
20848.3 -4672.66
20850.3 -4656.29
20852.4 -4639.93
20854.7 -4623.59
20857.2 -4607.27
20859.8 -4590.98
20862.5 -4574.7
20865.4 -4558.45
20868.4 -4542.23
20871.5 -4526.04
20877.6 -4496.67
20877.6 -4496.67
20880.9 -4482.02
20884.6 -4465.95
20888.5 -4449.9
20892.1 -4435.35
20901.7 -4420.26
20906 -4404.33
20910.4 -4388.44
20914.1 -4375.43
20917.7 -4362.43
20921.9 -4348.02
20926.4 -4332.94
20935.8 -4306.02
20935.8 -4306.02
20940.5 -4294.19
20946 -4281.03
20952.2 -4266.54
20963.9 -4240.56
20963.9 -4240.56
20969.6 -4229.16
20976.1 -4216.48
20982.7 -4203.85
20988.7 -4192.6
20994.8 -4181.41
21001.7 -4168.96
21008.8 -4156.57
21014.6 -4146.93
21020.6 -4137.45
21027.6 -4126.77
21035.1 -4115.53
21042.6 -4104.35
21050.2 -4093.17
21056.9 -4083.23
21063.8 -4073.42
21071.8 -4062.51
21071.8 -4062.51
21071.8 -4062.51
21073.6 -4060.11
21077.2 -4055.33
21082.6 -4048.15
21089 -4039.77
21090.1 -4029.11
21097.1 -4020.31
21111.6 -4003.07
21111.6 -4003.07
21119.1 -3994.64
21126.7 -3986.35
21134.4 -3978.19
21143.3 -3969.09
21152.4 -3960.15
21160.6 -3952.41
21168.9 -3944.81
21178.4 -3936.36
21178.4 -3936.36
21178.4 -3936.36
21180.7 -3934.37
21185.1 -3930.31
21191.7 -3924.17
21200.5 -3916.07
21209.5 -3908.11
21219.8 -3899.34
21230.2 -3890.75
21239.6 -3883.28
21249.1 -3875.98
21258.7 -3868.84
21268.5 -3861.87
21278.4 -3855.07
21288.4 -3848.44
21310 -3834.94
21310 -3834.94
21333.4 -3821.44
21333.4 -3821.44
21345.3 -3814.99
21355.9 -3809.45
21366.7 -3804.09
21377.5 -3798.93
21389.8 -3793.32
21400.4 -3783.17
21412.9 -3778.01
21425.4 -3773.06
21438.1 -3768.34
21449.4 -3764.33
21460.8 -3760.53
21472.2 -3756.92
21483.7 -3753.52
21506.9 -3747.31
21515.6 -3745.21
21515.6 -3745.21
21524.4 -3743.19
21533.2 -3741.24
21542 -3739.37
21550.8 -3737.58
21559.7 -3735.86
21568.5 -3734.22
21577.4 -3732.66
21586.2 -3731.18
21593.7 -3730.01
21601.1 -3728.9
21608.5 -3727.86
21615.9 -3726.88
21623.4 -3725.97
21630.8 -3725.12
21638.3 -3724.34
21647.2 -3723.48
21656.2 -3722.69
21676.9 -3729.92
21676.9 -3729.92
21684.4 -3729.46
21691.8 -3729.07
21699.3 -3728.74
21706.8 -3728.48
21721.8 -3728.16
21721.8 -3728.16
21729.3 -3728.09
21736.8 -3728.09
21744.3 -3728.16
21759.3 -3728.49
21759.3 -3728.49
21766.8 -3728.75
21774.3 -3729.08
21781.8 -3729.47
21789.3 -3729.93
21796.8 -3730.45
21804.2 -3731.04
21811.7 -3731.7
21819.2 -3732.41
21826.6 -3733.2
21841.5 -3734.96
21841.5 -3734.96
21849 -3735.94
21856.4 -3736.99
21863.8 -3738.1
21877.1 -3740.26
21883.1 -3741.25
21883.1 -3741.25
21889 -3742.24
21894.9 -3743.23
21900.8 -3744.22
21906.7 -3745.21
21912.6 -3746.21
21924.5 -3748.24
21924.5 -3748.24
21930.4 -3749.33
21936.3 -3750.48
21942.1 -3751.67
21948 -3752.92
21953.9 -3754.22
21961.2 -3755.84
21968.5 -3757.47
21975.8 -3759.09
21987.6 -3761.69
21987.6 -3761.69
21993.4 -3762.99
21999.3 -3764.29
22011 -3766.89
22011 -3766.89
22016.8 -3768.19
22022.7 -3769.48
22030 -3771.11
22037.3 -3772.73
22044.7 -3774.36
22052 -3775.98
22057.8 -3777.28
22069.6 -3779.88
22069.6 -3779.88
22075.4 -3781.18
22081.3 -3782.48
22087.1 -3783.77
22093 -3785.07
22098.8 -3786.37
22104.7 -3787.67
22110.6 -3788.97
22116.4 -3790.27
22122.3 -3791.52
22128.2 -3792.71
22134.1 -3793.86
22170.6 -3785.64
22176.5 -3786.71
22182.4 -3787.73
22194.3 -3789.6
22194.3 -3789.6
22200.2 -3790.46
22206.2 -3791.27
22218.1 -3792.73
22224.1 -3793.38
22224.1 -3793.38
22230 -3793.98
22236 -3794.53
22242 -3795.03
22248 -3795.47
22254 -3795.86
22259.9 -3796.2
22265.9 -3796.49
22273.4 -3796.78
22273.4 -3796.78
22273.4 -3796.78
22274.9 -3796.81
22279.4 -3796.83
22284.7 -3796.85
22289.9 -3796.88
22300.4 -3796.92
22300.4 -3796.92
22305.7 -3796.94
22310.9 -3796.96
22316.2 -3796.99
22321.4 -3797.01
22326.7 -3797.03
22331.9 -3797.05
22342.4 -3797.1
22342.4 -3797.1
22347.7 -3797.12
22352.9 -3797.14
22358.2 -3797.16
22368.7 -3797.21
22368.7 -3797.21
22379.2 -3797.25
22384.4 -3797.27
22389.7 -3797.29
22389.7 -3797.29
22394.9 -3797.32
22400.2 -3797.34
22405.4 -3797.36
22410.7 -3797.38
22421.2 -3797.43
22421.2 -3797.43
22426.4 -3797.45
22436.9 -3797.49
22436.9 -3797.49
22442.2 -3797.51
22447.4 -3797.54
22452.7 -3797.56
22457.9 -3797.58
22464.7 -3797.61
22478.2 -3797.67
22478.2 -3797.67
22484.9 -3797.69
22491.7 -3797.72
22498.4 -3797.75
22505.2 -3797.78
22511.9 -3797.81
22518.7 -3797.84
22526.9 -3797.87
22537.4 -3797.91
22547.9 -3797.96
22558.4 -3798
22568.9 -3798.05
22580.9 -3798.1
22604.9 -3798.2
22604.9 -3798.2
22618.4 -3798.25
22631.9 -3798.31
22645.4 -3798.37
22658.9 -3798.42
22672.4 -3798.48
22685.9 -3798.54
22699.4 -3798.71
22711.4 -3798.97
22723.4 -3799.34
22736.9 -3799.75
22775.3 -3804.08
22788.8 -3804.59
22812.7 -3805.81
22812.7 -3805.81
22826.2 -3806.67
22839.7 -3807.65
22853.1 -3808.63
22866.6 -3809.62
22880.1 -3810.6
22893.5 -3811.58
22907 -3812.56
22920.5 -3813.54
22933.9 -3814.64
22945.9 -3815.72
22957.8 -3816.91
22969.7 -3818.09
22981.7 -3819.28
22993.6 -3820.46
23005.6 -3821.65
23028 -3823.87
23038.4 -3824.91
23038.4 -3824.91
23048.9 -3825.94
23059.3 -3826.98
23069.8 -3828.02
23080.2 -3829.05
23090.6 -3830.18
23111.5 -3832.71
23111.5 -3832.71
23121.9 -3834.02
23132.3 -3835.33
23142.7 -3836.64
23153.2 -3837.95
23163.6 -3839.26
23174 -3840.57
23184.4 -3841.88
23194.8 -3843.19
23205.2 -3844.5
23215.7 -3845.81
23236.5 -3848.53
23236.5 -3848.53
23247.5 -3835.69
23257.9 -3837.32
23278.7 -3840.59
23289 -3842.31
23299.4 -3844.12
23299.4 -3844.12
23309.7 -3846.02
23320 -3848.01
23330.3 -3850.1
23340.6 -3852.27
23350.8 -3854.53
23371.3 -3859.05
23371.3 -3859.05
23381.6 -3861.31
23391.8 -3863.57
23402.1 -3865.84
23409.4 -3867.45
23413.8 -3868.42
