20539.9 -1045.39
20539.9 -1045.39
20539.9 -1045.39
20539.9 -1045.39
20539.9 -1045.39
20539.9 -1045.39
20539.9 -1045.39
20539.9 -1045.39
20539.9 -1045.39
20539.9 -1045.39
20539.9 -1045.39
20539.9 -1045.39
20539.9 -1045.39
20539.9 -1045.39
20539.9 -1045.39
20539.9 -1045.39
20539.9 -1045.39
20539.9 -1045.39
20539.9 -1045.39
20539.9 -1045.39
20539.9 -1045.39
20539.9 -1045.39
20542.3 -1055.97
20542.3 -1055.97
20542.3 -1055.97
20542.3 -1055.97
20542.3 -1055.97
20542.3 -1055.97
20542.3 -1055.97
20542.3 -1055.97
20545.3 -1050.79
20545.3 -1050.79
20545.3 -1050.79
20545.3 -1050.79
20545.3 -1050.79
20545.3 -1050.79
20545.3 -1050.79
20545.3 -1050.79
20556.2 -1036.47
20568.3 -1021.18
20574.3 -1013.49
20580.3 -1005.78
20586.2 -998.044
20592.2 -990.332
20598.2 -982.646
20616.2 -959.588
20616.2 -959.588
20622.1 -951.85
20622.1 -951.85
20650.4 -913.989
20650.4 -913.989
20668 -898.457
20682 -878.018
20697.3 -854.898
20714 -829.058
20730.3 -803.002
20744.7 -779.298
20758.5 -756.052
20771.9 -732.628
20785 -709.031
20797.1 -686.585
20808.9 -663.981
20821.8 -638.549
20834.7 -612.276
20847.2 -585.837
20859.3 -559.237
20870.5 -533.852
20881.4 -508.323
20881.4 -508.323
20899.9 -462.412
20909.3 -437.877
20918.3 -413.222
20926.2 -391.35
20933.9 -369.444
20933.9 -369.444
20949.6 -322.49
20956.3 -301.784
20962.8 -281.05
20969.6 -258.795
20976.4 -235.013
20983.6 -208.973
20997.9 -155.126
20997.9 -155.126
21008.7 -109.115
21013.4 -87.1075
21017.8 -65.0409
21021.3 -45.8683
21024.3 -29.6323
21026.6 -16.338
21028.9 -3.03351
21031.1 10.2808
21033.3 23.6047
21035.2 35.4565
21037 47.3164
21038.8 59.1842
21040.5 71.0596
21042.2 82.9424
21042.2 82.9424
21045.4 106.729
21046.7 117.145
21048 127.567
21049.2 137.993
21057 133.214
21058.4 146.636
21059.4 157.089
21060.3 166.799
21061.1 176.513
21062.2 189.22
21063.2 201.932
21063.9 211.656
21064.6 221.383
21065.4 234.107
21066.2 248.331
21067 262.559
21067.7 276.791
21068.3 289.527
21068.9 302.265
21069.4 315.006
21069.8 327.749
21070.2 340.493
21070.5 353.239
21070.7 365.986
21071 381.734
21071 381.734
21071.3 410.233
21071.3 421.483
21071.3 432.733
21071.2 443.983
21071.2 453.732
21071 463.481
21070.8 473.229
21070.6 482.977
21070.3 492.723
21070 502.468
21069.7 512.212
21069.3 521.954
21068.7 534.691
21067.9 550.422
21066.9 569.145
21065.8 588.613
21064.5 608.823
21063.2 629.028
21066.8 627.949
21065.4 646.646
21064 663.841
21064 663.841
21059.4 715.387
21059.4 715.387
21057.7 732.556
21056 749.717
21054.2 766.87
21052.3 784.015
21050.3 801.151
21048.2 818.279
21046.1 835.397
21044.1 851.019
21042.1 865.888
21040.1 880.748
21038 895.599
21036 908.957
21036 908.957
21031.7 937.128
21029.5 951.961
21027.3 966.803
21024.8 983.118
21024.8 983.118
21022.3 999.423
21016.5 1036.47
21013.8 1054.26
21011.2 1072.07
21011.2 1072.07
21008.2 1092.87
21006.9 1146.49
21006.9 1146.49
21003.9 1165.76
21001 1183.53
20998.2 1201.31
20995.5 1219.11
20992.9 1236.92
20985.5 1290.41
20985.5 1290.41
20983.4 1306.77
20977.3 1353.63
20977.3 1353.63
20977.3 1353.63
20970.6 1400.4
20970.6 1400.4
20968.3 1415.97
20966.1 1430.05
20963.9 1444.14
20963.9 1444.14
20959.8 1472.34
20957.9 1486.46
20957.9 1486.46
20956 1500.58
20954.3 1513.23
20950.9 1538.49
20949.1 1551.12
20949.1 1551.12
20945.5 1574.85
20943.9 1585.98
20942.3 1597.12
20940.8 1608.26
20939.3 1619.41
20934.8 1652.86
20934.8 1652.86
20933.2 1664
20931.8 1673.65
20930.4 1683.3
20930.4 1683.3
20927.7 1702.61
20926.3 1712.25
20924.8 1721.89
20923.3 1731.53
20921.7 1741.15
20920.2 1750.77
20918.5 1760.38
20916.9 1769.99
20916.9 1769.99
20915.1 1779.59
20911.6 1798.76
20909.7 1808.34
20907.9 1817.9
20905.9 1827.46
20903.9 1836.99
20901 1849.42
20897.3 1864.73
20897.3 1864.73
20887.4 1902.44
20881.8 1921.91
20876 1941.32
20870 1960.64
20870 1960.64
20857.2 2000.64
20847.1 2035.63
20847.1 2035.63
20828.7 2088.77
20828.7 2088.77
20820.9 2109.07
20820.9 2109.07
20804.8 2149.5
20804.8 2149.5
20789.6 2187.01
20783.1 2202.2
20783.1 2202.2
20768.5 2235.11
20760.5 2252.88
20752.4 2270.62
20744.2 2288.33
20736.6 2304.64
20736.6 2304.64
20728.9 2320.91
20714.7 2350.66
20708 2364.08
20699.7 2380.08
20690.2 2398.79
20690.2 2398.79
20668.3 2443.17
20657.3 2466.18
20657.3 2466.18
20639.5 2504.24
20632.3 2519.06
20626 2531.03
20620.9 2540.21
20615.7 2549.3
20610.2 2558.3
20610.2 2558.3
20604.7 2567.2
20593.1 2584.71
20587.1 2593.31
20580.9 2601.8
20574.6 2610.23
20568.3 2618.62
20561.9 2626.94
20555.4 2635.21
20548.9 2643.43
20548.9 2643.43
20535.7 2659.74
20535.7 2659.74
20522.6 2676.17
20516.2 2684.47
20509.8 2692.82
20503.5 2701.23
20497.3 2709.7
20491.2 2718.21
20485.1 2726.79
20479.1 2735.41
20473.2 2744.09
20462.9 2758.03
20451.3 2775.57
20451.3 2775.57
20445.8 2784.48
20445.8 2784.48
20434.9 2802.45
20429.6 2811.51
20424.4 2820.61
20417.7 2832.37
20409.9 2846.89
20400.9 2864.2
20390.9 2884.36
20380.6 2906.04
20370.1 2929.26
20359.4 2954.04
20359.4 2954.04
20339.2 3004.14
20329.8 3029.45
20321.3 3053.5
20321.3 3053.5
20305.7 3102.03
20305.7 3102.03
20291.7 3151.08
20285.4 3175.78
20279.5 3200.58
20274.3 3224.02
20270 3245.34
20270 3245.34
20265.9 3266.7
20258.2 3309.52
20250.4 3329.29
20247.3 3350.82
20244.4 3372.38
20241.7 3393.96
20239.2 3415.57
20239.2 3415.57
20234.8 3458.84
20232.8 3480.5
20232.8 3480.5
20229.5 3523.87
20228.1 3545.58
20226.9 3567.3
20225.9 3589.02
20225.9 3589.02
20225.1 3610.76
20224.1 3654.25
20223.8 3675.99
20223.8 3696.24
20250.2 3726.34
20250.6 3746.58
20251 3765.33
20251 3765.33
20251.9 3799.82
20251.9 3799.82
20252.2 3812.56
20252.5 3822.31
20252.6 3829.06
20252.8 3833.56
20252.8 3833.56
20252.8 3833.56
20252.8 3833.56
20252.8 3836.55
20253.1 3842.55
20253.6 3851.53
20254 3857.42
20255 3872.39
20255 3872.39
20256.8 3905.34
20257.6 3921.82
20258.4 3938.3
20259.1 3954.78
20259.1 3954.78
20260.1 3984.77
20260.1 3984.77
20260.9 4014.76
20261.2 4029.75
20261.4 4044.75
20261.5 4058.25
20261.6 4071.75
20261.6 4085.25
20261.6 4098.75
20261.5 4112.25
20261.4 4124.25
20261.2 4136.25
20260.9 4148.25
20260.7 4160.24
20260.3 4172.24
20260 4184.23
20259.8 4196.23
20259.6 4208.23
20259.5 4218.73
20259.4 4229.23
20259.4 4239.73
20259.3 4250.23
20259.2 4260.73
20259.2 4260.73
20258.8 4281.72
20258.5 4292.22
20258.2 4302.72
20258.2 4302.72
20257.5 4323.7
20256.9 4337.19
20256 4353.67
20247.6 4391.48
20245.8 4413.9
20245.8 4413.9
20240.9 4463.16
20238.3 4486.26
20238.3 4486.26
20233.1 4530.96
20230.4 4552.54
20227.6 4574.11
20224.7 4595.67
20222 4615.73
20222 4615.73
20216.2 4655.82
20213.2 4675.84
20210 4695.85
20207.1 4714.36
20207.1 4714.36
20200.9 4751.35
20197.7 4769.83
20197.7 4769.83
20191.3 4805.26
20191.3 4805.26
20184.9 4839.16
20181.6 4856.08
20178.2 4873
20175 4888.43
20171.8 4903.84
20171.8 4903.84
20165.1 4934.63
20161.7 4950
20158.2 4965.36
20155 4979.23
20151.7 4993.1
20151.7 4993.1
20144.9 5020.79
20141.5 5034.61
20137.9 5048.42
20134.7 5060.75
20131.5 5073.08
20131.5 5073.08
20124.8 5097.69
20124.8 5097.69
20117.9 5122.23
20114.8 5133.04
20111.6 5143.84
20108.4 5154.62
20105.1 5165.39
20101.8 5176.14
20098.5 5186.88
20095.1 5197.6
20095.1 5197.6
20099.2 5209.77
20096.1 5219
20092.9 5228.22
20092.9 5228.22
20089.6 5237.42
20086.4 5246.61
20083.1 5255.78
20079.7 5264.94
20076.4 5274.09
20072.9 5283.22
20069.5 5292.33
20066 5301.43
20062.4 5310.52
20058.9 5319.59
20055.2 5328.64
20055.2 5328.64
20047.9 5346.7
20044.1 5355.7
20040.4 5364.69
20039.5 5357.38
20035.7 5366.35
20031.8 5375.3
20027.9 5384.24
20024 5393.15
20020 5402.05
20016 5410.93
20011.9 5419.8
20007.8 5428.65
20003.7 5437.47
19999.5 5446.29
19995.3 5455.08
19991 5463.85
19986.7 5472.61
19982.4 5481.34
19978 5490.06
19973.6 5498.76
19969.3 5507.48
19964.9 5516.21
19960.7 5524.97
19956.4 5533.74
19952.2 5542.53
19947.9 5551.31
19943.6 5560.06
19939.3 5568.8
19934.9 5577.52
19930.5 5586.22
19930.5 5586.22
19921.8 5603.67
19917.6 5612.42
19913.3 5621.2
19909 5629.95
19904.7 5638.69
19904.7 5638.69
19895.9 5656.11
19891.5 5664.82
19887.2 5673.56
19884.2 5679.62
19882.6 5682.99
