24899.6 4975.28
24899.6 4975.28
24899.6 4975.28
24899.6 4975.28
24899.6 4975.28
24899.6 4975.28
24899.6 4975.28
24899.6 4975.28
24899.6 4975.28
24899.6 4975.28
24899.6 4975.28
24899.6 4975.28
24899.6 4975.28
24899.6 4975.28
24899.6 4975.28
24899.6 4975.28
24899.6 4975.28
24899.6 4975.28
24899.6 4975.28
24899.6 4975.28
24899.6 4975.28
24899.6 4975.28
24899.6 4975.28
24899.6 4975.28
24902.6 4976.75
24902.6 4976.75
24902.6 4976.75
24902.6 4976.75
24902.6 4976.75
24902.6 4976.75
24902.6 4976.75
24902.6 4976.75
24902.6 4976.75
24898.5 4984.73
24898.5 4984.73
24887.5 5002.67
24887.5 5002.67
24868.5 5029.61
24855.5 5046.11
24855.5 5046.11
24840 5064.45
24823.4 5082.79
24806.2 5100.54
24789.4 5116.64
24773.2 5131.14
24756.6 5145.22
24738.5 5159.79
24718.7 5174.63
24698.4 5188.76
24680.1 5200.55
24661.5 5211.85
24642.6 5222.67
24604.1 5242.8
24586.7 5255.44
24586.7 5255.44
24569.6 5263.05
24552.3 5270.35
24534.9 5277.36
24517.4 5284.06
24499.8 5290.45
24482 5296.53
24464.2 5302.3
24446.3 5307.76
24428.2 5312.91
24410.1 5317.74
24391.9 5322.26
24373.6 5326.45
24353.4 5332.11
24319.5 5338.37
24302.5 5341.28
24285.5 5344.04
24285.5 5344.04
24268.4 5346.66
24251.3 5349.12
24234.2 5351.43
24217.1 5353.6
24200 5355.61
24182.8 5357.48
24167.2 5359.05
24151.5 5360.48
24120.1 5362.93
24120.1 5362.93
24104.4 5363.95
24090.1 5364.75
24075.9 5365.42
24061.7 5365.97
24047.4 5366.4
24033.2 5366.7
24018.9 5366.87
23999.1 5366.71
23999.1 5366.71
23973.6 5366.35
23973.6 5366.35
23960.8 5366.01
23948.1 5365.55
23922.6 5364.3
23922.6 5364.3
23911.4 5363.6
23900.1 5362.81
23877.7 5360.92
23877.7 5360.92
23866.5 5359.93
23855.3 5358.94
23844.1 5357.95
23834.4 5357.09
23824.7 5356.23
23815 5355.38
23805.3 5354.52
23795.5 5353.74
23785.8 5353.14
23776.1 5352.7
23766.3 5352.44
23746.8 5352.42
23746.8 5352.42
23737.1 5352.67
23725.8 5353.25
23714.6 5354.17
23703.5 5355.53
23692.4 5357.33
23682.8 5359.18
23673.3 5361.28
23663.8 5363.63
23654.4 5366.22
23645.1 5369.07
23635.8 5372.15
23625.3 5375.99
23614.8 5380.1
23604.4 5384.49
23594.2 5389.14
23584.1 5394.07
23568.8 5401.54
23559 5406.96
23549.3 5412.64
23539.7 5418.57
23530.3 5424.75
23521.1 5431.17
23512 5437.83
23504.3 5443.81
23497.3 5449.45
23490.4 5455.21
23482.5 5462.15
23474.8 5469.28
23468.3 5475.57
23462 5481.97
23455.8 5488.47
23449.7 5495.09
23440.9 5502.67
23435 5509.48
23429.2 5516.39
23418.1 5530.52
23418.1 5530.52
23412.7 5537.73
23407.4 5545.03
23402.3 5552.42
23397.3 5559.9
23392.4 5567.46
23387.7 5575.11
23383.1 5582.84
23378.6 5590.65
23374.3 5598.54
23370.1 5606.5
