25027 -6209.17
25027 -6209.17
25027 -6209.17
25027 -6209.17
25027 -6209.17
25027 -6209.17
25027 -6209.17
25027 -6209.17
25027 -6209.17
25027 -6209.17
25027 -6209.17
25027 -6209.17
25027 -6209.17
25027 -6209.17
25027 -6209.17
25027 -6209.17
25027 -6209.17
25027 -6209.17
25027 -6209.17
25027 -6209.17
25027 -6209.17
25027 -6209.17
25027 -6209.17
25027 -6209.17
25027 -6209.17
25027 -6209.17
25027 -6209.17
25027 -6209.17
25027 -6209.17
25027 -6209.17
25027 -6209.17
25027 -6209.17
25027 -6209.17
25027 -6209.17
25027 -6209.17
25035.6 -6210.36
25035.6 -6210.36
25035.6 -6210.36
25035.6 -6210.36
25035.6 -6210.36
25035.6 -6210.36
25035.6 -6210.36
25035.6 -6210.36
25035.6 -6210.36
25035.6 -6210.36
25035.6 -6210.36
25033.4 -6208.32
25026.1 -6201.49
25026.1 -6201.49
25018.7 -6194.66
25018.7 -6194.66
25015.1 -6191.25
25013.6 -6189.88
25013.6 -6189.88
25013.6 -6189.88
25013.6 -6189.88
25013.6 -6189.88
25013.6 -6189.88
25013.6 -6189.88
25013.6 -6189.88
25013.6 -6189.88
25013.6 -6189.88
25013.6 -6189.88
25013.6 -6189.88
25013.6 -6189.88
25013.6 -6189.88
25013.6 -6189.88
25013.6 -6189.88
25013.6 -6189.88
25013.6 -6189.88
25013.6 -6189.88
25013.6 -6189.88
25011.9 -6188.28
25011.9 -6188.28
25011.9 -6188.28
25011.9 -6188.28
25011.9 -6188.28
25011.9 -6188.28
25011.9 -6188.28
25011.9 -6188.28
25011.9 -6188.28
25011.9 -6188.28
25011.9 -6188.28
25011.9 -6188.28
25014.7 -6185.53
25014.7 -6185.53
25014.7 -6185.53
25014.7 -6185.53
25014.7 -6185.53
25014.7 -6185.53
25014.7 -6185.53
25014.7 -6185.53
25014.7 -6185.53
25014.7 -6185.53
25014.7 -6185.53
25014.7 -6185.53
25014.4 -6188.98
25014.4 -6188.98
25014.4 -6188.98
25014.4 -6188.98
25014.4 -6188.98
25014.4 -6188.98
25014.4 -6188.98
25014.4 -6188.98
25014.4 -6188.98
25014.4 -6188.98
25014.4 -6188.98
25011.4 -6188.92
25011.4 -6188.92
25002.8 -6187.2
24993.8 -6186.56
24981.9 -6185.59
24966.9 -6184.26
24928.9 -6180.34
24928.9 -6180.34
24888.7 -6175.5
24888.7 -6175.5
24850 -6170.18
24831.5 -6167.37
24813 -6164.4
24813 -6164.4
24796.5 -6161.67
24778 -6158.37
24759.6 -6154.9
24725.8 -6148.08
24725.8 -6148.08
24708.9 -6144.45
24692.1 -6140.67
24675.3 -6136.74
24641.8 -6128.45
24641.8 -6128.45
24611.4 -6120.35
24611.4 -6120.35
24596.2 -6116.1
24581.1 -6111.72
24551 -6102.56
24551 -6102.56
24535.9 -6097.78
24522.4 -6093.34
24508.9 -6088.79
24482 -6079.32
24468.6 -6074.41
24468.6 -6074.41
24455.3 -6069.38
24431.6 -6060.08
24431.6 -6060.08
24408 -6050.36
24408 -6050.36
24396.3 -6045.34
24373 -6035.01
24373 -6035.01
24362.8 -6023.82
24349.9 -6017.77
24321.5 -6004
24321.5 -6004
24303.5 -5994.76
24285.7 -5985.05
24270.8 -5976.39
24256.1 -5967.47
24244 -5959.89
24222.6 -5946.04
24222.6 -5946.04
24195.3 -5927.51
24181.3 -5917.45
24167.4 -5907.16
24154.9 -5897.54
24154.9 -5897.54
24142.6 -5887.7
24129.4 -5876.7
24116.3 -5865.46
24105.5 -5856.08
24094.9 -5846.61
24082.2 -5834.93
24069.7 -5823.02
24059.5 -5813.1
24049.4 -5803.08
24038.3 -5791.82
24027.6 -5780.32
24002.9 -5752.12
24002.9 -5752.12
23992.7 -5740.12
23982.5 -5728.07
23970.8 -5713.47
23970.8 -5713.47
23968.9 -5714.76
23967 -5712.38
23963.5 -5707.55
23951.5 -5690.31
23951.5 -5690.31
23943.2 -5677.78
23933.6 -5662.58
23933.6 -5662.58
23933.6 -5662.58
23932 -5660.02
23928.9 -5654.9
23924.3 -5647.18
23918.3 -5636.77
23911.1 -5623.64
23903 -5608.39
23894.8 -5592.34
23887 -5576.15
23879.4 -5559.82
23872.1 -5543.36
23865.1 -5526.78
23858.4 -5510.08
23852 -5493.26
23845.9 -5476.33
23840.5 -5460.72
23835.5 -5445.02
23831.1 -5430.67
23826.9 -5416.28
23822.4 -5400.41
23817.6 -5383.05
23813.1 -5365.62
23809.6 -5351.02
23806.3 -5336.4
23801.4 -5318.61
23798.1 -5302.45
23794.9 -5286.26
23791.9 -5270.04
23789.2 -5255.28
23784.3 -5225.68
23784.3 -5225.68
23781.8 -5209.37
23779.5 -5193.03
23777.3 -5176.68
23775.2 -5160.31
23771.6 -5127.51
23771.6 -5127.51
23770.1 -5112.59
23768.8 -5098.4
23766.6 -5069.98
23766.6 -5069.98
23765 -5043.03
23765 -5043.03
23764.5 -5031.04
23763.9 -5019.05
23763.3 -5007.07
23762.8 -4995.08
23762.2 -4983.09
23761.7 -4971.1
23761.1 -4959.12
23760 -4935.14
23760 -4935.14
23758.9 -4911.17
23758.9 -4911.17
23757.8 -4887.19
23757.2 -4875.21
23757.2 -4875.21
23758.7 -4846.39
23758.7 -4846.39
23757.5 -4822.42
23757.5 -4822.42
23756.9 -4811.93
23756.4 -4801.45
23755.8 -4789.46
23754.9 -4763.98
23754.9 -4763.98
23754.6 -4752.73
23754.1 -4728.74
23753.7 -4715.24
23753.7 -4715.24
23753.4 -4700.25
23753.4 -4700.25
23753.4 -4700.25
23753.4 -4697.25
23753.4 -4692
23753.8 -4683.75
23754.2 -4672.51
23754.7 -4659.77
23755.2 -4646.28
23756.1 -4615.54
23756.1 -4615.54
23756.7 -4599.8
23757.3 -4585.57
23757.8 -4571.33
23758.3 -4557.08
23758.7 -4542.84
23759 -4528.59
23759.3 -4514.35
23759.6 -4500.1
23759.7 -4485.85
23759.8 -4471.6
23759.9 -4457.35
23759.8 -4443.1
23759.7 -4428.85
23759.6 -4414.6
23759.1 -4386.11
23759.1 -4386.11
23758.8 -4371.86
23758.4 -4357.62
23757.4 -4343.5
23756.9 -4329.26
23756.3 -4315.03
23755.6 -4302.29
23754.9 -4289.56
23753.9 -4276.85
23752.8 -4264.15
23750.7 -4244.76
23750.7 -4244.76
23749.3 -4233.6
23747.6 -4221.72
23745.7 -4209.12
23741.3 -4183.99
23741.3 -4183.99
23739.4 -4174.42
23737.5 -4164.88
23735 -4153.9
23732.3 -4142.22
23729.2 -4129.84
23729.2 -4129.84
23728.5 -4126.93
23728.5 -4126.93
23725.2 -4112.3
23725.2 -4112.3
23722.5 -4101.37
23719.4 -4089.77
23716.2 -4078.22
23712.7 -4066.73
23709.5 -4056.73
23706.1 -4046.79
23702.1 -4035.49
23697.5 -4023.57
23697.5 -4023.57
23697.5 -4023.57
23696.8 -4021.47
23695 -4016.53
23692.2 -4008.76
23688.2 -3998.24
23683.5 -3986.4
23678.4 -3974.69
23673.7 -3964.47
23668.8 -3954.34
23663.1 -3942.96
23660.2 -3948.23
23660.2 -3948.23
23656.3 -3940.16
23652.3 -3932.06
23652.3 -3932.06
23641 -3910.07
23641 -3910.07
23634.8 -3898.93
23628.3 -3887.93
23621.6 -3877.08
23614.7 -3866.37
23600.2 -3845.43
23600.2 -3845.43
23591.7 -3833.99
23591.7 -3833.99
23591.7 -3833.99
23590.3 -3832.19
23587.2 -3827.94
23582.4 -3821.25
23575.7 -3812.23
23567 -3800.94
23557.2 -3788.64
23557.2 -3788.64
23557.2 -3788.64
23553.5 -3783.91
23553.5 -3783.91
23542.4 -3769.74
23542.4 -3769.74
23534.3 -3759.85
23513.1 -3735.53
23513.1 -3735.53
23501.4 -3722.89
23487.6 -3708.36
23462.9 -3684.35
23462.9 -3684.35
23450.1 -3672.75
23437.1 -3661.44
23423.8 -3650.42
23410.3 -3639.69
23395.4 -3628.34
23380.2 -3617.33
23349.1 -3596.3
23349.1 -3596.3
23319.8 -3578.23
23319.8 -3578.23
23304.8 -3569.67
23292.2 -3562.88
23270.3 -3551.5
23270.3 -3551.5
23259.5 -3546.2
23248.7 -3541.04
23237.8 -3536.02
23226.8 -3531.14
23215.8 -3526.41
23204.7 -3521.82
23193.5 -3517.38
23182.3 -3513.09
23159.8 -3504.94
23159.8 -3504.94
23137 -3497.38
23137 -3497.38
23125.5 -3493.83
23102.5 -3487.17
23090.9 -3484.07
23079.2 -3481.12
23067.6 -3478.32
23067.6 -3478.32
23044.1 -3473.19
23044.1 -3473.19
23033.8 -3471.15
23023.5 -3469.24
23017.3 -3439.68
23007 -3437.97
22996.6 -3436.4
22986.2 -3434.97
22975.8 -3433.67
22965.3 -3432.5
22957.9 -3431.77
22951.2 -3431.14
22937.7 -3429.97
22937.7 -3429.97
22924.2 -3428.91
22917.5 -3428.43
22917.5 -3428.43
22910.8 -3427.98
22904 -3427.55
22897.3 -3427.15
22883.8 -3426.45
22877.1 -3426.14
22877.1 -3426.14
22863.6 -3425.62
22863.6 -3425.62
22856.8 -3425.4
22850.1 -3425.21
22843.3 -3425.05
22836.6 -3424.92
22829.8 -3424.82
22823.1 -3424.75
22816.3 -3424.7
22802.8 -3424.71
22802.8 -3424.71
22794.6 -3424.76
22786.4 -3424.86
22778.1 -3424.99
22769.9 -3425.15
22761.6 -3425.35
22745.1 -3425.86
22745.1 -3425.86
22736.9 -3426.17
22728.6 -3426.51
22713.6 -3427.23
22713.6 -3427.23
22706.9 -3427.6
22700.2 -3428
22693.4 -3428.43
22686.7 -3428.89
22680 -3429.38
22659 -3455.24
22659 -3455.24
22652.3 -3455.84
22638.9 -3457.13
22638.9 -3457.13
22632.1 -3457.82
22625.4 -3458.54
22618.7 -3459.28
22612 -3460.06
22605.3 -3460.81
22598.6 -3461.53
22591.9 -3462.21
22585.2 -3462.87
22578.4 -3463.5
22571.7 -3464.1
22565 -3464.67
22558.3 -3465.22
22551.5 -3465.73
22544.8 -3466.21
22538.1 -3466.66
22524.6 -3467.48
22517.9 -3467.85
22517.9 -3467.85
22511.1 -3468.18
22504.4 -3468.49
22497.6 -3468.77
22490.9 -3469.02
22484.1 -3469.23
22477.4 -3469.42
22472.1 -3469.55
22466.9 -3469.65
22461.6 -3469.73
22456.4 -3469.78
22451.1 -3469.81
22445.9 -3469.82
22440.6 -3469.81
22435.4 -3469.77
22424.9 -3469.63
22424.9 -3469.63
22414.4 -3469.4
22414.4 -3469.4
22409.1 -3469.25
22403.9 -3469.07
22398.7 -3468.88
22393.4 -3468.66
22388.2 -3468.41
22382.9 -3468.15
22377.7 -3467.86
22370.9 -3467.46
22364.2 -3467.09
22359 -3466.82
22353.7 -3466.54
22347 -3466.08
22340.3 -3465.53
22333.5 -3464.9
22326.8 -3464.17
22321.6 -3463.54
22316.4 -3462.84
22306 -3461.24
22306 -3461.24
22295.7 -3459.37
22295.7 -3459.37
22289.1 -3458.04
22282.5 -3456.62
22277.4 -3455.44
22272.3 -3454.21
22262.1 -3451.53
22262.1 -3451.53
22257.1 -3450.09
22250.6 -3448.16
22244.2 -3446.14
22239.2 -3444.5
22234.2 -3442.8
22229.2 -3441.04
22224.3 -3439.21
22218 -3436.77
22194.3 -3423.59
22190.8 -3422.16
22182.6 -3418.55
22182.6 -3418.55
22177.8 -3416.36
22169.7 -3412.45
22169.7 -3412.45
22166.4 -3410.76
22161.7 -3408.36
22157 -3405.94
22152.4 -3403.5
22147.7 -3401.04
22141.8 -3397.85
22141.8 -3397.85
22139.8 -3396.79
22135.1 -3394.37
22130.5 -3391.93
22125.9 -3389.45
22125.9 -3389.45
22119.9 -3386.21
22108.2 -3379.58
22108.2 -3379.58
22103.6 -3377.02
22099 -3374.5
22093.1 -3371.31
22093.1 -3371.31
22093.1 -3371.31
22090.4 -3369.92
22085.1 -3367.18
22078.3 -3363.84
22071.6 -3360.59
22064.8 -3357.37
22056.7 -3353.5
22056.7 -3353.5
22056.7 -3353.5
22053.9 -3352.26
22048.4 -3349.88
22040.2 -3346.37
22031.9 -3342.86
22023.6 -3339.29
22014 -3335.03
22004.5 -3330.68
21994.9 -3326.26
21976 -3317.16
21976 -3317.16
21913.3 -3323.82
21903.9 -3319.11
21894.6 -3314.24
21869.8 -3300.12
21869.8 -3300.12
21842.6 -3281.4
21828.6 -3270.16
21828.6 -3270.16
21814 -3257.27
21800 -3243.69
21785.6 -3228.36
21771.5 -3211.79
21757.3 -3193.37
21730.3 -3153.7
21730.3 -3153.7
21719.6 -3135.67
21710.8 -3119.94
21694.8 -3087.72
21694.8 -3087.72
21687.5 -3071.26
21674.4 -3037.71
21674.4 -3037.71
21668.7 -3020.65
21654.8 -2980.89
21654.8 -2980.89
21650.6 -2963.38
21647 -2945.75
21643.9 -2928.02
21641.3 -2910.21
21639.3 -2892.32
21637.8 -2874.38
21636.9 -2856.41
21636.5 -2838.41
21636.7 -2820.41
21637.3 -2805.42
21638.1 -2791.95
21639.3 -2778.5
21640.7 -2765.07
21652.5 -2741.1
21652.5 -2741.1
21657.5 -2714.55
21657.5 -2714.55
21663.5 -2688.24
21663.5 -2688.24
21667 -2675.19
21670.3 -2663.66
21673.9 -2652.21
21678.2 -2639.41
21682.8 -2626.72
21687.6 -2614.12
21697 -2592.03
21697 -2592.03
21702 -2581.14
21705.9 -2568.69
21712.1 -2556.7
21718.6 -2544.84
21732.2 -2521.56
21732.2 -2521.56
21739.4 -2510.15
21754.6 -2487.82
21754.6 -2487.82
21769.8 -2467.36
21769.8 -2467.36
21777.3 -2457.98
21785 -2448.76
21793.9 -2438.59
21803 -2428.6
21812.3 -2418.82
21821.8 -2409.24
21830.4 -2400.92
21849.4 -2383.85
21872.2 -2373.27
21872.2 -2373.27
21891 -2358.37
21898.8 -2352.51
21898.8 -2352.51
21906.7 -2346.75
21914.6 -2341.1
21922.7 -2335.55
21930.7 -2330.1
21938.9 -2324.76
21955.4 -2314.41
21963.8 -2309.4
21963.8 -2309.4
21972.2 -2304.49
21980.7 -2299.7
21989.3 -2295.02
21997.9 -2290.45
22006.5 -2286
22015.3 -2281.65
22024.1 -2277.43
22034.3 -2272.68
22045.2 -2267.76
22056.3 -2263.09
22066 -2259.2
22075.8 -2255.45
22085.7 -2251.83
22083.9 -2238.44
22093.8 -2235.08
22103.8 -2231.84
22113.9 -2228.74
22131.2 -2223.76
22131.2 -2223.76
22138.4 -2221.83
22152.9 -2218.05
22152.9 -2218.05
22160.2 -2216.21
22174.8 -2212.63
22182 -2210.89
22182 -2210.89
22189.3 -2209.18
22196.7 -2207.5
22211.3 -2204.24
22211.3 -2204.24
22218.6 -2202.65
22226 -2201.1
22234.8 -2199.28
22243.6 -2197.49
22252.4 -2195.74
22261.3 -2194.04
22268.6 -2192.65
22276 -2191.29
22290.8 -2188.66
22298.2 -2187.4
22298.2 -2187.4
22305.6 -2186.17
22313 -2184.97
22320.4 -2183.81
22327.8 -2182.68
22335.2 -2181.57
22342.6 -2180.51
22350.1 -2179.47
22362 -2177.84
22362 -2177.84
22367.9 -2176.98
22373.8 -2176.1
22385.7 -2174.26
22385.7 -2174.26
22397.5 -2172.32
22397.5 -2172.32
22403.4 -2171.31
22418.2 -2168.69
22418.2 -2168.69
22427.1 -2167.04
22427.1 -2167.04
22433 -2165.9
22438.8 -2164.74
22444.7 -2163.55
22450.6 -2162.33
22456.5 -2161.09
22462.3 -2159.82
22468.2 -2158.53
22474 -2157.21
22479.9 -2155.87
22485.7 -2154.5
22499.2 -2148.21
22503.6 -2147.16
22508 -2146.1
22512.4 -2145.01
22518.2 -2143.53
22524 -2142.03
22529.8 -2140.51
22535.6 -2138.96
22541.4 -2137.38
22547.1 -2135.73
22552.9 -2134
22557.2 -2132.65
22561.5 -2131.28
22567.2 -2129.42
22572.9 -2127.55
22578.6 -2125.64
22584.2 -2123.72
22589.9 -2121.71
22599.7 -2118.03
22599.7 -2118.03
22603.9 -2116.4
22608.1 -2114.75
22613.7 -2112.48
22619.2 -2110.14
22624.7 -2107.77
22630.2 -2105.38
22634.3 -2103.53
22638.4 -2101.63
22642.4 -2099.68
22646.5 -2097.67
22650.5 -2095.61
22655.8 -2092.8
22655.8 -2092.8
22657.8 -2091.74
22661.8 -2089.68
22661.8 -2089.68
22666.4 -2087.26
22671 -2084.75
22680.1 -2079.45
22680.1 -2079.45
22686.4 -2075.46
22690.8 -2072.58
22690.8 -2072.58
22695.8 -2069.23
22700.7 -2065.81
22704.4 -2063.2
22708 -2060.54
22712.8 -2056.93
22718.2 -2052.8
22723.4 -2048.55
22727.4 -2045.16
22735.3 -2038.22
22735.3 -2038.22
22738.2 -2034.7
22743.1 -2030.08
22748 -2025.4
22756.5 -2016.92
22756.5 -2016.92
22760.1 -2013.13
22764.7 -2008.2
22769.8 -2002.66
22769.8 -2002.66
22771.3 -2001
22771.3 -2001
22774.4 -1997.74
22778.5 -1993.39
22782.6 -1988.98
22787.6 -1983.37
22792.4 -1977.67
22797.2 -1971.89
22801.9 -1966.03
22805.6 -1961.28
22814.4 -1949.14
22814.4 -1949.14
22814.4 -1949.14
22814.4 -1949.14
22815.7 -1947.31
22822.8 -1937.67
22822.8 -1937.67
22827.6 -1930.96
22827.6 -1930.96
22827.6 -1930.96
22828.9 -1929.13
22831.6 -1925.49
22840 -1932.29
22845.1 -1924.87
22850 -1917.33
22854.8 -1909.69
22859.4 -1901.95
22868 -1886.18
22868 -1886.18
22872.1 -1878.16
22876 -1870.04
22879.7 -1861.85
22883.3 -1853.58
22886.6 -1845.23
22889.8 -1836.81
22892.8 -1828.31
