23127.1 -2353.69
23127.1 -2353.69
23127.1 -2353.69
23127.1 -2353.69
23127.1 -2353.69
23127.1 -2353.69
23127.1 -2353.69
23127.1 -2353.69
23127.1 -2353.69
23127.1 -2353.69
23127.1 -2353.69
23127.1 -2353.69
23127.1 -2353.69
23127.1 -2353.69
23127.1 -2353.69
23127.1 -2353.69
23127.1 -2353.69
23127.1 -2353.69
23127.1 -2353.69
23127.1 -2353.69
23127.1 -2353.69
23127.1 -2353.69
23127.1 -2353.69
23127.1 -2353.69
23127.1 -2353.69
23127.1 -2353.69
23124.7 -2349.36
23124.7 -2349.36
23124.7 -2349.36
23124.7 -2349.36
23124.7 -2349.36
23124.7 -2349.36
23124.7 -2349.36
23124.7 -2349.36
23124.7 -2349.36
23124.7 -2349.36
23124.7 -2349.36
23124.7 -2349.36
23125 -2355.46
23125 -2355.46
23125 -2355.46
23125 -2355.46
23125 -2355.46
23125 -2355.46
23125 -2355.46
23125 -2355.46
23125 -2355.46
23125 -2355.46
23125 -2355.46
23125 -2355.46
23115.9 -2355.63
23115.9 -2355.63
23115.9 -2355.63
23115.9 -2355.63
23115.9 -2355.63
23115.9 -2355.63
23115.9 -2355.63
23115.9 -2355.63
23115.9 -2355.63
23114.7 -2358.39
23112.2 -2363.85
23108.2 -2371.93
23103.4 -2381.24
23111.2 -2385.34
23105.4 -2395.01
23099.4 -2404.53
23086.7 -2423.08
23086.7 -2423.08
23080 -2432.1
23073 -2440.94
23065.8 -2449.59
23058.4 -2458.05
23050.8 -2466.32
23044 -2473.31
23037 -2480.12
23028.7 -2487.76
23012.2 -2488.72
23002.4 -2496.89
22992.3 -2504.71
22984.4 -2510.41
22976.4 -2515.98
22969.6 -2520.57
22962.6 -2525.04
22954.4 -2530.18
22946 -2535.18
22937.5 -2540.02
22929 -2544.72
22920.4 -2549.27
22913 -2552.99
22907.8 -2568.14
22899 -2572.25
22890.1 -2576.21
22881.1 -2580.01
22872 -2583.66
22862.9 -2587.14
22853.8 -2590.47
22835.3 -2596.64
22835.3 -2596.64
22827.4 -2599.05
22819.5 -2601.39
22811.5 -2603.65
22803.6 -2605.78
22787.5 -2609.62
22787.5 -2609.62
22779.5 -2611.4
22771.4 -2613.11
22763.3 -2614.75
22755.2 -2616.32
22747.1 -2617.81
22739 -2619.24
22730.8 -2620.59
22705.2 -2628.88
22697 -2630.09
22688.9 -2631.24
22680.7 -2632.31
22672.5 -2633.31
22664.3 -2634.24
22656.1 -2635.1
22647.9 -2635.88
22639.7 -2636.6
22631.4 -2637.24
22623.2 -2637.81
22615 -2638.31
22606.7 -2638.74
22598.5 -2639.09
22590.2 -2639.37
22573.7 -2639.72
22573.7 -2639.72
22557.2 -2639.79
22547.5 -2639.78
22547.5 -2639.78
22537.7 -2639.77
22528 -2639.77
22518.2 -2639.76
22508.5 -2639.76
22498.7 -2639.75
22489 -2639.75
22479.2 -2639.74
22469.5 -2639.73
22459.7 -2639.73
22450 -2639.72
22430.5 -2639.71
22430.5 -2639.71
22420.7 -2639.71
22411 -2639.7
22401.2 -2639.69
22391.5 -2639.69
22381.7 -2639.68
22372 -2639.68
22362.2 -2639.67
22352.5 -2639.66
22342.7 -2639.66
22333 -2639.65
22323.2 -2639.65
22313.5 -2639.64
22303.7 -2639.64
22294 -2639.72
22274.5 -2640.13
22274.5 -2640.13
22264.8 -2640.46
22255 -2640.88
22245.3 -2641.47
22237.1 -2642.12
22228.8 -2642.83
22220.6 -2643.62
22212.4 -2644.47
22204.2 -2645.4
22196 -2646.4
22187.9 -2647.47
22179.1 -2641.69
22159.8 -2644.75
22151.7 -2646.15
22151.7 -2646.15
22143.6 -2647.62
22135.5 -2649.16
22127.4 -2650.77
22117.8 -2652.76
22108.3 -2654.84
22098.8 -2656.99
22089.3 -2659.23
22081.3 -2661.19
22073.3 -2663.23
22063.9 -2665.71
22053.7 -2668.48
22033.5 -2674.19
22033.5 -2674.19
22024.9 -2676.63
22016.2 -2679.08
22007.6 -2681.6
21997.5 -2684.63
21974.6 -2691.75
21974.6 -2691.75
21950.2 -2699.32
21950.2 -2699.32
21938.1 -2703.11
21925.9 -2706.89
21913.7 -2710.68
21901.5 -2714.47
21890.8 -2717.81
21880.1 -2721.15
21869.3 -2724.49
21847.8 -2731.16
21847.8 -2731.16
21837.1 -2734.5
21826.3 -2737.84
21806.3 -2744.08
21806.3 -2744.08
21797 -2746.97
21787.7 -2749.87
21778.4 -2752.76
21766.2 -2756.55
21752.5 -2760.66
21738.9 -2764.65
21725.1 -2768.53
21711.4 -2772.28
21699.1 -2775.53
21686.7 -2778.67
21661.9 -2784.63
21661.9 -2784.63
21649.5 -2787.45
21632 -2793.22
21621 -2795.51
21610 -2797.7
21598.9 -2799.8
21587.9 -2801.8
21576.8 -2803.71
21554.6 -2807.33
21554.6 -2807.33
21545 -2808.89
21535.3 -2810.46
21525.7 -2812.03
21516.1 -2813.59
21506.5 -2815.16
21496.8 -2816.64
21477.5 -2819.36
21477.5 -2819.36
21464.9 -2820.97
21449.2 -2822.68
21430.5 -2824.32
21408.8 -2825.74
21384.1 -2827.03
21356.4 -2828.12
21299.4 -2828.98
21299.4 -2828.98
21267.1 -2828.41
21231.9 -2827.34
21153.2 -2824.07
21153.2 -2824.07
21153.2 -2824.07
21150.2 -2823.98
21150.2 -2823.98
21144.2 -2823.9
21135.2 -2823.78
21123.2 -2823.41
21108.3 -2822.63
21090.3 -2821.29
21070.5 -2818.76
21046.6 -2816.44
21019.7 -2813.6
20989.9 -2810.19
20957.2 -2806.14
20921.4 -2801.73
20882.7 -2796.96
20841.1 -2791.81
20796.4 -2786.3
20701.1 -2774.53
20701.1 -2774.53
20651.5 -2768.41
20601.9 -2762.28
20553.7 -2756.34
20506.4 -2750.49
20460.4 -2744.82
20415.3 -2739.25
20370.9 -2733.77
20286.5 -2723.35
20286.5 -2723.35
20246.6 -2718.42
20211.4 -2709.22
20133 -2699.48
20095.3 -2694.8
20095.3 -2694.8
20057.6 -2690.12
20019.9 -2685.44
19983.7 -2680.95
19948.2 -2676.54
19912.7 -2672.14
19843.3 -2663.52
19843.3 -2663.52
19810 -2659.39
19776.8 -2655.27
19743.5 -2651.14
19715.5 -2644.04
19683.7 -2640.07
19652 -2636.1
19621.7 -2632.32
19591.5 -2628.54
19561.2 -2624.76
19530.9 -2620.98
19502.2 -2617.38
19473.4 -2613.79
19444.6 -2610.19
19417.3 -2606.78
19390 -2603.37
19362.7 -2599.96
19335 -2600.48
19309.2 -2597.26
19283.4 -2594.04
19257.6 -2590.82
19231.8 -2587.6
19183.2 -2581.54
19183.2 -2581.54
19134.6 -2575.47
19134.6 -2575.47
19111.7 -2572.63
19066.1 -2566.93
19043.3 -2564.09
19021.9 -2561.42
19021.9 -2561.42
19000.6 -2558.58
18979.3 -2555.54
18958 -2552.51
18933.4 -2543.34
18912.2 -2540.3
18892.4 -2537.48
18873.3 -2534.75
18854.3 -2531.86
18835.3 -2528.81
18816.3 -2525.59
18797.3 -2522.2
18778.4 -2518.65
18759.5 -2515.1
18740.6 -2511.55
18721.7 -2508
18704.2 -2504.72
18687.5 -2501.59
18654.2 -2494.88
18654.2 -2494.88
18637.6 -2491.3
18621 -2487.59
18604.4 -2483.87
18587.8 -2480.15
18571.2 -2476.43
18554.6 -2472.72
18537.6 -2469.3
18522.5 -2465.88
18508.1 -2462.63
18493.7 -2459.26
18479.4 -2455.75
18465.1 -2452.13
18450.8 -2448.5
18436.5 -2444.87
18422.2 -2441.25
18407.9 -2437.62
18395.1 -2434.36
18369.5 -2427.51
18369.5 -2427.51
18356.7 -2423.92
18344 -2420.22
18331.3 -2416.51
18318.5 -2412.81
18296 -2406.24
18296 -2406.24
18284.7 -2402.95
18273.4 -2399.67
18262.1 -2396.38
18250.9 -2393.1
18239.6 -2389.81
18229.7 -2386.95
18219.9 -2384.08
18200.2 -2378.35
18200.2 -2378.35
18180.6 -2372.54
18170.8 -2369.5
18170.8 -2369.5
18158.1 -2365.46
18143.4 -2360.74
18122.5 -2346.36
18107.7 -2341.64
18092.9 -2336.92
18078.2 -2332.2
18063.4 -2327.49
18048.6 -2322.77
18033.9 -2318.05
18020.5 -2313.79
18007.2 -2309.52
17993.9 -2305.26
17980.5 -2301
17967.2 -2296.74
17940.5 -2288.21
17927.2 -2283.95
17913.8 -2279.69
17913.8 -2279.69
17900.5 -2275.43
17887.2 -2271.17
17873.8 -2266.9
17860.5 -2262.64
17848.6 -2258.84
17824.8 -2251.23
17812.9 -2247.42
17812.9 -2247.42
17801 -2243.62
17789.1 -2239.81
17777.2 -2236
17765.3 -2232.2
17753.3 -2228.39
17741.4 -2224.59
17731 -2221.24
17710 -2214.54
17710 -2214.54
17699.5 -2211.19
17689.1 -2207.85
17659.5 -2198.55
17643.2 -2193.66
17643.2 -2193.66
17692.5 -2197.14
17679.1 -2193.15
17662.8 -2188.44
17646.4 -2183.88
17630 -2179.46
17615 -2175.56
17599.9 -2171.79
17584.9 -2168.15
17568.3 -2164.31
17551.7 -2160.6
17521.4 -2154.25
17521.4 -2154.25
17506.2 -2151.28
17490.9 -2148.43
17475.7 -2145.72
17441.4 -2140.1
17441.4 -2140.1
17423.8 -2137.45
17407.7 -2135.17
17391.6 -2133.03
17375.5 -2131.03
17359.4 -2129.17
17343.2 -2127.45
17327 -2125.87
17310.8 -2124.44
17278.4 -2121.99
17278.4 -2121.99
17262.2 -2120.97
17246 -2120.1
17229.7 -2119.37
17213.5 -2118.79
17178 -2117.97
17178 -2117.97
17160.3 -2117.79
17142.5 -2117.77
17124.8 -2117.9
16996.1 -2116.25
16976.1 -2116.6
16936.1 -2117.3
16914.6 -2117.86
16914.6 -2117.86
16892.4 -2118.64
16870.1 -2119.61
16847.9 -2120.78
16806.5 -2123.49
16806.5 -2123.49
16766.6 -2126.8
16766.6 -2126.8
16747.5 -2128.65
16728.3 -2130.66
16709.2 -2132.67
16690 -2134.69
16672.4 -2136.54
16654.7 -2138.4
16637.1 -2140.25
16601.8 -2143.97
16601.8 -2143.97
16585.6 -2145.67
16553.3 -2149.21
16553.3 -2149.21
16537.2 -2151.19
16510 -2152.76
16480.7 -2156.53
16466.1 -2158.41
16454.5 -2159.91
16454.5 -2159.91
16442.8 -2161.41
16431.2 -2162.91
16419.5 -2164.41
16407.9 -2165.91
16396.2 -2167.42
16384.5 -2168.92
16359.7 -2172.11
16359.7 -2172.11
16335 -2175.62
16323.4 -2177.43
16311.8 -2179.33
16311.8 -2179.33
16300.2 -2181.24
16288.6 -2183.14
16277 -2185.05
16255.3 -2188.62
16255.3 -2188.62
16245.2 -2190.28
16235.1 -2191.95
16225 -2193.61
16214.8 -2195.27
16204.7 -2196.94
16194.6 -2198.6
16184.5 -2200.35
16174.4 -2202.19
16154.3 -2206.13
16154.3 -2206.13
16144.3 -2208.24
16124.3 -2212.97
16124.3 -2212.97
16164.6 -2222.7
16154.7 -2225.53
16144.9 -2228.53
16135.2 -2231.71
16125.4 -2234.96
16115.7 -2238.31
16106.1 -2241.73
16096.5 -2245.24
16086.9 -2248.92
16077.4 -2252.77
16068 -2256.78
16058.6 -2260.95
16049.3 -2265.29
16040.1 -2269.79
16031 -2274.45
16013 -2284.24
16013 -2284.24
16004.1 -2289.37
15995.3 -2294.65
15986.6 -2300.09
15979.3 -2304.86
15964.9 -2314.78
15964.9 -2314.78
15957.8 -2319.93
15949.6 -2326.1
15941.5 -2332.35
15933.4 -2338.66
15925.4 -2345.05
15917.4 -2351.5
15909.5 -2358.03
15901.7 -2364.62
15893.9 -2371.28
15887.3 -2377.03
15880.7 -2382.83
15881.6 -2377.96
15875.3 -2383.98
15862.7 -2396.18
15862.7 -2396.18
15856.5 -2402.36
15850.4 -2408.59
15844.3 -2414.88
15838.3 -2421.22
15832.3 -2427.61
15826.4 -2434.05
15820.5 -2440.55
15814.7 -2447.1
15809 -2453.69
15803.3 -2460.34
15797.6 -2467.04
15792.1 -2473.78
15786.6 -2480.57
15781.1 -2487.42
15775.7 -2494.3
15770.4 -2501.24
15765.1 -2508.22
15759.9 -2515.25
15755.6 -2521.11
15751.4 -2527.01
15747.2 -2532.94
15743.1 -2538.91
15739.1 -2544.92
15735.1 -2550.96
15731.1 -2557.03
15727.2 -2563.14
15723.3 -2569.29
15719.6 -2575.47
15715.8 -2581.68
15708.5 -2594.19
15708.5 -2594.19
15704.9 -2600.5
15701.4 -2606.84
15697.9 -2613.2
15694.5 -2619.6
15691.2 -2626.03
15687.9 -2632.48
15684.6 -2638.97
15681.4 -2645.48
15678.3 -2652.02
15675.9 -2657.23
15673.5 -2662.46
15671.1 -2667.71
15657.8 -2665.4
15655.5 -2670.69
15653.3 -2676
15651.2 -2681.33
15649 -2686.68
15645 -2697.43
15645 -2697.43
15643 -2702.83
15641.1 -2708.25
15639.2 -2713.69
15637.4 -2719.14
15635.6 -2724.61
15633.9 -2730.09
15632.2 -2735.59
15630.5 -2741.1
15629 -2746.63
15627.4 -2752.17
15625.9 -2757.72
15624.5 -2763.29
15623.1 -2768.87
15621.7 -2774.46
15620.4 -2780.06
15619.2 -2785.67
15616.8 -2796.93
15616.8 -2796.93
15615.7 -2802.57
15614.7 -2808.22
15613.7 -2813.89
15612.7 -2819.56
15611.8 -2825.24
15611 -2830.92
15610.2 -2836.62
15609.4 -2842.32
15608.7 -2848.02
15608.1 -2853.74
15607.5 -2859.45
15606.9 -2865.18
15606.4 -2870.9
15605.9 -2876.64
15605.5 -2882.37
15604.9 -2893.85
15604.9 -2893.85
15604.6 -2899.6
15604.5 -2903.85
15604.3 -2912.34
15604.3 -2912.34
15604.3 -2916.59
15604.2 -2920.84
15604.3 -2925.09
15582.4 -2940.86
15582.5 -2945.11
15582.7 -2949.36
15582.9 -2953.6
15583.2 -2957.85
15583.4 -2962.09
15583.8 -2966.32
15584.1 -2970.56
15584.5 -2974.79
15584.8 -2979.03
15585.2 -2983.26
15585.5 -2987.5
15586.2 -2995.97
15586.2 -2995.97
15586.9 -3004.44
15586.9 -3004.44
15587.3 -3008.68
15588 -3017.15
15588 -3017.15
15588.4 -3021.38
15588.7 -3025.62
15589.5 -3034.08
15589.5 -3034.08
15589.8 -3036.81
15590.1 -3039.54
15590.4 -3042.28
15591 -3047.74
15591 -3047.74
15591.6 -3053.21
15591.9 -3055.94
15591.9 -3055.94
15592.2 -3058.68
15592.5 -3061.41
15592.9 -3064.14
15593.2 -3066.88
15593.8 -3072.34
15593.8 -3072.34
15594.4 -3077.81
15594.4 -3077.81
15594.7 -3080.55
15595 -3083.28
15595.3 -3086.01
15595.6 -3088.75
15595.9 -3091.48
15596.2 -3094.21
15596.8 -3099.68
15596.8 -3099.68
15597.1 -3102.41
15597.4 -3105.15
15597.7 -3107.88
15598.3 -3113.35
15598.3 -3113.35
15598.6 -3116.08
15598.9 -3118.81
15599.2 -3121.55
15599.5 -3124.28
15599.8 -3127.01
15600.4 -3132.48
15600.4 -3132.48
15600.7 -3135.21
15601 -3137.95
15601.3 -3140.68
15601.6 -3143.41
15601.9 -3146.15
15602.2 -3148.88
15602.5 -3151.62
15602.8 -3154.35
15603.1 -3157.08
15603.7 -3162.55
15604.2 -3166.77
15604.2 -3166.77
15604.8 -3173.74
15605.1 -3176.48
15605.1 -3176.48
15605.3 -3179.22
15605.9 -3184.69
15605.9 -3184.69
15606.1 -3187.43
15606.5 -3191.66
15606.9 -3196.65
15606.9 -3196.65
15607.1 -3198.89
15607.1 -3198.89
15607.6 -3204.11
15607.6 -3204.11
15607.6 -3204.11
15608.5 -3211.56
15608.5 -3211.56
15609.5 -3220.5
15609.5 -3220.5
15610 -3224.98
15610.8 -3233.94
15610.8 -3233.94
15611.1 -3238.43
15611.4 -3242.92
15611.7 -3247.41
15611.9 -3251.91
15612 -3254.9
15612.1 -3257.9
15612.2 -3260.9
15612.2 -3263.9
15612.2 -3266.9
15612.2 -3269.9
15612.2 -3272.9
15612.1 -3277.4
15612 -3281.9
15611.8 -3286.4
15611.6 -3290.89
15611.3 -3295.38
15611 -3299.87
15610.3 -3308.85
15610.3 -3308.85
15609.9 -3313.33
15609.6 -3316.31
15608.9 -3322.27
15608.9 -3322.27
15604.7 -3336.17
15604.1 -3340.63
15603.4 -3345.09
15602.8 -3349.54
15602 -3353.98
15601.3 -3358.42
15600.5 -3362.85
15598.8 -3371.68
15598.8 -3371.68
15598.2 -3374.62
15597.6 -3377.55
15595.5 -3386.32
15595.5 -3386.32
15594.5 -3390.7
15593.4 -3395.07
15592.4 -3399.44
15590.2 -3408.19
15590.2 -3408.19
15589.2 -3412.56
15588.1 -3416.93
15586.7 -3422.76
15585.3 -3428.59
15583.8 -3434.41
15583 -3437.31
15582.2 -3440.21
15581 -3444.54
15579.6 -3449.58
15576.6 -3459.67
15576.6 -3459.67
15575.2 -3464.71
15573.7 -3469.75
15570.8 -3479.84
15570.8 -3479.84
15569.3 -3484.87
15567.7 -3489.88
15566.1 -3494.88
15564.5 -3499.87
15562.4 -3506.27
15559.9 -3513.35
15557.4 -3520.41
15554.8 -3527.45
15552.1 -3534.47
15549.4 -3541.46
15542.7 -3558.16
15539.8 -3565.08
15536.9 -3571.98
15536.9 -3571.98
15528.3 -3591.18
15528.3 -3591.18
15524.7 -3599.39
15516.6 -3617.14
15516.6 -3617.14
15512.1 -3626.64
15507.6 -3636.11
15502.9 -3645.53
15498.2 -3654.91
15493.4 -3664.25
15488.6 -3673.55
15483.6 -3682.81
15478.7 -3692.07
15473.7 -3701.32
15468.7 -3710.58
15463.8 -3719.83
15458.8 -3729.09
15453.9 -3738.35
15447 -3767.42
15442 -3776.65
15437 -3785.89
15432 -3795.13
15427 -3804.32
15416.6 -3822.58
15416.6 -3822.58
15411.3 -3831.63
15405.9 -3840.64
15394.9 -3858.52
15394.9 -3858.52
15390.8 -3864.86
15388.4 -3868.66
