-4707.86 -103.149
-4707.86 -103.149
-4707.86 -103.149
-4705.82 -100.946
-4701.75 -96.5402
-4571.87 -206.812
-4687.49 -81.1176
-4677.63 -70.4478
-4666.56 -58.2569
-4655.24 -45.572
-4644.26 -33.2607
-4633.23 -20.9722
-4623.51 -10.2016
-4492.3 -114.427
-4588.45 -0.87873
-4576.6 11.9991
-4562.87 27.3023
-4547.44 44.943
-4530.22 65.1595
-4511.38 87.8431
-4490.96 113.068
-4468.97 140.956
-4447.34 169.128
-4424.31 199.915
-4401.6 231.085
-4379.37 262.436
-4358.06 293.296
-4225.04 214.246
-4318.85 352.482
-4298.7 384.188
-4279.03 416.035
-4261.27 445.614
-4244.39 474.561
-4290.37 476.776
-4294.59 496.731
-4279.33 525.511
-4264.49 554.369
-4250.88 581.683
-4237.65 609.118
-4225.16 635.865
-4213.01 662.774
-4201.23 689.772
-4190.55 715.118
-4180.19 740.61
-4170.17 766.196
-4160.81 791.013
-4151.78 815.92
-4143.06 840.948
-4135.29 864.189
-4127.6 887.429
-4119.97 910.72
-4112.41 934.024
-4104.91 957.36
-4097.75 979.895
-4075.8 1026.48
-4068.43 1048.76
-4061.72 1069.29
-4055.31 1089.75
-4049.15 1110.31
-4043.25 1130.98
-4037.61 1151.73
-4032.03 1172.49
-4026.76 1192.3
-4021.55 1212.14
-4016.41 1231.97
-4011.32 1251.83
-4006.29 1271.71
-4001.8 1289.66
-3997.37 1307.61
-3992.98 1325.6
-3988.66 1343.57
-3984.6 1360.67
-3980.62 1377.64
-3891.84 1294.9
-3972.78 1411.75
-3968.93 1428.84
-3965.3 1445.94
-3911.7 1393.53
-3959.31 1476.35
-3956 1493.54
-3952.73 1510.78
-3949.89 1526.01
-3947.27 1540.28
-3944.7 1554.53
-3942.17 1568.79
-3939.67 1583.08
-3937.19 1597.55
-3934.82 1611.66
-3932.78 1623.99
-3930.77 1636.36
-3928.8 1648.71
-3926.87 1661.03
-3924.98 1673.39
-3923.12 1685.75
-3921.3 1698.11
-3919.65 1709.49
-3918.04 1720.88
-3916.43 1732.51
-3914.92 1743.66
-3913.41 1755.07
-3911.94 1766.47
-3910.49 1777.89
-3909.08 1789.29
-3907.95 1798.72
-3906.84 1808.16
-3905.76 1817.6
-3904.7 1827.04
-3903.68 1836.48
-3902.68 1845.93
-3901.71 1855.38
-3900.76 1864.84
-3899.85 1874.29
-3898.96 1883.75
-3898.1 1893.21
-4016.59 1842.88
-4016.56 1852.38
-4016.56 1861.88
-4016.54 1871.39
-4016.48 1880.88
-4016.4 1890.39
-4016.29 1899.88
-4016.16 1909.38
-4015.99 1918.89
-4015.8 1928.38
-4015.58 1937.87
-4015.36 1946.39
-4015.11 1954.94
-4014.84 1963.38
-4014.54 1971.86
-4014.22 1980.35
-3937.37 1897.1
-4012.51 2052.26
-4011.8 2080.36
-4011.47 2089.86
-4011.19 2098.35
-4010.89 2106.84
-4010.56 2115.46
-4010.21 2123.83
-4009.83 2132.32
-4009.43 2140.81
-4009.01 2149.32
-4008.55 2157.8
-4008.08 2166.27
-4007.73 2172.26
-4007.55 2175.26
-4007.55 2175.26
