6028.84 -1126.84
5908.91 -1131.67
5748.86 -1130.76
5608.94 -1136.38
5469.08 -1144.44
5248.97 -1141.44
5069.08 -1148.68
4782.88 -1143.08
4574.99 -1153.55
4255.9 -1152.92
3998.03 -1165.41
3590.44 -1165.24
3257.19 -1180.03
2718.65 -1180.74
2404.45 -1210.6
1743.35 -1218.42
1263.8 -1250.57
1259.2 -1320.32
1255.2 -1390.12
1251.81 -1459.95
1249.04 -1529.8
1246.87 -1599.68
1245.32 -1669.57
1244.37 -1739.48
1244.04 -1809.39
1244.32 -1879.29
1245.21 -1949.2
1246.71 -2019.09
1248.82 -2088.97
1251.54 -2158.83
1254.87 -2228.66
1258.81 -2298.46
1263.36 -2368.22
1268.52 -2437.94
1274.29 -2507.61
1280.67 -2577.23
1287.66 -2646.79
1295.25 -2716.28
1303.45 -2785.71
1312.26 -2855.06
1321.67 -2924.34
1331.69 -2993.53
1542.72 -3030.92
1962.79 -3029.78
2502.28 -3000.24
2802.46 -3005.49
3082.6 -3009.39
3382.57 -3004.37
3722.25 -2985.64
3982.15 -2978.58
4162.34 -2985.33
4402.17 -2974.64
4403.11 -3019.25
4244.89 -3105.19
4444.79 -3098.35
4445.73 -3143.14
3671.21 -3410.49
5440.81 -2939.14
5557.75 -2939.64
5699.89 -2930.14
5807.2 -2929.41
5905.03 -2929.97
6004.17 -2928.37
6098.27 -2926.81
6191.61 -2923.86
6281.41 -2920.58
6352.01 -2923.08
6436.06 -2919.06
6524.08 -2911.93
6583.25 -2915.16
6649.4 -2914.41
6704.13 -2917.47
6788.37 -2906.44
6799.52 -2927.18
6783.23 -2960.69
6790.89 -2983.32
6793.19 -3008.63
6797.72 -3033.01
6798.97 -3059.18
6790.49 -3090.64
6791.07 -3117.72
6791.64 -3145.04
6792.23 -3172.61
6792.81 -3200.43
6793.41 -3228.52
6794.01 -3256.88
6794.61 -3285.51
6795.22 -3314.44
6795.84 -3343.66
6796.46 -3373.19
7566.7 -2902.8
7606.59 -2897.35
7626.75 -2904.45
7666.61 -2897.72
7686.75 -2904.04
7726.59 -2896.01
7746.71 -2901.53
7786.52 -2892.17
7806.63 -2896.86
7826.72 -2901.26
7866.49 -2889.98
7886.57 -2893.53
7926.31 -2880.83
7946.38 -2883.5
7966.43 -2885.85
7986.48 -2887.9
8006.52 -2889.62
8026.55 -2891.03
8046.58 -2892.11
8066.6 -2892.86
8086.61 -2893.28
8106.62 -2893.36
8126.62 -2893.09
8146.61 -2892.48
8166.59 -2891.51
8186.57 -2890.18
8206.54 -2888.47
8218.86 -2894.46
8237.01 -2894.08
8254.86 -2893.7
8272.41 -2893.33
8289.68 -2892.97
8306.67 -2892.61
8323.4 -2892.25
8339.86 -2891.91
8356.08 -2891.56
8372.06 -2891.23
8387.8 -2890.89
8403.31 -2890.57
8418.61 -2890.24
8433.69 -2889.92
8448.57 -2889.61
8463.25 -2889.3
8477.73 -2888.99
8492.03 -2888.69
8506.15 -2888.39
8520.09 -2888.1
8536.09 -2884.42
8549.2 -2884.84
8562.15 -2885.28
8568.24 -2896.5
8580.66 -2897.58
8592.95 -2898.7
8609.6 -2892.21
8621.16 -2894.07
8632.59 -2896
8643.91 -2897.99
8657.79 -2895.13
8668.44 -2898
8689.5 -2880.75
8699.73 -2883.83
8710.78 -2885.19
8710.57 -2909.55
8710.73 -2934.05
8711.23 -2958.7
8729.68 -2944.8
8739.01 -2950.56
8748.27 -2956.55
8764.03 -2947.27
8772.55 -2954.84
8789.14 -2942.54
8797.35 -2950.77
8813.22 -2939.19
8824.72 -2938.51
8832 -2949.22
8846.36 -2940.29
8853.37 -2952.05
8868.39 -2940.29
8874.59 -2954.87
8887.09 -2950.07
8899.19 -2946.1
8913.33 -2934.72
8924.03 -2934.5
8934.67 -2934.27
8945.25 -2934.05
8955.78 -2933.82
8966.26 -2933.6
8976.68 -2933.38
8987.07 -2933.16
8997.4 -2932.95
9007.69 -2932.73
9017.94 -2932.51
9028.15 -2932.3
9038.32 -2932.08
9048.46 -2931.87
9058.56 -2931.65
9068.63 -2931.44
9078.66 -2931.23
9088.67 -2931.02
9098.65 -2930.81
9108.6 -2930.6
9118.53 -2930.39
9128.43 -2930.18
9138.31 -2929.97
9148.17 -2929.76
9158.02 -2929.55
9167.84 -2929.34
9177.66 -2929.14
9187.45 -2928.93
8999.1 -7653.96
9050.26 -7652.88
9101.37 -7651.8
9152.43 -7650.72
9203.46 -7649.64
9254.47 -7648.57
9305.46 -7647.49
9356.44 -7646.41
9407.42 -7645.33
9458.41 -7644.26
9509.41 -7643.18
9560.43 -7642.1
9611.48 -7641.02
9662.57 -7639.94
9714.81 -7652.63
9765.62 -7645.94
9817.61 -7651.7
9868.39 -7644.41
9920.64 -7650
9943.96 -7422.15
9995.21 -7432.71
9955.24 -6801.29
9951.53 -6482.75
9988.36 -6451.79
10028.6 -6443.7
9891.08 -5439.03
9881.4 -5212.67
9881.47 -5056.28
9877.76 -4894.78
9884.38 -4794.62
9884.82 -4674.59
9887.8 -4574.5
9874.59 -4414.74
9873.56 -4314.74
9881.16 -4254.57
9860.87 -4094.96
9865.52 -4034.85
9874.88 -3994.64
9853.92 -3855.06
9854.17 -3792.62
9847.88 -3713.04
9847.05 -3654.48
9845.54 -3596.98
9842.71 -3538.6
9847.53 -3504.59
9844.77 -3451.44
9848.78 -3418.81
9844.82 -3366.96
9842.62 -3321.91
9837.86 -3272.56
9840.66 -3243.47
9843.13 -3214.78
9841.62 -3178.08
9835 -3131.47
9836.74 -3104.95
9838.15 -3078.7
9837.31 -3048.71
9838.49 -3023.93
9839.35 -2999.34
9829.72 -2955.12
9829.56 -2930.64
9829.64 -2907.39
9829.37 -2884.27
9828.76 -2861.25
9840.76 -2861.13
9851.62 -2858.83
9862.58 -2856.59
9876.79 -2859.61
9888.46 -2858.17
9900.25 -2856.75
9912.17 -2855.37
9929.31 -2861.83
9941.99 -2861.11
9954.81 -2860.4
9962.82 -2852.53
9976.13 -2852.25
9989.6 -2851.97
10003.2 -2851.68
10017 -2851.39
10031 -2851.09
10045.2 -2850.79
10059.5 -2850.49
10074 -2850.18
10088.7 -2849.87
10103.7 -2849.56
10118.8 -2849.24
10134.1 -2848.91
10149.7 -2848.58
10165.5 -2848.25
10181.5 -2847.91
10197.8 -2847.57
10214.4 -2847.22
10231.2 -2846.86
10248.2 -2846.5
10265.6 -2846.13
10283.2 -2845.76
10301.1 -2845.38
12012.3 -4470.34
12014.5 -4426.35
12013.6 -4380.06
12012.6 -4334.54
12011.6 -4289.77
12010.7 -4245.73
12009.8 -4202.38
12008.9 -4159.72
12008 -4117.71
12007.1 -4076.34
12006.3 -4035.57
12005.4 -3995.41
12004.6 -3955.82
12003.8 -3916.78
12008.7 -3882.59
12013.5 -3848.63
12018.3 -3815.11
12010.2 -3772.67
12015.9 -3740.54
12001.4 -3694.95
12007.4 -3663.86
12013.6 -3633.16
12009.5 -3596.02
11996.4 -3553.69
12003.7 -3524.77
12011.3 -3496.17
11998.9 -3455.8
12007 -3428.05
12008.5 -3396.68
11997.5 -3358.59
12007.1 -3332.37
11248.1 -2892.18
11258.5 -2875.18
11245.8 -2846.23
11257.8 -2830.21
11270.1 -2814.31
11323.3 -2818.1
11356.7 -2811.59
11410.9 -2814.1
11447.2 -2807.63
11503.3 -2809.29
11560 -2810.23
11617.4 -2810.43
11675.4 -2809.92
11734.1 -2808.69
11781.8 -2802.12
11863.6 -2807.72
11926.1 -2804.73
11989.6 -2801.04
12054.2 -2796.65
12140.2 -2798.42
12223.8 -2797.9
12293.8 -2791.57
13533.3 -3148.24
13545.9 -3111.04
13198 -2968.44
13194.4 -2930.02
13213.2 -2897.95
13123.5 -2837.06
13129.6 -2802.43
13178.9 -2778.48
13312.1 -2773.55
13469.1 -2771.73
13630.1 -2768.07
13815.9 -2766.76
13996.9 -2761.28
14177.3 -2752.54
14424.9 -2752.87
14640.1 -2743.3
14944.6 -2744.59
15199 -2732.84
16001 -2796.4
16019.8 -2738.74
16339.4 -2719.35
16819.4 -2713.48
17078.7 -2674.95
17077.2 -2605.57
17075.7 -2536.34
17074.3 -2467.25
17221.7 -2409.42
17071.4 -2329.43
17231 -2269.91
17234.6 -2200.1
17237.7 -2130.25
17240.2 -2060.39
17242.1 -1990.5
17243.3 -1920.6
17243.9 -1850.7
17244 -1780.79
17243.4 -1710.88
17242.2 -1640.98
17240.4 -1571.09
17238 -1501.22
17235 -1431.38
17231.3 -1361.56
17227.1 -1291.78
17048.2 -1234.92
17046.8 -1166.42
17045.3 -1097.85
17043.9 -1029.19
17042.4 -960.438
17041 -891.58
14665.4 -1124.1
14617.7 -1082.38
14565.7 -1042.02
14565.7 -994.496
14575.3 -945.25
14573.2 -897.735
14577.7 -848.903
14558.6 -804.317
13442 -978.079
13261.9 -977.307
13101.9 -975.35
12960 -972.069
12774 -981.661
12649.7 -979.426
12481.2 -990.6
12383.7 -986.087
12247.7 -993.766
12152.5 -992.328
12058.4 -992.254
11945.3 -999.536
11853 -1002.4
11793.8 -996.277
11685.1 -1007.49
11616.7 -1007.01
11548.7 -1007.55
11481.2 -1009.14
11414.1 -1011.77
11367.2 -1007.93
11286.1 -1018.18
11241.3 -1015.45
11196.7 -1013.38
11152.4 -1011.99
11088.4 -1019.81
11044.4 -1019.99
11013.5 -1015.06
10971 -1015.99
10908.8 -1026.96
10886.3 -1019.95
10844.2 -1023
10802.1 -1026.76
10779 -1021.51
10737.9 -1026.06
10716.7 -1020.71
10675.8 -1026.51
10634.9 -1033.05
10613.9 -1029.05
10568 -1039.85
10547.9 -1036.21
10527.9 -1032.89
10507.8 -1029.88
10468 -1039.65
10447.9 -1037.51
10427.9 -1035.7
10407.9 -1034.22
10387.8 -1033.06
10367.8 -1032.24
10328.1 -1045.69
10327.8 -1031.6
10307.8 -1031.8
10287.8 -1032.35
10267.8 -1033.25
10247.8 -1034.51
10227.9 -1036.14
10207.9 -1038.13
10187.9 -1040.49
10168 -1043.23
10148.1 -1046.36
10128.1 -1049.87
10127.8 -1036.54
10107.9 -1040.56
10088 -1044.98
10068.1 -1049.82
10048.2 -1055.08
10047.9 -1041.97
10028.1 -1047.77
10008.2 -1054.01
10007.9 -1040.92
9988.05 -1047.73
9985.67 -1036.72
9972.54 -1037
9959.63 -1037.27
9946.94 -1037.54
9934.46 -1037.8
9922.18 -1038.06
9910.1 -1038.32
9898.2 -1038.57
9886.48 -1038.82
9874.94 -1039.06
9863.57 -1039.3
9852.37 -1039.54
9841.32 -1039.77
9830.43 -1040
9819.69 -1040.23
9809.1 -1040.45
9798.64 -1040.67
9788.33 -1040.89
9778.14 -1041.11
9768.08 -1041.32
9758.15 -1041.53
9748.34 -1041.74
9738.64 -1041.94
9729.06 -1042.14
9719.58 -1042.34
9710.22 -1042.54
9700.95 -1042.74
9691.79 -1042.93
9682.72 -1043.12
9673.75 -1043.31
9664.87 -1043.5
9656.08 -1043.69
9647.38 -1043.87
9638.75 -1044.05
9630.21 -1044.23
9621.75 -1044.41
9623.09 -1024.38
9614.56 -1024.56
9615.38 -1004.54
9615.85 -984.523
9615.96 -964.516
9615.73 -944.517
9792.25 -500.688
9786.94 -480.796
9789.34 -440.736
9783.21 -420.862
9784.37 -380.828
9784.83 -340.809
9784.58 -300.806
9783.64 -260.817
9781.99 -220.843
9779.66 -180.883
9783.05 -120.798
9779.15 -80.8715
9780.59 -20.8275
9775.14 19.0665
9774.67 79.0697
9871.32 501.206
9865.35 561.093
11037.5 5291.99
10971.2 5290.59
10914.7 5329.41
10921 5649.61
10929.8 6007.81
10861.4 6022.24
10792.9 6036.07
10724.2 6049.31
10655.5 6061.94
10133.2 3410.54
10092.8 3450.84
10082.8 3694.38
10072.3 3964.06
10310.2 6116.08
10240.8 6125.09
10171.4 6133.5
10102 6141.3
10032.4 6148.5
9962.83 6155.08
9893.18 6161.06
9823.47 6166.43
9753.72 6171.18
9683.94 6175.33
9614.11 6178.87
9544.27 6181.8
9474.39 6184.12
9404.51 6185.83
9314.55 4415.4
9260.12 4414.24
9205.71 4413.1
9151.31 4411.95
9096.93 4410.8
9042.54 4409.65
8988.14 4408.5
8933.72 4407.35
8879.27 4406.2
8924.46 2926.82
8882.9 2925.94
8841.3 2925.06
8799.65 2924.18
8756.54 2937.01
8715.15 2931.69
8674.35 2921.54
8630.16 2938.43
8993.36 2.54638
8994.82 -117.45
9001.48 -257.34
9000.74 -337.374
8994.46 -377.515
8981.57 -377.788
8968.65 -378.061
8955.68 -378.335
8942.68 -378.61
8929.63 -378.885
8811.91 78.7299
8794.58 78.3637
8777.17 77.9959
8759.7 77.6264
8742.15 77.2559
8724.54 76.8835
8887.79 -559.809
8887.69 -599.821
8882.25 -619.94
8870.91 -620.18
8859.52 -620.42
8848.06 -620.662
8836.54 -620.906
8824.96 -621.15
8813.32 -621.397
8801.6 -621.644
8789.81 -621.893
8777.95 -622.144
8766.01 -622.396
8754 -622.65
8741.9 -622.906
8729.72 -623.163
8717.45 -623.422
8705.09 -623.684
8692.64 -623.947
8680.09 -624.212
8667.44 -624.479
8654.69 -624.749
8641.84 -625.02
8628.87 -625.294
8615.8 -625.57
8602.61 -625.849
8589.3 -626.13
8575.87 -626.414
8562.31 -626.701
8548.62 -626.99
8546.62 -647.037
8544.95 -667.076
8555.89 -706.854
8555.11 -726.875
8554.68 -746.889
8554.58 -766.895
8554.84 -786.894
8555.44 -806.886
8556.39 -826.87
8557.71 -846.847
8559.38 -866.816
8561.42 -886.777
8549.05 -887.039
8551.57 -906.99
8554.47 -926.933
8557.76 -946.868
8561.44 -966.795
8549.36 -967.05
8553.55 -986.966
8558.14 -1006.87
8563.15 -1026.77
8551.26 -1027.02
8556.81 -1046.91
8562.79 -1066.79
8550.97 -1067.04
8538.96 -1067.29
8526.77 -1067.55
8514.37 -1067.81
8501.77 -1068.08
8488.96 -1068.35
8475.92 -1068.62
8468.27 -1074.24
8468.54 -1087.31
8448.42 -1081.41
8428.3 -1075.97
8408.19 -1070.97
8408.47 -1084.16
8388.37 -1079.7
8368.28 -1075.67
8368.56 -1088.87
8348.48 -1085.35
8328.41 -1082.24
8308.34 -1079.53
8288.29 -1077.2
8268.25 -1075.26
8268.53 -1088.79
8248.5 -1087.32
8228.47 -1086.23
8208.45 -1085.51
8188.44 -1085.15
8168.43 -1085.14
8148.44 -1085.49
8128.45 -1086.18
8108.46 -1087.22
8088.49 -1088.61
8068.52 -1090.32
8028.3 -1080.17
8008.35 -1082.79
7988.4 -1085.74
7968.47 -1089
7948.54 -1092.59
7908.38 -1085.47
7888.47 -1089.92
7868.57 -1094.67
7828.45 -1089.4
7808.56 -1094.99
7768.47 -1091
7748.6 -1097.41
7708.53 -1094.66
7668.48 -1092.65
7628.44 -1091.35
7588.42 -1090.77
7568.6 -1099.49
7528.61 -1100.11
7468.45 -1093.25
7428.49 -1095.47
7388.54 -1098.37
7348.6 -1101.95
7308.69 -1106.22
7248.63 -1103.99
7188.59 -1102.84
7148.72 -1109.51
7068.58 -1103.71
7008.61 -1105.71
6948.66 -1108.76
6868.6 -1106.86
6808.7 -1112.17
6728.7 -1112.9
6628.61 -1109.62
6568.78 -1118.55
6488.87 -1123.46
6368.77 -1120.07
6268.82 -1123.44
6168.9 -1128.56
6028.84 -1126.83
