21702.7 6067.17
21702.7 6067.17
21702.7 6067.17
21702.7 6067.17
21705.5 6066.07
21711 6063.87
21718 6061.06
21724.9 6058.13
21731.7 6055.08
21737.2 6052.55
21742.6 6049.97
21749.3 6046.68
21756.7 6042.94
21756.7 6042.94
21758.7 6041.89
21762.7 6039.86
21762.7 6039.86
21768.7 6036.83
21775.4 6033.34
21781.9 6029.7
21788.4 6025.9
21793.5 6022.72
21798.5 6019.45
21803.5 6016.1
21813.3 6009.13
21818.1 6005.52
21822.8 6001.83
21822.8 6001.83
21827.4 5998.05
21833.2 5993.23
21840 5987.33
21840 5987.33
21840 5987.33
21841.7 5985.84
21855.1 5976.3
21860.2 5971.9
21865.8 5966.91
21871.9 5961.29
21877.8 5955.51
21882.5 5950.66
21887.1 5945.72
21891.6 5940.71
21896 5935.62
21901.3 5929.3
21906.5 5922.85
21914.5 5912.01
21914.5 5912.01
21918.4 5906.48
21922.2 5900.89
21925.8 5895.23
21932.1 5885.01
21932.1 5885.01
21934.8 5880.47
21938 5874.57
21941.2 5868.61
21944.3 5862.6
21947.2 5856.53
21950.1 5850.42
21952.8 5844.25
21955.5 5838.04
21958 5831.78
21960.4 5825.49
21965 5812.76
21965 5812.76
21965.9 5815.18
21967.5 5810.17
21969 5805.15
21970.5 5800.12
21971.9 5795.07
21973.3 5790.01
21976 5779.85
21976 5779.85
21977.3 5774.76
21978.8 5768.2
21981.8 5755.03
21983.2 5748.43
21983.2 5748.43
21984.6 5741.81
21985.8 5735.18
21987.1 5728.55
21988.2 5721.9
21989.4 5715.24
21991.4 5701.9
21992.3 5695.21
21993.2 5688.52
21993.2 5688.52
21994 5681.82
21994.8 5675.11
21995.5 5668.4
21996.2 5661.68
21996.7 5654.96
21997.3 5648.23
21997.7 5641.49
21998.1 5636.25
21998.3 5631.01
21998.6 5625.77
21998.7 5620.52
21999.1 5610.03
21999.1 5610.03
21999.3 5604.78
21999.5 5599.53
21989.5 5595.21
21989.5 5595.21
21989.7 5589.96
21989.9 5584.72
21990.1 5574.22
21990.1 5574.22
21990.1 5568.97
21990.2 5563.72
21990.3 5558.47
21990.3 5553.22
21990.4 5547.97
21990.4 5542.72
21990.4 5537.47
21990.4 5532.22
21990.4 5526.97
21990.4 5521.72
21990.3 5511.22
21990.3 5511.22
21990.3 5505.97
21990.3 5500.72
21990.3 5495.47
21990.2 5484.97
21990.2 5484.97
21990.2 5479.72
21990.2 5474.47
21990.1 5463.97
21990.1 5463.97
21990.1 5458.72
21990.1 5453.47
21990.1 5448.22
21990.1 5442.97
21990.1 5437.72
21990 5432.47
21990 5427.22
21990 5421.97
21990 5416.72
21989.9 5406.22
21989.9 5400.97
21989.9 5400.97
21989.9 5395.72
21989.9 5390.47
21989.9 5385.22
21989.8 5379.97
21989.8 5374.72
21989.8 5369.47
21989.8 5364.22
21989.8 5358.97
21989.7 5353.72
21989.7 5348.47
21989.7 5343.22
21989.7 5337.97
21989.7 5332.72
21989.6 5327.47
21989.6 5322.22
21989.6 5316.97
21989.6 5311.72
21989.6 5306.47
21989.5 5301.22
21989.5 5290.72
21989.5 5290.72
21989.5 5285.47
21989.5 5280.22
21989.4 5274.97
21989.4 5269.72
21989.4 5259.22
21989.4 5253.97
21989.3 5248.72
21989.3 5248.72
21989.3 5243.47
21989.3 5238.22
21989.3 5232.97
21989.3 5227.72
21989.2 5217.22
21989.2 5217.22
21989.2 5211.97
21989.2 5206.72
21989.2 5201.47
21989.1 5196.22
21989.1 5185.72
21989.1 5180.47
21989.1 5180.47
21989.1 5175.22
21989 5169.97
21989 5164.72
21988.9 5159.47
21988.7 5152.73
21988.6 5145.23
21988.4 5137.73
21988.2 5130.23
21988.1 5122.73
21987.9 5115.23
21987.8 5107.74
21987.6 5100.24
21987.5 5092.74
21987.3 5085.24
21970.8 5072.81
21970.8 5072.81
21970.5 5065.32
21970.1 5059.33
21969.8 5053.34
21969.3 5047.36
21968.8 5041.38
21967.7 5029.43
21967.7 5029.43
21966.4 5017.51
21966.4 5017.51
21965.7 5011.55
21964.8 5004.1
21963.8 4995.91
21961.9 4979.52
21961.9 4979.52
21960.9 4971.34
21959.8 4963.16
21958.6 4954.99
21957.3 4946.84
21955.1 4933.52
21953.9 4926.88
21953.9 4926.88
21952.7 4920.24
21949.5 4904.06
21949.5 4904.06
21947.9 4895.96
21946.2 4887.89
21944.5 4879.82
21942.7 4871.77
21940.8 4863.74
21938.8 4855.72
21936.8 4847.73
21934.7 4839.75
21932.5 4831.78
21930.3 4823.84
21928 4815.92
21925.6 4808.02
21923.2 4800.13
21920.7 4792.27
21918.1 4784.44
21912.8 4768.83
21912.8 4768.83
21907.1 4753.32
21907.1 4753.32
21904.2 4745.6
21900.7 4736.51
21897.1 4727.45
21894 4719.81
21890.8 4712.2
21887 4703.24
21882.7 4693.62
21878.5 4684.01
21874.9 4675.76
21871.3 4667.52
21867.1 4657.91
21862 4646.23
21856.8 4634.56
21851.7 4622.88
21846.6 4611.2
21840.9 4598.15
21835.1 4585.1
21829.5 4572.01
21823.5 4557.47
21817.5 4542.89
21811.7 4528.26
21805.9 4513.62
21805.3 4481.87
21805.3 4481.87
21799.7 4467.15
21794.2 4452.38
21782.7 4419.87
21782.7 4419.87
21777.6 4404.96
21772.7 4390.01
21767.4 4373.58
21761.6 4354.97
21755.1 4333.43
21747.7 4309.02
21739.7 4282.45
21731 4253.73
21712.2 4191.27
21712.2 4191.27
21702.2 4158.24
21692.2 4125.21
21682.7 4093.62
21673.4 4061.95
21663.6 4027.31
21643.2 3951.26
21643.2 3951.26
21633 3911.29
21623 3870.5
21613.3 3829.63
21604 3788.67
21595 3747.64
21591.1 3712.95
21575 3630.5
21575 3630.5
21560.4 3547.79
21560.4 3547.79
21548.2 3471.5
21548.2 3471.5
21542.9 3435.13
21538.1 3399.47
21533.5 3363.76
21528.5 3325.07
21518.2 3243.98
21512.9 3203.07
21512.9 3203.07
21503.7 3153.17
21498.6 3110.72
21494.2 3071.21
21490.2 3032.42
21486.7 2994.33
21483.5 2956.97
21478.3 2883.66
21478.3 2883.66
21476.2 2848.47
21474.5 2814.01
21473.1 2779.54
21471.2 2712.06
21471.2 2712.06
21470.7 2679.07
21470.5 2647.57
21470.7 2585.55
21470.7 2585.55
21471.4 2554.06
21472.3 2524.07
21473.4 2494.1
21474.8 2464.13
21476.4 2435.67
21478.2 2407.23
21482.5 2351.9
21482.5 2351.9
21487.5 2299.64
21490.3 2274.29
21490.3 2274.29
21493.2 2248.96
21496.3 2225.15
21493.3 2201.39
21496.7 2177.63
21500.3 2153.9
21504.1 2130.21
21507.9 2108.03
21511.9 2085.88
21519.6 2043.06
21519.6 2043.06
21523.3 2022.39
21527 2001.72
21534.1 1961.85
21534.1 1961.85
21537.5 1942.66
21541 1923.47
21544.4 1904.27
21547.9 1885.08
21558.9 1870.53
21562.1 1852.82
21565.4 1835.11
21568.7 1817.43
21572.3 1799.78
21575.5 1783.6
21578.7 1767.42
21581.9 1751.24
21588.4 1718.88
21588.4 1718.88
21591.3 1704.17
21594.3 1689.46
21597.2 1674.75
21603.1 1645.33
21603.1 1645.33
21606 1630.62
21608.7 1617.38
21611.3 1604.14
21613.9 1590.9
21616.7 1577.69
21619.6 1564.5
21622.6 1551.33
21625.2 1539.63
21627.9 1527.93
21633.2 1504.52
21633.2 1504.52
21635.9 1492.82
21638.5 1481.12
21641.2 1469.41
21636.3 1463.92
21638.6 1453.68
21640.9 1443.44
21645.7 1422.98
21645.7 1422.98
21648.2 1412.78
21653.3 1392.43
21653.3 1392.43
21655.9 1382.26
21658.6 1372.1
21661.4 1361.98
21664.2 1351.87
21667.2 1341.79
21670.2 1331.74
21673.3 1321.72
21676.5 1311.72
21679.8 1301.75
21683.2 1291.81
21690.3 1272.02
21690.3 1272.02
21693.9 1262.17
21697.6 1252.35
21701.4 1242.57
21705.3 1232.82
21709.3 1223.1
21717.5 1203.78
21717.5 1203.78
21721.8 1194.17
21730.5 1175.07
21730.5 1175.07
21735 1165.58
21739.5 1156.12
21744.2 1146.71
21748.9 1137.33
21757.9 1120.04
21757.9 1120.04
21762.2 1112.12
21766.5 1104.23
21770.9 1096.38
21773.3 1078.22
21782.4 1062.69
21782.4 1062.69
21785.4 1057.52
