-763.478 -7845.69
-701.373 -7907
-638.736 -7967.76
-575.569 -8027.97
-511.88 -8087.63
-447.674 -8146.73
-382.955 -8205.27
-317.726 -8263.24
-251.993 -8320.64
-185.763 -8377.46
-119.04 -8433.71
-51.8287 -8489.36
15.8662 -8544.43
84.0403 -8598.91
152.687 -8652.79
221.8 -8706.07
291.374 -8758.75
361.409 -8810.81
431.893 -8862.27
502.823 -8913.1
5578.94 -1783.48
5598.07 -1774.81
5622.01 -1758.42
5645.05 -1742.52
5643.88 -1763.25
5664.44 -1750.3
5679.45 -1745.55
5694.85 -1739.77
5705.47 -1741.51
5728.73 -1721.58
5737.64 -1725.6
5751.49 -1720.82
5769.08 -1708.87
5778.8 -1710.76
5790.86 -1708.13
5804.22 -1702.71
5815.18 -1701.58
5819.42 -1713.78
5840.86 -1690.88
5847.29 -1698.4
5861.81 -1688.64
5867.04 -1698.74
5878.89 -1694.19
5890.24 -1690.42
5899.15 -1692.05
5912.64 -1682.51
5924.06 -1677.43
5930.26 -1685.27
5941.56 -1679.99
5952.73 -1674.58
5961.75 -1674.69
5972.07 -1670.94
5981.33 -1669.92
5993.07 -1661.21
5999.11 -1669.5
6010.04 -1662.48
6018.51 -1663
6029.51 -1654.8
6037.88 -1655.14
6045.44 -1658.3
6056.88 -1646.89
6066.62 -1641.16
6074.32 -1643.1
6083.89 -1637.19
6092.89 -1633.13
6101.17 -1631.91
6108.58 -1634.52
6116.81 -1633.15
6124.25 -1635.64
6133.35 -1629.2
6140.77 -1631.55
6150.99 -1617.05
6157.24 -1626.16
6163.64 -1635.22
6172.8 -1625.42
6180.61 -1624.45
6189 -1618.44
6195.94 -1624.28
6204.52 -1615.14
6211.24 -1623.84
6219.04 -1621.53
6227.93 -1604.19
6235.24 -1605.72
6242.86 -1602.2
6249.81 -1610.59
6257.28 -1609.93
6265.29 -1592.22
6272.58 -1591.43
6279.63 -1605.57
6287.06 -1597.65
6294.37 -1594.66
6301.48 -1578.62
6309.02 -1598.51
6316.23 -1594.33
6323.06 -1582.1
6330.24 -1581.81
6337.85 -1589.43
6344.14 -1574.04
6351.03 -1570.56
6358.59 -1576
6366.24 -1581.37
6372.82 -1574.73
6380.36 -1577.97
6385.65 -1561.28
6393.02 -1563.42
6401.75 -1575.4
6407.74 -1566.49
6413.42 -1556.56
6420.85 -1558.44
6427.98 -1558.27
6435.82 -1561.98
6437.66 -1533.18
6448.84 -1554.46
6450.73 -1528.57
6461.01 -1543.79
6470.03 -1552.05
6475.8 -1545.6
6481.47 -1539.11
6490.71 -1547.13
6500.85 -1557.95
6512.25 -1572.51
6509.91 -1536.86
6529.46 -1579.12
6540.03 -1588.52
6543.72 -1574.86
6554.76 -1585.03
6561.33 -1580.81
6566.57 -1572.75
6574.31 -1572.22
6586.09 -1582.92
6598.08 -1593.47
6619.08 -1627.27
6630.96 -1635.58
6641.17 -1639.11
6664.27 -1674.01
6689.16 -1711.35
7726.67 -4118.32
7335.2 -3143.65
7313.05 -3038.63
7326.23 -3015.1
7339.08 -2991.5
7363.71 -2993.11
7379.64 -2976.49
7418.66 -3006.26
7485.63 -3088.91
7531.87 -3128.03
7509.6 -3036.87
7530.86 -3028.79
7545.75 -3009.16
7567.81 -3002.49
7579.8 -2978.3
7595.55 -2960.96
7616.78 -2952.93
7630.62 -2932.78
7648.47 -2919.32
7660.8 -2897.3
7683.22 -2891.14
7699.56 -2875.6
7715.16 -2859.1
7813.54 -2962.64
7888.51 -3028.62
7870.39 -2961.77
12187.6 -8837.37
10229.7 -6056.8
10444.1 -6244.7
10873.3 -6703.3
10805.3 -6510.48
10950.8 -6590.42
10802.7 -6305.17
10920.5 -6349.56
10892.4 -6217.96
11021.9 -6273.25
11257.9 -6447.22
11302 -6397.7
11537.5 -6559.97
11516.8 -6436.71
11615.4 -6443.46
11680.6 -6413.44
11711 -6346.83
11755.3 -6295.06
11752.4 -6196.37
11885.4 -6232.45
11942.3 -6192.45
12007.7 -6160.11
12054.6 -6110.03
11849.9 -5830.38
11674.3 -5584.76
11817.5 -5626.85
12221.9 -5891.94
12120.2 -5715.62
12056.6 -5575.45
11835.6 -5309.26
11302.1 -4798.74
11287.8 -4715.76
11233.7 -4603.25
10977.8 -4339.01
10804.1 -4144.36
10582.3 -3919.81
10435.5 -3756.25
10282.1 -3592.61
10139.3 -3441.03
9983.45 -3284.83
9998.7 -3248.06
10014.4 -3211.77
9835.81 -3050
9625.95 -2873.33
9472.74 -2737.48
9372.06 -2637.8
9300.79 -2558.51
9238.73 -2486.68
9159.17 -2406.6
9097.63 -2338.84
9048.25 -2279.53
8998.06 -2221.2
9013.37 -2198.94
9011.62 -2167.79
9033.61 -2148.98
9076.99 -2140.56
9081.73 -2112.71
9102.47 -2092.61
9138.49 -2079.4
9155.36 -2056.99
9184.86 -2040.05
9201.43 -2017.15
9215.06 -1992.88
9238.66 -1972.66
9261.19 -1951.75
9278 -1928.35
9310.51 -1910.81
9308.25 -1879.9
9266.19 -1834.84
9219.8 -1789.27
9163.39 -1741.36
9145.27 -1707.45
9102.04 -1665.94
9043.04 -1620.48
9016 -1585.99
9013.51 -1559.37
9023.27 -1536.42
9020.31 -1509.91
9039.31 -1489.42
8999.08 -1453.5
8965.23 -1420.02
8935.87 -1388.34
8920.78 -1360.57
8887.83 -1329.25
8848.67 -1297.32
8831.69 -1270.65
7543.71 -1000.11
7425.75 -967.203
7385.16 -949.929
7383.82 -939.899
7375.47 -928.826
7357.12 -916.456
7348.54 -905.79
7333.91 -894.515
7328.09 -884.584
7315.23 -873.988
7314.2 -864.855
7316.07 -856.029
7310.9 -846.584
7318.6 -838.229
7334.21 -830.287
7338.78 -821.431
7317.31 -811.194
7330.71 -802.789
7337.04 -793.925
7362.29 -785.411
7394.47 -776.566
7400.58 -766.99
7406.6 -757.308
7419.53 -747.446
7429.38 -737.416
7438.14 -727.242
7455.8 -716.58
7467.37 -705.883
7484.83 -694.653
7481.22 -684.441
7499.47 -672.706
7521.59 -660.324
7524.66 -649.246
7552.51 -635.658
7548.4 -624.988
7553.14 -613.342
7596.46 -596.769
7606.89 -583.806
7612.23 -571.354
7633.28 -556.398
7644.29 -542.645
7662.06 -527.515
7672.78 -513.289
7693.19 -497.015
7711.45 -480.752
7736.38 -462.74
7620.32 -474.511
7525.08 -483.693
7522.63 -472.948
7503.55 -466.229
7478.64 -461.284
7491.48 -446.907
7480.01 -438.804
7473.32 -429.532
7475.19 -417.852
7463.54 -410.12
7448.98 -403.448
7446.78 -393.067
7421.68 -390.163
7432.62 -375.534
7466.08 -352.825
7483.2 -335.213
7534.85 -304.543
7667.48 -242.3
7734.74 -202.575
7727.03 -191.117
7707.2 -184.646
7694.74 -175.4
7680.39 -167.114
7686.16 -150.217
7676.23 -140.123
7653.5 -135.988
7642.57 -126.683
7648.71 -109.305
7629.52 -104.1
7620.17 -94.2503
7613.42 -83.1465
7618.99 -65.619
7593.48 -64.4401
7582.97 -55.5094
7579.4 -42.8157
7565.27 -36.0623
7558.04 -25.4856
7546.43 -17.5266
7549.32 -0.927928
7529.88 2.14529
7519.79 10.7865
7509.65 19.31
7499.46 27.7155
7489.21 36.0023
7481.4 45.8533
7478.44 59.0375
7470.43 68.7791
7463.97 79.6086
7459.83 92.1565
7441.11 93.9586
7430.43 101.535
7425.25 113.262
7421.52 126.2
7409.06 132.273
7399.68 140.72
7396.41 154.173
7392.21 166.992
7371.94 166.136
7365.33 176.835
7368.33 196.124
7347.34 194.072
7338.97 203.24
7334.18 215.753
7327.08 226.185
7317.72 234.478
7312.56 246.898
7295.27 247.257
7288.54 258.113
7280.32 267.486
7273.38 278.247
7268.36 291.163
7262.53 303.332
7257.89 316.967
7245.15 321.598
7233.71 327.601
7227.43 339.581
7226.14 357.673
7214.45 363.458
7203.35 369.903
7189.74 373.104
7188.41 391.94
7175.9 396.535
7162.18 399.4
7153.81 409.36
7153.54 430.605
7136.17 428.288
7129.2 440.527
7119.26 448.607
7110.36 458.266
7101.35 467.861
7090.61 474.872
7085.69 491.078
7070.52 491.158
7064.79 506.437
7056.79 518.276
7046.11 525.759
7043.34 547.026
7027 544.814
7021.87 562.556
7006.97 562.711
6997.27 572.43
6994.82 596.289
6981.61 599.689
6970.61 607.442
6966.94 630.401
6956.93 640.75
6942.16 641.051
6928.26 643.023
6924.5 667.719
6917.17 685.112
6905.32 692.35
6894.15 701.34
6878.02 698.182
6872.2 720.928
6860.69 729.667
6845.23 728.006
6835.63 742.176
6824.49 752.517
6814.51 766.563
6802.75 775.805
6792.71 790.667
6781.25 801.652
6772.54 822.125
6756.75 819.537
6745.96 834.107
6734.15 845.716
6716.79 836.945
6706.32 854.147
6699.41 886.82
6694.98 932.14
6698.7 1016.5
6683.19 1019.98
6669.49 1032.12
6655.22 1042.21
6641.56 1056.1
6628.95 1076.79
6613.59 1083.59
6603.53 1122.83
6588.17 1132.39
6574.12 1151.71
6555.92 1143.2
6541.36 1161.29
6529.26 1202.11
6510.91 1193.17
6496.63 1221.86
6479.51 1225.55
6464.82 1258
6448.66 1278.37
6431.88 1294.62
6414.36 1302.74
6397.41 1324.7
6379.72 1337.52
6361.81 1350.2
6344.4 1392.71
6325.62 1393.08
6306.96 1413.29
6287.93 1448.33
6268.56 1457.2
6248.82 1476.9
6228.43 1507.43
6208.28 1516.77
6186.59 1555.91
6165.89 1563.88
6143.98 1588.63
6121.05 1621.16
6097.94 1648.48
6075.6 1661.63
6051.24 1692.48
6029.64 1692.27
6009.52 1678.96
5990.61 1657.54
5966.48 1677.61
5946.91 1662.79
5918.44 1708.13
5891.37 1739.33
5863.23 1773.2
5833.06 1814.64
5807.48 1827.24
5775.08 1872.95
5747.3 1891.84
5716.2 1924.13
5682.31 1965.84
5647.2 2009.11
5612.94 2045.16
5576.04 2088.58
5539.1 2128.66
5501.66 2167.35
5463.22 2206.57
5421.54 2253.97
5394.71 2248.17
5430.61 2038.57
5307.84 2340.7
5246.92 2435.58
5198.32 2487.93
5147.09 2544.39
5092.11 2607.74
5038.34 2663.8
4980.34 2727.6
4920.41 2792.51
4861.46 2851.05
4798.37 2916.24
4732.12 2985.22
4660.23 3063.42
4585.66 3143.4
4549.21 3133.83
4559.05 3023.02
4335.49 3414.28
4244.65 3510.65
4150.23 3609.34
4053.04 3708.48
3948.49 3816.94
3826.58 3953.13
5015.74 1629.54
4930.75 1735.93
4879.82 1776.37
3301.31 4501.4
3143.6 4667.99
2975.13 4845.11
2803.85 5018.84
4278.23 2511.92
4601.22 1934.4
4713.08 1708.13
4694.89 1689.23
4678.01 1668.53
4658.56 1651.86
4636.44 1639.16
4613.85 1627.07
4591.92 1613.95
397.63 7318.04
327.365 7266.29
257.554 7213.93
188.202 7160.96
119.316 7107.39
50.8945 7053.21
-17.0468 6998.45
-84.5079 6943.09
-151.483 6887.15
-217.967 6830.62
-283.956 6773.52
-349.444 6715.84
-414.426 6657.6
-478.897 6598.79
-542.852 6539.41
-606.291 6479.48
-669.201 6419
-731.58 6357.98
-793.425 6296.41
