20738.2 -4400.79
20738.2 -4400.79
20738.2 -4400.79
20737.8 -4403.75
20736.8 -4409.67
20736.8 -4409.67
20733 -4430.32
20733 -4430.32
20730.3 -4445.08
20727.2 -4462.81
20719.7 -4507.18
20719.7 -4507.18
20715.3 -4533.83
20710.6 -4563.46
20705.9 -4593.85
20697.2 -4653.21
20693.1 -4682.18
20693.1 -4682.18
20689.4 -4709.67
20685.8 -4737.19
20682.3 -4764.71
20678.9 -4792.26
20675.8 -4818.33
20672.9 -4844.41
20670 -4870.5
20667.3 -4896.61
20664.8 -4921.23
20659.2 -4955.44
20654.9 -5003.24
20654.9 -5003.24
20653 -5026.41
20649.6 -5069.78
20649.6 -5069.78
20648.1 -5091.48
20645.3 -5134.89
20645.3 -5134.89
20643 -5176.82
20642 -5197.05
20642 -5197.05
20641.1 -5217.28
20639.7 -5254.75
20639.7 -5254.75
20639.1 -5273.49
20638.6 -5292.24
20638.1 -5310.98
20637.8 -5329.73
20637.4 -5364.23
20637.4 -5364.23
20637.3 -5398.73
20637.3 -5415.98
20637.3 -5415.98
20637.5 -5431.72
20637.7 -5447.47
20637.9 -5463.22
20638.7 -5494.71
20638.7 -5494.71
20639.6 -5523.2
20639.6 -5523.2
20640.7 -5551.67
20640.7 -5551.67
20641.4 -5565.91
20642.1 -5578.64
20620.2 -5606.68
20620.2 -5606.68
20620.9 -5619.42
20621.7 -5632.14
20623.3 -5657.59
20623.3 -5657.59
20624.2 -5670.3
20625.1 -5681.52
20626 -5692.73
20627 -5703.94
20628 -5715.15
20629 -5726.35
20630.2 -5737.54
20632.5 -5759.92
20633.6 -5769.61
20633.6 -5769.61
20634.7 -5779.29
20635.9 -5788.97
20637.2 -5798.64
20638.6 -5808.28
20640.2 -5817.91
20641.8 -5827.51
20643.6 -5837.1
20645.5 -5846.67
20647.4 -5856.24
20651.3 -5875.34
20653.3 -5884.88
20653.3 -5884.88
20655.3 -5894.42
20657.4 -5903.94
20661.7 -5922.96
20663.9 -5932.45
20663.9 -5932.45
20666.2 -5941.94
20679.7 -5957.59
20684.5 -5976.49
20684.5 -5976.49
20687 -5985.92
20692 -6004.75
20692 -6004.75
20694.6 -6014.15
20697.3 -6023.54
20699.9 -6032.91
20702.6 -6042.27
20705.4 -6051.63
20708.2 -6060.97
20711 -6070.29
20713.9 -6079.61
20716.8 -6088.91
20722.8 -6107.48
20722.8 -6107.48
20725.9 -6116.74
20728 -6123.14
20729.4 -6127.41
