15936.9 -299.401
15937.2 -332.919
15938 -366.319
15938.8 -399.123
15939.5 -431.378
15919.8 -444.912
15879.7 -440.713
14717.5 527.887
14718.6 478.817
15759.5 -432.709
15760.2 -464.772
15760.9 -496.36
15761.6 -527.489
15762.3 -558.172
15763 -588.425
15763.7 -618.26
15764.3 -647.69
15765 -676.728
15768.9 -707.727
15766.3 -733.678
15766.9 -761.611
15767.5 -789.199
15768.1 -816.452
15768.7 -843.379
15769.3 -869.991
15769.9 -896.297
15770.5 -922.306
15750.8 -935.994
15731.1 -949.886
15670.9 -940.877
15610.7 -933.019
15570.8 -937.381
15551.2 -953.254
15491 -948.081
15430.9 -944.014
15370.8 -941.041
15331 -949.099
15271 -948.062
15211 -948.09
15171.2 -958.462
15091 -951.304
15010.9 -945.612
14930.7 -941.373
14911.2 -963.888
14811 -953.662
14690.6 -937.248
14691.3 -969.969
14692.1 -1002.45
14700.6 -1037.59
14706.3 -1071.31
14710.2 -1104.13
14697.2 -1130.96
13506.8 -771.438
13523.8 -819.319
13518.4 -859.725
13528.8 -904.716
13516.1 -942.631
13480.3 -974.067
13411.6 -997.088
13186.9 -980.367
13037.1 -986.525
12867.8 -990.534
12665.5 -989.76
12477.5 -995.75
12283.2 -1003.62
12054.7 -1007.8
11821.6 -1015.03
11539 -1017
11267.3 -1025.84
10937.5 -1029.51
10613.8 -1039.9
10273.8 -1053.43
9987.81 -1080.62
9978.19 -1149.86
9969.18 -1219.19
9960.78 -1288.59
9952.98 -1358.07
9945.8 -1427.61
9939.21 -1497.21
9933.24 -1566.86
9927.88 -1636.56
9923.12 -1706.31
9918.98 -1776.1
9915.44 -1845.92
9912.52 -1915.77
9910.2 -1985.64
9908.5 -2055.53
9907.41 -2125.43
9906.93 -2195.34
9907.06 -2265.25
9907.8 -2335.16
9909.15 -2405.05
9911.11 -2474.94
9913.68 -2544.8
9916.86 -2614.64
9920.66 -2684.44
9925.06 -2754.21
17287.8 -2262.73
17287.9 -2268.16
17288.1 -2273.6
17288.2 -2279.05
17288.3 -2284.51
17288.4 -2289.97
17288.5 -2295.44
17288.7 -2300.93
17288.8 -2306.42
17288.9 -2311.93
17289 -2317.45
17289.2 -2322.98
17289.3 -2328.53
17289.4 -2334.09
17289.5 -2339.67
17289.7 -2345.27
17289.8 -2350.88
17289.9 -2356.51
17290.1 -2362.17
17290.2 -2367.84
17290.3 -2373.54
17290.4 -2379.26
17290.6 -2385.01
17290.7 -2390.78
17290.8 -2396.57
17291 -2402.4
17291.1 -2408.25
17291.2 -2414.13
17291.4 -2420.05
17291.5 -2425.99
17291.6 -2431.97
17291.8 -2437.98
17291.9 -2444.03
17292 -2450.11
17292.2 -2456.23
17292.3 -2462.39
17292.5 -2468.6
17292.6 -2474.84
17292.7 -2481.13
17292.9 -2487.46
17293 -2493.84
17293.2 -2500.26
17293.3 -2506.74
17293.5 -2513.26
17293.6 -2519.84
17293.8 -2526.47
17293.9 -2533.16
17294.1 -2539.91
17294.2 -2546.71
17294.4 -2553.58
17294.5 -2560.51
17294.7 -2567.5
17294.9 -2574.56
17295 -2581.69
17295.2 -2588.89
17295.3 -2596.17
17295.5 -2603.52
17295.7 -2610.95
17295.8 -2618.46
17296 -2626.05
17296.2 -2633.72
17296.4 -2641.49
17296.5 -2649.34
17296.7 -2657.29
17296.9 -2665.34
17297.1 -2673.48
17297.3 -2681.73
17297.5 -2690.08
17297.7 -2698.55
17297.9 -2707.12
17298 -2715.81
17298.2 -2724.62
17298.4 -2733.56
17298.7 -2742.62
17298.9 -2751.82
17299.1 -2761.15
17299.3 -2770.62
17299.5 -2780.24
17299.7 -2790.01
17299.9 -2799.93
17300.2 -2810.02
17300.4 -2820.27
17300.6 -2830.69
17300.9 -2841.3
17303.8 -2849.29
17314.5 -2849.05
17306.2 -2869.24
17316.9 -2869
17309.3 -2889.18
17319.9 -2888.94
17312.9 -2909.1
17306.4 -2929.25
17317.2 -2929.01
17311.2 -2949.15
17305.8 -2969.28
17316.7 -2969.03
17311.7 -2989.15
17322.6 -2988.9
17318.2 -3009.01
17329.1 -3008.76
17339.8 -3008.52
17350.4 -3008.28
17360.8 -3008.04
17371.1 -3007.81
17381.3 -3007.58
17391.4 -3007.35
17401.3 -3007.13
17411.2 -3006.91
17420.9 -3006.69
17430.5 -3006.47
17440 -3006.26
17449.4 -3006.04
17458.7 -3005.83
17467.9 -3005.63
17477 -3005.42
17486 -3005.22
17494.9 -3005.02
17503.7 -3004.82
17512.5 -3004.62
17521.2 -3004.42
17529.8 -3004.23
17538.3 -3004.03
17546.7 -3003.84
17555.1 -3003.65
17563.4 -3003.47
17571.7 -3003.28
17579.9 -3003.1
17588 -3002.91
17596 -3002.73
17596.3 -3022.73
17596.8 -3042.72
17597.8 -3062.71
17599 -3082.68
17593.7 -3122.81
17595.8 -3142.77
17598.3 -3162.72
17601.1 -3182.66
17598.1 -3222.74
17601.8 -3242.66
17600 -3282.71
17610.2 -3282.48
17620.3 -3282.25
17630.3 -3282.03
17640.3 -3281.8
17650.2 -3281.58
17660.1 -3281.35
17669.9 -3281.13
17679.7 -3280.91
17689.5 -3280.69
17699.2 -3280.47
17708.9 -3280.25
17718.6 -3280.03
17728.2 -3279.82
17737.8 -3279.6
17747.3 -3279.38
17756.8 -3279.17
17766.3 -3278.95
17775.8 -3278.74
17785.3 -3278.53
17794.7 -3278.31
17804.1 -3278.1
17813.5 -3277.89
17822.8 -3277.68
17832.2 -3277.47
17841.5 -3277.26
17850.8 -3277.04
17860.1 -3276.83
17869.4 -3276.62
17878.7 -3276.41
17888 -3276.2
17897.3 -3276
17906.5 -3275.79
17915.8 -3275.58
17925.1 -3275.37
17934.3 -3275.16
17943.6 -3274.95
17952.9 -3274.74
17962.1 -3274.53
17971.4 -3274.32
17980.7 -3274.11
17990 -3273.9
17999.3 -3273.69
18008.6 -3273.48
18017.9 -3273.27
18027.2 -3273.06
18036.5 -3272.85
18045.9 -3272.64
18055.3 -3272.42
18688.9 -7452.7
18735.6 -7451.64
18765.7 -7350.93
18808.2 -7329.97
18854.2 -7328.93
18900.3 -7327.89
18946.5 -7326.85
18992.9 -7325.8
19039.4 -7324.75
19086.1 -7323.69
19133 -7322.63
19180 -7321.57
19258.1 -7439.84
19306.6 -7438.74
19355.4 -7437.64
19404.3 -7436.53
19453.5 -7435.42
19502.9 -7434.3
19552.5 -7433.18
19602.4 -7432.06
19652.6 -7430.92
19703 -7429.78
19753.8 -7428.64
19804.8 -7427.48
19856.1 -7426.32
19907.7 -7425.16
19959.7 -7423.98
20012 -7422.8
20064.6 -7421.61
20117.6 -7420.41
20171 -7419.21
20224.7 -7417.99
20278.9 -7416.77
20333.4 -7415.54
20388.4 -7414.3
20443.8 -7413.05
20499.7 -7411.78
20556 -7410.51
20561.3 -7310.37
20606.9 -7289.33
20663.4 -7288.05
20720.4 -7286.76
20777.9 -7285.47
20835.9 -7284.15
20894.5 -7282.83
21024.9 -7399.91
21086.1 -7398.53
21147.9 -7397.14
21210.4 -7395.72
21273.5 -7394.3
21337.3 -7392.86
21403.8 -7394.44
21460.7 -7380.8
21471.1 -7300.16
21468.2 -7202.75
21457.7 -7097.18
21454.8 -7004.75
21452.3 -6914.93
21450.1 -6827.6
21478.9 -6781.99
21540.5 -6777.95
21609.2 -6781.82
21675.7 -6781.59
21744.7 -6783.36
21799.7 -6767.45
21874 -6773.04
21936.8 -6764.36
22016.2 -6773.07
22080.5 -6763.86
22147.2 -6756.28
21434.7 -5927.71
21436.1 -5864.79
21438 -5803.39
21420.6 -5723.89
21422.9 -5665.37
21425.7 -5608.24
21436.7 -5559.88
21435.4 -5500.57
21439.9 -5447.57
21433.8 -5385.82
21448.8 -5343.79
19172 -3313.37
19171.6 -3293.75
19171.1 -3274.44
19170.7 -3255.43
19170.3 -3236.7
19190.2 -3234.41
19210.2 -3231.81
19226.9 -3226.43
19247.2 -3223.47
19273.3 -3224.59
19294.1 -3221.28
19321.7 -3222.58
19363.3 -3233.11
19372.1 -3220.36
19414.3 -3230.01
19445.1 -3231.34
19467.6 -3226.7
19490.1 -3221.75
19523.3 -3223.16
19546.6 -3217.85
19581.8 -3219.37
19626.1 -3225.62
19650.2 -3219.41
19688.3 -3220.72
19713.4 -3214.16
19758.9 -3218.27
19800.2 -3219.35
19826.5 -3211.9
19870.5 -3213.04
19918.2 -3215.28
19966.2 -3216.79
20014.2 -3217.44
20043.4 -3208.53
20093.1 -3208.51
20145.7 -3208.88
20197.1 -3207.84
20249 -3206.1
20306.9 -3205.95
20360.8 -3203.2
20415.3 -3199.74
20479.4 -3199.06
20556.6 -3202.11
20614.3 -3196.76
20685.9 -3195.3
25474.7 -4809.56
25438.9 -4723.95
25437.2 -4650.51
25440.1 -4578.94
24234.3 -4140.07
24239.6 -4081.38
24438.7 -4078.15
24613.6 -4064.82
24855.3 -4066.28
25601.6 -4193.21
25672.2 -4139.17
25595.4 -4048.99
25590.1 -3976.92
25719.9 -3934.95
25734.7 -3866.61
25748.8 -3798.15
22280.4 -3058.46
22279.5 -3018.72
22278.6 -2979.13
22277.8 -2939.67
22276.9 -2900.34
22276 -2861.14
22275.1 -2822.05
22274.2 -2783.07
22273.3 -2744.2
22274.5 -2705.65
22289.8 -2668.63
22440.6 -2644.21
22755.3 -2631.25
23326.2 -2632.53
23786.6 -2616.31
24344.9 -2597.88
25309.5 -2590.28
25899.9 -2550.17
25902.5 -2480.31
25904.5 -2410.43
25905.9 -2340.53
25906.7 -2270.63
25906.9 -2200.72
25906.5 -2130.81
25905.4 -2060.91
25903.8 -1991.02
25901.5 -1921.15
25898.6 -1851.3
25895.1 -1781.47
25891 -1711.68
25886.3 -1641.93
25881 -1572.22
25875.1 -1502.56
22431.4 -1770.8
22011.4 -1775.83
21631.5 -1783.57
21351.4 -1785.51
21350.8 -1755
21350.1 -1724.43
22246.5 -1557.83
22245.7 -1519.12
22244.8 -1480.32
22243.9 -1441.42
22243 -1402.42
22242.1 -1363.3
22241.3 -1324.07
22240.4 -1284.71
22239.5 -1245.21
22238.6 -1205.58
22237.7 -1165.81
22236.8 -1125.88
22235.9 -1085.79
22244.7 -1042.92
22234.3 -1005.05
22234.2 -964.194
22237.5 -922.11
22245.5 -878.319
22210.5 -847.829
22108.9 -839.587
21971.6 -845.09
21857.3 -845.051
21745.6 -846.106
21618.8 -854.673
21514.2 -857.156
21416.3 -858.888
21317.3 -862.76
21240 -859.588
21130.7 -871.099
21080.6 -859.333
20969.6 -874.979
20912 -868.785
20844.3 -868.16
20777.8 -868.198
20708.1 -870.895
20624.8 -881.538
20562.2 -883.361
20518.9 -876.382
20458.8 -878.915
20399.4 -882.144
20342 -885.357
20304.4 -878.521
20247.7 -883.195
20195.2 -886.468
20140.3 -892.121
20091 -895.433
20031.2 -906.06
19991.2 -905.459
19970.9 -892.908
19911.2 -906.324
19891 -894.685
19831.3 -909.996
19811 -899.288
19790.8 -888.803
19731.2 -906.784
19711 -897.26
19651.4 -917.248
19631.2 -908.712
19611 -900.414
19571.2 -907.798
19551 -900.252
19491.5 -924.946
19491 -902.175
19431.6 -928.786
19431.1 -906.24
19391.3 -917.671
19371.2 -912.511
19331.5 -925.373
19311.4 -921.06
19291.3 -917.025
19271.2 -913.271
19231.6 -928.817
19231.1 -906.622
19230.5 -884.057
19230 -861.11
19229.5 -837.767
19219.8 -823.742
19226.2 -792.272
19213.5 -781.033
19219.2 -749.157
19224.5 -717.071
19217.1 -699.042
19228.3 -658.779
19221.6 -638.925
19214.7 -619.076
19223.9 -578.858
19216.2 -559.027
19239.8 -498.478
19231 -478.671
19222 -458.87
19212.8 -439.074
19203.3 -419.283
19193.6 -399.497
19169.5 -400.04
19145.7 -400.578
19122.3 -401.108
19099.1 -401.632
19076.2 -402.149
19053.6 -402.661
19031.2 -403.166
19009.1 -403.665
18987.2 -404.16
18965.6 -404.649
18944.2 -405.132
18923 -405.611
18902 -406.085
18881.3 -406.553
18860.7 -407.018
18840.4 -407.477
18820.2 -407.932
18800.3 -408.384
18780.5 -408.83
18760.9 -409.274
18741.4 -409.713
18722.2 -410.148
18700.2 -417.129
18681.3 -417.556
18662.5 -417.979
18644 -418.399
18625.5 -418.816
18607.2 -419.23
18290.1 -1206.59
18280 -1206.82
18269.9 -1207.05
18238.7 -1267.77
18229.4 -1267.98
18220.1 -1268.19
18210.9 -1268.4
18201.7 -1268.61
18192.6 -1268.81
18183.5 -1269.02
18174.5 -1269.22
18165.6 -1269.42
18156.6 -1269.62
18147.8 -1269.83
18138.9 -1270.02
18130.1 -1270.22
18121.4 -1270.42
18112.7 -1270.62
18104 -1270.81
18095.4 -1271.01
18086.8 -1271.2
18078.2 -1271.4
18069.7 -1271.59
18061.1 -1271.78
18052.7 -1271.97
18044.2 -1272.17
18035.8 -1272.36
18027.4 -1272.55
18019 -1272.74
18010.6 -1272.92
18002.2 -1273.11
17993.9 -1273.3
17985.6 -1273.49
17977.3 -1273.68
17969 -1273.86
17960.8 -1274.05
17952.5 -1274.24
17944.2 -1274.42
17936 -1274.61
17927.8 -1274.8
17919.5 -1274.98
17911.3 -1275.17
17903.1 -1275.35
17894.9 -1275.54
17886.7 -1275.72
17878.5 -1275.91
17870.3 -1276.1
17862 -1276.28
17853.8 -1276.47
17845.6 -1276.65
17837.4 -1276.84
17829.1 -1277.02
17820.9 -1277.21
17812.6 -1277.4
17804.4 -1277.58
17796.1 -1277.77
17787.8 -1277.96
17779.5 -1278.15
17771.1 -1278.33
17762.8 -1278.52
17754.4 -1278.71
17746.1 -1278.9
17737.7 -1279.09
17729.2 -1279.28
17720.8 -1279.47
17712.3 -1279.66
17703.8 -1279.86
17695.3 -1280.05
17686.7 -1280.24
17678.1 -1280.44
17669.5 -1280.63
17660.8 -1280.83
17652.1 -1281.02
17643.4 -1281.22
17634.6 -1281.42
17625.8 -1281.62
17616.9 -1281.82
17608 -1282.02
17599 -1282.22
17590 -1282.43
17581 -1282.63
17571.9 -1282.84
17562.7 -1283.04
17553.5 -1283.25
17544.3 -1283.46
17534.9 -1283.67
17525.5 -1283.88
17516.1 -1284.1
17506.6 -1284.31
17497 -1284.53
17487.3 -1284.75
17477.6 -1284.97
17467.8 -1285.19
17457.9 -1285.41
17448 -1285.64
17438 -1285.86
17427.8 -1286.09
17417.6 -1286.32
17407.3 -1286.55
17397 -1286.79
17386.5 -1287.03
17375.9 -1287.27
17365.2 -1287.51
17354.4 -1287.75
17343.5 -1288
17332.5 -1288.24
17321.4 -1288.5
17310.2 -1288.75
17298.8 -1289.01
17287.4 -1289.27
17275.8 -1289.53
17264 -1289.79
17252.1 -1290.06
17240.1 -1290.33
17228 -1290.61
17215.7 -1290.89
17203.2 -1291.17
17190.6 -1291.45
17131.2 -1232.78
17117.5 -1233.09
17103.5 -1233.4
17089.3 -1233.73
17075 -1234.05
15482 595.039
15451.6 580.525
15400.1 589.248
15704.9 205.371
15951.3 -102.947
15946.4 -134.386
15942.4 -166.318
15952.9 -212.652
15938.3 -232.658
15937.6 -266.328
15936.9 -299.4
