15729 3476.66
15700 3535.18
15660.6 3565.82
15629 3620.88
15296.6 2744.88
15246.2 2716.06
15186.4 2653.79
15134.9 2614.95
15084.5 2576.55
15032.6 2529.32
14984.5 2492.23
14937.3 2455.48
14889.1 2411.37
14849.8 2400.35
14805.3 2365.19
14756.1 2305.22
14717.6 2289.92
14675.8 2255.9
14634.7 2222.06
14593.6 2184.2
14554.1 2151.11
14515.3 2118.13
14476.8 2082.56
14439.5 2050.22
14402.9 2017.93
14370.4 2011.93
14334.9 1980.44
14300.1 1948.95
14267.4 1932.74
14234.1 1905.88
14201.4 1879.48
14169.2 1853.52
14137.5 1827.97
14106.3 1802.84
14075.7 1778.1
14045.5 1753.75
14015.7 1729.76
13986.4 1706.14
13957.5 1682.86
13929.1 1659.91
13901 1637.29
13873.4 1614.99
13846.1 1592.99
13819.2 1571.28
13792.6 1549.87
13766.4 1528.73
13740.5 1507.85
13715 1487.24
13689.7 1466.89
13664.8 1446.77
13640.1 1426.9
13615.8 1407.25
13591.7 1387.83
13567.9 1368.63
13544.3 1349.63
13521 1330.84
13497.9 1312.25
13475.1 1293.85
13452.5 1275.63
13430.2 1257.6
13408 1239.74
13386.1 1222.06
13364.4 1204.53
13342.8 1187.17
13321.5 1169.96
13300.3 1152.91
13279.4 1135.99
13258.6 1119.23
13237.9 1102.59
13217.5 1086.1
13197.2 1069.73
13177 1053.48
13157 1037.36
13137.2 1021.35
13117.5 1005.46
13097.9 989.681
13078.5 974.005
13059.2 958.434
13040 942.961
13020.9 927.586
13002 912.304
12983.1 897.111
12964.4 882.006
12945.8 866.985
12927.2 852.045
12908.8 837.183
12890.5 822.396
12872.2 807.682
12854.1 793.037
12836 778.459
12818 763.946
12800.1 749.494
12782.2 735.101
12764.4 720.765
12746.7 706.482
12729.1 692.252
12711.5 678.07
12694 663.935
12676.5 649.845
12659.1 635.796
12641.7 621.787
12624.4 607.815
12607.1 593.879
12589.8 579.974
12572.6 566.101
12555.5 552.256
12538.3 538.437
12521.2 524.642
12504.1 510.87
12487.1 497.116
12470 483.38
12453 469.66
12436 455.953
12419 442.257
12402.1 428.57
12385.1 414.89
12368.2 401.215
12351.2 387.543
12334.2 373.872
12317.3 360.199
12300.3 346.523
12283.4 332.84
12266.4 319.151
12249.4 305.452
12232.4 291.74
12215.4 278.015
12198.3 264.274
12181.3 250.515
12164.2 236.734
12147.1 222.932
12129.9 209.105
12112.7 195.251
12095.5 181.368
12078.3 167.454
12061 153.506
12043.6 139.522
12026.2 125.5
12008.8 111.438
11991.3 97.3332
11973.8 83.1834
11956.2 68.9859
11938.5 54.7384
11920.7 40.439
11902.9 26.0845
11885.1 11.6726
11867.1 -2.79903
11849.1 -17.3332
11831 -31.9326
11812.8 -46.6
11794.5 -61.3375
11776.2 -76.1485
11757.7 -91.0357
11739.1 -106.002
11720.5 -121.05
11701.7 -136.183
11682.8 -151.405
11663.9 -166.717
11644.7 -182.124
11625.5 -197.628
11606.2 -213.233
11586.7 -228.942
11567.1 -244.76
11547.3 -260.688
11527.4 -276.732
11507.4 -292.894
11487.2 -309.178
11466.8 -325.589
11446.3 -342.131
11425.6 -358.807
11404.8 -375.621
11383.8 -392.579
11362.5 -409.685
11341.1 -426.942
11319.5 -444.356
11297.7 -461.932
11275.7 -479.676
11296.2 -514.596
11295.6 -540.755
11273.5 -558.589
11251.1 -576.607
11228.5 -594.814
11205.7 -613.216
11182.7 -631.82
11204.6 -665.539
11227 -698.846
11249.9 -731.737
11296.6 -771.186
11320.8 -803.068
11345.5 -834.518
11370.7 -865.531
11396.6 -896.1
11398.7 -920.071
11449.9 -955.885
11452.7 -979.287
11492.1 -1010.81
11506.2 -1036.03
11545.2 -1066.07
11558.6 -1090.26
11571.7 -1114.05
11584.3 -1137.47
11622.8 -1165.03
11635 -1187.54
11646.7 -1209.72
11658.1 -1231.59
11696.5 -1256.86
11707.5 -1277.92
11718.1 -1298.72
11728.5 -1319.25
11743.9 -1340.07
11760.6 -1360.69
11776.9 -1380.97
11793 -1400.91
11808.8 -1420.52
11824.4 -1439.83
11839.7 -1458.83
11854.8 -1477.54
11869.6 -1495.97
11884.3 -1514.12
11898.7 -1532.01
11912.9 -1549.64
11926.9 -1567.02
11940.8 -1584.16
11954.4 -1601.07
11967.9 -1617.75
11981.1 -1634.21
11994.2 -1650.46
12007.2 -1666.51
12019.9 -1682.35
12032.6 -1698
12045 -1713.47
12057.4 -1728.75
12069.5 -1743.86
12081.6 -1758.79
12093.5 -1773.56
12105.3 -1788.17
12116.9 -1802.62
12128.5 -1816.92
12139.9 -1831.07
12151.2 -1845.09
12162.4 -1858.96
12173.4 -1872.7
12184.4 -1886.3
12195.3 -1899.79
12206.1 -1913.15
12216.7 -1926.39
12227.3 -1939.51
12237.8 -1952.52
12248.2 -1965.43
12258.5 -1978.23
12268.8 -1990.93
12278.9 -2003.53
12289 -2016.03
12299 -2028.44
12309 -2040.76
12318.8 -2052.99
12328.6 -2065.14
12338.4 -2077.21
12348 -2089.2
12357.6 -2101.11
12367.2 -2112.95
12376.7 -2124.72
12386.1 -2136.42
12395.5 -2148.05
12404.8 -2159.62
12414.1 -2171.13
12423.3 -2182.57
12432.5 -2193.96
12441.6 -2205.29
12450.7 -2216.58
12459.8 -2227.8
12375.8 -2282.98
12385.4 -2294.83
12284.7 -2361.15
12240.1 -2401.44
12250.6 -2414.44
12261 -2427.38
12271.4 -2440.28
12281.8 -2453.14
12292.1 -2465.96
12302.4 -2478.74
12312.7 -2491.49
12323 -2504.2
12333.2 -2516.88
12343.4 -2529.54
12353.6 -2542.16
12363.7 -2554.76
12373.9 -2567.34
12384 -2579.89
12394.1 -2592.43
12404.2 -2604.95
12414.3 -2617.45
12424.4 -2629.94
12434.4 -2642.42
12444.5 -2654.88
12454.5 -2667.34
12464.6 -2679.8
12474.6 -2692.25
12484.6 -2704.7
12494.7 -2717.14
12504.7 -2729.59
12514.8 -2742.05
12524.8 -2754.51
12534.9 -2766.97
12544.9 -2779.45
12555 -2791.93
12565.1 -2804.43
12575.2 -2816.95
12585.3 -2829.48
12595.4 -2842.03
12605.5 -2854.61
12615.7 -2867.2
12625.9 -2879.82
12636.1 -2892.47
12646.3 -2905.15
12656.5 -2917.85
12666.8 -2930.59
12677.1 -2943.37
12687.4 -2956.18
12697.8 -2969.03
12708.2 -2981.93
12718.6 -2994.87
12729.1 -3007.85
12739.6 -3020.88
12750.2 -3033.96
12760.8 -3047.1
12771.4 -3060.29
12782.1 -3073.54
12792.8 -3086.85
12803.6 -3100.22
12814.4 -3113.65
12825.3 -3127.15
12836.3 -3140.73
12847.3 -3154.37
12858.3 -3168.09
12869.4 -3181.89
12880.6 -3195.77
12891.9 -3209.73
12903.2 -3223.78
12914.6 -3237.92
12926.1 -3252.15
12937.7 -3266.48
12970.3 -3243.23
12992.1 -3238.44
13034.3 -3195.11
13065.6 -3170.25
13076.5 -3183.81
13079.4 -3213.62
13094.7 -3219.28
13109.4 -3225.96
13133.6 -3212.45
13165.6 -3181.16
13187.4 -3170.59
13217.7 -3139.9
13238.2 -3130.2
13267 -3099.99
13286.4 -3091.07
13313.8 -3061.23
13338.2 -3037.22
13355.8 -3030.01
13380.9 -3001.26
13397.6 -2994.6
13413.9 -2988.29
13437.4 -2959.83
13453 -2953.98
13471.9 -2936.76
13486.6 -2932.07
13508 -2904.41
13522 -2900.07
13542.4 -2872.33
13555.9 -2868.31
13569.1 -2864.53
13589.4 -2832.17
13604.5 -2818.93
13615.2 -2822.98
13633 -2795.47
13644.9 -2792.9
13656.6 -2790.53
13669.2 -2783.46
13685.4 -2756.14
13696.5 -2754.63
13707.5 -2753.3
13722.7 -2725.59
13733.7 -2721.95
13744.2 -2721.42
13758.3 -2693.73
13768.4 -2693.29
13778.5 -2693.03
13788.6 -2692.94
13799.5 -2683.82
13810.2 -2675.19
13820.7 -2666.7
13831.1 -2658.36
13841.3 -2650.15
13851.3 -2642.07
13861.1 -2634.11
13870.9 -2626.28
13880.4 -2618.56
13889.8 -2610.96
13899.1 -2603.47
13908.3 -2596.09
13917.3 -2588.81
13926.2 -2581.63
13935 -2574.55
13943.7 -2567.56
13952.2 -2560.67
13960.7 -2553.86
13969 -2547.14
13977.2 -2540.5
13985.4 -2533.94
13993.4 -2527.46
14001.3 -2521.06
14009.2 -2514.73
14017 -2508.47
14024.6 -2502.28
14032.2 -2496.16
14039.7 -2490.1
14047.2 -2484.11
14054.5 -2478.17
14061.8 -2472.3
14069 -2466.48
14076.2 -2460.73
14083.2 -2455.02
14090.2 -2449.37
14097.2 -2443.77
14104.1 -2438.21
14110.9 -2432.71
14117.7 -2427.25
14124.4 -2421.84
14131 -2416.47
14137.6 -2411.15
14144.2 -2405.86
14150.7 -2400.62
14157.2 -2395.41
14163.6 -2390.24
14169.9 -2385.11
14176.3 -2380.01
14182.5 -2374.95
14188.8 -2369.92
14192.2 -2357.2
14198.4 -2352.28
14204.4 -2347.39
14210.4 -2342.53
14216.4 -2337.69
14222.4 -2332.89
14228.3 -2328.1
14234.2 -2323.34
14240.1 -2318.61
14246 -2313.9
14251.8 -2309.21
14257.6 -2304.54
14263.3 -2299.89
14269.1 -2295.26
14274.8 -2290.65
14280.5 -2286.06
14286.2 -2281.48
14291.8 -2276.92
14297.4 -2272.38
14303.1 -2267.85
14308.7 -2263.33
14314.2 -2258.83
14319.8 -2254.34
14325.4 -2249.86
14330.9 -2245.39
14336.4 -2240.93
14342 -2236.48
14347.5 -2232.04
14353 -2227.61
14358.4 -2223.19
14363.9 -2218.77
14369.4 -2214.36
14374.9 -2209.95
14380.3 -2205.55
14385.8 -2201.15
14391.2 -2196.76
14396.7 -2192.36
14402.1 -2187.97
14407.6 -2183.58
14413 -2179.2
14418.4 -2174.81
14423.9 -2170.42
14429.3 -2166.03
14434.8 -2161.63
14440.2 -2157.24
14445.7 -2152.84
14451.1 -2148.44
14456.6 -2144.03
14462.1 -2139.61
14467.6 -2135.19
14473.1 -2130.77
14478.6 -2126.33
14484.1 -2121.89
14489.6 -2117.44
14495.1 -2112.98
14500.7 -2108.51
14506.2 -2104.02
14511.8 -2099.53
14517.4 -2095.02
14523 -2090.5
14528.6 -2085.97
14534.3 -2081.42
14539.9 -2076.85
14545.6 -2072.27
14551.3 -2067.67
14557 -2063.05
14562.8 -2058.42
14568.5 -2053.76
14574.3 -2049.09
14580.2 -2044.39
14586 -2039.67
14591.9 -2034.93
14597.8 -2030.16
14603.8 -2025.37
14609.7 -2020.56
14615.7 -2015.71
14621.8 -2010.84
14627.9 -2005.94
14634 -2001.01
14640.1 -1996.05
14646.3 -1991.06
14652.5 -1986.03
14658.8 -1980.97
14665.1 -1975.88
14671.5 -1970.74
14677.9 -1965.58
14684.4 -1960.37
14690.9 -1955.12
14697.4 -1949.83
14704 -1944.5
14710.7 -1939.13
14717.4 -1933.71
14724.2 -1928.24
14731.1 -1922.72
14738 -1917.16
14744.9 -1911.54
14751.9 -1905.88
14759 -1900.15
14766.2 -1894.37
14773.4 -1888.54
14780.8 -1882.64
14788.1 -1876.69
14795.6 -1870.66
14803.2 -1864.58
14810.8 -1858.43
14818.5 -1852.2
14826.3 -1845.91
14811.1 -1832.49
14795.6 -1819.3
14803.3 -1813.11
14787.3 -1800.27
14771.1 -1787.68
14778.6 -1781.59
14761.9 -1769.35
14744.9 -1757.38
14752.4 -1751.39
14734.9 -1739.79
14742.3 -1733.81
14724.4 -1722.58
14706.1 -1711.64
14713.3 -1705.77
14694.6 -1695.22
14701.8 -1689.37
14682.5 -1679.22
14689.8 -1673.39
14670 -1663.66
14677.2 -1657.84
14656.9 -1648.54
14664.1 -1642.74
14667.6 -1636.44
14661.7 -1629.19
14656 -1622.07
14650.3 -1615.06
14644.8 -1608.17
14639.3 -1601.39
14633.9 -1594.72
14628.6 -1588.15
14623.4 -1581.68
14618.3 -1575.31
14613.2 -1569.03
14608.2 -1562.84
14603.3 -1556.74
14598.4 -1550.73
14593.7 -1544.8
14588.9 -1538.94
14584.3 -1533.17
14579.7 -1527.47
14575.2 -1521.85
14595.1 -1514.78
14590.6 -1509.09
14610.2 -1501.55
14605.5 -1495.79
14624.8 -1487.8
14620.1 -1481.98
14639 -1473.53
14634.2 -1467.66
14652.8 -1458.77
14671 -1449.58
14666.1 -1443.52
14684.1 -1433.9
14701.8 -1423.97
14719.2 -1413.75
14714.1 -1407.4
14731.2 -1396.78
14748.1 -1385.86
14764.8 -1374.66
14759.4 -1368.02
14775.8 -1356.43
14791.9 -1344.55
14807.8 -1332.4
14823.5 -1319.98
14838.9 -1307.28
14854.1 -1294.31
14869.2 -1281.08
14904.7 -1261.41
14919.2 -1247.49
14933.4 -1233.3
14947.4 -1218.86
14981.5 -1197.36
14995 -1182.25
15028.3 -1159.78
15041.2 -1144
15073.7 -1120.57
15105.8 -1096.59
15117.9 -1079.76
15168.5 -1046.98
15199.3 -1021.36
15229.6 -995.203
15278.4 -960.214
15307.7 -932.835
15355.4 -896.341
15402.4 -859.028
15430.2 -829.769
15494.4 -781.957
15539.4 -742.204
15620.2 -683.048
15681.7 -631.96
15742.4 -579.79
15838 -507.093
15914.4 -442.621
16025.1 -356.79
16116.7 -279.193
16259.1 -169.127
16382.3 -67.0279
18333.4 1161.86
18304.7 1197.43
18225.2 1200.42
18197 1235.44
18168.8 1270.39
18140.6 1305.29
18112.5 1340.13
18084.5 1374.93
18056.5 1409.69
18271.2 1621.32
18241.6 1658.06
18212 1694.78
18182.4 1731.47
18152.8 1768.15
18123.2 1804.82
18093.7 1841.49
18064.1 1878.16
18034.5 1914.84
18004.9 1951.53
17975.3 1988.24
17945.7 2024.97
17916 2061.74
17886.4 2098.54
17856.7 2135.39
17826.9 2172.28
17797.1 2209.22
17767.3 2246.22
17737.4 2283.29
17707.4 2320.43
17677.4 2357.65
17647.4 2394.94
17617.2 2432.33
17587 2469.81
17556.7 2507.39
19200.2 4443.91
19147.6 4489.91
19094.5 4535.45
19041.1 4580.53
18987.3 4625.13
18933 4669.26
18878.4 4712.92
18823.5 4756.1
18768.1 4798.8
18712.4 4841.01
18656.3 4882.73
18599.8 4923.96
18543 4964.7
17633.3 3782.39
17478.1 3656.28
17301.7 3492.69
17185.8 3413.4
17117.1 3402.99
17003.7 3320.58
16925.4 3290.25
16870 3295.23
16738.3 3171.8
16641.1 3101.19
16545.2 3028.97
16453.1 2959.75
16365.4 2894.49
16256.6 2786.6
16176.6 2727.67
16150 2768.25
16124.8 2812.82
16091.3 2841.52
16058 2871.25
16027.7 2907.62
15998.4 2947.21
15970.1 2989.93
15943.2 3036.89
15907.9 3065.77
15882.2 3118.13
15848.3 3152.25
15815 3188.84
15784.4 3233.2
15752.4 3275.37
15761.2 3428.95
15729 3476.66
