22061.8 1096.86
22030.7 1096.45
22000 1096.05
21969.7 1095.65
21939.7 1095.25
21910 1094.86
21880.7 1094.48
21851.7 1094.09
21822.9 1093.71
21794.5 1093.34
21766.3 1092.97
21738.4 1092.6
21710.8 1092.23
21683.5 1091.87
21676.4 1131.78
21678.5 1191.82
21670 1231.71
21670.2 1291.72
21660.2 1331.59
21658.5 1391.57
21673.3 1491.77
21669.1 1551.72
21655.6 1591.55
21625.3 1591.15
21595.2 1590.75
21565.3 1590.36
21535.6 1589.97
21506.1 1589.58
21476.8 1589.19
21447.7 1588.81
21418.8 1588.42
21390.1 1588.05
21361.5 1587.67
21333.1 1587.29
21304.8 1586.92
21282.5 1606.63
21282.1 1706.63
21253.2 1706.25
21234.7 1746.01
21659.9 3571.78
21614 3571.17
21568.3 3570.57
21522.9 3569.97
21477.6 3569.37
21432.5 3568.78
21387.5 3568.18
21342.7 3567.59
21298.1 3567
21253.6 3566.42
21209.3 3565.83
21165.1 3565.25
21121 3564.67
21077.1 3564.09
21033.2 3563.51
20989.5 3562.93
20945.8 3562.36
20902.3 3561.78
20825.8 3180.74
20785.8 3180.21
20752.7 3279.78
20738.5 3719.63
20946.6 8620.18
20859.3 8624.29
20771.9 8627.65
20684.6 8630.24
20480.3 1574.34
20448.5 793.853
20429.6 793.604
20410.8 793.355
20391.9 793.106
20373 792.857
20326.2 1572.31
20300.5 1571.97
20274.7 1571.63
20249 1571.29
20223.2 1570.95
20197.4 1570.61
20171.6 1570.27
20145.8 1569.93
20119.9 1569.58
20093.9 1569.24
20068 1568.9
20041.9 1568.56
20044.1 1368.57
20046.8 1188.59
20049.5 1028.61
20051.6 888.624
20052.6 768.627
20055.7 648.658
20057 548.666
20056 468.646
20056.3 388.643
20058.1 308.66
20061.3 228.695
20061 168.686
20061.8 108.692
20063.7 48.711
20061.2 8.67521
20065 -51.2801
20064.2 -91.2953
20064 -131.301
20064.5 -171.298
20065.7 -211.286
20067.6 -251.264
20070.2 -291.233
20066.6 -311.281
20070.5 -351.234
20067.8 -371.272
20065.4 -391.304
20071.1 -431.234
20069.6 -451.255
20068.4 -471.272
20067.6 -491.285
20067.1 -511.293
20067 -531.296
20067.2 -551.295
20067.8 -571.289
20068.7 -591.279
20069.9 -611.264
20071.6 -631.244
20073.6 -651.219
20075.9 -671.19
20068.3 -671.291
20071.2 -691.255
20074.4 -711.213
20078.1 -731.167
20070.8 -731.263
20075 -751.209
20067.8 -751.304
20072.6 -771.243
20077.7 -791.177
20070.8 -791.269
20076.5 -811.195
20069.7 -811.285
20076 -831.204
20069.2 -831.293
20076.1 -851.204
20069.5 -851.291
20077 -871.194
20070.4 -871.28
20078.5 -891.175
20072.1 -891.26
20080.9 -911.146
20074.5 -911.229
20068.1 -911.314
20077.7 -931.189
20071.4 -931.272
20081.7 -951.138
20075.5 -951.22
20069.3 -951.303
20080.5 -971.157
20074.3 -971.238
20068 -971.32
20080.2 -991.162
20074.1 -991.243
20067.8 -991.325
13408.3 5751.93
20074.9 -1011.23
20068.7 -1011.32
20067 -1015.84
20067.1 -1022
13104.1 5438.36
13044.9 5374.06
12986.3 5309.25
12928.2 5243.94
12870.7 5178.12
12813.8 5111.79
12757.5 5044.98
12701.8 4977.67
12646.6 4909.88
12592.1 4841.61
12538.1 4772.86
12484.8 4703.65
12432 4633.97
12379.9 4563.84
12328.4 4493.25
12277.5 4422.22
12227.2 4350.74
12177.6 4278.82
12128.5 4206.48
12080.2 4133.71
12032.4 4060.52
11985.3 3986.91
11938.9 3912.9
11893 3838.48
11847.9 3763.67
11803.4 3688.46
11759.5 3612.87
11716.3 3536.89
11673.8 3460.55
11632 3383.83
11590.8 3306.75
11550.3 3229.32
11510.5 3151.53
11471.3 3073.4
11432.9 2994.93
11395.1 2916.13
11358 2836.99
11321.6 2757.54
11286 2677.78
11251 2597.7
11216.7 2517.32
11183.1 2436.65
11150.2 2355.68
11118 2274.43
11086.6 2192.91
11055.8 2111.11
11025.8 2029.04
10996.5 1946.72
10967.9 1864.14
10940 1781.32
10912.9 1698.25
10886.4 1614.95
10860.8 1531.43
10835.8 1447.68
10811.6 1363.72
10788.1 1279.55
10765.3 1195.17
10743.3 1110.61
10722 1025.85
10701.5 940.907
10681.7 855.79
10662.7 770.504
10644.4 685.053
10626.8 599.447
10610 513.692
10593.9 427.792
10578.6 341.755
10564.1 255.587
10550.3 169.296
10537.2 82.8879
10524.9 -3.63109
10513.4 -90.2539
10502.6 -176.975
10492.6 -263.788
10483.4 -350.684
10474.9 -437.657
10467.1 -524.701
10460.2 -611.81
10453.9 -698.975
10448.5 -786.193
10443.8 -873.454
10439.9 -960.753
10436.7 -1048.09
10434.3 -1135.44
10432.7 -1222.81
10431.8 -1310.19
10431.7 -1397.58
10432.3 -1484.97
10433.7 -1572.34
10435.9 -1659.7
10438.9 -1747.04
10442.6 -1834.35
10447 -1921.62
10452.3 -2008.85
10458.3 -2096.04
10465 -2183.16
10472.5 -2270.22
10480.8 -2357.22
10489.9 -2444.14
10499.7 -2530.97
10510.2 -2617.72
10521.5 -2704.38
10533.6 -2790.93
10546.4 -2877.37
10560 -2963.69
10574.3 -3049.9
10589.4 -3135.97
10605.3 -3221.91
10621.8 -3307.71
10639.2 -3393.36
10657.3 -3478.86
10676.1 -3564.19
10695.7 -3649.36
10716 -3734.35
10737.1 -3819.16
10758.9 -3903.79
10781.4 -3988.22
10804.7 -4072.44
10828.7 -4156.47
10853.4 -4240.28
10878.9 -4323.87
10905.1 -4407.24
10932.1 -4490.37
10959.7 -4573.26
10988.1 -4655.91
11017.2 -4738.31
11047 -4820.45
11077.6 -4902.33
11108.8 -4983.94
11140.8 -5065.27
11173.5 -5146.31
11206.9 -5227.07
11240.9 -5307.54
11275.7 -5387.7
11311.2 -5467.56
11347.4 -5547.1
11384.3 -5626.33
11421.9 -5705.23
11460.1 -5783.79
11499.1 -5862.03
11538.7 -5939.91
11579 -6017.45
11620 -6094.63
11661.6 -6171.45
11704 -6247.91
11746.9 -6323.99
11790.6 -6399.7
11834.9 -6475.01
11879.9 -6549.94
11925.5 -6624.48
11971.8 -6698.61
12018.7 -6772.33
12066.2 -6845.64
12114.4 -6918.54
12163.3 -6991.01
12212.7 -7063.05
12262.8 -7134.65
12313.6 -7205.81
12364.9 -7276.53
12416.9 -7346.8
12469.4 -7416.61
12522.6 -7485.96
12576.4 -7554.84
12630.7 -7623.25
12685.7 -7691.18
12741.3 -7758.63
12797.4 -7825.58
12854.2 -7892.05
12911.5 -7958.02
12969.4 -8023.48
13027.8 -8088.44
13086.9 -8152.88
13146.4 -8216.81
13206.6 -8280.21
13267.3 -8343.08
20076.2 -1718.73
20076.3 -1724.85
20076.2 -1731.28
20082.5 -1731.2
20088.6 -1731.12
13642.7 -8708.97
20082.2 -1751.2
20088.3 -1751.12
20094.4 -1751.04
20082.9 -1771.19
20089.1 -1771.11
20095.2 -1771.03
20084.7 -1791.17
20090.9 -1791.09
20081.1 -1811.22
20087.4 -1811.14
20093.6 -1811.06
20084.7 -1831.18
20091 -1831.09
20082.8 -1851.2
20089.2 -1851.12
20081.6 -1871.22
20088.1 -1871.13
20094.6 -1871.05
20087.8 -1891.14
20094.4 -1891.05
20088.1 -1911.14
20082.3 -1931.22
20089.2 -1931.13
20083.9 -1951.2
20090.9 -1951.1
20086.2 -1971.17
20093.3 -1971.07
20089.2 -1991.13
20085.5 -2011.18
20092.7 -2011.09
20089.6 -2031.13
20086.8 -2051.17
20094.3 -2051.07
20092.1 -2071.1
20090.2 -2091.13
20088.7 -2111.15
20087.5 -2131.16
20095.6 -2131.06
20094.9 -2151.07
20094.6 -2171.07
20094.7 -2191.08
20095.1 -2211.07
20095.8 -2231.06
20096.9 -2251.05
20091 -2291.13
20093 -2311.11
20095.3 -2331.08
20098 -2351.05
20094.3 -2391.1
20097.8 -2411.05
20095.5 -2451.09
20093.8 -2491.11
20098.7 -2511.05
19968.3 -3012.81
19983.8 -3012.61
19999.3 -3012.41
20014.7 -3012.2
20030 -3012
20045.3 -3011.8
20060.4 -3011.6
20075.6 -3011.4
20090.6 -3011.2
20105.6 -3011
20120.6 -3010.8
20135.5 -3010.61
20150.3 -3010.41
20165.1 -3010.22
20179.9 -3010.02
20194.6 -3009.83
20209.2 -3009.63
20223.9 -3009.44
20238.5 -3009.25
20253 -3009.06
20267.6 -3008.87
20282.1 -3008.67
20296.5 -3008.48
20311 -3008.29
20325.4 -3008.1
20339.8 -3007.91
20354.2 -3007.72
20368.6 -3007.53
20382.9 -3007.34
20397.3 -3007.15
20411.6 -3006.96
20426 -3006.78
20440.3 -3006.59
20454.6 -3006.4
20469 -3006.21
20483.3 -3006.02
20497.6 -3005.83
20512 -3005.64
20526.3 -3005.45
20540.7 -3005.26
20555.1 -3005.07
20569.5 -3004.88
20583.9 -3004.69
20598.3 -3004.5
20612.8 -3004.31
20627.2 -3004.12
20641.8 -3003.93
20656.3 -3003.74
20670.9 -3003.54
20685.5 -3003.35
20700.1 -3003.16
20714.8 -3002.96
20729.5 -3002.77
20744.2 -3002.58
20759 -3002.38
20773.9 -3002.18
20788.8 -3001.99
20803.8 -3001.79
20818.8 -3001.59
20833.8 -3001.39
20849 -3001.19
20864.2 -3000.99
20693.8 -2323.18
20697.1 -2303.14
20694.2 -2263.17
20690.7 -2223.21
20692.6 -2203.19
20694.2 -2183.16
20695.5 -2163.15
20689.6 -2123.22
20690 -2103.21
20690.1 -2083.21
20689.8 -2063.21
20689.1 -2043.22
20688.1 -2023.23
20686.7 -2003.25
20693.2 -2003.16
20691.3 -1983.19
20689 -1963.21
20686.4 -1943.25
20692.4 -1943.17
20689.3 -1923.21
20685.8 -1903.25
20691.5 -1903.18
20687.4 -1883.23
20693 -1883.15
20688.4 -1863.21
20683.4 -1843.28
20688.7 -1843.21
20683.2 -1823.28
20688.3 -1823.21
20682.2 -1803.29
20687.3 -1803.22
20692.4 -1803.16
25633.7 -9906.97
25708.1 -9861.18
25782.1 -9814.75
25855.8 -9767.67
25929 -9719.95
26001.8 -9671.59
26074.1 -9622.6
26146.1 -9572.98
26217.6 -9522.72
26288.6 -9471.85
26359.2 -9420.36
26429.4 -9368.25
26499.1 -9315.54
26568.3 -9262.21
26637.1 -9208.28
26705.3 -9153.76
26773.2 -9098.64
26840.5 -9042.92
26907.3 -8986.63
26973.7 -8929.75
27039.5 -8872.29
27104.8 -8814.26
27169.7 -8755.66
27234 -8696.5
27297.8 -8636.77
27361 -8576.49
27423.8 -8515.66
27486 -8454.29
27547.7 -8392.37
27608.8 -8329.92
27669.4 -8266.93
27729.4 -8203.43
27788.9 -8139.39
27847.8 -8074.84
27906.1 -8009.78
27963.9 -7944.2
28021.1 -7878.13
28077.7 -7811.56
28133.7 -7744.5
28189.1 -7676.95
28244 -7608.92
28298.2 -7540.41
28351.9 -7471.43
28404.9 -7401.99
28457.4 -7332.08
28509.2 -7261.72
28560.4 -7190.9
28611 -7119.65
28661 -7047.95
28710.3 -6975.82
28759 -6903.26
28807.1 -6830.28
28854.5 -6756.88
20855.2 -1632.42
28947.4 -6608.86
20875.2 -1634.3
20875.1 -1629
20895.2 -1635.45
20895.1 -1630.02
20895.1 -1624.65
20915.2 -1630.32
20915.1 -1624.82
20935.2 -1629.91
20955.2 -1634.61
20955.1 -1628.82
20975.2 -1632.95
20975.1 -1627.05
20995.2 -1630.62
20995.1 -1624.61
21015.1 -1627.64
21035.2 -1630.3
21055.2 -1632.59
21055.1 -1626.14
21075.1 -1627.9
21095.2 -1629.3
21115.2 -1630.34
21135.2 -1631.02
21135.1 -1623.99
21155.1 -1624.17
21617.2 -1777.06
21617 -1765.44
21616.8 -1753.89
21616.7 -1742.41
21616.5 -1731
21616.4 -1719.65
21616.2 -1708.36
21616.1 -1697.14
21615.9 -1685.97
21615.8 -1674.85
21615.7 -1663.79
21615.5 -1652.78
21615.4 -1641.82
21615.2 -1630.9
21615.1 -1620.04
21675.1 -1621.55
21735.1 -1622.01
21775.1 -1617.66
21855.1 -1619.77
21915.1 -1617.08
21995.1 -1616.56
22075 -1614.64
22175.1 -1614.18
22275 -1611.96
22387.9 -1609.62
23037.9 -1667.27
23035 -1643.9
23040.1 -1621.42
23049.7 -1599.27
23038.9 -1575.37
23030.3 -1551.84
23030 -1529.01
23029.7 -1506.21
23029.4 -1483.44
23029.1 -1460.69
23028.8 -1437.96
23028.5 -1415.24
23028.2 -1392.54
23027.9 -1369.85
23027.6 -1347.16
23027.3 -1324.48
23027 -1301.79
23026.7 -1279.1
23026.4 -1256.4
23026.2 -1233.69
23025.9 -1210.97
23025.6 -1188.22
23025.3 -1165.46
23024.9 -1142.67
23024.6 -1119.85
23024.3 -1096.99
23024 -1074.1
23023.7 -1051.17
23023.4 -1028.2
23023.1 -1005.18
22763.3 -1020.61
22663.2 -1015.5
22563.2 -1012.13
22363.4 -1027.98
22303.3 -1021.63
22223.3 -1020.16
22223 -1003.93
22222.8 -987.652
22222.6 -971.316
22222.4 -954.92
22222.2 -938.463
22222 -921.94
22221.7 -905.35
22221.5 -888.688
22221.3 -871.953
22221.1 -855.141
22220.9 -838.249
22220.6 -821.274
22220.4 -804.213
22220.2 -787.062
22220 -769.818
22219.7 -752.477
22219.5 -735.037
22219.3 -717.492
22226.3 -697.138
22230.9 -677.453
22223.3 -662.336
22230.6 -641.253
22228.3 -623.884
22218 -609.797
22220.2 -590.338
22231.8 -566.562
22218.2 -553.807
22231.5 -528.735
22225 -512.576
22216.4 -497.488
23026.1 -75.0453
23020.5 -49.4833
23016.5 -22.9281
23013.8 4.44332
23010.9 31.9339
23009.1 60.2473
23008.7 89.5976
23008.3 119.231
23007.9 149.155
23007.5 179.38
23007.1 209.912
23006.7 240.765
23006.3 271.947
23005.9 303.465
23005.4 335.335
23005 367.562
23004.6 400.162
23004.2 433.143
21695.9 -465.537
21656.1 -477.696
21655.8 -461.412
21655.6 -444.921
21655.4 -428.218
21655.2 -411.295
21655 -394.147
21654.7 -376.765
21654.5 -359.142
21654.3 -341.27
21654 -323.142
21653.8 -304.748
21653.5 -286.08
21653.3 -267.13
21653 -247.886
21652.8 -228.341
21652.5 -208.482
21652.2 -188.301
21652 -167.785
21651.7 -146.924
21651.4 -125.704
21644.3 -111.134
21649 -84.0283
21635.3 -76.1578
21639.8 -48.4267
21643.8 -20.557
21631.4 -10.7484
21635.2 17.8125
21641.1 49.3658
21644.5 78.6688
21630.7 87.9343
21636.9 121.702
21639.6 152.02
21630 167.31
21632.5 198.529
21634.7 229.994
22256.2 1099.43
22222.8 1098.99
22189.8 1098.55
22157.2 1098.12
22125 1097.7
22093.2 1097.28
22061.8 1096.86
