14302.8 -3697.49
14282.3 -3707.18
14240.7 -3705.85
14198.4 -3704.92
14155.5 -3704.39
14111.9 -3704.26
14067.5 -3704.53
14042.8 -3715
13996.9 -3715.83
13950 -3717.05
13907.9 -3721.21
13908.9 -3744.94
13909.8 -3768.47
13910.8 -3791.8
13911.7 -3814.94
13912.7 -3837.9
13913.6 -3860.68
13914.5 -3883.29
13915.4 -3905.73
13916.3 -3928.01
13917.2 -3950.13
13918.1 -3972.1
13919 -3993.93
13919.9 -4015.61
13920.8 -4037.16
13921.6 -4058.57
13922.5 -4079.85
13923.4 -4101.02
13924.2 -4122.06
13925.1 -4142.98
13925.9 -4163.79
13926.8 -4184.5
13927.6 -4205.1
13928.4 -4225.61
13929.3 -4246.02
13930.1 -4266.33
13930.9 -4286.56
13931.7 -4306.7
13932.5 -4326.76
13933.4 -4346.75
13934.2 -4366.66
13935 -4386.5
13935.8 -4406.27
13936.6 -4425.98
13937.4 -4445.63
13938.2 -4465.22
13939 -4484.76
13939.8 -4504.25
13940.6 -4523.69
13941.3 -4543.08
13942.1 -4562.44
13942.9 -4581.75
13943.7 -4601.03
13944.5 -4620.28
13945.3 -4639.5
13946 -4658.69
13946.8 -4677.86
13947.6 -4697.01
13948.4 -4716.14
13949.2 -4735.26
13609.9 -4759.53
13610.8 -4781.6
13611.7 -4803.66
13612.6 -4825.72
13613.5 -4847.78
13614.4 -4869.84
13615.2 -4891.91
13616.1 -4913.99
13617 -4936.08
13617.9 -4958.19
13618.8 -4980.32
13619.7 -5002.48
13620.6 -5024.66
13621.6 -5046.88
13622.5 -5069.12
13623.4 -5091.41
13625.2 -5113.6
13631 -5135.15
13645.5 -5155.15
13632.4 -5180.01
13641.9 -5200.83
13646.2 -5222.62
13644.7 -5245.61
13634.7 -5270.6
13649.1 -5290.27
13649 -5313.22
13647.2 -5336.67
14529.2 -5133.53
14580.1 -5135
14649.9 -5130.37
14702.1 -5129.53
14767.5 -5123.88
14812.7 -5123.2
14851.9 -5123.59
14913.6 -5116.01
14931.9 -5121.78
14952.1 -5126.58
14952.5 -5138.02
14953 -5149.52
14953.5 -5161.08
14954 -5172.7
14954.4 -5184.4
14954.9 -5196.16
14955.4 -5208
14955.9 -5219.92
14956.4 -5231.91
14956.9 -5243.99
14957.4 -5256.14
14957.9 -5268.39
14958.4 -5280.72
14958.9 -5293.15
14959.4 -5305.67
14959.9 -5318.29
14960.4 -5331.01
14960.9 -5343.84
14961.4 -5356.77
14962 -5369.81
14962.5 -5382.97
14963.1 -5396.25
14963.6 -5409.65
14964.1 -5423.17
14964.7 -5436.83
14965.3 -5450.61
14965.8 -5464.54
14966.4 -5478.6
15571.3 -5094.12
15591 -5087.96
15591.3 -5094.73
15611.1 -5088
15611.3 -5094.68
15631.1 -5087.35
15631.3 -5093.93
15651 -5085.99
15651.3 -5092.48
15651.5 -5099.04
15671.2 -5090.3
15671.5 -5096.76
15691.1 -5087.38
15691.4 -5093.74
15711 -5083.7
15711.2 -5089.94
15711.5 -5096.28
15731.1 -5085.36
15731.3 -5091.58
15750.8 -5079.95
15751.1 -5086.06
15751.3 -5092.26
15770.9 -5079.68
15771.1 -5085.76
15771.4 -5091.93
15790.8 -5078.36
15791.1 -5084.41
15791.3 -5090.55
15792.8 -5095.42
15799.1 -5095.16
15805.2 -5094.92
15811.2 -5094.67
15817.1 -5094.43
15822.9 -5094.2
15828.6 -5093.96
15834.2 -5093.73
15839.8 -5093.51
15845.2 -5093.29
15850.6 -5093.07
15855.9 -5092.85
15861.1 -5092.64
15866.3 -5092.43
15871.4 -5092.22
15876.4 -5092.02
15881.3 -5091.82
15886.2 -5091.62
15891 -5091.42
15895.8 -5091.23
15900.5 -5091.04
15905.1 -5090.85
15909.7 -5090.66
15914.2 -5090.48
15918.7 -5090.3
15923.2 -5090.12
15927.5 -5089.94
15931.9 -5089.76
15936.2 -5089.59
15940.4 -5089.42
15944.6 -5089.25
15948.8 -5089.08
15952.9 -5088.91
15957 -5088.74
15961 -5088.58
15965 -5088.42
15969 -5088.25
15972.9 -5088.09
15976.8 -5087.94
15980.7 -5087.78
15984.5 -5087.62
15980.1 -5107.82
15984.1 -5107.66
15980.2 -5127.83
15984.3 -5127.66
15981 -5147.81
15985.3 -5147.64
15982.5 -5167.77
15986.9 -5167.59
15984.7 -5187.7
15982.9 -5207.79
15987.6 -5207.6
15986.3 -5227.67
15985.3 -5247.72
15990.3 -5247.52
15989.9 -5267.55
15989.8 -5287.57
15990.1 -5307.58
15990.7 -5327.57
15991.7 -5347.55
15993 -5367.51
15994.7 -5387.46
15992.6 -5427.58
15995.1 -5447.49
15994.3 -5487.56
15997.7 -5507.43
15998 -5547.45
15999.1 -5587.44
16003.9 -5607.26
16003.3 -5667.34
16006.5 -5707.24
16007.9 -5767.24
15929.9 -6531.03
15946 -6530.38
16033.8 -5786.2
16043.2 -5785.81
16052.6 -5785.43
16062 -5785.05
16071.3 -5784.67
16080.7 -5784.29
16090 -5783.91
16099.3 -5783.53
16108.1 -5803.19
16115.1 -5943.02
16123.5 -6202.9
16136.4 -6462.59
16163.9 -7882.64
16191.5 -7881.52
16219.1 -7880.4
16246.7 -7879.27
16274.3 -7878.15
16301.9 -7877.03
16329.5 -7875.91
16357.1 -7874.78
16384.7 -7873.66
16412.4 -7872.54
16440 -7871.41
16467.7 -7870.29
16495.4 -7869.16
16523.2 -7868.03
16551 -7866.9
16578.8 -7865.77
16606.7 -7864.63
16634.7 -7863.5
16662.7 -7862.36
16690.7 -7861.22
16718.9 -7860.07
16747.1 -7858.93
16775.3 -7857.78
16668.6 -7221.59
16669.2 -7121.48
16659 -6981.78
16655.8 -6881.83
16650.9 -6781.94
16649.4 -6701.94
16646.5 -6621.99
16642.1 -6542.1
16642.1 -6482.05
16635.1 -6402.27
16632.8 -6342.32
16635.6 -6302.17
16631.4 -6242.29
16626.1 -6182.46
16626.5 -6142.41
16626.3 -6102.38
16625.3 -6062.39
16623.7 -6022.42
16613.8 -5962.77
16618.3 -5942.57
16614.6 -5902.69
16610.1 -5862.84
16613.3 -5842.7
16616.1 -5822.56
16609.9 -5782.79
16611.9 -5762.69
16613.5 -5742.6
16605.5 -5702.9
16606.3 -5682.85
16606.7 -5662.81
16606.8 -5642.79
16606.6 -5622.79
16606 -5602.79
16605.1 -5582.81
16603.8 -5562.85
16602.2 -5542.9
16600.2 -5522.96
16597.8 -5503.04
16595.1 -5483.14
16592 -5463.25
16600.8 -5462.89
16597.2 -5443.02
16593.2 -5423.17
16601.7 -5422.82
16597.2 -5402.99
16592.3 -5383.17
16587 -5363.37
16595.2 -5363.04
16589.3 -5343.26
16597.4 -5342.93
16591 -5323.17
16584.1 -5303.43
16592 -5303.11
16584.6 -5283.4
16592.4 -5283.08
16584.4 -5263.39
16592.1 -5263.08
16583.5 -5243.41
16591.1 -5243.1
16581.8 -5223.46
16589.4 -5223.15
16579.5 -5203.54
16587 -5203.24
16594.7 -5202.92
16583.8 -5183.35
16591.4 -5183.04
16579.8 -5163.5
16587.3 -5163.19
16595 -5162.88
16582.4 -5143.37
16590 -5143.06
16594 -5139.36
16593.7 -5131.8
16593.4 -5124.37
16593.1 -5117.07
16592.8 -5109.88
16592.5 -5102.81
16592.2 -5095.85
16591.9 -5089
16591.6 -5082.25
16591.4 -5075.6
16591.1 -5069.05
16590.8 -5062.6
16590.6 -5056.23
16590.3 -5049.96
16590.1 -5043.77
16589.8 -5037.67
16589.6 -5031.64
16589.3 -5025.69
16589.1 -5019.82
16588.9 -5014.03
16588.6 -5008.3
16588.4 -5002.64
16588.2 -4997.05
16587.9 -4991.53
16587.7 -4986.06
16587.5 -4980.66
16587.3 -4975.32
16587.1 -4970.04
16586.9 -4964.81
16586.7 -4959.63
16586.4 -4954.51
16586.2 -4949.44
16586 -4944.42
16585.8 -4939.44
16585.6 -4934.51
16585.4 -4929.63
16585.2 -4924.79
16585 -4920
16584.8 -4915.24
16584.7 -4910.53
16584.5 -4905.85
16584.3 -4901.21
16584.1 -4896.61
16583.9 -4892.04
16583.7 -4887.51
16583.5 -4883.01
16583.4 -4878.54
16583.2 -4874.1
16583 -4869.69
16582.8 -4865.32
16582.6 -4860.97
16582.5 -4856.64
16582.3 -4852.35
16582.1 -4848.07
16581.9 -4843.83
16581.8 -4839.61
16581.6 -4835.41
16581.4 -4831.23
16581.3 -4827.07
16581.1 -4822.93
16580.9 -4818.82
16580.8 -4814.72
16580.6 -4810.64
16580.4 -4806.58
16580.3 -4802.53
16580.1 -4798.5
16579.9 -4794.49
16579.8 -4790.49
16579.6 -4786.5
16579.4 -4782.53
16579.3 -4778.57
16579.1 -4774.62
16579 -4770.68
16578.8 -4766.75
16578.6 -4762.84
16578.5 -4758.93
16578.3 -4755.03
16578.2 -4751.14
16578 -4747.25
16577.9 -4743.38
16577.7 -4739.5
16577.5 -4735.64
16577.4 -4731.78
16577.2 -4727.92
16577.1 -4724.07
16576.9 -4720.22
16576.8 -4716.38
16576.6 -4712.53
16576.4 -4708.69
16576.3 -4704.85
16576.1 -4701
16576 -4697.16
16575.8 -4693.32
16575.7 -4689.47
16575.5 -4685.63
16575.4 -4681.78
16575.2 -4677.92
16575 -4674.07
16574.9 -4670.21
16574.7 -4666.34
16574.6 -4662.47
16574.4 -4658.59
16574.2 -4654.71
16574.1 -4650.81
16573.9 -4646.91
16573.8 -4643
16573.6 -4639.08
16573.5 -4635.15
16573.3 -4631.22
16573.1 -4627.26
16573 -4623.3
16572.8 -4619.33
16572.6 -4615.34
16572.5 -4611.34
16572.3 -4607.32
16572.2 -4603.29
16572 -4599.24
16571.8 -4595.17
16571.7 -4591.09
16571.5 -4586.99
16571.3 -4582.87
16571.2 -4578.73
16571 -4574.57
16570.8 -4570.38
16570.6 -4566.18
16570.5 -4561.95
16570.3 -4557.7
16570.1 -4553.43
16570 -4549.13
16569.8 -4544.8
16569.6 -4540.44
16569.4 -4536.06
16569.2 -4531.65
16569.1 -4527.21
16568.9 -4522.73
16568.7 -4518.23
16568.5 -4513.69
16568.3 -4509.11
16568.1 -4504.5
16568 -4499.86
16567.8 -4495.17
16567.6 -4490.45
16567.4 -4485.69
16567.2 -4480.89
16567 -4476.04
16566.8 -4471.15
16566.6 -4466.21
16566.4 -4461.23
16566.2 -4456.2
16566 -4451.12
16565.8 -4445.99
16565.6 -4440.8
16565.3 -4435.57
16565.1 -4430.27
16564.9 -4424.92
16564.7 -4419.51
16564.5 -4414.03
16564.2 -4408.5
16564 -4402.9
16563.8 -4397.23
16563.5 -4391.49
16563.3 -4385.68
16563.1 -4379.79
16562.8 -4373.83
16562.6 -4367.79
16562.3 -4361.67
16562.1 -4355.47
16561.8 -4349.18
16561.6 -4342.8
16561.3 -4336.33
16561 -4329.76
16560.8 -4323.1
16560.5 -4316.33
16560.2 -4309.46
16559.9 -4302.48
16559.6 -4295.39
16559.3 -4288.19
16559 -4280.86
16558.7 -4273.41
16558.4 -4265.83
16552.9 -4263.85
16545.4 -4264.15
16556.2 -4243.69
16548.6 -4244
16541.1 -4244.31
16551 -4223.89
16543.5 -4224.2
16552.7 -4203.81
16545 -4204.12
16553.6 -4183.75
16545.8 -4184.07
16538.2 -4184.38
16545.9 -4164.05
16538.2 -4164.36
16545.3 -4144.06
16537.5 -4144.37
16543.9 -4124.1
16549.9 -4103.84
16541.9 -4104.16
16547.3 -4083.93
16539.2 -4084.25
16544 -4064.04
16535.9 -4064.37
16540.1 -4044.18
16543.9 -4024.01
16535.6 -4024.35
16538.9 -4004.2
16541.7 -3984.07
16533.2 -3984.42
16535.5 -3964.3
16537.5 -3944.21
16539.1 -3924.13
16540.3 -3904.06
16531.3 -3904.43
16532 -3884.38
16532.3 -3864.35
16532.3 -3844.34
16531.9 -3824.34
16531.2 -3804.35
16530.1 -3784.38
16528.7 -3764.42
16526.9 -3744.47
16524.9 -3724.54
16522.4 -3704.62
16527.2 -3664.4
16523.8 -3644.52
16520.2 -3624.65
16523.1 -3584.49
16518.6 -3564.66
16520.3 -3524.56
16515 -3504.76
16515.4 -3464.71
16515.2 -3424.69
16514.2 -3384.69
16512.5 -3344.73
16510.2 -3304.79
16507.1 -3264.88
16508.3 -3204.78
16503.7 -3164.94
16493.8 -3145.32
16479.3 -3145.92
16464.7 -3146.51
16450.3 -3147.09
16435.9 -3147.68
16421.6 -3148.26
16407.3 -3148.84
16393.1 -3149.42
16378.9 -3150
16364.8 -3150.57
16350.7 -3151.14
16336.7 -3151.71
16322.7 -3152.28
16308.7 -3152.85
16294.8 -3153.42
16280.9 -3153.98
16267.1 -3154.54
16253.3 -3155.11
16239.5 -3155.67
16225.7 -3156.23
16212 -3156.78
16198.3 -3157.34
16184.6 -3157.9
16170.9 -3158.46
16157.2 -3159.01
16143.6 -3159.57
16129.9 -3160.12
16116.3 -3160.68
16102.7 -3161.23
16089 -3161.78
16075.4 -3162.34
16061.8 -3162.89
16048.2 -3163.45
16034.5 -3164
16020.9 -3164.56
16007.3 -3165.11
16008.3 -3325.2
16014.1 -3505.11
16023 -3684.9
16028.1 -3804.79
16032.7 -3904.69
16033.6 -3964.7
16032.6 -4004.77
16026.3 -4005.03
16019.9 -4005.29
16013.5 -4005.55
16007.1 -4005.81
16000.7 -4006.07
15994.3 -4006.33
15987.8 -4006.6
15981.4 -4006.86
15974.9 -4007.12
15968.4 -4007.39
15961.8 -4007.65
15955.3 -4007.92
15206.5 -1192.17
15173.8 -1193.5
15141 -1194.84
15108 -1196.18
15074.9 -1197.53
15041.7 -1198.88
15008.3 -1200.24
14974.7 -1201.6
14940.9 -1202.97
14907 -1204.35
14872.9 -1205.74
14838.6 -1207.13
14804.2 -1208.54
14769.5 -1209.95
14734.6 -1211.37
14699.5 -1212.79
14664.1 -1214.23
14628.6 -1215.68
14549.5 -1118.81
14556.7 -1218.6
14565.8 -1318.31
14558.1 -1378.68
14532.4 -1399.74
14497.1 -1401.17
12531.9 2420.71
12469.6 2388.94
12407.6 2356.62
12345.9 2323.76
12284.5 2290.37
12223.4 2256.44
12162.5 2221.98
15210.4 -3135.34
15217.6 -3178.79
15213.3 -3201.95
15194.1 -3200.38
15176.6 -3201.95
15158.5 -3202.92
15139.9 -3203.32
15129 -3215.53
15109 -3214.25
15088.3 -3212.5
15067.1 -3210.3
15052.5 -3217.65
15029.7 -3214.06
15006.4 -3210.11
14982.4 -3205.79
14963.8 -3208.98
14953.5 -3222.9
14927.4 -3217.13
14900.7 -3211.07
14875.3 -3207.3
14853.5 -3208.18
14837.1 -3215.69
14808.9 -3210
14786.2 -3210.92
14763.1 -3211.86
14775.4 -3251.39
14770.4 -3271.61
14784.2 -3311.09
14761.2 -3312.02
14776.1 -3351.45
14772.5 -3371.61
14788.9 -3410.97
14766.1 -3411.9
14783.8 -3451.22
14760.9 -3452.15
14770.4 -3482.8
14780.1 -3513
14768.7 -3524.2
14777.9 -3553.05
14766.2 -3563.6
14774.9 -3591.18
14783.3 -3617.98
14770.7 -3627.47
14778.6 -3653.1
14786.1 -3678.01
14772.7 -3686.54
14738.3 -3679.6
14724.3 -3688.23
14689.3 -3681.95
14674.7 -3690.66
14639.1 -3685.03
14623.7 -3693.83
14587.4 -3688.83
14567.4 -3695.21
14534.2 -3693.35
14496.7 -3689.4
14479.3 -3698.56
14440.9 -3695.22
14402 -3692.31
14383.1 -3701.73
14343.2 -3699.4
14302.8 -3697.49
