-773.867 -7846.54
-711.831 -7907.91
-649.261 -7968.74
-586.161 -8029.02
-522.539 -8088.75
-458.399 -8147.93
-393.745 -8206.54
-328.581 -8264.58
-262.912 -8322.05
-196.745 -8378.95
-130.085 -8435.27
-62.9356 -8491
4.69789 -8546.15
72.8112 -8600.7
141.398 -8654.66
210.451 -8708.02
279.967 -8760.77
349.944 -8812.91
420.37 -8864.44
5554.81 -1801.42
5580.46 -1784.02
5600.66 -1773.68
5623.98 -1758.09
5643.66 -1747.18
5651.14 -1754.46
5672.65 -1739.74
5677.44 -1751.03
5692.3 -1746.11
5706 -1742.71
5726.18 -1727.94
5742.06 -1719.83
5759.72 -1708.03
5765.52 -1716.99
5778.11 -1713.62
5794.34 -1703.04
5797.45 -1717.09
5814.81 -1703.52
5827.88 -1697.79
5836.01 -1701.78
5849.33 -1694.88
5860.81 -1691.43
5868.05 -1696.96
5882.66 -1685.99
5890.29 -1690.43
5901.08 -1687.43
5909.88 -1688.95
5920.17 -1686.66
5933.68 -1675.9
5941.61 -1678.97
5952.36 -1674.48
5963.01 -1669.87
5972.22 -1668.92
5982.04 -1665.99
5989.89 -1668.64
6000.83 -1661.71
6010.14 -1659.43
6022.59 -1646.54
6028.85 -1653.63
6035.48 -1659.73
6047.53 -1646.49
6055.2 -1648.57
6063.39 -1648.65
6072.53 -1644.78
6083.44 -1633.02
6091.66 -1631.87
6099.85 -1630.64
6106.76 -1635.2
6116.32 -1626.97
6124.2 -1626.49
6130.42 -1634.79
6140.24 -1623.34
6147.05 -1628.57
6156.11 -1619.9
6164.28 -1616.09
6171.13 -1621.12
6179.36 -1616.18
6186.76 -1617.11
6194.06 -1618.97
6202 -1614.81
6210.34 -1605.59
6218.42 -1597.29
6225.12 -1604.86
6232.28 -1607.39
6240.21 -1597.88
6247.09 -1605.28
6254.95 -1592.63
6262 -1596.9
6269.71 -1578.12
6276.6 -1589.27
6283.73 -1593.36
6290.93 -1593.38
6298.01 -1580.34
6305.22 -1587.24
6312.42 -1589.08
6319.33 -1581.86
6326.25 -1577.57
6333.52 -1581.22
6339.99 -1570.83
6347.42 -1576.35
6353.59 -1564.85
6361.51 -1575.23
6368.36 -1572.58
6375.79 -1575.85
6382.72 -1574.07
6389.5 -1571.25
6395.06 -1559.45
6402.1 -1559.49
6408.7 -1556.51
6415.1 -1552.48
6421.27 -1547.41
6430.69 -1561.01
6434.67 -1544.02
6442.2 -1546.66
6450.39 -1552.16
6453.04 -1531.17
6462.08 -1540.46
6466.56 -1529.19
6476.24 -1540.26
6485.15 -1547.33
6496.21 -1562.06
6501.57 -1554.43
6511.11 -1562.19
6524.66 -1583.3
6529.77 -1574.51
6536.5 -1571.43
6545.91 -1576.88
6558.54 -1591.73
6560.62 -1574.18
6567.97 -1572.74
6578.66 -1580.65
6595.68 -1605.34
6607.54 -1614.81
6620.31 -1626.01
6641.37 -1657.51
6656.25 -1672.02
6678.32 -1702.96
7718.08 -4123.11
7332.04 -3158.11
7300.27 -3031.13
7316.24 -3014.05
7334.1 -3001.38
7348.37 -2981.36
7375.11 -2987.31
7406.05 -3001.02
7480.54 -3098.95
7519.8 -3124.82
7505.04 -3047.82
7519.15 -3026.59
7533.95 -3007.04
7555.41 -2999.57
7566.82 -2974.6
7586.53 -2964.24
7603.06 -2948.56
7622.56 -2937.87
7629.24 -2906.66
7649.46 -2897.42
7671.81 -2891.35
7688.62 -2876.71
7706.41 -2863.6
7804.05 -2966.46
7877.74 -3030.93
7861.95 -2967.36
12176.1 -8852.65
10210.5 -6055.44
10428.9 -6249.26
10859.3 -6710.78
10789.6 -6515.56
10933.7 -6594.16
10784.6 -6307.26
10889.4 -6336.44
10883.2 -6231.04
10999.6 -6271.28
11241.2 -6452.42
11280.6 -6397.77
11512.5 -6556.7
11502.6 -6445.35
11599.7 -6450.8
11666.3 -6422.36
11696.7 -6355.83
11757.9 -6321.26
11716.9 -6184.33
11864.7 -6235.49
11935.2 -6208.84
11989.7 -6166.25
12036.6 -6116.31
11829.9 -5834.48
11660.5 -5594.12
11809.6 -5641.72
12203.1 -5898.08
12097.7 -5718.5
12021.1 -5567.47
11827.2 -5323.51
11285 -4804.87
11277.7 -4727.55
11224.5 -4615.63
10959.4 -4343.82
10777.8 -4143.07
10576.2 -3933.3
10416.7 -3760.18
10264.2 -3597.07
10124.8 -3447.73
9970.71 -3292.56
9966.05 -3242.48
10009.2 -3224.63
9813.97 -3051.79
9614.34 -2881.47
9455.31 -2741.81
9368.32 -2650.47
9291.14 -2567.49
9230 -2496.14
9153.11 -2417.51
9093.37 -2350.68
9026.56 -2281.64
8981.63 -2226.26
8992.48 -2201.78
9010.21 -2180.91
9035.81 -2163.92
9049.67 -2140.79
9075.93 -2123.66
9098.49 -2104.45
9116.39 -2082.85
9150.51 -2068.48
9161.75 -2043.47
9180.1 -2021.54
9189.09 -1995.49
9230.19 -1982.75
9246.24 -1959.29
9266.75 -1937.47
9295.52 -1918.59
9296.07 -1888.83
9250.28 -1842.43
9206.73 -1797.92
9151.29 -1750.35
9127.49 -1714.59
9085.22 -1673.47
9041.49 -1632.86
9001.1 -1594.24
9003.41 -1569.14
8993.95 -1540.76
9000.59 -1517.14
9026.34 -1498.61
8983.22 -1461.99
8957.14 -1430.51
8922.94 -1397.68
8892.27 -1366.39
8872 -1338.06
8842.63 -1308.26
8821.77 -1280.81
7527.2 -1007.56
7412.21 -975.186
7377.52 -958.997
7368.3 -947.696
7358.95 -936.571
7347.52 -925.328
7333 -913.884
7330.27 -904.259
7313.55 -893.001
7293.73 -881.709
7330.48 -876.674
7308.49 -865.409
7306.31 -856.26
7322.99 -848.628
7318.67 -839.268
7333.22 -831.13
7306.76 -820.639
7317.17 -812.191
7338.5 -803.938
7365.76 -795.468
7376.96 -786.261
7382.07 -776.814
7388.1 -767.279
7389.05 -757.688
7418.91 -747.545
7438.68 -737.151
7429.37 -727.452
7457.94 -716.218
7464.43 -705.655
7477.81 -694.541
7496.07 -682.835
7515.22 -670.725
7517.31 -659.774
7533.23 -647.422
7527.16 -637.106
7565.71 -621.748
7572.32 -609.639
7574.85 -597.93
7607.97 -581.819
7617.16 -568.689
7635.12 -553.967
7635.17 -541.906
7670.56 -523.541
7698.85 -505.824
7697.48 -493.349
7712.66 -477.471
7611.3 -486.166
7528.75 -492.476
7486.35 -490.941
7515 -473.011
7485.21 -469.134
7474.81 -460.727
7470.15 -450.92
7460.59 -442.512
7451.94 -433.969
7457.6 -421.278
7426.8 -419.61
7423.72 -409.704
7447.16 -391.146
7422.02 -388.383
7444.18 -369.704
7484.01 -344.249
7517.83 -320.129
7657.13 -255.706
7709.53 -221.879
7705.64 -209.145
7692.37 -200.194
7697.51 -183.759
7684.08 -175.024
7662.34 -170.076
7653.42 -159.755
7644.42 -149.543
7638.97 -137.749
7622.59 -131.179
7627.75 -114.304
7622 -102.656
7610.79 -93.7876
7590.67 -89.6905
7581.17 -80.2484
7568.09 -72.8322
7563.72 -60.735
7550.53 -53.5941
7546.85 -41.1196
7546.48 -26.6213
7533.96 -19.297
7516.3 -15.2747
7511.38 -3.54147
7502.97 6.01053
7502.03 20.3837
7481.77 22.0851
7474 31.8941
7470.26 44.4638
7464.76 55.8802
7446.13 57.9585
7438.88 68.0151
7429.93 76.8168
7428.9 91.5523
7422.14 102.067
7407.42 106.364
7410.69 124.807
7394.31 127.621
7382.59 134.039
7373.15 142.251
7364.4 151.017
7354.83 159.043
7359.41 179.577
7337.74 176.814
7347.13 202.152
7332.77 205.878
7313.36 204.603
7309.14 217.668
7298.36 224.418
7288.95 232.471
7276.68 237.58
7279.66 258.391
7269.97 266.261
7260.91 274.773
7246.37 277.301
7241.22 290.069
7239.22 306.575
7231.77 317.082
7214.48 316.126
7212.04 332.585
7210.03 349.855
7193.95 350.063
7194.1 370.439
7177.36 369.609
7165.58 374.927
7165.78 396.111
7150.83 397.272
7139.46 403.12
7138.48 423.522
7126.9 429.241
7111.89 429.9
7104.2 441.173
7104.08 464.086
7088.4 463.589
7075.47 467.133
7071.01 484.123
7064.75 498.568
7049.55 498.418
7039.48 506.721
7030.82 517.545
7021.04 526.572
7012.13 537.277
7001.66 545.287
6995.8 562.047
6989.69 578.805
6974.28 577.726
6961.62 581.855
6953.75 595.756
6945.25 608.72
6936.16 620.732
6931.05 641.793
6921.16 652.816
6911.51 664.691
6900.93 674.664
6883.35 667.924
6873.41 679.54
6866.24 698.536
6858.78 717.517
6843 714.927
6834.46 731.916
6821.02 735.666
6813.39 756.321
6799.43 758.933
6787.01 766.173
6780.79 793.347
6765.11 790.874
6755.45 808.387
6746.06 827.772
6728.39 818.196
6716.33 828.723
6706.37 847.876
6694.66 861.153
6689.72 903.525
6695.95 997.586
6678.58 992.272
6666.93 1013.21
6651.96 1019.37
6643.37 1058.78
6627.41 1061.8
6614.36 1081.41
6598.37 1085.16
6583.89 1098.65
6569.65 1114.99
6554.17 1124.29
6541.91 1159.24
6525.93 1168.31
6511.71 1194.15
6494.58 1196.01
6478.57 1209.66
6464.14 1244.11
6445.8 1235.58
6429.82 1258.81
6413.26 1278.92
6396.47 1300.89
6379.18 1319.72
6361.8 1345.4
6343.93 1368.94
6325.44 1379.33
6306.9 1406.55
6287.93 1400.62
6268.53 1449.51
6249.1 1453.24
6229.14 1473.79
6208.72 1497.16
6187.39 1531.33
6166.15 1552.31
6143.98 1582.08
6123.19 1584.71
6099.96 1617.05
6076.42 1646.18
6053.13 1667.12
6030.41 1678.88
6011.69 1653.67
5991.79 1641.22
5971.04 1636.55
5947.26 1653.47
5921.38 1682.03
5891.35 1733.04
5864.22 1761.02
5835.35 1795.6
5806.22 1827.91
5775.91 1862.85
5748.96 1877.85
5715.44 1921.93
5685.9 1944.14
5650.05 1991.37
5611.93 2044.01
5575.99 2083.57
5543.34 2107.24
5508.4 2137.31
5467.25 2187.21
5424.07 2240.46
5399.55 2227.04
5437.98 2008.83
5312.12 2322.59
5247.05 2430.88
5200.72 2476.64
5148.93 2535.06
5098.39 2586.23
5042.06 2649.91
4994.02 2687.58
4927.26 2771.33
4863.36 2843
4805.61 2895.29
4742.62 2957
4667.87 3042.73
4588.32 3134.76
4555.54 3117.02
4570.74 2994.41
4348.66 3384.19
4252.1 3493.39
4155.68 3596.72
4059.1 3695.11
3949.73 3813.5
3834.89 3936.53
5012.62 1628.43
4938.69 1714.68
4889.87 1751.74
3304.68 4496.02
3149.16 4659.32
2991.08 4819.42
2806.77 5015.72
4277.81 2508
4611.28 1912.31
4721.41 1688.53
4699.49 1675.59
4678.22 1661.61
4663.23 1638.34
4640.03 1627.35
4613.44 1621.04
4595.56 1602.25
404.142 7315.89
333.819 7264.22
263.95 7211.94
194.538 7159.04
125.592 7105.55
57.1109 7051.45
-10.8914 6996.76
-78.4141 6941.48
-145.451 6885.61
-211.998 6829.16
-278.051 6772.13
-343.603 6714.53
-408.65 6656.35
-473.187 6597.61
-537.208 6538.31
-600.714 6478.45
-663.691 6418.05
-726.138 6357.09
-788.051 6295.59
