-0 -0
-0 -0
-0 -0
-0 -0
-0 -0
-0 -0
-0 -0
-0 -0
-0 -0
-0 -0
-0 -0
-0 -0
-0 -0
-0 -0
-0 -0
-0 -0
-0 -0
-0 -0
-0 -0
-1.80599 -2.5319
-1.8039 -2.57623
-1.79494 -2.61166
-1.78383 -2.64463
-1.76951 -2.67344
-1.76409 -2.71645
-1.74837 -2.7444
-1.74343 -2.79008
-1.73626 -2.83332
-1.72692 -2.87408
-1.71497 -2.91144
-1.7075 -2.95748
-1.69689 -2.99925
-1.6852 -3.04018
-1.66958 -3.07498
-1.66005 -3.1221
-1.65352 -3.17639
-1.638 -3.21475
-1.63085 -3.27099
-1.62636 -3.33453
-1.61786 -3.39192
-1.60806 -3.4485
-1.58786 -3.48424
-1.58627 -3.56283
-1.57067 -3.6123
-1.56488 -3.68662
-1.53418 -3.70383
-0 -0
-0 -0
-0 -0
-0 -0
-0 -0
-0 -0
-0 -0
-0 -0
-0 -0
-0 -0
-0 -0
-2.12983 -7.19019
-2.07197 -7.2258
-2.00429 -7.22723
-1.92975 -7.20194
-1.86082 -7.19527
-1.78466 -7.15787
-1.71933 -7.1615
-1.64664 -7.13239
-1.57633 -7.11036
-1.50715 -7.09059
-1.44203 -7.08779
-1.37154 -7.05594
-1.30499 -7.04109
-1.23881 -7.02562
-1.17382 -7.01446
-1.11303 -7.0274
-1.04915 -7.02003
-0.985207 -7.01011
-0.921776 -7.00158
-0.859178 -6.99745
-0.795366 -6.98084
-0.733058 -6.97458
-0.668429 -6.94189
-0.606343 -6.93053
-0.544584 -6.9196
-0.488714 -6.98893
-0.468548 -7.66068
-0.417327 -7.96307
-0.36034 -8.25314
-0.300519 -8.60575
-0.231116 -8.82598
-0 -0
-0 -0
0 -0
0 -0
0 -0
0 -0
0 -0
0 -0
0 -0
0 -0
0 -0
0 -0
0 -0
0 -0
0 -0
0 -0
0 -0
0 -0
0 -0
0 -0
0 -0
0 -0
0 -0
0 -0
0 -0
0 -0
1.67785 -7.89365
1.38716 -6.25708
1.12993 -4.89426
0 -0
0 -0
0.817491 -3.161
0.788363 -2.94221
0 -0
0 -0
0.623414 -2.10461
0.616319 -2.01589
0 -0
0 -0
0 -0
0 -0
0 -0
0 -0
0 -0
0 -0
0 -0
0 -0
0 -0
0 -0
0 -0
0 -0
0 -0
0 -0
0 -0
0 -0
0 -0
0 -0
0 -0
0 -0
0 -0
0 -0
0 -0
0 -0
0 -0
0 -0
0 -0
0 -0
0 -0
0 -0
0 -0
0 -0
0 -0
0 -0
0 -0
0 -0
0 -0
0 -0
0 -0
0 -0
0 -0
0 -0
0 -0
0 -0
0 -0
0 -0
0 -0
0 -0
0 -0
0 -0
0 -0
0 -0
0 -0
0 -0
0 -0
0 -0
0 -0
0 -0
0 -0
0 -0
0 -0
0 -0
0 -0
0 -0
0 -0
0 -0
0 -0
0 -0
0 -0
0 -0
0 -0
0 -0
0 -0
0 -0
0 -0
0 -0
0 -0
0 -0
0 -0
0 -0
0 -0
0 -0
0 -0
0 -0
0 -0
0 -0
0 -0
0 -0
0 -0
0 -0
0 -0
0 -0
0 -0
0 -0
0 -0
0 -0
0 -0
0 -0
0 -0
0 -0
0 -0
0 -0
0 -0
0 -0
0 -0
0 -0
0 -0
0 -0
0 -0
0 -0
0 -0
0 -0
0 -0
0 -0
0 -0
0 -0
0 -0
0 -0
0 -0
0 -0
0 -0
0 -0
0 -0
0 -0
0 -0
0 -0
0 -0
0 -0
0 -0
0 -0
0 -0
0 -0
0 -0
0 -0
0 -0
0 -0
0 -0
0 -0
0 -0
0 -0
0 -0
0 -0
0 -0
0 0
0 0
0 0
0 0
0 0
0 0
0 0
0 0
0 0
0 0
0 0
0 0
0 0
0 0
0 0
0 0
0 0
0 0
0 0
0 0
0 0
0 0
0 0
0 0
0 0
0 0
0 0
0 0
0 0
0 0
0 0
0 0
0 0
0 0
0 0
0 0
0 0
0 0
0 0
0 0
0 0
0 0
0 0
0 0
0 0
0 0
0 0
0 0
0 0
0 0
0 0
0 0
0 0
0 0
0 0
0 0
0 0
0 0
0 0
0 0
0 0
0 0
0 0
0 0
0 0
0 0
0 0
0 0
0 0
0 0
0 0
0 0
0 0
0 0
0 0
0 0
0 0
0 0
0 0
0 0
0 0
0 0
0 0
0 0
0 0
0 0
0 0
0 0
0 0
0 0
0 0
0 0
0 0
0 0
0 0
0 0
0 0
0 0
0 0
0 0
0 0
0 0
0 0
0 0
0 0
0 0
0 0
0 0
0 0
0 0
0 0
0 0
0 0
0 0
0 0
0 0
0 0
0 0
0 0
0 0
0 0
0 0
0 0
0 0
0 0
0 0
0 0
0 0
0 0
0 0
0 0
0 0
0 0
0 0
0 0
0 0
0 0
0 0
0 0
0 0
0 0
0 0
0 0
0 0
0 0
0 0
0 0
0 0
0 0
0 0
0 0
0 0
0 0
0 0
0 0
0.123371 0.556489
0.122044 0.574173
0.119421 0.586975
0 0
0 0
0 0
0.109922 0.656866
0 0
0 0
0 0
0 0
0 0
0.0886382 0.777967
0.086445 0.82247
0 0
0 0
0 0
0.0648734 0.927735
0.0580571 0.949226
0 0
0.0453642 1.03901
0.0374473 1.07235
0.0296322 1.13161
0 0
0.0104719 1.19995
0 0
-0 0
-0.0254108 1.45578
-0.0400508 1.52948
-0.0563626 1.61402
-0.0780786 1.7883
-0.10195 1.94533
-0.12576 2.05616
-0.152139 2.17569
-0.184065 2.33877
-0.213096 2.4357
-0.244407 2.53826
-0.275537 2.62156
-0.300781 2.63992
-0.320638 2.61139
-0.342631 2.60254
-0.364772 2.59549
-0.389477 2.60606
-0.408919 2.58182
-0.435066 2.59985
-0.456695 2.59004
-0.478733 2.58301
-0.501064 2.57775
-0.52374 2.57426
-0.544728 2.56275
-0.569669 2.56961
-0.59477 2.57623
-0.610226 2.54178
-0.64085 2.57031
-0.660002 2.55204
-0.680177 2.53845
-0.704708 2.54109
-0.725478 2.53004
-0.75122 2.53608
-0.770107 2.51891
-0.789653 2.50446
-0.82044 2.52506
-0.845299 2.52633
-0.866012 2.51508
-0.882586 2.49234
-0.904986 2.48643
-0.938556 2.51028
-0.954692 2.48706
-0.977825 2.48235
-0.999076 2.4728
-1.03057 2.48801
-1.05732 2.49089
-1.08181 2.48798
-1.09494 2.45926
-1.1234 2.46509
-1.15206 2.4706
-1.17185 2.45684
-1.19938 2.4591
-1.21589 2.4387
-1.23758 2.42888
-1.26519 2.43041
-1.2887 2.42369
-1.31075 2.41411
-1.34583 2.42794
-1.36894 2.41959
-1.3905 2.40842
-1.42466 2.41859
-1.44571 2.40607
-1.47554 2.40786
-1.50285 2.40506
-1.51626 2.38005
-1.5495 2.38602
-1.57854 2.38491
-1.60041 2.37271
-1.62898 2.37019
-1.65649 2.36571
-1.69449 2.37559
-0 0
-0 0
-0 0
-0 0
-0 0
-0 0
-0 0
-0 0
-0 0
-0 0
-0 0
-0 0
-0 0
-0 0
-0 0
-0 0
-0 0
-0 0
-0 0
0 0
0 0
0 0
0 0
0 0
0 0
0 0
0 0
0 0
0 0
0 0
0 0
0 0
0 0
0 0
0 0
0 0
0 0
0 0
0 0
0 0
0 0
0 0
0 0
0 0
0 0
0 0
0 0
0 0
52.4639 7.39686
-1.97934