21377.5 680.3
21377.5 680.3
21377.5 680.3
21377.5 680.3
21380.3 679.218
21385.9 676.957
21394.1 673.42
21405.2 668.705
21419 662.931
21434.3 656.712
21449.6 650.494
21463.5 644.841
21476.7 639.587
21489.3 634.718
21501.9 629.959
21514.6 625.311
21527.3 620.774
21540.1 616.348
21551.5 612.513
21562.9 608.777
21574.3 605.041
21585.7 601.305
21597.1 597.569
21608.5 593.833
21619.9 590.097
21632.7 585.894
21645.5 581.691
21658.4 577.488
21669.8 573.752
21681.2 570.017
21692.6 566.281
21704 562.545
21715.4 558.809
21726.8 555.073
21738.2 551.337
21748.2 548.068
21758.1 544.799
21768.1 541.53
21778.1 538.261
21788.1 534.992
21798.1 531.723
21808 528.454
21818 525.186
21828 521.917
21838 518.648
21847.9 515.292
21857.8 511.849
21867.7 508.32
21877.6 504.705
21887.4 501.004
21897.2 497.217
21907 493.345
21911.8 470.666
21921.2 466.122
21930.6 461.413
21939.9 456.542
21949.1 451.509
21958.3 446.395
21967.4 441.202
21976.5 435.929
21985.5 430.578
21994.5 425.147
22003.5 419.639
22012.4 414.053
22021.2 408.389
22030 402.648
22038.7 396.831
22047.4 390.938
22056.1 384.969
22064.7 378.925
22073.2 372.806
22081.7 366.614
22090.1 360.347
22098.5 354.007
22106.8 347.594
22115 341.109
22123.2 334.552
22131.4 327.924
22139.5 321.225
22147.5 314.456
22155.5 307.617
22163.4 300.708
22171.2 293.731
22179 286.686
22186.7 279.573
22194.4 272.393
22202 265.146
22209.5 257.834
22217 250.455
22224.4 243.012
22231.7 235.505
22239 227.934
22246.2 220.299
22253.4 212.602
22260.4 204.843
22267.4 197.023
22274.4 189.141
22281.2 181.2
22287.1 174.342
22288.7 172.701
22294.4 165.73
22300 158.71
22305.6 151.64
22311.1 144.522
22314.7 139.745
