21262.2 -891.826
21230.1 -890.064
21197.9 -888.987
21167.2 -876.494
21134.9 -877.204
21102.6 -877.912
21070.4 -878.619
21038.2 -879.324
21006.1 -880.028
20974.1 -880.73
20942.1 -881.432
20910.2 -882.132
20878.3 -882.832
20846.5 -883.53
20814.6 -884.228
20782.8 -884.926
20751.1 -885.623
20720.1 -3286.88
20709.3 -3287.12
20698.6 -3287.35
20687.8 -3287.59
20677 -3287.82
20666.3 -3288.06
20655.5 -3288.3
20644.7 -3288.53
20633.9 -3288.77
20623.1 -3289.01
20612.3 -3289.24
20601.5 -3289.48
20590.7 -3289.72
20579.8 -3289.96
20568.9 -3290.2
20558.1 -3290.43
20547.1 -3290.67
20536.2 -3290.91
20525.3 -3291.15
20514.3 -3291.39
20503.3 -3291.64
20492.2 -3291.88
20481.2 -3292.12
20470.1 -3292.36
20458.9 -3292.61
20447.7 -3292.85
20436.5 -3293.1
20425.3 -3293.35
20414 -3293.59
20402.6 -3293.84
20391.2 -3294.09
20379.8 -3294.34
20368.3 -3294.6
20356.8 -3294.85
20345.2 -3295.1
20333.5 -3295.36
20321.8 -3295.62
20310 -3295.87
20298.2 -3296.13
20286.3 -3296.4
20274.3 -3296.66
20262.3 -3296.92
20250.1 -3297.19
20237.9 -3297.46
20225.7 -3297.73
20213.3 -3298
20200.8 -3298.27
20188.3 -3298.54
20175.7 -3298.82
20163 -3299.1
20150.2 -3299.38
20137.3 -3299.66
20124.2 -3299.95
20111.1 -3300.24
20097.9 -3300.53
20084.6 -3300.82
20071.1 -3301.12
20057.5 -3301.41
20043.8 -3301.71
20030 -3302.02
20016.1 -3302.32
20002 -3302.63
19987.7 -3302.94
19973.4 -3303.26
19958.9 -3303.58
19944.2 -3303.9
19929.4 -3304.23
19914.4 -3304.55
19899.2 -3304.89
19883.9 -3305.22
19868.4 -3305.56
19852.7 -3305.91
19836.8 -3306.25
19820.7 -3306.61
19812.3 -3317.27
19788 -3307.33
19771.3 -3307.69
19754.4 -3308.06
19737.3 -3308.44
19719.9 -3308.82
19702.3 -3309.21
19684.4 -3309.6
19666.3 -3309.99
19647.9 -3310.4
19629.3 -3310.81
19610.3 -3311.22
19591.1 -3311.65
19571.5 -3312.07
19551.7 -3312.51
19531.5 -3312.95
19511 -3313.4
19490.1 -3313.86
19468.9 -3314.32
19454.1 -3321.22
19442.7 -3331.41
19410.7 -3322.79
19398.8 -3332.99
19366.3 -3325.04
19354 -3335.26
19321.1 -3327.96
19287.9 -3321.15
19274.9 -3331.54
19241.2 -3325.34
19227.5 -3335.75
19193.3 -3330.16
15773.2 -735.805
15774.7 -805.013
15776.2 -873.277
15777.7 -940.626
15697.9 -949.31
15638.4 -973.466
15538.3 -970.558
15417.9 -955.803
15317.9 -956.733
17287.8 -2298.59
17288.8 -2341.5
17294.5 -2386.88
17296.1 -2429.18
17305.4 -2475.64
17305.3 -2515.87
17311.5 -2559.37
17295.5 -2589.79
17312.3 -2638.28
17308 -2674.65
17296.8 -2707.07
17300.5 -2747.13
17315.8 -2792.65
17306.5 -2825.27
17600.5 -3004.99
17588.1 -3032.66
18058.9 -3284.49
18063.2 -3314.62
18063.6 -3342.67
18023.8 -3353.11
17962.2 -3354.97
17893.2 -3354.86
17851.4 -3366.86
17791.5 -3372.42
17711.5 -3371.3
17631.4 -3371.59
17551.5 -3373.28
17471.5 -3376.37
17371.4 -3373.95
17311.7 -3386.7
17312.4 -3419.91
17313.1 -3452.93
17313.9 -3485.76
17314.6 -3518.39
17315.3 -3550.85
17316 -3583.13
17316.7 -3615.24
17317.4 -3647.19
17318.1 -3678.99
17318.8 -3710.63
17319.5 -3742.13
17320.2 -3773.49
17320.9 -3804.72
17321.5 -3835.83
17322.2 -3866.81
17339.6 -3900.73
17323.6 -3928.43
17324.3 -3959.08
17324.9 -3989.63
17325.6 -4020.08
17326.3 -4050.44
17326.9 -4080.72
17327.6 -4110.92
17328.2 -4141.04
17328.9 -4171.09
17329.6 -4201.08
17330.2 -4231
17330.9 -4260.88
17331.5 -4290.69
17332.2 -4320.47
17332.8 -4350.2
17333.5 -4379.89
17334.1 -4409.55
17334.8 -4439.18
17335.4 -4468.79
17336.1 -4498.38
17336.7 -4527.95
17337.4 -4557.51
17338 -4587.07
17338.7 -4616.63
17339.3 -4646.19
17340 -4675.76
17340.6 -4705.34
17341.3 -4734.94
17341.9 -4764.56
17342.6 -4794.21
17343.2 -4823.89
17343.9 -4853.6
17344.5 -4883.35
17345.2 -4913.15
17345.8 -4943
17346.5 -4972.9
17347.1 -5002.85
17347.8 -5032.88
17348.5 -5062.97
17349.1 -5093.13
17349.8 -5123.37
17350.5 -5153.7
17351.1 -5184.11
17351.8 -5214.62
17352.5 -5245.22
17353.1 -5275.93
17353.8 -5306.74
17354.5 -5337.67
17355.2 -5368.72
17355.9 -5399.89
17356.5 -5431.19
17357.2 -5462.63
17357.9 -5494.21
17358.6 -5525.94
17359.3 -5557.82
17360 -5589.86
17360.7 -5622.06
17361.4 -5654.44
17362.2 -5687
17362.9 -5719.74
17363.6 -5752.67
17364.3 -5785.79
17365.1 -5819.13
17365.8 -5852.67
17366.5 -5886.43
17367.3 -5920.42
17368 -5954.65
17368.8 -5989.11
17369.5 -6023.83
17370.3 -6058.8
17371.1 -6094.04
17371.9 -6129.55
17372.6 -6165.34
17373.4 -6201.43
17374.2 -6237.82
17375 -6274.52
17375.9 -6311.54
17376.7 -6348.88
17377.5 -6386.57
17378.3 -6424.61
17379.2 -6463.01
17380 -6501.79
17380.9 -6540.95
17381.8 -6580.5
17382.6 -6620.46
17383.5 -6660.85
17384.4 -6701.66
17385.3 -6742.93
17386.2 -6784.65
17387.2 -6826.85
17388.1 -6869.54
17389 -6912.74
17390 -6956.45
17391 -7000.71
17392 -7045.51
17399.2 -7086.04
17394 -7136.86
17395 -7183.43
17396 -7230.64
17397.1 -7278.49
17398.1 -7327.01
17399.2 -7376.21
17400.3 -7426.14
17401.4 -7476.79
17422.2 -7510.43
17482.1 -7508.03
17542.1 -7504.57
17602 -7500.02
17661.9 -7494.35
17721.7 -7487.56
17781.6 -7479.62
17828.9 -7483.31
17873 -7489.61
17922.7 -7489.24
17972.3 -7488.15
18021.1 -7487.08
18069 -7486.03
18116.2 -7484.99
18162.7 -7483.97
18208.4 -7482.97
18253.4 -7481.98
18297.7 -7481.01
18341.4 -7480.05
18384.4 -7479.11
18426.8 -7478.18
18468.6 -7477.26
18509.8 -7476.36
18550.5 -7475.47
18590.7 -7474.59
18630.3 -7473.72
18754 -7350.97
18791 -7350.16
18827.6 -7349.36
18863.7 -7348.57
18899.4 -7347.79
18934.6 -7347.01
18969.5 -7346.25
19003.9 -7345.49
19038 -7344.74
19071.7 -7344
19105 -7343.27
19138 -7342.55
19170.7 -7341.83
19170.4 -7401.85
19181.8 -7441.61
19204.2 -7461.13
19236.9 -7460.41
19269.4 -7459.7
19301.5 -7458.99
19333.4 -7458.29
19365 -7457.6
19396.3 -7456.91
19427.4 -7456.23
19458.2 -7455.56
19488.8 -7454.88
19519.1 -7454.22
19549.2 -7453.56
19579.1 -7452.9
19608.7 -7452.25
19638.2 -7451.61
19667.5 -7450.97
19696.5 -7450.33
19725.4 -7449.69
19754.1 -7449.07
19782.6 -7448.44
19810.9 -7447.82
19839.1 -7447.2
19867.1 -7446.59
19894.9 -7445.98
19922.6 -7445.37
19950.2 -7444.76
19977.6 -7444.16
20004.9 -7443.56
20032.1 -7442.97
20059.1 -7442.37
20086.1 -7441.78
20112.9 -7441.19
20139.6 -7440.61
20166.2 -7440.03
20192.7 -7439.44
20219.1 -7438.87
20245.4 -7438.29
20271.7 -7437.71
20297.8 -7437.14
20323.9 -7436.57
20349.9 -7436
20375.8 -7435.43
20401.7 -7434.86
20427.5 -7434.29
20453.3 -7433.73
20479 -7433.16
20504.6 -7432.6
20530.3 -7432.04
20562.6 -7311.3
20587.1 -7310.76
20611.6 -7310.23
20636 -7309.69
20660.4 -7309.16
20684.8 -7308.62
20709.2 -7308.09
20733.6 -7307.55
20757.9 -7307.02
20782.3 -7306.48
20806.6 -7305.95
20831 -7305.41
20855.4 -7304.88
20879.7 -7304.34
20904.1 -7303.81
20937.5 -7423.11
20963 -7422.55
20988.5 -7421.99
21014.1 -7421.43
21039.6 -7420.87
21065.3 -7420.3
21090.9 -7419.74
21116.6 -7419.18
21142.4 -7418.61
21168.2 -7418.05
21194.1 -7417.48
21220 -7416.91
21246 -7416.34
21272.1 -7415.77
21299.1 -7419.51
21328.1 -7431.84
21354.8 -7432.04
21379 -7421.04
21405 -7418.2
21432.3 -7420.23
21459.2 -7420.2
21474.1 -7374.01
21472.8 -7271.37
21465.7 -7154.59
21468.8 -7080.03
21459.3 -6967.9
21464 -6907.85
21459.3 -6821.61
21473.3 -6796.48
21499.7 -6809.17
21521.8 -6808.38
21544.6 -6808.99
21561 -6792.04
21585 -6795.75
21611.6 -6805.33
21629.4 -6792.09
21655.5 -6799.25
21677.6 -6796.38
21705.2 -6805.83
21721 -6787.78
21749.9 -6799.18
21770.3 -6791.08
21797.9 -6798.31
21819.2 -6791.8
21849.1 -6802.55
21441.6 -5946.64
21444.6 -5922.1
21436.9 -5877.92
21439.6 -5854.55
21432 -5813.18
21434.2 -5790.84
21436.1 -5768.58
21428.5 -5730.6
21430 -5709.22
21434.5 -5693.25
21435.8 -5672.63
21436.6 -5651.73
21437.7 -5631.71
21438.3 -5611.69
21451.9 -5611.39
21438.7 -5571.67
21438.3 -5551.67
21437.6 -5531.68
21436.6 -5511.7
21449.6 -5511.42
21433.4 -5471.76
21446.3 -5471.48
21444 -5451.52
21441.4 -5431.58
21438.4 -5411.64
21435 -5391.71
21431.2 -5371.79
21443.7 -5371.51
21456.4 -5371.23
21469.2 -5370.95
21482.3 -5370.67
21495.5 -5370.38
21508.9 -5370.08
21522.6 -5369.78
21536.4 -5369.48
21550.5 -5369.17
21564.9 -5368.85
21579.4 -5368.54
21594.2 -5368.21
21607.8 -5366.43
21613 -5356.63
21638.8 -5365.82
21645.3 -5357.06
21651.3 -5347.72
21677.7 -5356.37
21686.2 -5349
21713.2 -5357.28
21723.2 -5350.78
21750.9 -5358.7
21758.4 -5349.85
21790.9 -5360.59
21799.2 -5351.97
21828.1 -5358.89
21836.7 -5350.21
21851.9 -5346.21
21881.8 -5352.6
21891.6 -5344.24
21929.7 -5355.36
21940.5 -5347.18
21971.9 -5352.6
21995.9 -5352.59
22015.9 -5349.56
22056.1 -5358.96
22076 -5355.04
22116.2 -5363.07
22136.1 -5358.3
22156 -5353.22
22196.1 -5359.38
22216 -5353.48
22256.1 -5358.34
22276 -5351.62
22295.8 -5344.62
22335.9 -5347.7
22335.5 -5329.75
22335.1 -5311.97
22334.7 -5294.35
22334.4 -5276.89
22334 -5259.57
22333.6 -5242.41
22333.2 -5225.38
22332.9 -5208.49
22332.5 -5191.74
22332.1 -5175.11
22331.8 -5158.61
22331.4 -5142.23
22331 -5125.97
22330.7 -5109.82
22330.3 -5093.78
22330 -5077.85
22329.6 -5062.03
22329.3 -5046.3
22329 -5030.67
22328.6 -5015.13
22328.3 -4999.68
22327.9 -4984.32
22327.6 -4969.04
22327.3 -4953.84
22326.9 -4938.72
22326.6 -4923.68
22326.3 -4908.71
22326 -4893.81
22325.6 -4878.97
22325.3 -4864.2
22325 -4849.49
22324.7 -4834.84
22324.3 -4820.24
22324 -4805.7
22323.7 -4791.21
22323.4 -4776.77
22323.1 -4762.37
22322.8 -4748.02
22322.4 -4733.7
22322.1 -4719.43
22321.8 -4705.2
22321.5 -4691
22321.2 -4676.83
22320.9 -4662.69
22100.1 -4630.79
22099.9 -4618.64
22099.6 -4606.52
22099.3 -4594.41
22099.1 -4582.32
22098.8 -4570.24
22098.5 -4558.17
22098.3 -4546.12
22098 -4534.07
22097.7 -4522.04
22097.5 -4510
22317.2 -4494.54
22316.9 -4480.58
22316.6 -4466.63
22316.3 -4452.68
22316 -4438.72
22315.7 -4424.75
22315.4 -4410.78
22315 -4396.79
22314.7 -4382.79
22314.4 -4368.77
22314.1 -4354.74
22313.8 -4340.68
22313.5 -4326.61
22313.2 -4312.51
22312.9 -4298.38
22312.6 -4284.23
22312.3 -4270.04
22312 -4255.82
22311.6 -4241.56
22311.3 -4227.27
22311 -4212.94
22310.7 -4198.56
22310.4 -4184.14
22310.1 -4169.67
22309.7 -4155.15
22309.4 -4140.58
22309.1 -4125.95
22308.8 -4111.27
22308.5 -4096.52
22308.1 -4081.72
22307.8 -4066.84
22307.5 -4051.9
22307.2 -4036.89
22306.8 -4021.81
22306.5 -4006.64
22306.2 -3991.4
22305.8 -3976.08
22305.5 -3960.67
22265.4 -3959.56
22245.3 -3951.75
22205.3 -3951.82
22145.4 -3960.37
22105.5 -3962.04
22105.2 -3948.06
22025.6 -3967.51
22005.5 -3962.72
21985.4 -3958.25
21925.6 -3972.09
21925.4 -3959.47
21905.3 -3956.16
21845.6 -3972.42
21825.6 -3970.17
21825.3 -3958.21
21805.3 -3956.42
21805 -3944.47
21776.5 -3947.7
21763.5 -3942.89
21751 -3938.01
21738.8 -3933.08
21691.7 -3948.87
21681 -3943.8
21670.6 -3938.68
21660.5 -3933.49
21618.1 -3948.96
21609.3 -3943.63
21600.6 -3938.24
21592.2 -3932.78
21553.9 -3947.91
21546.6 -3942.3
21539.3 -3936.62
21503.9 -3951.49
21497.6 -3945.65
21491.4 -3939.72
21485.4 -3933.72
21472.7 -3932.89
21467.5 -3926.43
21482 -3904
21471.6 -3901.47
21467.1 -3894.16
22483.8 -3016.15
22455.5 -3013.91
22353.2 -3077.47
22329.5 -3073.15
22303.1 -3071.68
22299.6 -3049.35
22296.1 -3026.67
22291 -3005.21
22288 -2981.46
22285.1 -2957.31
22301.1 -2913.44
22298.6 -2887.76
22285.8 -2872.45
22277.1 -2852.63
22287 -2812.4
22277.5 -2792.61
22277.6 -2761.88
22267.2 -2742.61
22262.1 -2716.86
22270.4 -2674.75
23572.8 -1063.78
23521.5 -1064.91
23470.9 -1066.02
23421.1 -1067.11
23372 -1068.19
23323.5 -1069.25
23275.8 -1070.3
23228.6 -1071.33
23182.1 -1072.36
23136.2 -1073.36
23090.9 -1074.36
23041.8 -1081.67
23001.9 -1076.31
22958.2 -1077.27
22915.1 -1078.21
22441.1 -1768.77
22407.3 -1769.51
22374 -1770.24
22341 -1770.97
22308.4 -1771.68
22276.1 -1772.39
22244.2 -1773.09
22212.6 -1773.79
22181.3 -1774.47
22150.3 -1775.15
22119.6 -1775.82
22089.2 -1776.49
22059.1 -1777.15
22029.2 -1777.81
21999.6 -1778.46
21970.3 -1779.1
21941.2 -1779.74
21912.3 -1780.37
21883.7 -1781
21855.3 -1781.62
21827.1 -1782.24
21799.1 -1782.86
21771.3 -1783.46
21743.8 -1784.07
21716.4 -1784.67
21689.2 -1785.27
21662.2 -1785.86
21635.3 -1786.45
21608.7 -1787.03
21582.1 -1787.61
21555.8 -1788.19
21529.6 -1788.77
21503.5 -1789.34
21477.6 -1789.91
21451.8 -1790.47
21426.2 -1791.03
21400.7 -1791.6
21375.3 -1792.15
21350 -1792.71
21529.8 -868.541
21496.2 -869.277
21462.8 -870.01
21429.5 -870.741
21396.4 -871.468
21363.3 -872.193
21330.4 -872.916
21297.1 -876.134
21262.2 -891.826
