3591.39 5171.92
3511.29 5206.55
3430.9 5240.49
3350.21 5273.73
3269.23 5306.26
3187.97 5338.08
3106.44 5369.19
3024.64 5399.59
2942.58 5429.27
2860.26 5458.24
2777.69 5486.48
2694.88 5514.01
2611.83 5540.81
2528.55 5566.89
2445.05 5592.23
2361.33 5616.85
2277.39 5640.74
2193.25 5663.89
2108.92 5686.31
2024.39 5707.99
1939.67 5728.93
1628.2 4778.23
1637.8 5180.2
1556.65 5192.91
1470.8 5182.36
1389.73 5193.59
1305.83 5189.36
1165.13 4865.42
1125.63 5101.7
1032.27 5027.94
874.844 4522.2
787.358 4441.09
714.807 4459.21
638.802 4450.92
563.723 4447.9
489.311 4449.18
414.262 4442.84
339.395 4435.84
264.876 4430.17
191.162 4432.81
117.898 4441.8
43.9748 4440.16
-29.9242 4436.88
-102.575 4463.92
-172.584 4598.3
-236.174 5173
-321.14 4723.27
-396.574 4976.78
-474.727 4962.62
-545.74 4490.84
-613.857 4242.47
-684.512 4204.46
-756.005 4201.82
-827.82 4205.55
-898.847 4193.68
-969.766 4182.18
-1040.75 4173.07
-1110.85 4154.37
-1185.25 4183.85
-1269.01 4298.21
-1399.16 4809.25
-1465.51 4713.97
-1602.17 5174.59
-1675.66 5117.34
-1700.53 4735.01
-1802.04 4886.52
-1930.05 5180.95
-2014.12 5191.05
-2096.69 5190.54
-2179.19 5188.31
-2261.77 5185.34
-2345.67 5187.49
-2427.17 5177.16
-2288.01 4199.97
-2342.76 4113.29
-2378.41 3954.44
-2451.87 3953.49
-2629.11 4342.35
-2940.71 5192.5
-2999.14 5094.15
-3107.9 5172.02
-3018.9 4591.23
-3285.28 5180.94
-3372.55 5178.41
-3464.73 5189.29
-3557.32 5199.26
-2643.67 2344.05
-2703.27 2336.61
-2709.67 2185.18
-2806.56 2278.01
-2882.65 2311.87
-2940.52 2297.55
-2692.8 1540.09
-2563.4 1098.93
-2552.2 951.496
-2601.7 947.315
-2650.89 941.733
-2676.17 883.952
-2727.18 882.131
-2789.23 902.285
-2864.69 947.709
-2931.18 972.556
-2978.51 958.428
-3001.03 896.995
-2912.92 632.281
-2817.51 364.241
-2815.69 272.541
-2785.57 134.381
-2812.36 98.0317
-2627.86 -291.268
-2624.66 -368.759
-2935.43 61.1269
-1952.54 -1567.55
-1955.71 -1608.75
-1968.72 -1633.95
-1968.6 -1678.3
-1962.18 -1730.72
-1970.39 -1760.69
-1981.68 -1785.74
-1975.66 -1834.32
-1977.8 -1870.54
-1982.43 -1902.64
-1984.2 -1937.83
-1991.6 -1965
-1994.31 -1997.63
-1995.94 -2030.93
-2004.73 -2054.82
-2013.21 -2078.72
-2015.58 -2109.48
-2010.98 -2147.7
-2014.44 -2175.93
-2024.19 -2196.63
-2026.3 -2225.5
-2025.98 -2256.46
-2019.76 -2293.09
-2033.11 -2308.58
-2035.13 -2335.61
-2041.74 -2357.58
-2031.72 -2395.7
-2034.8 -2420.29
-2046.26 -2436.53
-2042.23 -2467.21
-2041.47 -2494.31
-2053.72 -2509.21
-2044.15 -2543.48
-2047.66 -2565.62
-2047.88 -2590.31
-2057.73 -2606.52
-2077.44 -2614.51
-2111.87 -2610.74
-2171.48 -2587.49
-2193.08 -2595.44
-2223.39 -2596.94
-2266.56 -2589.2
-2303.59 -2586.89
-2349.67 -2578.63
-2441.56 -2538.44
-2800.88 -2312.14
-3035.11 -2181.25
-3950.5 -1594.18
-2975.51 -2287.58
-2872.19 -2387.03
-2955.13 -2364.29
-3885.44 -1810.95
-3797.04 -1907.38
-3869.01 -1904.37
-4081.52 -1819.4
-3987.03 -1917.23
-3953.69 -1977.63
-3953.64 -2018.3
-3977.72 -2045.39
-3968.98 -2090.21
-3957.95 -2135.65
-3965.98 -2170.72
-3961.16 -2212.06
-3962.17 -2250.1
-3960.98 -2288.88
-3961.2 -2326.66
-2812.99 -2890.8
-2589.78 -3016.01
-2591.78 -3037.81
-2600.92 -3056.42
-2603.43 -3077.82
-2590 -3105.59
-2594.84 -3125.69
-2592.03 -3148.68
-2587.12 -3172.27
-2590.41 -3192.61
-2586.92 -3215.29
-2595.48 -3233.6
-2601.04 -3252.95
-2598.83 -3274.83
-2595.45 -3296.92
-2593.76 -3318.3
-2604.33 -3335.89
-2600.34 -3357.77
-2621.17 -3372.53
-2597.51 -3399.61
-2597.74 -3419.92
-2597.77 -3440.18
-2614.14 -3456.4
-2602.15 -3479.45
-2598.71 -3500.28
-2599.96 -3519.96
-2599.08 -3540.03
-2618.61 -3555.99
-2604.62 -3578.54
-2618.95 -3595.7
-2613.42 -3616.43
-2621.53 -3634.81
-2922.13 -3608.86
-3920.23 -3488.49
-3935.37 -3517.61
-3936.38 -3548.7
-3999.69 -3572.49
-3749.65 -3631.02
-3893.96 -3646.16
-4199.6 -3649.3
-4195.44 -3682.88
-4175.03 -3717.51
-4090.44 -3755.83
-3921.59 -3797.24
-3405.68 -3851.64
-3263.87 -3883.05
-3254.69 -3908.18
-3241.29 -3933.21
-3233.67 -3957.94
-3230.84 -3982.52
-10417.6 -4052.74
-3966.44 -4042.72
-3885.86 -4071.78
-4143.87 -4110.46
-4104.7 -4141.41
-4085.26 -4172.68
-4127.44 -4207.25
-4189.25 -4243.93
-4199.85 -4277.82
-4200.17 -4311.07
-4195.23 -4343.88
-4206.91 -4378.36
-4187.47 -4409.64
-4190.61 -4443.35
-4189.48 -4476.64
-4176.16 -4508.31
-4199.19 -4545.16
-4193.21 -4577.98
-4202.73 -4613.34
-4200.09 -4646.86
-4193.23 -4679.66
-2074.61 -4307.16
-4216.87 -4752.74
-4197.34 -4783.19
-4203.95 -4819.14
-2907.74 -4557.82
-4069.22 -4856.66
-4105.2 -4899.27
-4036.08 -4915.79
-4011.43 -4942.96
-4077.22 -4994.69
-4066.38 -5026.04
-3889.28 -5008.53
-3867.81 -5035.02
-3757.39 -5033.45
-3657.73 -5033.41
-3552.63 -5029.82
-3511.26 -5046.15
-2111.3 -4584.37
-2562.19 -4763.92
-3187.22 -5017.14
-3154.78 -5032.37
-3088.77 -5033.99
-2992.31 -5022.25
-2949.91 -5030.98
-2877.14 -5026.23
-2813.83 -5024.25
-2758.98 -5024.89
-2726.17 -5034.56
-2666.15 -5031.12
-2597.34 -5022.42
-2564.84 -5030.06
-2525.21 -5033.66
-2470.52 -5028.96
-2419.63 -5025.23
-2377.8 -5025.37
-2347.57 -5031.03
-2304.25 -5029.01
-2267.21 -5029.74
-2192.15 -5007.99
-2160.76 -5010.29
-2141.48 -5019.31
-2119.62 -5026.5
-2087.57 -5027.06
-2059.03 -5029.28
-2022.17 -5025.66
-2001.37 -5031.92
-1970.62 -5031.21
-1947.44 -5035.12
-1898.87 -5020.99
-1876.76 -5024.62
-1869.29 -5038.48
-1820.62 -5022.05
-1805.95 -5030.06
-1787.28 -5034.85
-1745.73 -5021.59
-1727.26 -5025.69
-1715.05 -5034.57
-1689.65 -5032.53
-1657.47 -5024.36
-1633.15 -5022.19
-1615.77 -5025.56
-1595.42 -5026.06
-1583.35 -5033.63
-1558.67 -5029.61
-1537.09 -5027.96
-1527.98 -5037.69
-1500.04 -5029.32
-1472.34 -5020.54
-1461.17 -5027.59
-1447.15 -5031.67
-1424.09 -5026.26
-1404.65 -5024.15
-1386.01 -5022.5
-1372.89 -5026.5
-1366.49 -5037.76
-1339.36 -5025.82
-1321.07 -5023.27
-1310.06 -5028.84
-1288.06 -5021.3
-1271.36 -5019.61
-1257.92 -5021.59
-1253.88 -5035.13
-1240.39 -5036.88
-1214.12 -5021.85
-1203.27 -5026.36
-1192.99 -5031.57
-1178.56 -5031.03
-1164.78 -5031.13
-1141.27 -5017.16
-1125.45 -5013.56
-1110.31 -5010.59
-1111.34 -5031.58
-1092.93 -5023.36
-1078.49 -5020.79
-1066.27 -5021.43
-1050.94 -5016.84
-1038.85 -5017.19
-1020.17 -5006.22
-1012.28 -5013.17
-991.944 -4998.32
-992.366 -5019.89
-980.475 -5019.6
-967.689 -5017.41
-956.376 -5017.74
-945.099 -5017.95
-930.722 -5011.79
-923.981 -5020.72
-909.336 -5013.37
-904.203 -5025.77
-895.555 -5030.88
-880.313 -5021.32
-865.676 -5012.5
-855.55 -5013.61
-848.134 -5021.08
-834.214 -5012.75
-830.059 -5028.43
-808.715 -5000.28
-809.745 -5029.85
-797.895 -5025.72
-783.458 -5013.93
-768.274 -4999.13
-764.56 -5017.31
-753.396 -5013.64
-742.928 -5011.77
-734.876 -5017.43
-727.323 -5024.95
-714.659 -5015.12
-705.426 -5016.71
-694.36 -5011.46
-685.681 -5014.8
-675.256 -5011.28
-668.212 -5021.26
-656.469 -5011.72
-650.381 -5026.45
-635.854 -5003.02
-625.184 -4996.07
-619.673 -5014.52
-612.563 -5026.07
-600.516 -5011
-591.257 -5010.58
-583.29 -5017.98
-572.204 -5005.54
-564.602 -5015.76
-555.107 -5013.04
-545.546 -5009.24
-537.564 -5018.26
-529.114 -5024.23
-519.096 -5015.21
-510.228 -5017.06
-501.578 -5021.81
-492.852 -5026.49
-483.226 -5018.12
-473.096 -4997.69
-465.075 -5015.11
-455.748 -5005.49
-447.192 -5016.78
-438.243 -5018
-429.198 -5012.14
-420.271 -5012.2
-411.306 -5018.18
-402.432 -5011.08
-393.349 -5017.91
-384.665 -5008.66
-376.141 -4999.34
-365.929 -5026.9
-357.521 -5015.43
-348.837 -5010.87
-339.696 -5013.22
-330.763 -5012.5
-320.808 -5022.65
-311.486 -5024.75
-303.784 -5011.86
-297.015 -4992.95
-285.441 -5013.68
-275.821 -5017.44
-269.618 -4997.36
-258.206 -5012.83
-248.141 -5018.3
-241.051 -5005.94
-231.645 -5007.31
-221.825 -5010.56
-215.087 -4998.02
-201.563 -5018.73
-190.66 -5025.59
-186.077 -5004.07
-175.612 -5008.82
-165.046 -5013.46
-154.877 -5016.06
-146.952 -5009.86
-133.551 -5023.85
-127.267 -5011.71
-118.073 -5010.1
-108.305 -5010.31
-98.2123 -5011.39
-86.2368 -5018.08
-80.7364 -5004.71
-69.9475 -5007.4
-59.7491 -5008.1
-52.2302 -5001.18
-41.3251 -5003.57
-31.7753 -5002.12
-24.7722 -4994.05
-8.94258 -5008.22
-0.0654639 -5004.61
13.0536 -5011.06
19.9717 -5002.67
33.6539 -5009.79
42.1303 -5004.9
53.9198 -5007.2
65.3556 -5008.46
75.1046 -5006.01
82.6267 -4998.98
102.716 -5016.88
109.826 -5008.74
126.181 -5018.24
132.29 -5008.18
142.126 -5005.09
147.047 -4993.19
161.763 -4998.63
177.626 -5005.61
180.831 -4990.94
211.93 -5022.39
220.922 -5016.86
232.542 -5015.46
244.186 -5013.95
258.053 -5015.65
269.214 -5013.03
283.766 -5015.25
297.267 -5015.66
313.142 -5019.16
329.719 -5023.28
342.272 -5021.55
348.252 -5010.88
367.455 -5017.66
376.4 -5010.77
393.354 -5013.99
406.03 -5011.55
430.142 -5022.88
432.08 -5006.99
446.758 -5006.39
468.687 -5013.94
479.579 -5008.41
504.455 -5018.42
514.749 -5011.81
526.359 -5006.56
550.993 -5015
563.373 -5010.11
584.131 -5013.67
607.847 -5019.77
616.802 -5010.78
637.16 -5012.85
653.29 -5010.51
678.946 -5016.85
691.55 -5010.62
698.196 -4998.89
731.629 -5011.04
746.527 -5006.23
759.911 -4999.94
792.386 -5009.61
825.119 -5018.78
834.832 -5008.53
856.178 -5007.55
881.533 -5009.36
895.137 -5001.64
929.433 -5009.47
959.149 -5013.18
968.84 -5001.72
993.064 -5000.65
1014.92 -4997.51
1064.81 -5013.38
1091.07 -5012.19
1122.42 -5013.94
1138 -5004.83
1183.02 -5014.41
8050.04 -9308.5
8096.14 -9234.4
8141.59 -9159.9
8186.38 -9085.01
8230.52 -9009.73
8274.01 -8934.07
8316.83 -8858.03
8358.98 -8781.62
8400.47 -8704.85
8441.28 -8627.72
8481.43 -8550.23
8520.89 -8472.4
8559.67 -8394.22
8597.77 -8315.71
8635.18 -8236.87
8671.91 -8157.71
8707.94 -8078.23
8743.27 -7998.43
