11915.7 -2811.92
11935.6 -2807.48
11955.5 -2802.75
11995.8 -2814.51
12015.6 -2808.92
12035.5 -2803.05
12055.4 -2796.92
12095.6 -2806.11
12115.4 -2799.16
12155.6 -2806.97
12175.4 -2799.23
12215.6 -2805.71
12235.4 -2797.2
12275.5 -2802.37
12315.7 -2806.78
12335.4 -2797.01
13560.1 -3567.22
13559.2 -3529.02
13562.4 -3493.79
13562.5 -3457.01
13574.6 -3427.76
13575.4 -3392.02
13569.2 -3352.57
13564.4 -3314.4
13566.8 -3280.68
13564.2 -3244.58
13567.6 -3211.97
13567.5 -3177.83
13207.5 -2961.3
13210.2 -2933.09
13215.9 -2906.53
13160.8 -2851.23
13148.3 -2817.08
13156.5 -2792.88
13167.6 -2769.97
13238.1 -2772.8
13293.3 -2767.9
13385.9 -2777.49
13445.2 -2772.03
13499.6 -2763.62
13583.8 -2765.71
13660.8 -2763.66
13750.2 -2764.76
13830.1 -2760.97
13905.2 -2754.15
14008.8 -2755.52
14110.8 -2754.6
14198.2 -2747.32
14308 -2745.35
14440.5 -2748.18
14559.3 -2744.77
14677.5 -2739.14
14827 -2739.79
14972.4 -2736.8
15134.3 -2735.37
16025.5 -2904.85
16024.3 -2853.73
16023.2 -2802.83
16022 -2752.15
16101.3 -2717.88
16381.4 -2721.02
16581.1 -2704.5
16861 -2698.55
17100.7 -2681.07
17099.3 -2621.74
17098 -2562.61
17096.6 -2503.65
17095.3 -2444.85
17093.9 -2386.22
17092.6 -2327.73
17211.6 -2281.78
18472 -2341.49
18478.2 -2271.86
18483.9 -2202.18
18488.9 -2132.45
18493.4 -2062.68
18497.2 -1992.88
18500.4 -1923.04
18503 -1853.18
18505 -1783.3
18506.4 -1713.4
18507.1 -1643.49
18507.3 -1573.59
18506.8 -1503.67
18505.8 -1433.78
18504.1 -1363.88
18501.8 -1294.01
17188.7 -1284.2
17187.3 -1225.74
17066.1 -1174.84
17064.8 -1117.36
17063.5 -1059.82
17062.2 -1002.23
17060.9 -944.571
17059.5 -886.835
14637.4 -1110.37
14636.6 -1073.85
14595.8 -1042.62
14595 -1006.33
14594.2 -969.956
14593.3 -933.504
14592.5 -896.963
14591.6 -860.33
14590.8 -823.597
14590 -786.758
14589.1 -749.808
13373.9 -973.89
13253.9 -974.54
13153.8 -972.639
13014 -982.128
12933.9 -979.059
12814.1 -987.761
12734.1 -987.829
12674 -983.726
12574.1 -992.152
12514.1 -990.48
12434.2 -995.971
12374.2 -996.565
12314.2 -998.206
12254.3 -1000.9
12214.2 -997.761
12154.3 -1002.38
12114.2 -1000.8
12074.2 -999.901
12034.2 -999.692
11974.3 -1008.05
11934.4 -1009.43
11914.2 -1003.25
11874.3 -1005.84
11834.3 -1009.15
11794.4 -1013.18
11774.3 -1008.84
11734.4 -1014.11
11714.3 -1010.62
11674.5 -1017.16
11654.4 -1014.52
11634.4 -1012.2
11614.3 -1010.21
11574.5 -1019.13
11554.5 -1018.02
11534.4 -1017.25
11514.4 -1016.82
11494.4 -1016.74
11474.4 -1017
11454.4 -1017.6
11434.4 -1018.56
11414.5 -1019.88
11394.5 -1021.56
11374.5 -1023.6
11354.6 -1026.01
11354.4 -1015.42
11334.4 -1018.34
11314.5 -1021.63
11294.6 -1025.31
11294.3 -1014.99
11274.4 -1019.19
11254.5 -1023.79
11234.6 -1028.8
11234.4 -1018.76
11214.5 -1024.32
11194.7 -1030.3
11194.4 -1020.42
11174.6 -1026.97
11174.3 -1017.11
11154.5 -1024.25
11134.7 -1031.85
11134.4 -1022.14
11114.6 -1030.36
11114.4 -1020.66
11094.6 -1029.51
11094.4 -1019.83
11074.6 -1029.34
11074.4 -1019.67
11054.6 -1029.86
11054.4 -1020.2
11047.1 -1017.85
11037.5 -1018.07
11028.1 -1018.29
11018.9 -1018.5
11009.7 -1018.71
11000.8 -1018.91
10992 -1019.12
10983.3 -1019.32
10974.7 -1019.51
10966.3 -1019.71
10958 -1019.9
10949.8 -1020.08
10941.7 -1020.27
10933.8 -1020.45
10925.9 -1020.63
10918.2 -1020.81
10910.5 -1020.98
10903 -1021.16
10895.5 -1021.33
10888.2 -1021.5
10880.9 -1021.66
10873.7 -1021.83
10866.6 -1021.99
10859.6 -1022.15
10852.7 -1022.31
10845.8 -1022.47
10839 -1022.62
10832.3 -1022.78
10825.7 -1022.93
10819.1 -1023.08
10812.6 -1023.23
10806.2 -1023.38
10799.8 -1023.52
10793.5 -1023.67
10787.2 -1023.81
10781 -1023.95
10774.9 -1024.09
10768.8 -1024.23
10762.7 -1024.37
10756.7 -1024.51
10750.8 -1024.65
10744.9 -1024.78
10739.1 -1024.91
10733.3 -1025.05
10727.5 -1025.18
10721.8 -1025.31
10716.1 -1025.44
10710.5 -1025.57
10704.8 -1025.7
10699.3 -1025.83
10693.8 -1025.95
10688.3 -1026.08
10682.8 -1026.2
10677.4 -1026.33
10672 -1026.45
10666.6 -1026.58
10661.3 -1026.7
10655.9 -1026.82
10650.7 -1026.94
10645.4 -1027.06
10640.2 -1027.18
10635 -1027.3
10629.8 -1027.42
10624.6 -1027.54
10619.4 -1027.66
10614.3 -1027.77
10609.2 -1027.89
10604.1 -1028.01
10599.1 -1028.12
10594 -1028.24
10589 -1028.35
10583.9 -1028.47
10578.9 -1028.58
10573.9 -1028.7
10568.9 -1028.81
10564 -1028.93
10559 -1029.04
10554.1 -1029.16
10549.1 -1029.27
10544.2 -1029.38
10539.2 -1029.49
10534.3 -1029.61
10529.4 -1029.72
10524.5 -1029.83
10519.6 -1029.94
10514.7 -1030.06
10509.8 -1030.17
10504.9 -1030.28
10500 -1030.39
10495.1 -1030.51
10490.2 -1030.62
10485.3 -1030.73
10480.4 -1030.84
10475.5 -1030.95
10470.6 -1031.07
10465.7 -1031.18
10460.8 -1031.29
10455.9 -1031.4
10451 -1031.52
10446.1 -1031.63
10441.1 -1031.74
10436.2 -1031.86
10431.3 -1031.97
10426.3 -1032.08
10421.3 -1032.2
10416.3 -1032.31
10411.3 -1032.43
10406.3 -1032.54
10401.3 -1032.66
10396.3 -1032.77
10391.2 -1032.89
10386.2 -1033
10381.1 -1033.12
10376 -1033.24
10370.9 -1033.35
10365.7 -1033.47
10360.6 -1033.59
10355.4 -1033.71
10350.2 -1033.83
10344.9 -1033.95
10339.7 -1034.07
10334.4 -1034.19
10329.1 -1034.31
10323.8 -1034.43
10318.4 -1034.56
10313 -1034.68
10307.6 -1034.81
10302.1 -1034.93
10296.6 -1035.06
10291.1 -1035.18
10285.6 -1035.31
10280 -1035.44
10274.4 -1035.57
10268.7 -1035.7
10263 -1035.83
10257.2 -1035.96
10251.4 -1036.09
10245.6 -1036.23
10239.7 -1036.36
10233.8 -1036.5
10227.8 -1036.63
10221.8 -1036.77
10215.7 -1036.91
10209.6 -1037.05
10203.4 -1037.19
10197.1 -1037.34
10190.8 -1037.48
10184.5 -1037.63
10178 -1037.77
10171.6 -1037.92
10165 -1038.07
10158.4 -1038.23
10151.7 -1038.38
10144.9 -1038.53
10138.1 -1038.69
10131.2 -1038.85
10124.2 -1039.01
10117.1 -1039.17
10110 -1039.34
10102.7 -1039.5
10095.4 -1039.67
10088 -1039.84
10080.4 -1040.01
10072.8 -1040.19
10065.1 -1040.36
10057.3 -1040.54
10049.3 -1040.73
10041.3 -1040.91
10033.2 -1041.1
10024.9 -1041.29
10016.5 -1041.48
10008 -1041.67
9999.31 -1041.87
9990.52 -1042.07
9981.59 -1042.28
9972.52 -1042.49
9963.3 -1042.7
9953.93 -1042.91
9944.39 -1043.13
9934.69 -1043.35
9934.84 -1052.98
9935.06 -1062.52
9914.84 -1053.38
9894.64 -1044.74
9894.86 -1054.46
9874.67 -1046.49
9874.9 -1056.22
9854.72 -1048.88
9854.95 -1058.62
9834.79 -1051.9
9835.01 -1061.65
9814.87 -1055.54
9794.73 -1049.86
9794.96 -1059.78
9774.84 -1054.68
9754.72 -1050
9754.95 -1060.07
9734.85 -1055.94
9714.76 -1052.22
9715 -1062.44
9694.92 -1059.25
9674.85 -1056.45
9654.79 -1054.04
9655.03 -1064.53
8902.54 -619.518
8889.96 -631.11
8855.79 -630.257
8813.5 -625.373
8797.53 -635.967
8754.43 -631.905
8715.94 -631.098
8692.2 -638.698
8651.26 -637.82
8606.24 -635.613
8562.65 -634.904
8556.93 -653.166
8571.07 -680.702
8564.01 -698.027
8554.67 -714.318
8566.26 -739.82
8573.53 -763.071
8563.15 -778.655
8566.42 -799.865
8574.19 -822.658
8573 -841.684
8558.23 -855.487
8557.02 -874.436
8557.47 -893.874
8557.91 -913.182
8558.35 -932.364
8558.79 -951.424
8559.22 -970.368
8559.66 -989.198
8560.08 -1007.92
8560.51 -1026.53
8560.94 -1045.05
8561.36 -1063.46
8561.78 -1081.78
8501.83 -1084.79
8462.03 -1093.72
8402.12 -1098.62
8261.81 -1086.49
8201.97 -1094.18
8142.15 -1102.89
7981.88 -1092.83
7881.95 -1096.93
7802.14 -1106.37
7621.95 -1100.11
7502.07 -1106.72
7402.31 -1118.46
7242.38 -1123.31
6982.18 -1117.48
6782.27 -1123.77
6602.5 -1135.87
6202.2 -1127.37
5962.47 -1141.73
5602.55 -1149.44
5282.86 -1166.69
4562.53 -1160.53
4102.94 -1183.52
3543.38 -1209.04
2515.76 -1222.78
2512.85 -1292.64
2510.55 -1362.51
2508.87 -1432.4
2507.79 -1502.3
2507.33 -1572.21
2507.47 -1642.12
2508.23 -1712.02
2509.6 -1781.92
2511.58 -1851.8
2514.17 -1921.66
2517.37 -1991.5
2521.18 -2061.31
2525.6 -2131.08
2530.63 -2200.81
2536.27 -2270.49
2542.52 -2340.12
2549.37 -2409.69
2556.83 -2479.2
2564.91 -2548.65
2573.58 -2618.02
2582.87 -2687.31
2592.75 -2756.51
2603.25 -2825.63
2614.34 -2894.65
2626.04 -2963.58
2638.34 -3032.4
3084.71 -3017.75
3424.77 -3016.65
3864.25 -2988.66
4124.4 -2992.26
4384.44 -2991.34
4425.52 -3037.99
4406.91 -3098.87
4467.87 -3139.92
4469.16 -3195.96
5571.73 -2949.07
5736.42 -2948.69
5915.46 -2941.21
6069.61 -2938.1
6219.23 -2933.7
6364.71 -2927.99
6486.57 -2927.55
6608.07 -2925.1
6721.48 -2923.35
6812.24 -2927.8
6821.07 -2961.15
6807.73 -3003.04
6812.05 -3038.51
6814.36 -3074.96
6826.57 -3107.55
6823.97 -3146.42
6819.83 -3186.29
6814.23 -3227.17
7619.05 -2900.79
7663.46 -2910.72
7743.3 -2903.13
7783.55 -2913.31
7843.56 -2913.06
7923.32 -2901.73
7983.28 -2899.16
8023.44 -2906
8083.36 -2901.52
8143.25 -2895.96
8183.36 -2900.43
8223.46 -2904.26
8283.28 -2895.84
8343.08 -2886.31
8363.39 -2899.73
8403.42 -2900.66
8463.16 -2888.39
8503.15 -2887.7
8523.42 -2899.32
8563.39 -2897.48
8603.34 -2894.92
8662.97 -2877.89
8702.88 -2873.63
8703.42 -2897.13
8723.64 -2906.4
8724.18 -2930.22
8724.74 -2954.34
8764.6 -2948.14
8804.45 -2941.17
8824.65 -2949.28
8864.47 -2941.01
8884.64 -2948.36
8924.43 -2938.76
8944.59 -2945.33
8963.01 -2953.17
8986.68 -2956.11
9031.6 -2939.25
9052.49 -2943.68
9070.18 -2950.84
9110.51 -2936
9128.13 -2942.46
9144.74 -2949.74
9179.9 -2938.01
9194.28 -2946.92
9191.19 -2974.1
9214.54 -2973.56
8636.91 -3626.97
8670.15 -3626.21
8702.84 -3625.46
8699.44 -3665.55
8696.8 -3705.62
8694.91 -3745.67
8710.6 -3765.32
8693.32 -3825.73
8709.85 -3845.36
8694.59 -3905.72
8700.33 -3940.42
8695.84 -3989.36
8692.12 -4038.48
8703.98 -4067.44
8536.75 -4347.45
8542.86 -4390.32
8544.81 -4440.18
8541.84 -4498.58
8544.91 -4549.44
8542.56 -4609.96
8553.34 -4651.56
8551.11 -4714.93
8561.53 -4759.53
8566.51 -4814.27
8564.86 -4881.77
8563.41 -4950.97
8562.18 -5021.95
8557.86 -5100.72
8568.52 -5154.55
8568.15 -5230.66
8568 -5308.9
9859.85 -2858.74
9873.93 -2858.42
9887.87 -2858.1
9901.68 -2857.78
9915.38 -2857.47
9928.96 -2857.16
9942.42 -2856.85
9955.77 -2856.54
9969.01 -2856.24
9982.15 -2855.94
9992.41 -2862.51
10005.4 -2862.21
10018.3 -2861.91
10031.2 -2861.62
10043.9 -2861.33
10056.5 -2861.04
10069.1 -2860.75
10081.6 -2860.46
10094 -2860.18
10106.3 -2859.9
10118.6 -2859.62
10130.7 -2859.34
10142.9 -2859.06
10154.9 -2858.78
10166.9 -2858.51
10178.8 -2858.24
10190.7 -2857.96
10202.5 -2857.69
10214.2 -2857.42
10225.9 -2857.15
10237.6 -2856.89
10249.2 -2856.62
10260.8 -2856.36
10272.3 -2856.09
10283.7 -2855.83
10295.2 -2855.57
10306.6 -2855.31
10317.9 -2855.05
10323.6 -2894.93
10036.1 -5162.11
10027.4 -5490.3
10062.1 -5489.77
10098 -5475.8
10130.7 -5492.9
10166.1 -5481.48
10199.7 -5489.76
10235.2 -5470.83
10269.1 -5474.42
10303.4 -5469.26
10337.4 -5468.48
10371.4 -5467.7
10405.3 -5466.93
10439.2 -5466.15
10473.1 -5465.37
10507 -5464.6
10540.8 -5463.82
10574.7 -5463.04
10608.5 -5462.27
10642.3 -5461.49
10676.2 -5460.72
10710 -5459.94
10743.9 -5459.16
10777.8 -5458.39
10811.8 -5457.61
10845.7 -5456.83
10879.7 -5456.05
10913.8 -5455.27
10947.8 -5454.49
10982 -5453.71
11016.2 -5452.92
11050.5 -5452.14
11084.8 -5451.35
11119.2 -5450.56
11153.7 -5449.77
11188.3 -5448.98
11223 -5448.18
11257.8 -5447.39
11292.6 -5446.59
11327.6 -5445.78
11362.7 -5444.98
11398 -5444.17
11433.3 -5443.36
11468.8 -5442.55
11504.4 -5441.73
11540.2 -5440.91
11576.1 -5440.09
11613.6 -5444.24
11649.6 -5442.16
11689.5 -5452.68
11726.1 -5451.37
12017.2 -6231.8
12006.5 -6065.64
12008.7 -5945.37
12003.7 -5810.94
12034.4 -5780.95
12074.1 -5775.6
12115.5 -5774.68
11994.7 -5361.52
11995.7 -5269.51
11988.3 -5161.28
11988.9 -5076.23
11980.7 -4974.51
11980.8 -4895.54
11980.8 -4819.33
11989.9 -4765.49
12018.2 -4753.67
12038 -4724.33
12038.7 -4657.58
12039.3 -4592.88
12029.5 -4510.35
12040.2 -4469.19
12043.7 -4415.91
12042.5 -4355.92
12040.3 -4295.95
12037 -4236.01
11264.2 -2873.36
11267.3 -2853.29
11270.1 -2833.22
11284.9 -2832.88
11299.9 -2832.54
11315 -2832.19
11330.3 -2831.84
11345.8 -2831.48
11361.4 -2831.13
11377.2 -2830.76
11393.3 -2830.4
11409.5 -2830.02
11425.9 -2829.65
11442.5 -2829.27
11459.3 -2828.88
11476.3 -2828.49
11493.6 -2828.1
11511 -2827.7
11528.8 -2827.29
11546.7 -2826.88
11564.9 -2826.46
11583.4 -2826.04
11602.2 -2825.61
11621.2 -2825.17
11640.5 -2824.73
11660.2 -2824.28
11680.1 -2823.82
11700.3 -2823.36
11720.9 -2822.88
11741.8 -2822.4
11763.1 -2821.92
11784.7 -2821.42
11795.6 -2810.37
11815.5 -2807.75
11835.5 -2804.82
11855.4 -2801.59
11895.8 -2816.08
11915.7 -2811.92
