-785.419 -7841.55
-723.458 -7903
-660.963 -7963.9
-597.937 -8024.27
-534.389 -8084.07
-470.321 -8143.32
-405.739 -8202.01
-340.647 -8260.14
-275.048 -8317.69
-208.951 -8374.67
-142.36 -8431.07
-75.2796 -8486.88
-7.71392 -8542.11
60.3324 -8596.75
128.852 -8650.79
197.84 -8704.23
267.291 -8757.07
337.204 -8809.3
407.567 -8860.92
5550.68 -1804.2
5576.35 -1786.84
5596.56 -1776.52
5619.9 -1760.96
5639.6 -1750.07
5647.07 -1757.36
5668.59 -1742.67
5673.37 -1753.97
5688.24 -1749.06
5701.94 -1745.68
5722.13 -1730.94
5738.03 -1722.84
5755.7 -1711.06
5761.49 -1720.04
5774.08 -1716.68
5790.33 -1706.12
5793.42 -1720.17
5810.79 -1706.63
5823.88 -1700.91
5832 -1704.92
5845.33 -1698.02
5856.81 -1694.59
5864.04 -1700.14
5878.67 -1689.18
5886.29 -1693.63
5897.08 -1690.65
5905.88 -1692.17
5916.17 -1689.9
5929.7 -1679.15
5937.63 -1682.23
5948.39 -1677.76
5959.04 -1673.16
5968.25 -1672.22
5978.07 -1669.3
5985.91 -1671.96
5996.87 -1665.05
6006.18 -1662.78
6018.64 -1649.9
6024.89 -1657
6031.52 -1663.1
6043.59 -1649.88
6051.26 -1651.98
6059.45 -1652.07
6068.59 -1648.2
6079.51 -1636.46
6087.74 -1635.32
6095.93 -1634.1
6102.83 -1638.67
6112.4 -1630.44
6120.28 -1629.97
6126.49 -1638.28
6136.32 -1626.85
6143.12 -1632.08
6152.2 -1623.43
6160.38 -1619.63
6167.22 -1624.66
6175.45 -1619.73
6182.85 -1620.67
6190.15 -1622.55
6198.1 -1618.39
6206.44 -1609.18
6214.54 -1600.89
6221.22 -1608.47
6228.39 -1611.01
6236.32 -1601.51
6243.19 -1608.91
6251.07 -1596.28
6258.12 -1600.56
6265.85 -1581.79
6272.73 -1592.94
6279.85 -1597.04
6287.05 -1597.07
6294.14 -1584.04
6301.35 -1590.95
6308.55 -1592.79
6315.46 -1585.58
6322.39 -1581.31
6329.66 -1584.96
6336.14 -1574.58
6343.56 -1580.11
6349.75 -1568.62
6357.65 -1579
6364.5 -1576.37
6371.93 -1579.64
6378.87 -1577.88
6385.65 -1575.06
6391.22 -1563.27
6398.26 -1563.32
6404.87 -1560.34
6411.27 -1556.32
6417.45 -1551.27
6426.85 -1564.87
6430.85 -1547.89
6438.38 -1550.53
6446.56 -1556.05
6449.24 -1535.06
6458.27 -1544.36
6462.75 -1533.09
6472.42 -1544.17
6481.33 -1551.26
6492.37 -1566
6497.74 -1558.38
6507.27 -1566.15
6520.8 -1587.27
6525.91 -1578.49
6532.65 -1575.42
6542.06 -1580.88
6554.66 -1595.75
6556.77 -1578.21
6564.12 -1576.77
6574.8 -1584.69
6591.79 -1609.4
6603.64 -1618.89
6616.39 -1630.1
6637.41 -1661.63
6652.28 -1676.16
6674.3 -1707.12
7711.09 -4128.55
7326.24 -3163.08
7294.62 -3036.06
7310.61 -3019
7328.49 -3006.35
7342.78 -2986.35
7369.52 -2992.34
7400.45 -3006.08
7474.81 -3104.1
7514.04 -3130.02
7499.37 -3053
7513.51 -3031.78
7528.33 -3012.25
7549.8 -3004.82
7561.24 -2979.86
7580.97 -2969.52
7597.52 -2953.86
7617.03 -2943.19
7623.74 -2912
7643.98 -2902.78
7666.33 -2896.73
7683.17 -2882.12
7700.97 -2869.02
7798.48 -2972
7872.1 -3036.56
7856.38 -2972.98
12163.3 -8863.56
10201.2 -6063.94
10419.3 -6258.03
10849.2 -6720.07
10779.7 -6524.77
10923.7 -6603.54
10774.9 -6316.46
10879.7 -6345.78
10873.6 -6240.36
10990 -6280.75
11231.3 -6462.18
11270.9 -6407.59
11502.5 -6566.8
11492.7 -6455.44
11589.9 -6461
11656.5 -6432.65
11687 -6366.15
11748.2 -6331.66
11707.4 -6194.68
11855.1 -6246.02
11925.6 -6219.46
11980.2 -6176.93
12027.2 -6127.05
11820.8 -5844.97
11651.7 -5604.4
11800.7 -5652.18
12194 -5909.03
12088.8 -5729.31
12012.3 -5578.2
11818.8 -5334
11277.2 -4814.69
11270 -4737.36
11217 -4625.37
10952.1 -4353.25
10770.8 -4152.27
10569.5 -3942.25
10410.1 -3768.94
10257.9 -3605.63
10118.6 -3456.12
9964.75 -3300.77
9960.15 -3250.68
10003.3 -3232.89
9808.3 -3059.8
9608.88 -2889.24
9450.01 -2749.38
9363.14 -2657.94
9286.06 -2574.86
9225.01 -2503.44
9148.22 -2424.71
9088.56 -2357.81
9021.83 -2288.69
8976.97 -2233.26
8987.85 -2208.79
9005.61 -2187.94
9031.22 -2170.98
9045.12 -2147.87
9071.4 -2130.77
9093.98 -2111.59
9111.9 -2090.01
9146.04 -2075.68
9157.31 -2050.68
9175.7 -2028.78
9184.71 -2002.74
9225.83 -1990.05
9241.91 -1966.61
9262.45 -1944.81
9291.24 -1925.97
9291.83 -1896.21
9246.09 -1849.76
9202.6 -1805.19
9147.21 -1757.56
9123.46 -1721.77
9081.24 -1680.59
9037.56 -1639.92
8997.22 -1601.26
8999.56 -1576.16
8990.13 -1547.77
8996.8 -1524.15
9022.58 -1505.66
8979.5 -1468.98
8953.46 -1437.47
8919.3 -1404.6
8888.67 -1373.27
8868.44 -1344.92
8839.1 -1315.09
8818.27 -1287.61
7524.04 -1012.77
7409.09 -980.253
7374.42 -964.022
7365.21 -952.71
7355.88 -941.573
7344.46 -930.316
7329.96 -918.854
7327.23 -909.226
7310.53 -897.948
7290.72 -886.631
7327.48 -881.641
7305.51 -870.349
7303.34 -861.198
7320.03 -853.586
7315.71 -844.221
7330.28 -836.101
7303.83 -825.577
7314.25 -817.142
7335.59 -808.916
7362.86 -800.479
7374.07 -791.286
7379.2 -781.845
7385.24 -772.317
7386.2 -762.727
7416.07 -752.621
7435.85 -742.251
7426.55 -732.541
7455.14 -721.342
7461.64 -710.787
7475.04 -699.69
7493.31 -688.006
7512.47 -675.92
7514.58 -664.971
7530.52 -652.639
7524.45 -642.315
7563.02 -627.004
7569.64 -614.904
7572.19 -603.197
7605.33 -587.127
7614.54 -574.009
7632.52 -559.309
7632.58 -547.248
7667.99 -528.926
7696.3 -511.244
7694.95 -498.767
7710.16 -482.908
7608.78 -491.479
7526.22 -497.687
7483.83 -496.1
7512.49 -478.205
7482.71 -474.291
7472.32 -465.872
7467.67 -456.059
7458.12 -447.639
7449.48 -439.086
7455.16 -426.402
7424.36 -424.696
7421.29 -414.786
7444.76 -396.257
7419.62 -393.463
7441.81 -374.811
7481.66 -349.406
7515.52 -325.326
7654.9 -261.075
7707.34 -227.312
7703.46 -214.574
7690.2 -205.606
7695.36 -189.178
7681.94 -180.427
7660.21 -175.452
7651.3 -165.119
7642.31 -154.897
7636.87 -143.095
7620.5 -136.506
7625.69 -119.637
7619.95 -107.982
7608.75 -99.0997
7588.64 -94.9779
7579.15 -85.5242
7566.07 -78.0919
7561.72 -65.9893
7548.55 -58.8323
7544.87 -46.3533
7544.52 -31.8545
7532.01 -24.5149
7514.36 -20.4709
7509.45 -8.73161
7501.05 0.830699
7500.13 15.205
7479.87 16.9313
7472.11 26.7498
7468.39 39.3241
7462.91 50.7473
7444.28 52.8484
7437.04 62.9139
7428.1 71.7266
7427.09 86.4634
7420.34 96.986
7405.62 101.302
7408.92 119.741
7392.54 122.575
7380.83 129.006
7371.4 137.23
7362.66 146.007
7353.1 154.045
7357.71 174.573
7336.03 171.837
7345.45 197.163
7331.1 200.907
7311.69 199.656
7307.48 212.726
7296.71 219.489
7287.31 227.554
7275.05 232.678
7278.05 253.485
7268.38 261.367
7259.32 269.89
7244.79 272.436
7239.65 285.211
7237.68 301.719
7230.24 312.235
7212.95 311.3
7210.53 327.762
7208.53 345.035
7192.45 345.262
7192.63 365.638
7175.89 364.829
7164.11 370.161
7164.35 391.345
7149.4 392.524
7138.03 398.386
7137.08 418.79
7125.5 424.522
7110.5 425.2
7102.81 436.483
7102.73 459.396
7087.05 458.918
7074.12 462.478
7069.68 479.473
7063.43 493.926
7048.24 493.795
7038.18 502.11
7029.53 512.945
7019.76 521.984
7010.87 532.699
7000.41 540.722
6994.56 557.49
6988.48 574.255
6973.07 573.195
6960.41 577.339
6952.56 591.251
6944.08 604.225
6935 616.248
6929.92 637.315
6920.03 648.351
6910.41 660.237
6899.84 670.223
6882.25 663.505
6872.33 675.132
6865.18 694.138
6857.74 713.128
6841.95 710.557
6833.44 727.556
6820 731.323
6812.4 751.988
6798.44 754.616
6786.03 761.872
6779.85 789.054
6764.16 786.599
6754.52 804.124
6745.16 823.521
6727.47 813.966
6715.43 824.509
6705.49 843.674
6693.79 856.965
6688.91 899.343
6695.25 993.397
6677.88 988.104
6666.25 1009.05
6651.29 1015.23
6642.75 1054.66
6626.79 1057.69
6613.77 1077.33
6597.78 1081.09
6583.32 1094.59
6569.09 1110.95
6553.63 1120.27
6541.42 1155.24
6525.44 1164.33
6511.26 1190.18
6494.12 1192.06
6478.13 1205.74
6463.75 1240.2
6445.39 1231.7
6429.44 1254.95
6412.91 1275.08
6396.15 1297.07
6378.87 1315.92
6361.53 1341.62
6343.69 1365.18
6325.21 1375.59
6306.71 1402.84
6287.73 1396.93
6268.38 1445.85
6248.96 1449.6
6229.03 1470.17
6208.63 1493.57
6187.35 1527.76
6166.13 1548.77
6144 1578.57
6123.21 1581.22
6100.02 1613.59
6076.52 1642.75
6053.25 1663.72
6030.55 1675.51
6011.79 1650.32
5991.88 1637.9
5971.12 1633.25
5947.37 1650.2
5921.52 1678.79
5891.55 1729.83
5864.46 1757.85
5835.64 1792.47
5806.54 1824.81
5776.27 1859.79
5749.34 1874.83
5715.88 1918.94
5686.36 1941.19
5650.57 1988.46
5612.52 2041.15
5576.63 2080.76
5544.01 2104.46
5509.11 2134.58
5468.02 2184.53
5424.9 2237.83
5400.37 2224.44
5438.52 2006.19
5313.05 2320.1
5248.12 2428.47
5201.84 2474.29
5150.12 2532.77
5099.64 2584
5043.4 2647.75
4995.4 2685.48
4928.75 2769.31
4864.93 2841.06
4807.24 2893.42
4744.33 2955.21
4669.69 3041.03
4590.25 3133.15
4557.45 3115.45
4572.5 2992.83
4350.89 3382.88
4254.46 3492.2
4158.18 3595.65
4061.72 3694.15
3952.49 3812.68
3837.8 3935.85
5012.69 1626.3
4938.87 1712.65
4890.1 1749.77
3308.28 4495.99
3152.96 4659.48
2995.08 4819.78
2811.01 5016.31
4278.97 2506.78
4611.71 1910.68
4721.56 1686.77
4699.62 1673.85
4678.34 1659.9
4663.33 1636.65
4640.1 1625.68
4613.51 1619.41
4595.6 1600.64
411.208 7319.42
340.821 7267.84
270.888 7215.64
201.412 7162.83
132.4 7109.42
63.8524 7055.41
-4.21704 7000.8
-71.8076 6945.61
-138.913 6889.82
-205.53 6833.45
-271.652 6776.5
-337.275 6718.98
-402.394 6660.88
-467.002 6602.22
-531.096 6543
-594.675 6483.22
-657.726 6422.89
-720.249 6362.01
-782.237 6300.59
