22596.2 -2681.46
22605.7 -2681.28
22615.1 -2681.1
22624.5 -2680.93
22633.8 -2680.75
22643.1 -2680.58
22652.3 -2680.4
22661.5 -2680.23
22670.6 -2680.06
22679.7 -2679.89
22688.7 -2679.72
22697.7 -2679.55
22706.6 -2679.38
22715.6 -2679.22
22724.4 -2679.05
22733.3 -2678.88
22742.1 -2678.72
22750.8 -2678.55
22759.6 -2678.39
22768.3 -2678.22
22776.9 -2678.06
22785.6 -2677.9
22794.2 -2677.74
22802.8 -2677.57
22811.4 -2677.41
22819.9 -2677.25
22828.5 -2677.09
22837 -2676.93
22845.5 -2676.77
22854 -2676.61
22862.4 -2676.45
22870.9 -2676.29
22879.3 -2676.14
22887.7 -2675.98
22896.2 -2675.82
22904.6 -2675.66
22913 -2675.5
22921.4 -2675.34
22929.8 -2675.19
22938.1 -2675.03
22946.5 -2674.87
22954.9 -2674.71
22963.3 -2674.55
22971.7 -2674.4
22980.1 -2674.24
22988.5 -2674.08
22996.9 -2673.92
23005.3 -2673.76
23013.7 -2673.61
23022.2 -2673.45
23030.6 -2673.29
23039.1 -2673.13
23047.5 -2672.97
23056 -2672.81
23064.5 -2672.65
23073 -2672.49
23081.6 -2672.33
23089.7 -2669.6
23098.2 -2669.44
23106.8 -2669.28
23115.4 -2669.11
23124 -2668.95
23132.7 -2668.79
23141.4 -2668.63
23150.1 -2668.46
23158.8 -2668.3
23167.6 -2668.13
23176.4 -2667.97
23185.3 -2667.8
23194.2 -2667.63
23203.1 -2667.46
23212.1 -2667.3
23221.1 -2667.13
23230.1 -2666.96
23239.2 -2666.78
23248.4 -2666.61
23257.6 -2666.44
23266.9 -2666.27
23276.2 -2666.09
23285.5 -2665.91
23294.9 -2665.74
23304.4 -2665.56
23314 -2665.38
23323.6 -2665.2
23333.2 -2665.02
23343 -2664.83
23352.8 -2664.65
23362.7 -2664.46
23372.6 -2664.28
23382.7 -2664.09
23392.8 -2663.9
23403 -2663.71
23413.3 -2663.51
23423.6 -2663.32
23434.1 -2663.12
23444.6 -2662.92
23455.3 -2662.72
23466 -2662.52
23476.9 -2662.32
23487.8 -2662.11
23498.9 -2661.9
23510 -2661.69
23521.3 -2661.48
23532.7 -2661.26
23544.2 -2661.05
23555.9 -2660.83
23567.7 -2660.61
23579.6 -2660.38
23591.6 -2660.16
23603.8 -2659.93
23616.2 -2659.69
23628.7 -2659.46
23641.3 -2659.22
23654.1 -2658.98
23667.1 -2658.74
23680.2 -2658.49
23693.6 -2658.24
23707.1 -2657.99
23720.7 -2657.73
23734.6 -2657.47
23748.7 -2657.2
23763 -2656.93
23777.5 -2656.66
23792.2 -2656.38
23807.2 -2656.1
23822.4 -2655.82
23837.8 -2655.53
23853.5 -2655.23
23869.4 -2654.93
23885.6 -2654.63
23902.1 -2654.32
23915 -2650.29
23926.3 -2644.59
23937.8 -2638.99
23969.8 -2651.84
23981.7 -2646.08
23993.9 -2640.4
24006.3 -2634.8
24039.2 -2646.38
24052.1 -2640.63
24065.3 -2634.96
24099 -2645.56
24112.7 -2639.74
24126.7 -2633.99
24161.4 -2643.64
24176 -2637.75
24191 -2631.93
24226.6 -2640.67
24242.3 -2634.71
24278.7 -2642.78
24295.2 -2636.68
24312.1 -2630.65
24349.7 -2637.86
24367.5 -2631.69
24406 -2638.26
24424.8 -2631.95
24464.3 -2637.9
24484.2 -2631.46
24524.8 -2636.78
24545.8 -2630.22
24587.7 -2634.94
24610 -2628.24
24653.2 -2632.36
24677 -2625.53
24721.7 -2629.06
24767.2 -2632.19
24793.4 -2625.04
24840.7 -2627.59
24889 -2629.75
24918.1 -2622.29
24968.4 -2623.87
25019.9 -2625.06
25072.7 -2625.87
25106.5 -2617.92
25161.9 -2618.16
25218.8 -2618.01
25277.2 -2617.48
25388.1 -2635.62
25431.2 -2626.94
25529.8 -2637.28
25578.5 -2628.61
25629.6 -2619.94
25695.2 -2615.17
25775.2 -2613.83
25875.3 -2617.26
25915 -2600.99
25914.4 -2572.54
25913.9 -2544.25
25913.4 -2516.1
25912.9 -2488.1
25912.3 -2460.23
25911.8 -2432.49
25911.3 -2404.88
25910.8 -2377.39
25910.3 -2350.01
25909.7 -2322.75
25909.2 -2295.6
25908.7 -2268.54
25908.2 -2241.58
25907.7 -2214.72
25907.2 -2187.94
25906.7 -2161.25
25906.2 -2134.63
25905.7 -2108.09
25905.2 -2081.62
25904.7 -2055.22
25904.2 -2028.87
25903.7 -2002.59
25903.2 -1976.35
25902.7 -1950.17
25902.2 -1924.03
25901.8 -1897.93
25901.3 -1871.87
25900.8 -1845.84
25860.3 -1818.43
25859.8 -1792.8
25859.3 -1767.2
25858.8 -1741.61
25858.3 -1716.03
25857.8 -1690.47
25857.4 -1664.9
25856.9 -1639.34
25856.4 -1613.78
25855.9 -1588.21
25855.4 -1562.62
25855 -1537.03
25854.5 -1511.41
25854 -1485.77
25853.5 -1460.1
25853 -1434.41
25852.5 -1408.67
25852.1 -1382.9
25851.6 -1357.09
25851.1 -1331.23
25850.6 -1305.32
25868.8 -1276.56
25869 -1250.26
25868.1 -1224.07
25861.9 -1198.76
25848.1 -1174.86
25860.7 -1146.02
25863.4 -1118.88
25851.2 -1094.73
25864.5 -1065.09
25864.9 -1038.05
25848.6 -1014.92
25765 -1008.75
25704.8 -997.965
25634.2 -990.962
25155.4 -1098.4
25076 -1100.2
25005.3 -1100.81
24930.7 -1103.87
24856.9 -1107.98
24798.2 -1108.52
24747.9 -1107.28
24718 -1099.87
24708.5 -1085.73
24721.1 -1063.63
24717.4 -1047.25
24712.3 -1031.38
24707.4 -1015.4
24710.3 -996.213
24488.8 -1069.87
24446.1 -1072
24415 -1069.86
24373.7 -1072.78
24320.5 -1081.88
24300.4 -1076.55
24260.5 -1080.98
24240.4 -1076.47
24200.5 -1082.16
24180.5 -1078.5
24140.6 -1085.46
24120.5 -1082.65
24100.5 -1080.16
24080.4 -1077.99
24040.6 -1087.36
24020.6 -1086.07
24000.6 -1085.13
23980.5 -1084.52
23960.5 -1084.25
23940.5 -1084.32
23920.5 -1084.75
23900.5 -1085.52
23880.6 -1086.66
23860.6 -1088.15
23840.6 -1090.01
23820.7 -1092.23
23800.7 -1094.83
23800.5 -1083.45
23780.5 -1086.55
23760.6 -1090.04
23740.7 -1093.91
23740.5 -1082.77
23720.5 -1087.17
23700.6 -1091.97
23680.7 -1097.19
23680.5 -1086.29
23660.6 -1092.06
23640.7 -1098.27
23640.5 -1087.48
23620.7 -1094.27
23620.5 -1083.46
23600.6 -1090.84
23580.7 -1098.69
23580.5 -1088.01
23560.7 -1096.48
23560.5 -1085.78
23540.7 -1094.89
23540.5 -1084.16
23530.4 -1083.61
23519.9 -1083.81
23509.5 -1084
23499.2 -1084.2
23489.2 -1084.38
23479.3 -1084.57
23469.5 -1084.75
23460 -1084.93
23450.5 -1085.11
23441.2 -1085.29
23432 -1085.46
23423 -1085.63
23414.1 -1085.8
23405.3 -1085.96
23396.6 -1086.13
23388.1 -1086.29
23379.6 -1086.45
23371.3 -1086.6
23363.1 -1086.76
23354.9 -1086.91
23346.9 -1087.06
23339 -1087.21
23331.1 -1087.36
23323.4 -1087.5
23315.7 -1087.65
23308.1 -1087.79
23300.6 -1087.93
23293.2 -1088.07
23285.9 -1088.21
23278.6 -1088.34
23271.4 -1088.48
23264.3 -1088.61
23257.3 -1088.75
23250.3 -1088.88
23243.4 -1089.01
23236.5 -1089.14
23229.7 -1089.26
23223 -1089.39
23216.3 -1089.52
23209.7 -1089.64
23203.1 -1089.76
23196.6 -1089.89
23190.1 -1090.01
23183.7 -1090.13
23177.4 -1090.25
23171 -1090.37
23164.8 -1090.49
23158.5 -1090.6
23152.3 -1090.72
23146.2 -1090.84
23140 -1090.95
23134 -1091.07
23127.9 -1091.18
23121.9 -1091.29
23116 -1091.4
23110 -1091.52
23104.1 -1091.63
23098.2 -1091.74
23092.4 -1091.85
23086.6 -1091.96
23080.8 -1092.07
23075 -1092.17
23069.3 -1092.28
23063.5 -1092.39
23057.9 -1092.5
23052.2 -1092.6
23046.5 -1092.71
23040.9 -1092.82
23035.3 -1092.92
23029.7 -1093.03
23024.1 -1093.13
23018.6 -1093.24
23013 -1093.34
23007.5 -1093.44
23002 -1093.55
22996.5 -1093.65
22991 -1093.76
22985.5 -1093.86
22980 -1093.96
22974.5 -1094.06
22969.1 -1094.17
22963.6 -1094.27
22958.2 -1094.37
22952.8 -1094.47
22947.3 -1094.58
22941.9 -1094.68
22936.5 -1094.78
22931.1 -1094.88
22925.7 -1094.98
22920.2 -1095.09
22914.8 -1095.19
22909.4 -1095.29
22904 -1095.39
22898.6 -1095.49
22893.1 -1095.6
22887.7 -1095.7
22882.3 -1095.8
22876.8 -1095.9
22871.4 -1096
22865.9 -1096.11
22860.5 -1096.21
22855 -1096.31
22849.5 -1096.42
22844 -1096.52
22838.5 -1096.62
22833 -1096.73
22827.5 -1096.83
22821.9 -1096.94
22816.4 -1097.04
22810.8 -1097.14
22805.2 -1097.25
22799.6 -1097.36
22793.9 -1097.46
22788.3 -1097.57
22782.6 -1097.67
22776.9 -1097.78
22771.2 -1097.89
22765.4 -1098
22759.7 -1098.11
22753.9 -1098.21
22748.1 -1098.32
22742.2 -1098.43
22736.3 -1098.54
22730.4 -1098.66
22724.5 -1098.77
22718.5 -1098.88
22712.5 -1098.99
22706.4 -1099.11
22700.4 -1099.22
22694.2 -1099.34
22688.1 -1099.45
22681.9 -1099.57
22675.6 -1099.69
22669.4 -1099.8
22463.3 -643.599
22461.1 -663.644
22459.2 -683.683
22467 -723.544
22466 -743.567
22465.3 -763.583
22465 -783.592
22465 -803.595
22465.4 -823.592
22466.1 -843.582
22467.2 -863.565
22468.6 -883.542
22470.4 -903.512
22472.5 -923.475
22463.3 -923.647
22466 -943.601
22469.1 -963.547
22472.5 -983.486
22463.6 -983.653
22467.6 -1003.58
22471.9 -1023.5
22463.3 -1023.67
22468.1 -1043.58
22473.4 -1063.48
22465 -1063.64
22470.8 -1083.54
22462.4 -1083.69
22468.9 -1103.58
22475.7 -1123.45
22467.6 -1123.6
22475 -1143.47
22466.9 -1143.62
22475 -1163.47
22466.9 -1163.62
22475.7 -1183.46
22467.7 -1183.61
22477.1 -1203.44
22469.1 -1203.59
22479.2 -1223.4
22471.3 -1223.55
22463.3 -1223.7
22474.3 -1243.5
22466.3 -1243.65
22478 -1263.43
22470.2 -1263.58
22463.7 -1265.16
22463.8 -1273.1
22464 -1280.91
22464.1 -1288.59
22464.2 -1296.14
22464.4 -1303.57
22464.5 -1310.89
22464.7 -1318.09
22464.8 -1325.18
22464.9 -1332.16
22465.1 -1339.04
22465.2 -1345.82
22465.3 -1352.5
22465.4 -1359.09
22465.6 -1365.59
22465.7 -1372
22465.8 -1378.33
22465.9 -1384.57
22466 -1390.74
22466.1 -1396.82
22466.3 -1402.83
22466.4 -1408.77
22466.5 -1414.64
22466.6 -1420.44
22466.7 -1426.17
22466.8 -1431.84
22466.9 -1437.45
22467 -1442.99
22467.1 -1448.48
22467.2 -1453.91
22467.3 -1459.28
22467.4 -1464.6
22467.5 -1469.87
22467.6 -1475.09
22467.7 -1480.25
22467.8 -1485.38
22467.9 -1490.45
22468 -1495.48
22468.1 -1500.47
22468.2 -1505.41
22468.3 -1510.31
22468.4 -1515.18
22468.5 -1520
22468.5 -1524.79
22468.6 -1529.55
22468.7 -1534.26
22468.8 -1538.95
22468.9 -1543.6
22469 -1548.22
22469.1 -1552.81
22469.2 -1557.36
22469.2 -1561.89
22469.3 -1566.4
22469.4 -1570.87
22469.5 -1575.32
22469.6 -1579.75
22469.7 -1584.15
22469.7 -1588.52
22469.8 -1592.88
22469.9 -1597.21
22470 -1601.53
22470.1 -1605.82
22470.2 -1610.09
22470.2 -1614.35
22470.3 -1618.58
22470.4 -1622.8
22470.5 -1627.01
22470.5 -1631.2
22470.6 -1635.37
22470.7 -1639.53
22470.8 -1643.68
22470.9 -1647.81
22470.9 -1651.94
22471 -1656.05
22471.1 -1660.15
22471.2 -1664.24
22471.2 -1668.32
22471.3 -1672.39
22471.4 -1676.46
22471.5 -1680.52
22471.6 -1684.57
22471.6 -1688.61
22471.7 -1692.65
22471.8 -1696.69
22471.9 -1700.72
22471.9 -1704.75
22472 -1708.77
22472.1 -1712.79
22472.2 -1716.81
22472.2 -1720.83
22472.3 -1724.85
22472.4 -1728.87
22472.5 -1732.89
22472.5 -1736.91
22472.6 -1740.94
22472.7 -1744.96
22472.8 -1748.99
22472.8 -1753.03
22472.9 -1757.06
22473 -1761.11
22473.1 -1765.16
22473.1 -1769.21
22473.2 -1773.27
22473.3 -1777.34
22473.4 -1781.42
22473.5 -1785.51
22473.5 -1789.61
22473.6 -1793.71
17315.9 -2729.9
17316.8 -2780.48
17317.8 -2831.22
17318.7 -2882.11
17325.6 -2931.89
17328.8 -2982.58
17439.9 -3008
17620.5 -3014.57
17612.9 -3065.8
17617.2 -3114.25
17614.4 -3164.8
17605.2 -3217.44
17610.2 -3266.38
17729.2 -3281.13
17883.3 -3283
18052.9 -3277.21
18079.3 -3315.63
17346.9 -3611.5
17333.6 -3670.75
17334.6 -3725.44
17335.6 -3780.46
17336.7 -3835.82
17337.7 -3891.52
17338.8 -3947.58
17339.8 -4004.01
19257.4 -3256.75
19357.3 -3251.73
19455.4 -3245.67
19532.2 -3247.5
19607.4 -3248.68
19681.3 -3249.2
19773.7 -3239.49
19845 -3238.46
19915.2 -3236.76
19984.3 -3234.38
20032.5 -3241.73
20099.6 -3238.17
20165.7 -3233.91
20206 -3242.94
20266 -3240.1
20325.9 -3236.2
20366.1 -3242.99
20426 -3237.14
20466.1 -3242.44
20525.9 -3234.62
20585.8 -3225.67
20606.1 -3241.52
20646.1 -3243.98
20705.9 -3232.31
20726.2 -3246.89
20726.7 -3275.27
20727.3 -3303.98
17373.5 -5795.17
17374.9 -5869.36
17376.3 -5944.48
17377.8 -6020.58
17379.2 -6097.67
17380.7 -6175.8
17382.2 -6254.98
17383.7 -6335.26
17385.2 -6416.68
17405 -6483.56
17388.4 -6583.05
17390 -6668.09
17391.6 -6754.41
17393.2 -6842.07
17394.9 -6931.11
17396.6 -7021.57
17398.3 -7113.5
17400.1 -7206.95
17401.9 -7301.97
17354.2 -7449.55
17404.5 -7498.08
17455.2 -7546.16
17589 -7504.34
17692.9 -7492.25
17776.1 -7501.3
17877.3 -7488.47
17967.3 -7486.78
18055.8 -7485.12
18142.9 -7483.48
18228.8 -7481.86
18313.4 -7480.27
18396.8 -7478.7
18479 -7477.16
18560 -7475.63
18640 -7474.13
18807.9 -7350.95
18884.1 -7349.52
18959.2 -7348.1
19033.5 -7346.71
19106.8 -7345.33
21475.3 -3900.18
21503 -3899.65
22310.1 -2684.26
22322.2 -2684.03
22334.1 -2683.81
22345.8 -2683.59
22357.5 -2683.37
22369 -2683.15
22380.4 -2682.94
22391.6 -2682.73
22402.8 -2682.52
22413.9 -2682.31
22424.8 -2682.1
22435.6 -2681.9
22445 -2684.3
22455.7 -2684.1
22466.3 -2683.9
22476.8 -2683.71
22487.1 -2683.51
22497.4 -2683.32
22507.6 -2683.13
22517.8 -2682.94
22527.8 -2682.75
22537.8 -2682.56
22547.7 -2682.37
22557.5 -2682.19
22567.3 -2682
22577 -2681.82
22586.6 -2681.64
22596.2 -2681.46
