-746.194 -7851.97
-683.937 -7913.12
-621.148 -7973.72
-557.83 -8033.78
-493.993 -8093.28
-429.639 -8152.22
-364.774 -8210.59
-299.401 -8268.4
-233.524 -8325.64
-167.152 -8382.3
-100.289 -8438.37
-32.939 -8493.86
34.8932 -8548.76
103.203 -8603.07
171.984 -8656.78
241.23 -8709.89
310.936 -8762.39
381.101 -8814.28
451.713 -8865.55
5563.48 -1779.94
5587.9 -1764.07
5605.79 -1756.95
5628.5 -1742.11
5649.26 -1729.46
5649.19 -1748.5
5672.35 -1731.23
5685.68 -1728.95
5697.37 -1729.07
5718.22 -1713.6
5729.69 -1713.38
5739.62 -1715.65
5759.31 -1700.37
5765.24 -1709.36
5782.16 -1698.07
5792.79 -1698.06
5813.46 -1678.37
5818.89 -1687.87
5830.64 -1684.79
5838.4 -1689.68
5852.17 -1681.85
5862.43 -1681.11
5875.92 -1672.97
5884.41 -1675.65
5896.86 -1669.07
5902.97 -1677.09
5916.77 -1666.57
5929.61 -1657.73
5936.47 -1663.66
5946.25 -1662.05
5956.65 -1658.47
5964.61 -1661.36
5974.89 -1657.58
5983.16 -1659.36
5999.57 -1636.38
6007.33 -1638.9
6014.82 -1642.31
6022.63 -1644.69
6031.3 -1644.13
6040.76 -1640.6
6048.29 -1643.72
6058.4 -1637.11
6069.61 -1625.55
6078.7 -1621.63
6087.01 -1620.54
6094.41 -1623.27
6103.96 -1616.17
6112.97 -1610.92
6119.33 -1618.34
6128.61 -1610.97
6137.56 -1604.49
6144.53 -1608.77
6151.73 -1611.99
6160.48 -1605.28
6168.83 -1600.46
6175.59 -1606.46
6182.71 -1610.42
6190.7 -1607.37
6199.29 -1598.28
6208.51 -1581.15
6215.6 -1583.84
6222.64 -1587.46
6229.53 -1594.02
6237.5 -1585.55
6244.8 -1586
6252.31 -1582.39
6259.47 -1585.7
6267.35 -1566.96
6274.5 -1567.15
6281.5 -1578.27
6288.77 -1572.33
6295.95 -1569.33
6303.2 -1576.26
6310.05 -1559.14
6317.59 -1573.95
6324.36 -1562.7
6330.84 -1549.4
6338.57 -1562.01
6345.08 -1552.6
6352.54 -1558.09
6359.19 -1552.55
6366.84 -1558.9
6373.41 -1553.25
6380.11 -1549.52
6387.21 -1549.72
6393.57 -1543.9
6400.78 -1544.97
6408.59 -1549.93
6412.38 -1528.12
6419.66 -1530.01
6428.51 -1540.69
6435.07 -1537.5
6439.33 -1522.47
6446.28 -1522.14
6449.36 -1503.14
6461.46 -1527.15
6468.03 -1524.67
6474.8 -1523.1
6478.46 -1508.85
6486.81 -1513.98
6502.41 -1546.1
6510.15 -1547.13
6520.37 -1556.74
6529.38 -1561.44
6534.16 -1551.68
6544.42 -1560.04
6551.19 -1556.86
6563.25 -1569.76
6571.37 -1570.2
6576.23 -1561.13
6585.68 -1565.2
6599.03 -1579.5
6612.65 -1593.62
6632.71 -1623.41
6644.78 -1631.55
6658.16 -1642.32
6682.97 -1679.66
7739.74 -4115.34
7337.89 -3123.31
7310.9 -3008.34
7328.07 -2993.91
7337.38 -2963.08
7352.76 -2945.77
7387.83 -2968.72
7419.32 -2983.18
7489.17 -3071.04
7529.89 -3099.44
7510.11 -3013.68
7532.72 -3008.23
7548.48 -2990.33
7568.99 -2981.02
7582.88 -2960.29
7598.04 -2942.07
7615.06 -2927.17
7626.65 -2903.64
7643.28 -2888.53
7668.4 -2886.75
7678.78 -2862.12
7702.17 -2857.42
7715.46 -2837.6
7828.86 -2962.29
7886.8 -3003.5
7875.45 -2946.49
12207.3 -8811.29
10229.3 -6017.99
10458 -6223.78
10894.5 -6689.21
10821.7 -6491
10959.9 -6561.2
10816.1 -6282.55
10933.3 -6325.88
10902.3 -6191.31
11033.2 -6247.82
11268.4 -6419.71
11307 -6364.14
11540.8 -6523.67
11534.6 -6416.72
11627.7 -6417.36
11689.5 -6383.58
11724.5 -6321.94
11776.4 -6277.88
11756.3 -6162.24
11897.2 -6205.73
11959 -6170.44
12011.2 -6125.58
12058.7 -6076.14
11845.8 -5790.36
11680.7 -5555.31
11830.7 -5603.02
12217.6 -5851.42
12123 -5681.96
12043.5 -5529.25
11824.8 -5266.35
11299.3 -4764.87
11294.8 -4690.08
11235.7 -4574.06
10989.5 -4318.38
10798.5 -4111.58
10588.1 -3896.57
10430.3 -3725.8
10274.8 -3561.49
10137.3 -3414.38
9975.25 -3254.7
9991.99 -3219.13
10020.1 -3191.14
9823.41 -3018.46
9624.01 -2849.4
9462.77 -2709.26
9378.86 -2620.33
9299.67 -2536.59
9240 -2466.47
9158.5 -2385.62
9100.25 -2320.01
9038.45 -2254.1
8983.64 -2193.65
9010.32 -2177.55
9017.35 -2151.03
9036.63 -2130.8
9065.63 -2115.19
9087.36 -2095.71
9108.97 -2075.96
9129.53 -2055.51
9154.5 -2036.86
9176.62 -2016.66
9188.5 -1991.84
9195.55 -1964.97
9229.2 -1949.05
9245.14 -1925.59
9275.81 -1907.75
9304.52 -1888.75
9300.28 -1857.23
9253.37 -1810.67
9217.2 -1768.98
9169.18 -1724.14
9128.19 -1682.73
9089.57 -1643.02
9057.16 -1606.13
9004.21 -1563.82
8992.98 -1534.81
9008.4 -1513.66
9012.08 -1489.14
9041.65 -1471.48
8988.73 -1432.45
8974.2 -1403.91
8932.12 -1369.26
8912.08 -1340.47
8868.28 -1306.99
8851.52 -1280.01
8812.9 -1249.08
7547.79 -986.398
7402.21 -948.777
7381.24 -935.193
7381.85 -925.522
7356.66 -911.905
7352.11 -901.75
7349.45 -891.956
7318.92 -878.694
7309.09 -868.439
7309.1 -859.451
7320.98 -851.672
7302.92 -840.956
7307.68 -832.462
7317.35 -824.262
7331.94 -816.225
7322.51 -806.584
7326.98 -797.781
7316.38 -788.32
7353.67 -780.501
7357.91 -771.323
7374.07 -762.227
7374.15 -752.785
7401.15 -743.218
7402.06 -733.527
7418.88 -723.467
7417.62 -713.666
7442.26 -702.858
7473.78 -691.28
7473.24 -680.971
7485.58 -669.814
7495.82 -658.584
7492 -648.333
7530.91 -634.196
7560.71 -620.277
7531.71 -612.267
7583.11 -595.212
7587.67 -583.194
7591.14 -571.219
7625.17 -554.716
7625.4 -542.786
7620.6 -531.642
7653.15 -514.122
7683.53 -496.373
7686.19 -483.307
7713.24 -465.292
7717.57 -451.474
7604.51 -463.051
7539.55 -465.75
7491.29 -465.659
7485.86 -455.92
7477.45 -446.992
7494.12 -431.563
7469.12 -427.142
7465.31 -417.155
7459.49 -407.77
7437.33 -403.365
7439.05 -391.901
7439.7 -380.686
7430.75 -372.566
7417.01 -366.183
7451.4 -343.184
7478.87 -321.924
7519.2 -295.306
7661.06 -229.309
7716.13 -194.172
7701.95 -185.475
7692.36 -175.088
7697.44 -158.635
7684.89 -149.554
7682.36 -136.214
7659.64 -131.913
7665.11 -114.977
7647.77 -108.568
7627.73 -103.718
7621.16 -92.5294
7609.13 -84.1091
7610.4 -68.9771
7606.19 -56.5676
7583.37 -54.1244
7570.25 -46.7325
7575.42 -29.2511
7556.07 -25.5267
7548.85 -15.0286
7537.25 -7.15871
7534.15 5.75432
7529.23 17.6167
7506.43 18.2401
7498.85 28.266
7497.05 42.058
7482.62 47.5403
7479.76 60.7136
7470.19 69.3358
7471.18 85.3583
7450.87 86.2642
7450.8 101.668
7437.73 107.556
7420.67 110.255
7412.35 119.458
7406.3 130.439
7397.81 139.502
7399.31 156.711
7391.37 166.338
7376.48 170.079
7366.15 177.548
7354.27 183.587
7348.34 194.818
7337.85 201.981
7333.18 214.465
7329.84 228.311
7318.39 234.562
7309.77 243.48
7296.82 248.097
7290.2 258.958
7288.34 274.794
7275.23 279.113
7264.86 286.195
7255.11 293.91
7247.32 303.754
7237.44 311.303
7226.84 318.008
7220.76 329.912
7215.84 343.319
7207.56 352.876
7197.28 360.047
7192.58 374.144
7182.75 381.959
7177.75 396.014
7166.52 402.107
7160.03 414.501
7147.49 418.804
7145.45 437.588
7131.6 440.088
7122.34 449.012
7118.61 466.132
7110.2 476.624
7095.65 477.861
7085.45 485.667
7077.86 497.619
7067.48 505.278
7063.77 523.967
7048.04 522.916
7041.45 537.239
7031.19 545.466
7023.29 557.974
7016.67 573.073
7000.86 571.416
6992.1 582.861
6989.61 606.701
6980.91 618.988
6964.98 616.873
6951.73 619.99
6943.6 633.835
6935.7 648.55
6926.36 660.495
6916.06 670.553
6907.2 684.214
6898.15 697.827
6884 699.358
6877.64 720.259
6861.54 716.923
6854.4 736.8
6840.03 737.896
6826.36 740.738
6816.97 755.729
6806.4 767.828
6795.03 777.956
6787.17 799.431
6776.31 812.288
6763.54 819.326
6749.28 821.46
6740.45 842.715
6725.23 841.742
6710.58 842.559
6701.84 866.505
6691.77 886.532
6683.67 916.24
6687.2 999.576
6675.75 1020.55
6667.01 1056.14
6647.74 1041.69
6634.9 1059.46
6621.25 1074.19
6610.4 1106.56
6596.29 1122.1
6579.81 1123.69
6565.89 1142.96
6551.53 1161.13
6537.38 1183.16
6520.4 1184.23
6505.8 1207.03
6488.93 1210.81
6473.2 1227.39
6458.92 1264.77
6441.86 1273.13
6425.13 1288.33
6407.92 1299.39
6391.43 1329.29
6374.19 1353.06
6356.21 1365.69
6338.11 1382.17
6319.86 1409.48
6301.09 1425.64
6282.05 1440.64
6262.66 1462.47
6243.1 1474.12
6222.54 1511.59
6201.99 1531.88
6181.42 1544.99
6159.02 1585.87
6137.6 1600.58
6115.55 1620.09
6093.23 1638.39
6070.3 1659.46
6046.48 1685.29
6023.18 1701.94
6004.05 1680.64
5984.38 1666.13
5963.86 1659.38
5940.13 1675.23
5914.88 1698.75
5881.79 1767.41
5859.68 1764.72
5830.64 1800.21
5799.26 1844.22
5768.06 1882.98
5741.66 1894.95
5708.41 1936.95
5676.83 1967.84
5637.55 2028.55
5603.82 2061.58
5570.46 2090.36
5534.5 2126.5
5496.28 2168.01
5455.37 2215.81
5416.09 2254.48
5387.9 2253.42
5425.85 2039.15
5307.89 2323.84
5235.36 2453.78
5189.12 2498.41
5137.73 2554.74
5085.96 2608.53
5031.43 2666.36
4976.15 2722.55
4918.35 2781.76
4850.52 2862.51
4791.4 2917.35
4729.29 2976.04
4653.8 3062.39
4576.68 3147.71
4534.53 3150.82
4555.86 3015.48
4335.72 3397.19
4237.89 3507.84
4139.76 3613.51
4049.99 3697.24
3937.99 3819.73
3813.9 3959.17
5001.75 1651.76
4926.96 1738.59
4880.87 1770.2
3296.66 4489.62
3130.61 4669.7
2973.99 4825.79
2786.9 5024.85
4268.04 2520.76
4594.05 1941.49
4711.35 1707.94
4694.91 1686.52
4672.06 1674.99
4656.6 1652.49
4635.71 1638.13
4608.6 1632.56
4594.9 1608.04
377.022 7314.61
306.886 7262.69
237.207 7210.15
167.987 7157.01
99.2347 7103.27
30.9492 7048.92
-36.8551 6993.99
-104.178 6938.46
-171.013 6882.35
-237.355 6825.66
-303.201 6768.39
-368.545 6710.55
-433.381 6652.14
-497.705 6593.17
-561.512 6533.64
-624.801 6473.55
-687.559 6412.92
-749.786 6351.74
-811.476 6290.01
