5610.36 -1123.76
5595.78 -1124.16
5581.31 -1124.56
5566.97 -1124.96
5552.73 -1125.36
5538.61 -1125.75
5524.59 -1126.14
5510.67 -1126.53
5496.85 -1126.91
5483.13 -1127.29
5469.5 -1127.67
5455.96 -1128.05
5442.51 -1128.42
5429.14 -1128.79
5415.85 -1129.16
5402.64 -1129.53
5389.51 -1129.9
5376.45 -1130.26
5363.46 -1130.62
5350.54 -1130.98
5337.68 -1131.34
5324.89 -1131.69
5312.16 -1132.05
5299.49 -1132.4
5286.87 -1132.75
5274.31 -1133.1
5261.79 -1133.45
5249.33 -1133.79
5236.92 -1134.14
5224.55 -1134.48
5212.22 -1134.82
5199.93 -1135.17
5187.69 -1135.51
5175.47 -1135.85
5163.3 -1136.18
5151.15 -1136.52
5139.04 -1136.86
5126.95 -1137.19
5114.9 -1137.53
5102.86 -1137.86
5090.85 -1138.2
5078.86 -1138.53
5066.89 -1138.86
5054.94 -1139.2
5043 -1139.53
5031.08 -1139.86
5019.17 -1140.19
5007.27 -1140.52
4995.37 -1140.85
4983.48 -1141.18
4971.6 -1141.51
4959.72 -1141.84
4947.84 -1142.17
4935.96 -1142.5
4924.07 -1142.83
4912.18 -1143.17
4900.29 -1143.5
4888.39 -1143.83
4876.47 -1144.16
4864.55 -1144.49
4852.61 -1144.82
4840.65 -1145.15
4828.68 -1145.49
4816.69 -1145.82
4804.67 -1146.15
4792.64 -1146.49
4780.57 -1146.82
4768.49 -1147.16
4756.37 -1147.5
4744.22 -1147.83
4732.04 -1148.17
4719.82 -1148.51
4707.57 -1148.85
4695.28 -1149.2
4682.94 -1149.54
4670.57 -1149.88
4658.14 -1150.23
4645.67 -1150.57
4633.16 -1150.92
4620.58 -1151.27
4607.96 -1151.62
4595.28 -1151.98
4582.54 -1152.33
4569.74 -1152.69
4556.87 -1153.04
4543.94 -1153.4
4530.94 -1153.76
4517.87 -1154.13
4504.73 -1154.49
4491.51 -1154.86
4478.21 -1155.23
4464.83 -1155.6
4451.37 -1155.98
4437.81 -1156.35
4424.17 -1156.73
4410.43 -1157.11
4396.6 -1157.5
4382.67 -1157.89
4368.64 -1158.28
4354.49 -1158.67
4340.24 -1159.07
4325.88 -1159.47
4311.4 -1159.87
4296.8 -1160.27
4282.07 -1160.68
4267.22 -1161.1
4252.24 -1161.51
4237.12 -1161.93
4221.86 -1162.36
4206.45 -1162.79
4190.9 -1163.22
4175.19 -1163.65
4159.33 -1164.1
4143.3 -1164.54
4127.1 -1164.99
4110.73 -1165.45
4094.19 -1165.91
4077.45 -1166.37
4060.53 -1166.84
4043.41 -1167.32
4026.09 -1167.8
4008.57 -1168.29
3990.82 -1168.78
3960.6 -1153.25
3942.19 -1153.76
3923.54 -1154.28
3904.64 -1154.81
3885.5 -1155.34
3866.09 -1155.88
3846.41 -1156.43
3826.45 -1156.98
3806.2 -1157.54
3785.66 -1158.11
3764.81 -1158.69
3743.64 -1159.28
3722.14 -1159.88
3700.31 -1160.49
3678.12 -1161.1
3655.57 -1161.73
3632.65 -1162.37
3609.33 -1163.02
3585.62 -1163.68
3575.58 -1177.51
3551.01 -1177.95
3525.37 -1177.86
3500.27 -1178.68
3473.32 -1178.32
3447.65 -1179.52
3419.32 -1178.92
3393.03 -1180.5
3366.63 -1182.41
3336.3 -1181.64
3309.21 -1183.93
3277.3 -1182.96
3249.46 -1185.64
3221.46 -1188.63
3187.23 -1187.55
3158.39 -1190.92
3122.32 -1189.68
3072.18 -1179.39
3042.21 -1183.73
3003.42 -1182.69
2972.41 -1187.4
2941.13 -1192.42
2899.32 -1191.33
2879.57 -1204.53
2839.59 -1205.75
2768.55 -1189.33
2734.42 -1195.66
2679.55 -1190.77
2650.92 -1201.45
2594.51 -1197.41
2557.94 -1204.95
2504.72 -1204.39
2446.03 -1201.96
2407.05 -1210.42
2348.96 -1210.15
2287.58 -1209.32
2225.47 -1209.22
2161.81 -1209.5
2097.2 -1210.46
2031.69 -1212.15
1965.24 -1214.56
1893.05 -1215.74
1823.44 -1219.2
1759.74 -1226.19
1672.46 -1225.17
1597.8 -1230.4
1501.41 -1228.99
1423.63 -1235.86
1310.62 -1231.89
1227.79 -1240.03
1122.68 -1242.31
997.461 -1240.07
886.008 -1244.23
832.362 -1267.46
821.532 -1303.8
831.846 -1346.02
826.79 -1383.74
837.864 -1425.54
844.522 -1465.85
832.158 -1501.31
846.085 -1542.9
829.134 -1577.23
834.832 -1616.55
808.226 -1649.04
-1078.76 -1319.77
-1358.78 -1322.78
-1698.99 -1320.03
-1938.53 -1340.1
-2258.33 -1351.56
-2698.53 -1350.56
-2929.53 -1386.68
-2938.96 -1455.95
-2947.8 -1525.3
-2956.02 -1594.72
-2963.65 -1664.22
-2970.66 -1733.77
-2977.06 -1803.39
-2982.86 -1873.06
-2988.05 -1942.78
-2992.62 -2012.54
-2996.59 -2082.33
-2999.95 -2152.16
-3002.69 -2222.02
-3004.83 -2291.9
-3006.36 -2361.79
-3007.27 -2431.69
-3007.58 -2501.6
-3007.27 -2571.51
-3006.35 -2641.42
-3004.82 -2711.31
-3002.69 -2781.19
-2999.94 -2851.04
-2996.58 -2920.87
-2992.61 -2990.67
-2988.03 -3060.43
-2982.84 -3130.15
-2977.04 -3199.82
-2309.8 -3205.7
-1645.98 -3200.28
-885.543 -3172.21
-476.225 -3173.97
56.0554 -3152.35
484.975 -3135.92
1286.41 -3056.18
1506.44 -3054.43
1766.2 -3042.17
1946.2 -3039.41
2146.01 -3029.81
2286.02 -3028.33
2406.07 -3028.46
2545.95 -3022.26
2645.99 -3022.44
2765.87 -3016.28
2865.81 -3012.79
2965.7 -3007.55
3045.68 -3005.69
3105.76 -3007.76
3185.67 -3003.28
3245.69 -3003.1
3325.52 -2995.98
3365.64 -2999.58
3425.57 -2996.25
3485.47 -2991.86
3525.52 -2993.04
3565.55 -2993.54
3605.56 -2993.34
3645.55 -2992.45
3685.52 -2990.86
3725.47 -2988.56
3765.4 -2985.56
3785.53 -2989.85
3825.43 -2985.62
3865.3 -2980.66
3885.39 -2983.58
3905.47 -2986.18
3945.3 -2979.44
3965.36 -2981.17
3985.4 -2982.57
4005.44 -2983.64
4045.2 -2974.51
4065.22 -2974.68
4085.22 -2974.51
4105.21 -2973.99
4125.2 -2973.12
4145.17 -2971.9
4165.13 -2970.32
4165.4 -2979.77
4185.35 -2977.69
4205.29 -2975.25
4225.22 -2972.43
4245.13 -2969.24
4245.38 -2978.22
4265.29 -2974.51
4285.18 -2970.42
4305.07 -2965.93
4305.31 -2974.57
4325.17 -2969.54
4345.03 -2964.1
4345.26 -2972.53
4365.11 -2966.53
4365.34 -2974.9
4385.16 -2968.32
4404.98 -2961.31
4405.2 -2969.47
4405.43 -2977.73
4405.66 -2986.11
4405.9 -2994.6
4406.14 -3003.21
4406.38 -3011.94
4406.63 -3020.8
4406.88 -3029.79
4407.13 -3038.91
4407.39 -3048.17
4368.67 -3094.66
4388.43 -3085.99
4412.09 -3073.01
4412.36 -3082.81
4432.09 -3072.94
4432.36 -3082.74
4412.73 -3113.73
4421.78 -3114.82
4430.68 -3115.94
4420.03 -3138.69
4428.64 -3140.23
3692.12 -4000.94
3691.1 -4028.89
3692.03 -4055.09
3688.27 -4087.54
3686.5 -4118.29
3697.62 -4133.49
3694.82 -4166.71
3691.81 -4201
3688.6 -4236.39
3700.28 -4252.5
3696.43 -4290.23
3687.68 -4335.84
3697.49 -4356.15
3697.89 -4390.54
3701.36 -4421.24
3695.97 -4466.11
3696.46 -4503.21
3709.51 -4521.53
3704.48 -4569.16
3704.85 -4609.38
3703.91 -4652.97
3709.1 -4687.41
3702.04 -4744.1
3706.37 -4782.46
3710.16 -4822.91
3713.44 -4865.56
3716.21 -4910.51
3718.49 -4957.86
3709.99 -5028.03
3720.42 -5062.7
3722.5 -5115.61
3722.93 -5173.88
3729.45 -5221.25
3731 -5281.23
3733.61 -5341.18
3737.25 -5401.1
3733.36 -5481.24
3739.26 -5541.1
3738.03 -5621.16
3738.22 -5701.19
3747.55 -5760.95
3742.82 -5861.12
3747.21 -5941.03
3745.85 -6041.11
3753.18 -6120.93
3748.44 -6241.11
3752.36 -6341.04
3758.01 -6440.92
3771.52 -6520.58
3774.48 -6640.54
3779.53 -6760.45
4175.3 -5468.95
4203.34 -5468.17
4231.23 -5467.4
4258.99 -5466.62
4286.61 -5465.86
4314.1 -5465.09
4341.47 -5464.33
4368.72 -5463.57
4395.86 -5462.82
4422.88 -5462.07
4449.81 -5461.32
4476.63 -5460.57
4503.36 -5459.83
4529.99 -5459.09
4556.54 -5458.35
4583.01 -5457.62
4609.41 -5456.88
4635.73 -5456.15
4661.98 -5455.42
4688.17 -5454.69
4714.29 -5453.97
4740.36 -5453.24
4766.38 -5452.52
4792.36 -5451.8
4818.28 -5451.08
4844.17 -5450.36
4870.03 -5449.64
4895.85 -5448.92
4921.65 -5448.2
4947.42 -5447.49
4973.17 -5446.77
4998.91 -5446.05
5024.63 -5445.34
5050.35 -5444.62
5076.07 -5443.91
5101.78 -5443.19
5127.5 -5442.48
5153.23 -5441.76
5179.88 -5455.47
5206.13 -5459.86
5230.62 -5441.13
5256.97 -5446.4
5284.01 -5457.31
5309.08 -5447.71
5335.62 -5451.73
5361.03 -5445.74
5386.2 -5438.34
5412.61 -5440.13
5802.7 -7835.21
5851.35 -7840.84
5896.89 -7826.7
5944.3 -7823.7
5991.85 -7820.88
6039.53 -7818.21
6034.07 -7557.05
6079.38 -7553.2
5969.25 -6856
5957.98 -6636.22
5981.43 -6575.55
6018.95 -6574.51
6056.62 -6573.46
6094.44 -6572.41
6132.41 -6571.35
6170.56 -6570.29
5757.9 -5061.18
5751.52 -4961.31
5749.67 -4881.33
5752.93 -4821.22
5748.48 -4741.31
5749.49 -4681.26
5742.39 -4601.43
5741.13 -4541.44
5738.82 -4481.48
5367.77 -3471.4
5369.59 -3451.35
5371.06 -3431.3
5372.21 -3411.26
5364.55 -3371.45
5364.81 -3351.44
5364.72 -3331.43
5364.29 -3311.44
5363.51 -3291.45
5362.37 -3271.48
5360.88 -3251.51
5359.03 -3231.55
5366.94 -3231.33
5364.58 -3211.39
5361.86 -3191.46
5358.76 -3171.54
5355.29 -3151.63
5362.66 -3151.42
5358.66 -3131.53
5354.27 -3111.64
5361.39 -3111.44
5356.46 -3091.57
5363.49 -3091.38
5357.99 -3071.52
5352.09 -3051.68
5358.87 -3051.49
5352.39 -3031.66
5359.07 -3031.48
5352 -3011.66
5358.58 -3011.48
5350.9 -2991.69
5357.39 -2991.51
5363.95 -2991.32
5355.47 -2971.55
5361.93 -2971.37
5352.81 -2951.62
5359.16 -2951.44
5365.61 -2951.26
5372.14 -2951.08
5378.76 -2950.9
5385.48 -2950.71
5392.3 -2950.52
5399.21 -2950.33
5406.23 -2950.13
5413.36 -2949.94
5420.6 -2949.73
5427.96 -2949.53
5435.43 -2949.32
5443.03 -2949.11
5450.76 -2948.9
5458.62 -2948.68
5464.98 -2946.92
5464.76 -2938.98
5464.55 -2931.18
5484.85 -2941.85
5484.63 -2933.97
5504.92 -2943.92
5504.7 -2935.98
5524.96 -2945.22
5524.74 -2937.21
5524.52 -2929.32
5544.76 -2937.7
5544.54 -2929.75
5564.76 -2937.48
5564.54 -2929.46
5584.74 -2936.55
5584.52 -2928.47
5604.71 -2934.95
5604.48 -2926.81
5624.65 -2932.68
5644.81 -2938.13
5644.58 -2929.77
5664.72 -2934.64
5664.49 -2926.22
5684.61 -2930.52
5704.73 -2934.42
5704.49 -2925.8
5724.59 -2929.15
5744.68 -2932.11
5764.76 -2934.69
5764.51 -2925.73
5784.58 -2927.78
5804.63 -2929.46
5824.68 -2930.78
5844.71 -2931.72
5844.45 -2922.29
5884.75 -2932.53
5884.48 -2922.83
5924.75 -2931.93
5924.47 -2921.96
5944.45 -2921
5964.42 -2919.69
6004.63 -2926.55
6024.57 -2924.35
6044.51 -2921.82
6064.44 -2918.96
6104.58 -2923.44
6124.48 -2919.71
6164.59 -2922.92
6184.47 -2918.34
6224.54 -2920.31
6264.59 -2921.56
6284.43 -2915.62
6324.45 -2915.65
6364.44 -2914.97
6404.42 -2913.6
6444.38 -2911.53
6484.32 -2908.76
6544.39 -2910.62
6584.29 -2906.3
6644.31 -2906.23
6704.3 -2905.1
6764.26 -2902.93
7629.37 -3074.77
7628.7 -3050.54
7628.03 -3026.41
7627.36 -3002.38
7727.24 -2996.65
7565.72 -2944.21
7565.08 -2920.99
7564.43 -2897.84
7603.97 -2880.6
7723.82 -2873.66
7923.93 -2874.87
8063.72 -2865.43
8303.79 -2864.56
8503.62 -2855.45
9850.04 -2948.35
9837.52 -2904.53
9828.29 -2861.24
9827.11 -2818.7
11228.7 -2855.96
11227.2 -2801.24
11926.7 -2774.16
12988.7 -2745.97
12990.5 -2676.08
12991.7 -2606.18
12992.3 -2536.27
12992.3 -2466.36
12991.7 -2396.46
12990.5 -2326.56
12988.7 -2256.67
12986.2 -2186.8
12983.2 -2116.96
12979.5 -2047.14
12975.2 -1977.37
12970.4 -1907.63
12964.9 -1837.94
12958.8 -1768.29
12952 -1698.71
12944.7 -1629.18
12936.8 -1559.72
12928.3 -1490.33
12919.1 -1421.02
12909.4 -1351.79
12899 -1282.65
12888.1 -1213.61
12876.5 -1144.66
12864.4 -1075.82
12851.6 -1007.08
12838.3 -938.454
12535.7 -930.078
12116.1 -952.401
11875.7 -941.559
11536.1 -958.291
11276.1 -961.524
10976.4 -979.397
10736.6 -986.85
10556.4 -982.239
10376.2 -980.739
10116.8 -1005.54
9956.76 -1005.07
9816.6 -1001.21
9617.01 -1018.83
9595.95 -981.092
9594.72 -936.763
9601.5 -889.391
12401.9 162.96
9804.62 -723.36
9777.54 -685.687
9773.29 -639.344
9779.78 -588.47
9767.17 -544.95
8484.95 -1034.58
8357.48 -1053.39
8309.88 -1039.39
8220.24 -1045.08
8145 -1045.74
8078.61 -1043.54
7993.52 -1051.52
7925.72 -1052.53
7863.26 -1052.04
7800.09 -1053
7740.16 -1053.38
7680.94 -1054.43
7623.46 -1055.57
7566.37 -1057.52
7492.82 -1069.91
7437.62 -1073
7402.61 -1065.06
7353.23 -1066.38
7277.94 -1084.65
7253.68 -1072.18
7202.04 -1077.65
7158.24 -1078.93
7127.55 -1072.23
7077.52 -1079.18
7037.05 -1080.44
7007.78 -1074.51
6969.51 -1075.5
6921.64 -1084.23
6885.42 -1085.2
6858.1 -1080.05
6823.78 -1080.73
6777.71 -1091.31
6764.76 -1076.22
6719.47 -1087.61
6688.61 -1087.94
6663.6 -1083.85
6634.3 -1083.85
6590.4 -1097.19
6562.58 -1097.13
6538.82 -1093.87
6512.38 -1093.45
6486.8 -1092.68
6464.04 -1089.64
6439.73 -1088.48
6417.45 -1085.69
6374.88 -1103.77
6353.06 -1101.57
6331.09 -1099.87
6319.31 -1087.68
6295.65 -1088.33
6272.4 -1088.98
6234.58 -1106.4
6212.35 -1107.02
6190.48 -1107.63
6168.96 -1108.23
6147.76 -1108.82
6126.89 -1109.4
6106.33 -1109.97
6086.07 -1110.53
6066.11 -1111.09
6046.43 -1111.63
6027.02 -1112.17
6007.88 -1112.7
5989 -1113.23
5970.36 -1113.75
5951.97 -1114.26
5933.81 -1114.76
5915.88 -1115.26
5898.17 -1115.75
5880.67 -1116.24
5863.38 -1116.72
5846.29 -1117.2
5829.4 -1117.67
5812.69 -1118.13
5796.17 -1118.59
5779.83 -1119.04
5763.65 -1119.49
5747.65 -1119.94
5731.81 -1120.38
5716.12 -1120.82
5700.59 -1121.25
5685.21 -1121.67
5669.97 -1122.1
5654.87 -1122.52
5639.9 -1122.93
5625.07 -1123.35
5610.36 -1123.76
