-765.692 -7844.45
-703.595 -7905.76
-640.964 -7966.53
-577.803 -8026.75
-514.121 -8086.42
-449.922 -8145.52
-385.209 -8204.07
-319.986 -8262.04
-254.259 -8319.45
-188.035 -8376.28
-121.318 -8432.53
-54.1131 -8488.2
13.5758 -8543.28
81.744 -8597.76
150.385 -8651.65
219.492 -8704.94
289.061 -8757.62
359.09 -8809.69
429.568 -8861.15
5556.9 -1792.97
5582.53 -1775.55
5602.73 -1765.19
5626.03 -1749.57
5645.7 -1738.64
5653.19 -1745.91
5674.68 -1731.18
5679.48 -1742.46
5694.34 -1737.52
5708.03 -1734.11
5728.19 -1719.32
5744.07 -1711.19
5761.72 -1699.37
5767.53 -1708.33
5780.11 -1704.95
5796.33 -1694.35
5799.45 -1708.4
5816.8 -1694.81
5829.87 -1689.06
5838 -1693.05
5851.31 -1686.13
5862.78 -1682.68
5870.03 -1688.2
5884.64 -1677.21
5892.27 -1681.64
5903.05 -1678.64
5911.85 -1680.14
5922.14 -1677.85
5935.64 -1667.07
5943.58 -1670.13
5954.33 -1665.63
5964.97 -1661.01
5974.18 -1660.05
5983.99 -1657.11
5991.84 -1659.75
6002.78 -1652.82
6012.09 -1650.53
6024.52 -1637.62
6030.79 -1644.71
6037.43 -1650.79
6049.47 -1637.55
6057.14 -1639.62
6065.33 -1639.69
6074.46 -1635.81
6085.36 -1624.04
6093.58 -1622.88
6101.77 -1621.64
6108.69 -1626.2
6118.23 -1617.96
6126.11 -1617.47
6132.35 -1625.76
6142.15 -1614.31
6148.96 -1619.52
6158.02 -1610.85
6166.19 -1607.03
6173.04 -1612.05
6181.26 -1607.1
6188.66 -1608.03
6195.96 -1609.88
6203.9 -1605.71
6212.23 -1596.48
6220.31 -1588.17
6227.01 -1595.74
6234.18 -1598.26
6242.09 -1588.74
6248.98 -1596.13
6256.83 -1583.48
6263.89 -1587.74
6271.58 -1568.96
6278.48 -1580.09
6285.61 -1584.17
6292.81 -1584.19
6299.87 -1571.15
6307.09 -1578.04
6314.3 -1579.87
6321.2 -1572.64
6328.11 -1568.35
6335.39 -1571.99
6341.85 -1561.59
6349.28 -1567.1
6355.44 -1555.6
6363.37 -1565.97
6370.21 -1563.31
6377.66 -1566.57
6384.58 -1564.79
6391.36 -1561.96
6396.9 -1550.15
6403.94 -1550.19
6410.54 -1547.2
6416.94 -1543.17
6423.11 -1538.09
6432.53 -1551.68
6436.5 -1534.69
6444.03 -1537.32
6452.22 -1542.81
6454.86 -1521.82
6463.91 -1531.1
6468.37 -1519.82
6478.06 -1530.88
6486.98 -1537.95
6498.06 -1552.66
6503.41 -1545.03
6512.95 -1552.78
6526.53 -1573.87
6531.63 -1565.08
6538.36 -1561.99
6547.78 -1567.43
6560.42 -1582.27
6562.48 -1564.72
6569.83 -1563.27
6580.53 -1571.17
6597.58 -1595.84
6609.44 -1605.31
6622.22 -1616.49
6643.32 -1647.97
6658.21 -1662.46
6680.31 -1693.38
7722.5 -4112.48
7335.5 -3147.87
7303.59 -3020.93
7319.54 -3003.83
7337.4 -2991.14
7351.65 -2971.11
7378.39 -2977.03
7409.35 -2990.71
7483.93 -3088.56
7523.22 -3114.4
7508.38 -3037.41
7522.47 -3016.16
7537.25 -2996.59
7558.7 -2989.11
7570.09 -2964.13
7589.79 -2953.74
7606.31 -2938.05
7625.8 -2927.34
7632.44 -2896.13
7652.65 -2886.87
7674.99 -2880.77
7691.79 -2866.11
7709.56 -2852.98
7807.31 -2955.74
7881.07 -3020.14
7865.21 -2956.59
12185.2 -8837.54
10216.9 -6042.3
10435.4 -6235.91
10866.4 -6696.99
10796.4 -6501.84
10940.6 -6580.29
10791.2 -6293.55
10896.1 -6322.63
10889.7 -6217.22
11006.2 -6257.35
11247.9 -6438.25
11287.4 -6383.56
11519.3 -6542.26
11509.3 -6430.92
11606.5 -6436.26
11673.1 -6407.76
11703.3 -6341.2
11764.5 -6306.57
11723.4 -6169.68
11871.2 -6220.69
11941.7 -6193.97
11996.2 -6151.32
12043 -6101.34
11836.1 -5819.72
11666.4 -5579.53
11815.5 -5626.98
12209.3 -5882.94
12103.8 -5703.46
12027 -5552.52
11832.9 -5308.75
11290.1 -4790.65
11282.8 -4713.35
11229.5 -4601.47
10964 -4329.94
10782.3 -4129.37
10580.5 -3919.8
10420.7 -3746.84
10268.1 -3583.88
10128.5 -3434.68
9974.3 -3279.67
9969.59 -3229.59
10012.7 -3211.7
9817.32 -3039.05
9617.52 -2868.94
9458.34 -2729.43
9371.26 -2638.18
9294 -2555.28
9232.78 -2483.99
9155.82 -2405.44
9096.01 -2338.67
9029.13 -2269.69
8984.14 -2214.37
8994.97 -2189.88
9012.68 -2168.99
9038.26 -2151.97
9052.1 -2128.83
9078.34 -2111.67
9100.88 -2092.44
9118.76 -2070.82
9152.87 -2056.41
9164.08 -2031.39
9182.41 -2009.45
9191.37 -1983.39
9232.46 -1970.6
9248.48 -1947.12
9268.98 -1925.28
9297.73 -1906.38
9298.25 -1876.62
9252.41 -1830.27
9208.81 -1785.8
9153.32 -1738.29
9129.49 -1702.55
9087.18 -1661.47
9043.41 -1620.9
9002.98 -1582.33
9005.27 -1557.22
8995.78 -1528.85
9002.39 -1505.22
9028.12 -1486.67
8984.97 -1450.09
8958.86 -1418.64
8924.63 -1385.84
8893.93 -1354.58
8873.63 -1326.27
8844.23 -1296.51
8823.33 -1269.07
7528.49 -997.126
7413.47 -964.868
7378.77 -948.715
7369.53 -937.423
7360.17 -926.307
7348.73 -915.076
7334.2 -903.646
7331.45 -894.024
7314.72 -882.783
7294.89 -871.511
7331.64 -866.439
7309.64 -855.196
7307.45 -846.049
7324.12 -838.401
7319.79 -829.045
7334.33 -820.892
7307.87 -810.428
7318.27 -801.969
7339.59 -793.695
7366.84 -785.198
7378.03 -775.979
7383.13 -766.528
7389.15 -756.986
7390.09 -747.394
7419.94 -737.221
7439.7 -726.807
7430.38 -717.118
7458.94 -705.855
7465.42 -695.286
7478.79 -684.158
7497.04 -672.434
7516.17 -660.305
7518.25 -649.351
7534.16 -636.983
7528.08 -626.674
7566.61 -611.276
7573.21 -599.161
7575.73 -587.449
7608.83 -571.305
7618.01 -558.166
7635.96 -543.426
7635.99 -531.365
7671.36 -512.964
7699.63 -495.219
7698.26 -482.745
7713.42 -466.852
7612.07 -475.649
7529.52 -482.042
7487.12 -480.549
7515.75 -462.59
7485.96 -458.743
7475.55 -450.347
7470.88 -440.545
7461.31 -432.146
7452.65 -423.612
7458.3 -410.916
7427.5 -409.278
7424.4 -399.376
7447.83 -380.794
7422.69 -378.056
7444.83 -359.355
7484.63 -333.86
7518.43 -309.705
7657.67 -245.143
7710.03 -211.263
7706.13 -198.533
7692.84 -189.595
7697.97 -173.155
7684.53 -164.434
7662.79 -159.508
7653.86 -149.195
7644.84 -138.993
7639.38 -127.204
7622.99 -120.65
7628.15 -103.77
7622.38 -92.1278
7611.16 -83.271
7591.04 -79.1942
7581.53 -69.7616
7568.44 -62.3586
7564.06 -50.2658
7550.87 -43.1382
7547.16 -30.6674
7546.78 -16.1694
7534.26 -8.85777
7516.59 -4.85321
7511.66 6.87505
7503.24 16.4186
7502.29 30.7908
7482.02 32.4718
7474.24 42.273
7470.5 54.8389
7464.98 66.2499
7446.35 68.3094
7439.09 78.3586
7430.13 87.1514
7429.08 101.886
7422.32 112.393
7407.59 116.676
7410.84 135.123
7394.46 137.92
7382.73 144.325
7373.28 152.528
7364.52 161.286
7354.94 169.302
7359.51 189.84
7337.83 187.056
7347.2 212.403
7332.84 216.114
7313.43 214.82
7309.2 227.881
7298.41 234.62
7288.99 242.664
7276.72 247.76
7279.68 268.575
7269.98 276.435
7260.91 284.937
7246.37 287.451
7241.2 300.214
7239.19 316.717
7231.73 327.217
7214.44 326.243
7211.99 342.7
7209.95 359.968
7193.87 360.16
7194 380.536
7177.27 379.69
7165.48 384.996
7165.66 406.179
7150.71 407.326
7139.33 413.162
7138.33 433.563
7126.74 439.27
7111.74 439.914
7104.03 451.18
7103.89 474.093
7088.21 473.58
7075.28 477.111
7070.8 494.096
7064.52 508.535
7049.32 508.37
7039.24 516.663
7030.57 527.478
7020.79 536.495
7011.87 547.191
7001.39 555.19
6995.51 571.945
6989.38 588.696
6973.98 587.602
6961.31 591.718
6953.42 605.612
6944.92 618.567
6935.82 630.569
6930.68 651.626
6920.78 662.639
6911.12 674.504
6900.53 684.466
6882.96 677.709
6873.01 689.314
6865.81 708.303
6858.33 727.277
6842.55 724.671
6834.01 741.651
6820.56 745.388
6812.91 766.035
6798.95 768.632
6786.52 775.861
6780.27 803.029
6764.59 800.539
6754.91 818.043
6745.51 837.418
6727.84 827.824
6715.78 838.34
6705.79 857.483
6694.07 870.747
6689.09 913.115
6695.22 1007.18
6677.86 1001.85
6666.18 1022.77
6651.21 1028.92
6642.58 1068.33
6626.62 1071.32
6613.55 1090.93
6597.56 1094.66
6583.07 1108.13
6568.8 1124.46
6553.31 1133.74
6541.03 1168.68
6525.03 1177.74
6510.79 1203.56
6493.65 1205.4
6477.63 1219.04
6463.17 1253.47
6444.83 1244.92
6428.83 1268.14
6412.25 1288.23
6395.44 1310.18
6378.13 1329
6360.72 1354.66
6342.83 1378.18
6324.33 1388.55
6305.77 1415.76
6286.8 1409.8
6267.35 1458.68
6247.91 1462.39
6227.94 1482.92
6207.49 1506.26
6186.12 1540.41
6164.87 1561.37
6142.66 1591.12
6121.87 1593.73
6098.61 1626.05
6075.04 1655.15
6051.73 1676.07
6028.99 1687.8
6010.3 1662.58
5990.42 1650.11
5969.67 1645.41
5945.87 1662.32
5919.96 1690.85
5889.88 1741.82
5862.73 1769.77
5833.82 1804.33
5804.66 1836.61
5774.31 1871.52
5747.35 1886.5
5713.79 1930.54
5684.22 1952.72
5648.33 1999.91
5610.15 2052.51
5574.18 2092.04
5541.5 2115.67
5506.53 2145.71
5465.33 2195.57
5422.09 2248.78
5397.59 2235.33
5436.24 2017.16
5310.06 2330.79
5244.89 2439.02
5198.5 2484.73
5146.66 2543.1
5096.06 2594.22
5039.68 2657.84
4991.6 2695.46
4924.76 2779.14
4860.78 2850.75
4802.98 2902.98
4739.93 2964.63
4665.09 3050.28
4585.44 3142.23
4552.69 3124.46
4568.01 3001.86
4345.53 3391.42
4248.86 3500.53
4152.34 3603.76
4055.66 3702.05
3946.17 3820.33
3831.2 3943.24
5011.26 1636.33
4937.24 1722.51
4888.39 1759.52
3300.43 4502.2
3144.75 4665.34
2986.51 4825.29
2802 5021.4
4275.57 2515.17
4609.64 1919.81
4719.99 1696.14
4698.08 1683.18
4676.83 1669.18
4661.87 1645.89
4638.67 1634.88
4612.09 1628.54
4594.22 1609.74
397.063 7319.15
326.792 7267.41
256.975 7215.06
187.617 7162.1
118.725 7108.53
50.2984 7054.37
-17.6489 6999.61
-85.116 6944.26
-152.097 6888.32
-218.587 6831.81
-284.582 6774.71
-350.077 6717.04
-415.065 6658.8
-479.542 6600
-543.504 6540.63
-606.949 6480.71
-669.866 6420.24
-732.252 6359.22
-794.103 6297.66
