3136.23 -4621.48
3197.46 -4559.3
3258.15 -4496.59
3318.29 -4433.35
3377.87 -4369.59
3436.89 -4305.32
3495.35 -4240.53
3553.25 -4175.23
3610.57 -4109.43
3667.32 -4043.14
3723.48 -3976.35
3779.06 -3909.07
3834.05 -3841.31
3888.45 -3773.07
3942.25 -3704.36
3995.45 -3635.19
4048.04 -3565.55
4100.03 -3495.46
4151.4 -3424.91
-2844.21 1637.28
-2843.11 1651.03
-2842.17 1664.73
-2850.52 1684.52
-2840.75 1692.01
-2832.7 1700.71
-2827.26 1711.09
-2820.21 1720.46
-2814.95 1730.94
-2806.35 1739.4
-2805.58 1752.51
-2789.33 1756.62
-2801.84 1777.13
-2801.48 1790.13
-2781.01 1792.19
-2766.67 1797.82
-2765.68 1810.53
-2766.59 1824.12
-2749.73 1828.78
-2754.47 1844.14
-2735.87 1848.25
-2748.12 1866.91
-2749.67 1880.37
-2725.73 1882.46
-2726.55 1895.61
-2714.59 1903.27
-2703.6 1911.49
-2701.94 1923.57
9.68738 878.403
22.109 913.442
58.605 939.554
109.059 961.106
140.565 990.039
158.621 1023.93
189.689 1053.62
223.407 1082.83
233.063 1119.97
5614.54 -465.945
5639.42 -382.298
376.47 1198.79
-2660.82 2071.11
-2705.14 2094.97
-2745.9 2117.04
-2783.06 2137.42
-2804.91 2153.44
-2832.81 2170.39
-2872.63 2189.39
-2891.16 2203.17
-2924.55 2219.55
-2943.41 2232.51
-2974.23 2247.28
-2993.4 2259.45
-3008.75 2270.63
-3032.14 2282.75
-3053.68 2294.16
-3064.45 2303.69
-3077.3 2313.27
-3094.22 2323.1
-3116.21 2333.17
-3131.35 2342.14
-3141.6 2350.37
-3162.89 2359.35
-3171.31 2366.96
-3180.8 2374.5
-3209.33 2382.96
-3199.99 2389.05
-3207.69 2395.99
-3203.45 2402.41
-3145.29 2407.67
6040.92 2284.67
6041.78 2371.93
6041.87 2459.2
6041.2 2546.46
6039.77 2633.71
6037.58 2720.95
6034.63 2808.17
6030.92 2895.36
6026.44 2982.51
-2908.26 2493.96
-2902.9 2503.56
-2904.61 2512.68
-2892.46 2523.04
-1054.45 2715.52
-1075.97 2738.8
5973.86 3591.01
5963.32 3677.64
5952.02 3764.17
5939.97 3850.6
5927.16 3936.92
5913.6 4023.13
5899.29 4109.21
5884.23 4195.17
5868.42 4280.99
-3347.9 2546.97
5834.55 4452.2
5816.5 4537.58
5797.71 4622.8
5778.17 4707.85
-3346.94 2575.13
-3316.27 2588.55
-3326.42 2591.86
-3324.99 2598.15
-3340.96 2599.61
-3354.98 2601.37
-3360.36 2605.47
-3363.86 2610.09
-3375.01 2612.23
-3369.06 2619.81
-3380.24 2621.74
-3387.63 2624.8
-3386.56 2630.78
-3400.57 2631.28
-3411.74 2632.6
-3409.83 2638.81
-3411.7 2643.58
-3420.1 2645.7
-3443.26 2641.51
-3427.69 2653.48
-3424.2 2660.51
-3436.3 2660.65
-3469.26 2650.99
-3460.38 2660.36
-3466.04 2662.96
-3479.79 2661.51
-3485.44 2663.88
-3494.64 2664.34
-3490.54 2671.62
-3501.51 2670.97
-3496.65 2678.79
-3499.74 2682.31
-3504.6 2684.82
-3508.6 2687.76
-3511.76 2691.16
4596.6 7604.85
4551.08 7679.3
4504.92 7753.36
4458.11 7827.01
4410.66 7900.25
4362.57 7973.07
-3532.9 2715.11
-3538.73 2716.53
-3536.37 2723.63
-3527.61 2735.47
-3529.52 2739.81
-3537.08 2739.95
-3533.46 2748.45
-3522.84 2762.53
-3520.29 2770.65
-3515.5 2780.7
-3515.51 2787.08
-3517.14 2792.21
-3511.95 2803.14
-3509.94 2811.58
-3509.56 2818.77
-3501.05 2833.31
-3500.18 2841.31
-3502.35 2846.65
-3500.93 2855.4
-3498.91 2864.9
-3504.18 2867.49
-3511.61 2867.92
-3505.61 2881.73
-3510.3 2884.95
-3510.17 2893.17
-3495.74 2916.71
-3490.52 2930.99
-2994.79 3484.5
-2635.38 3905.04
-2643.06 3922.54
-2665.31 3923.36
-2675.84 3937.63
-2698.68 3937.24
-2701.14 3961.33
-2720.23 3965.23
-2740.52 3967.34
-2758.92 3971.58
-2773.67 3980.4
-2787.87 3989.88
-2790.9 4014.53
-2814.17 4011.68
-2824 4027.32
-2839.73 4034.69
-2854.93 4042.73
-2870.75 4049.81
-2884.96 4059.23
-2906.84 4056.77
-2914.69 4076.02
-2927.55 4087.61
-2944.68 4092.27
-2959.26 4101.05
-2974.92 4107.98
-2986.65 4121.7
-3004.91 4124.01
-3023.14 4126.13
-3028.05 4152.71
-3048.28 4151.03
-3061.53 4162.46
-3086.19 4151.47
-3097.73 4166.19
-3111.2 4177.23
-3123.1 4191.79
-3142.31 4190.84
-3148.68 4217.94
-3162.73 4228.59
-3184.03 4222.61
-3195.86 4238.51
-3213.6 4240.47
-3230.21 4245.04
-3245.74 4252.25
-3256.37 4272.42
-3274.25 4273.78
-3284.97 4294.73
-3304.94 4290.16
-3316.72 4309.04
-3332.54 4316.46
-3349.98 4318.99
-3367.11 4322.32
-3381.37 4335.06
-3399.17 4336.18
-3413.95 4347.72
-3429.95 4355.29
-3443.22 4373.36
-3464.68 4360.34
-3500.68 4286.88
-3526.37 4250.9
-3543.42 4249.73
-3557.43 4262.07
-3573.46 4265.5
-3584.62 4293.3
-3597.55 4314.16
-3599.9 4394.96
-3626.81 4341.85
-3652.44 4290.39
-3673.77 4260.37
-3696.15 4219.25
-3716.97 4183.82
-3743 4102.54
-3766.06 4033.85
-3773.83 4092.12
-3791.41 4063.82
-3808.3 4037.33
-3826.39 3990.75
-3840.42 3986.85
-3855.11 3971.85
-3871.26 3926.77
-3885.04 3913.49
-3899.48 3878.1
-3912.62 3863.56
-3925.92 3830.91
-3938.32 3821.14
-3950.66 3791.26
-3962.53 3778.27
-3974.02 3753.18
-3985.23 3735
-3995.85 3707.72
-4005.85 3676.37
-4015.96 3658.92
-4026.1 3647.39
-4036.05 3635.77
-4045.21 3616.09
-4053.55 3590.37
-4061.08 3560.61
-4071.27 3562.66
-4078.38 3535.78
-4085.96 3516.81
-4095.73 3517.63
-4105.65 3519.36
-4112.19 3497.25
-4117.15 3467.2
-4128.14 3477.61
-4136.13 3469.19
-4139.92 3438.07
-4149.3 3439.39
-4156.77 3430.82
-4162.9 3416.31
-4169.42 3404.72
-4177.07 3398.93
-4180.07 3373.62
-4187.39 3367.76
-4189.71 3342.45
-4198.96 3345.23
-4209.07 3350.82
-4211.99 3330.3
-4219.03 3325.17
-4222.85 3309.44
-4231.14 3309.01
-4228.5 3274.2
-4243.07 3293.66
-4242.29 3266.51
-4250.27 3265.89
-4253.21 3251.07
-4258.67 3243.77
-4263.32 3234.56
-4271.81 3235.6
-4269.99 3210.53
-4273.8 3200.37
-4284.01 3205.89
-4288.05 3196.58
-4292.75 3189.09
-4298.57 3184.32
-4300.58 3171.32
-4310.47 3175.55
-4304.43 3146.31
-4312.46 3146.85
-4316.04 3138.37
-4325.44 3141.44
-4325.16 3125.81
-4335.03 3129.64
-4336.36 3117.55
-4347.74 3123.82
-4337.96 3092.6
-4341.75 3085.8
-4350.04 3086.72
-4351.65 3076.43
-4357.31 3072.98
-4366.66 3075.39
-4359.35 3051.6
-4367.53 3052.26
-4372.98 3048.66
-4378.95 3045.85
-4378.08 3033.11
-4385.67 3032.69
-4378.11 3011.06
-4393.83 3021.9
-4393.63 3010.86
-4402.95 3012.61
-4393.98 2990.51
-4402.6 2991.4
-4405.64 2985.16
-4402.92 2971.93
-4408.3 2968.8
-4416.89 2969.43
-4422.92 2966.92
-4417.74 2951.56
-4418.98 2943.79
-4424.82 2941.23
-4434.04 2942.28
-4439.9 2939.57
-4433.31 2923.78
-4439.72 2921.76
-4439.81 2913.27
-4453.26 2918.21
-4441.08 2897.81
-4452.39 2900.5
-4457.96 2897.54
-4456.92 2888.4
-4457.24 2880.66
-4470.87 2884.96
-4455.33 2863.3
-4462.91 2862.21
-4463.64 2855.2
-4481.96 2862.94
-4480.33 2853.92
-4484.83 2849.97
-4482.23 2840.4
-4492.93 2841.32
-4494.94 2835.43
-4504.09 2834.92
-4504.42 2827.77
-4499.79 2817.14
-4507.26 2815.29
-4508.99 2809.34
-4504.05 2798.88
-4524.73 2805.79
-4515.49 2792.59
-4538.83 2800.72
-4517.57 2780.13
-4517.24 2773.13
-4533.91 2776.55
-4530.08 2767.41
-4537.35 2764.93
-4542.88 2761.36
-4530.09 2747.43
-4560.03 2757.36
-4547.93 2744.04
-4552.45 2739.81
-4543.62 2728.65
-4569.44 2735.25
-4553.29 2720.6
-4559.43 2717.13
-4565.56 2713.59
-4568.05 2708.27
-4563.19 2699.65
-4576.54 2699.2
-4568.79 2689.44
-4578.44 2687.2
-4572.37 2678.36
-4584.76 2677.08
-4587.85 2671.96
-4590.91 2666.81
-4592.04 2660.93
-4582.78 2651.33
-4590.38 2647.85
-4605.54 2646.84
-4604.59 2640.24
-4627.38 2641.32
-4624.46 2633.98
-4615.72 2624.98
-4610.71 2617.26
-4621.01 2614.01
-4607.19 2604
-4629.98 2603.95
-4620.85 2595.36
-4628.13 2591
-4634.4 2586.3
-4638.7 2581.06
-4626.35 2572.13
-4646.19 2570.18
-4637.62 2562.21
-4659.4 2560.21
-4661.53 2554.26
-4667.55 2548.97
-4660.7 2541.48
-4667.6 2536.26
-4673.48 2530.79
-4678.33 2525.09
-4673.21 2518.04
-4681.93 2512.74
-4678.68 2505.98
-4691.29 2500.9
-4680.96 2493.48
-4700.45 2488.77
-4693.99 2481.76
-4699.43 2475.67
-4701.83 2469.31
-4701.18 2462.77
-4711.46 2456.69
-4715.7 2450.24
-4712.88 2443.56
-4719 2437.06
-4731.07 2430.48
-4750.07 2423.67
-4750.02 2416.76
-4733.91 2410.18
-4733.74 2403.41
-4746.5 2396.15
-4752.2 2388.99
-4755.84 2381.84
-4759.41 2374.62
-4767.91 2366.97
-4765.37 2360.07
-4775.71 2352.03
-4765.08 2345.89
-4785.23 2336.59
-4784.41 2329.37
-4792.47 2321.04
-4791.52 2313.76
-4803.37 2304.64
-4816.12 2295.16
-4819.87 2286.88
-4820.6 2279.02
-4811.41 2272.92
-4813.97 2264.73
-4835.09 2252.81
-4839.41 2243.95
-4833.88 2237.11
-4851.71 2225.08
-4865.5 2213.64
-4862.63 2205.96
-4864.55 2197.1
-4856.72 2190.72
-4880.68 2175.81
-4877.5 2168.04
-4892.5 2155.01
-4887.22 2147.73
-4908.64 2132.24
-4907.94 2123.35
-4904.31 2115.38
-4910.09 2104.25
-4919.52 2091.68
-4945.75 2072.86
-4951.08 2061.15
-4941.3 2054.97
-4958.54 2038.46
-4963.48 2026.41
-4967.36 2014.63
-4961.88 2006.61
-4982.08 1987.63
-4995.61 1971.08
-5012.58 1952.62
-5012.95 1941.35
-5022.25 1925.78
-5030.46 1910.44
-5042.07 1893.16
-5048.1 1878.33
-5063.73 1858.33
-5059.62 1848.24
-5085.38 1822.11
-5109.02 1796.46
-5103.48 1786.44
-5118.7 1764.58
-5137.08 1740.4
-5143.09 1722.99
-5167.71 1694.03
-5163.82 1681.93
-5180.98 1656.52
-5202.83 1627.51
-5210.04 1607.37
-5225.31 1581.5
-5242.71 1553.62
-5249.02 1532.77
-5282.04 1492.72
-5292.52 1467.79
-12028.9 -3478.17
-11977 -3548.37
-11924.6 -3618.12
-11871.5 -3687.41
-11817.9 -3756.24
-11763.6 -3824.59
-11708.8 -3892.47
-11653.3 -3959.87
-11597.3 -4026.78
-11540.7 -4093.19
-11483.5 -4159.12
-11425.8 -4224.54
-11367.5 -4289.45
-11308.6 -4353.85
-11249.1 -4417.74
-11189.1 -4481.11
-11128.6 -4543.94
-11067.5 -4606.25
-11005.8 -4668.02
