-0 -0
-0 -0
-0 -0
-0 -0
-0 -0
-0 -0
-0 -0
-0 -0
-0 -0
-0 -0
-0 -0
-0 -0
-0 -0
-0 -0
-0 -0
-0 -0
-0 -0
-0 -0
-0 -0
-1.896 -2.65809
-1.90083 -2.71467
-1.92352 -2.79873
-1.92362 -2.85189
-1.91798 -2.89775
-1.91059 -2.94206
-1.89129 -2.96874
-1.88598 -3.0182
-1.85121 -3.0209
-1.8083 -3.00951
-1.76725 -3.00019
-1.7235 -2.98519
-1.67916 -2.96791
-1.63672 -2.95272
-1.59323 -2.93437
-1.55536 -2.92521
-1.51684 -2.91383
-1.47638 -2.89755
-1.44077 -2.88974
-1.39577 -2.86176
-1.36515 -2.8621
-1.32744 -2.84671
-1.29218 -2.83544
-1.25722 -2.82377
-1.22017 -2.8062
-1.18821 -2.79926
-1.15303 -2.78365
-1.12307 -2.7797
-1.08411 -2.75218
-1.06041 -2.76246
-1.02856 -2.75101
-0.982966 -2.70068
-0.947344 -2.67522
-0.923311 -2.68149
-0.896703 -2.67996
-0.859376 -2.64489
-0.836564 -2.65324
-0.808408 -2.64418
-0.777918 -2.62621
-0.754971 -2.6329
-0.723147 -2.60758
-0.702176 -2.62056
-0.673021 -2.60238
-0.647867 -2.59845
-0.6254 -2.60498
-0.59882 -2.59377
-0.576595 -2.60085
-0.549095 -2.58329
-0.52055 -2.55858
-0.501255 -2.57873
-0.476364 -2.57023
-0.448012 -2.5408
-0.426153 -2.54659
-0.403444 -2.54725
-0.380757 -2.5477
-0.356283 -2.53509
-0.332972 -2.52918
-0.310401 -2.52801
-0.286744 -2.51672
-0.263725 -2.50918
-0.241627 -2.50939
-0.219197 -2.50543
-0.196932 -2.50226
-0.173763 -2.48493
-0.151584 -2.47837
-0.129217 -2.46562
-0.107522 -2.46265
-0.0852594 -2.44151
-0.0635838 -2.42817
-0.0423397 -2.42563
-0.0211444 -2.42291
1.82856e-07 -2.422
0.0208303 -2.38691
0.0417112 -2.38964
0.0622486 -2.37719
0.0827467 -2.36956
0.102767 -2.35376
0.122623 -2.33979
0.143281 -2.34262
0.163021 -2.33131
0.183673 -2.33378
0.202637 -2.31615
0.22217 -2.30733
0.241774 -2.30033
0.26048 -2.28621
0.28164 -2.29377
0.301385 -2.28925
0.318846 -2.2687
0.337597 -2.25891
0.358078 -2.26082
0.376473 -2.24972
0.394529 -2.23748
0.412763 -2.22707
0.431419 -2.21946
0.45416 -2.23227
0.470504 -2.21355
0.492617 -2.22205
0.511539 -2.21572
0.527353 -2.19658
0.544324 -2.18317
0.562103 -2.17349
0.581825 -2.1714
0.60476 -2.1807
0.618806 -2.15803
0.63733 -2.15159
0.656667 -2.14786
0.678693 -2.15254
0.697451 -2.14653
0.716474 -2.14131
0.728296 -2.11512
0.746726 -2.10869
0.768861 -2.11243
0.787266 -2.10564
0.806328 -2.10056
0.822795 -2.08879
0.840617 -2.0806
0.864099 -2.08612
0.878363 -2.06929
0.891603 -2.05055
0.917598 -2.06096
0.936792 -2.0556
0.955962 -2.05007
0.973816 -2.04165
0.992034 -2.03397
1.00707 -2.01987
1.0292 -2.01991
1.04124 -2.00021
1.06617 -2.00517
1.07886 -1.98701
1.09518 -1.97577
1.12667 -1.99137
1.14 -1.97454
1.16277 -1.97399
1.17738 -1.95948
1.20122 -1.96022
1.21616 -1.94627
1.24385 -1.95245
1.2494 -1.92391
1.27553 -1.92711
1.29789 -1.9242
1.31803 -1.91774
1.33242 -1.90289
1.34723 -1.88875
1.38071 -1.90038
1.39545 -1.88585
1.42209 -1.88718
1.43972 -1.87628
1.45604 -1.86365
1.47162 -1.85009
1.49904 -1.85116
1.52214 -1.8465
1.5414 -1.83697
1.55997 -1.8265
1.58241 -1.82036
1.60884 -1.81846
1.62465 -1.80436
1.65047 -1.80117
1.66612 -1.7867
1.68578 -1.77644
1.71581 -1.77677
1.73545 -1.76601
1.75009 -1.75009
1.77956 -1.74877
1.79475 -1.73317
1.82432 -1.73121
1.84813 -1.72341
1.86826 -1.71195
1.89725 -1.70829
1.92557 -1.7036
1.94036 -1.68673
1.97401 -1.68597
1.99555 -1.67446
2.03014 -1.67352
2.04467 -1.65574
2.06374 -1.64157
2.0969 -1.63828
2.12539 -1.63087
2.15871 -1.62671
2.18328 -1.61554
2.20619 -1.60289
2.23068 -1.59113
2.25594 -1.57963
2.29931 -1.58027
2.31965 -1.56462
2.35323 -1.55757
2.38266 -1.54732
2.40704 -1.53345
2.43475 -1.5214
2.45134 -1.50218
2.4815 -1.49104
2.51854 -1.48353
2.54178 -1.4675
2.5719 -1.45511
2.61949 -1.452
2.64963 -1.43863
2.66827 -1.41874
2.7178 -1.4148
2.74252 -1.39738
2.78772 -1.38991
2.81682 -1.37386
2.8639 -1.36601
2.89293 -1.349
2.93554 -1.3378
2.97268 -1.32352
3.00062 -1.30471
3.03767 -1.28941
3.08021 -1.27587
3.12183 -1.2613
3.16714 -1.24757
3.21338 -1.2335
3.25025 -1.21522
3.29362 -1.19878
3.34732 -1.18535
3.39347 -1.16846
3.43388 -1.14896
3.48657 -1.13286
3.53734 -1.11532
3.59284 -1.09844
3.6368 -1.07727
3.69221 -1.05872
3.7543 -1.04116
3.80961 -1.02078
3.86581 -0.999767
3.92194 -0.977848
3.97797 -0.955025
4.04364 -0.933547
4.11509 -0.912293
4.17473 -0.887367
4.23621 -0.861868
4.30934 -0.837652
4.37352 -0.810583
4.43656 -0.782285
4.52015 -0.756413
4.5888 -0.726795
4.67013 -0.697957
4.75725 -0.668587
4.84222 -0.63749
4.91608 -0.603619
5.00263 -0.569979
5.11085 -0.537172
5.21389 -0.50204
5.31769 -0.465237
5.40628 -0.425484
5.5295 -0.386661
5.64046 -0.344986
5.7581 -0.301769
5.8764 -0.256569
6.00034 -0.209537
6.10991 -0.159994
6.27704 -0.109567
6.41876 -0.0560153
6.578 0
6.73574 0.0587816
6.90995 0.120613
7.08557 0.185543
7.27257 0.253964
7.46589 0.325968
7.67647 0.402306
7.89724 0.483015
8.1491 0.569841
8.41498 0.662274
8.67785 0.759214
8.9506 0.861844
9.258 0.973054
0 0
0 0
0 0
0 0
0 0
0 0
0 0
0 0
0 0
0 0
0 0
0 0
0 0
0 0
0 0
0 0
0 0
0 0
0 0
0 0
0 0
0 0
0 0
0 0
0 0
0 0
0 0
0 0
7.87086 2.94279
7.12975 2.73686
7.00604 2.75975
6.97335 2.81742
6.95127 2.87931
6.92956 2.94142
6.90363 3.00178
6.87352 3.06029
6.84564 3.11974
3.32615 1.55101
3.039 1.44953
2.74671 1.33966
2.46286 1.22794
2.24534 1.14406
2.06053 1.07264
1.9001 1.0103
1.74357 0.946683
1.6784 0.93035
1.67979 0.950377
1.59608 0.9215
1.47339 0.867891
1.38604 0.832817
1.27043 0.778523
1.2814 0.800708
1.26424 0.805412
1.2622 0.819682
1.25667 0.831769
1.2477 0.841585
1.24608 0.856406
1.23692 0.8661
1.23664 0.882088
1.24346 0.903426
1.22186 0.904131
1.21952 0.918971
1.22573 0.940536
1.21984 0.953044
1.20209 0.956183
1.20224 0.973559
1.20836 0.996098
1.1912 0.999535
1.18471 1.01184
1.17886 1.02476
1.17286 1.03766
1.17863 1.06124
1.16637 1.06878
1.16139 1.08301
1.16713 1.10756
1.15598 1.11632
1.14049 1.12075
1.13773 1.13773
1.12916 1.14905
1.13368 1.17396
1.11582 1.17583
1.11711 1.19796
1.10324 1.20397
1.09737 1.21876
1.09597 1.23877
1.08775 1.25131
1.08068 1.26532
1.07281 1.27853
1.07561 1.30482
1.06922 1.32037
1.06761 1.34217
1.06448 1.36247
1.04707 1.36457
1.04054 1.38084
1.03261 1.3955
1.03391 1.42306
1.02436 1.4361
1.0181 1.45399
1.015 1.47683
1.0099 1.49724
1.00287 1.51517
0.986886 1.51967
0.980034 1.53835
0.975581 1.56126
0.960875 1.56801
0.960031 1.59776
0.956202 1.62331
0.944 1.63506
0.946438 1.67282
0.937622 1.69151
0.921394 1.697
0.913592 1.71822
2.59641 4.98766
2.53508 4.97538
2.46971 4.95346
2.40052 4.9218
2.33983 4.90555
2.28341 4.89678
2.21695 4.86465
2.16181 4.85549
2.1042 4.83933
2.04704 4.82253
1.98383 4.78939
1.92623 4.76758
1.87209 4.75257
1.818 4.73605
1.75769 4.70116
1.70463 4.68343
1.65234 4.66608
1.6018 4.65195
1.54591 4.62023
1.49811 4.61072
1.45181 4.60455
1.40485 4.59504
1.35419 4.57165
1.30487 4.55061
1.25709 4.53292
1.20817 4.50894
1.16226 4.49414
1.11865 4.48665
1.07432 4.47485
1.0242 4.43631
0.982636 4.43238
0.940385 4.42416
0.897954 4.41358
0.851389 4.38002
0.808944 4.36467
0.768914 4.36073
0.72753 4.34755
0.68534 4.32706
0.645336 4.31804
0.605125 4.30569
0.564395 4.28701
0.52477 4.2739
0.486661 4.27137
0.446232 4.24561
0.408878 4.24636
0.368495 4.21191
0.331176 4.20799
0.293884 4.20274
0.256221 4.18917
0.218712 4.17327
0.182329 4.17602
0.145671 4.17146
0.108922 4.15957
0.0721132 4.13137
0.0359447 4.11884
3.09164e-07 4.095
-0.0359092 4.11484
-0.0711712 4.07738
-0.10675 4.0766
-0.143158 4.0995
-0.177967 4.07612
-0.213164 4.06742
-0.247613 4.04843
-0.282025 4.03315
-0.315171 4.00462
-0.353156 4.03658
-0.387121 4.02041
-0.422086 4.01588
-0.455643 3.99913
-0.484552 3.94636
-0.519885 3.94893
-0.554883 3.9482
-0.582516 3.89771
-0.624016 3.93989
-0.652929 3.90175
-0.690252 3.91461
-0.723475 3.90352
-0.758847 3.90393
-0.79169 3.89128
-0.828112 3.89596
-0.8571 3.86613
-0.889456 3.85266
-0.920941 3.836
-0.954139 3.82685
-0.979738 3.78836
-0.999301 3.72944
-1.04704 3.7755
-1.08215 3.77391
-1.10993 3.74707
-1.13879 3.72481
-1.17035 3.71187
-1.20424 3.70627
-1.23336 3.68613
-1.26776 3.68185
-1.29951 3.6697
-1.33422 3.66574
-1.36826 3.65958
-1.40337 3.6559
-1.43778 3.65003
-1.47071 3.64012
-1.51198 3.65025
-1.55003 3.65164
-1.58064 3.63523
-1.61963 3.63774
-1.65877 3.63984
-1.6947 3.63429
-1.72936 3.62569
-1.77146 3.63203
-1.81335 3.63701
-1.85228 3.63531
-1.88994 3.63054
-1.92765 3.62538
-1.97925 3.64533
-2.01196 3.62967
-2.05981 3.6407
-2.092 3.62345
-2.13115 3.61798
-2.17243 3.61553
-2.22166 3.62543
-2.26646 3.6271
-2.32006 3.64176
-2.35012 3.61886
-2.4081 3.63824
-2.45542 3.6403
-2.50295 3.64181
-2.54668 3.63703
-2.57135 3.6049
-0 0
-0 0
-0 0
-0 0
-0 0
-0 0
-0 0
-0 0
-0 0
-0 0
-0 0
-0 0
-0 0
-0 0
-0 0
-0 0
-0 0
-0 0
-0 0
0 0
0 0
0 0
0 0
0 0
0 0
0 0
0 0
0 0
0 0
0 0
0 0
0 0
0 0
0 0
0 0
0 0
0 0
0 0
0 0
0 0
0 0
0 0
0 0
0 0
0 0
0 0
0 0
0 0
53.8709 11.1128
2.56819