23511 1285.41
23511 1285.41
23511 1285.41
23511 1285.41
23511 1285.41
23511 1285.41
23511 1285.41
23511 1285.41
23511 1285.41
23511 1285.41
23511 1285.41
23511 1285.41
23511 1285.41
23511 1285.41
23511 1285.41
23511 1285.41
23511 1285.41
23511 1285.41
23511 1285.41
23511 1285.41
23511 1285.41
23511 1285.41
23511 1285.41
23541.7 1280.98
23541.7 1280.98
23541.7 1280.98
23541.4 1283.97
23540.9 1288.94
23540 1298.9
23540 1298.9
23539.5 1303.87
23539 1308.85
23538.8 1310.84
23538.8 1310.84
23538.8 1310.84
23538.8 1310.84
23538.8 1310.84
23538.8 1310.84
23538.8 1310.84
23538.8 1310.84
23538.8 1310.84
23538.8 1310.84
23538.8 1310.84
23538.8 1310.84
23538.8 1310.84
23538.8 1310.84
23538.8 1310.84
23538.8 1310.84
23538.8 1310.84
23538.8 1310.84
23538.8 1310.84
23538.8 1310.84
23538.8 1310.84
23538.8 1310.84
23538.8 1310.84
23538.8 1310.84
23538.8 1310.84
23538.8 1310.84
23538.8 1310.84
23538.8 1310.84
23539.3 1315.64
23539.3 1315.64
23539.3 1315.64
23539.3 1315.64
23539.3 1315.64
23539.3 1315.64
23539.3 1315.64
23539.3 1315.64
23539.3 1315.64
23539.3 1315.64
23539.3 1315.64
23539.3 1315.64
23540.1 1325.05
23540.1 1325.05
23540.1 1325.05
23540.1 1325.05
23540.1 1325.05
23540.1 1325.05
23540.1 1325.05
23540.1 1325.05
23540.1 1325.05
23540.1 1325.05
23540.1 1325.05
23540.1 1325.05
23540.1 1325.05
23542.1 1317.34
23544.1 1319.6
23547.9 1324.24
23553.5 1331.28
23559.5 1338.99
23566.7 1348.58
23566.7 1348.58
23566.7 1348.58
23568.5 1351
23571.9 1355.9
23577 1363.34
23583.7 1373.32
23592.8 1388.85
23592.8 1388.85
23594.4 1391.38
23594.4 1391.38
23597.5 1396.51
23602.1 1404.29
23608 1414.71
23615.3 1427.8
23623.1 1442.33
23631.4 1458.33
23640 1475.82
23648.3 1493.46
23656.9 1512.61
23666.1 1533.97
23675.8 1557.57
23695.9 1610.89
23695.9 1610.89
23707.1 1641.95
23718.7 1675.23
23729.1 1711.06
23742.2 1750.18
23755.9 1792.27
23770.1 1837.34
23784.5 1884.5
23798.5 1931.95
23812.2 1979.52
23825.4 2027.21
23850.5 2122.92
23850.5 2122.92
23873.1 2215.42
23873.1 2215.42
23893.6 2306.1
23893.6 2306.1
23903.1 2350.84
23920.4 2437.61
23920.4 2437.61
23928.4 2481.11
23940.4 2527.96
23947.5 2569.34
23954.1 2610.04
23960.3 2650.8
23971.3 2729.51
23971.3 2729.51
23976.3 2768.93
23980.8 2806.9
23984.9 2844.91
23988.5 2881.46
23991.9 2918.04
23997.5 2989.79
24001.1 3026.1
24001.1 3026.1
24003 3059.79
24004.5 3093.49
24005.8 3127.2
24006.7 3159.42
24007.3 3191.65
24007.7 3223.88
24007.8 3256.11
24007.6 3286.85
24007.1 3317.58
24006.3 3351.3
24001.1 3377.15
24001.1 3377.15
23998.4 3406.25
23995.6 3434.59
23992.4 3462.91
23989.1 3491.19
23985.6 3517.96
23982 3544.69
23978.1 3571.39
23974.2 3596.58
23970.1 3621.73
23961.2 3671.91
23956.7 3695.47
23952 3718.99
23952 3718.99
23947.1 3742.47
23952.8 3757.28
23947.9 3779.22
23942.7 3801.11
23937.4 3822.95
23931.9 3844.75
23926.6 3865.04
23921.1 3885.29
23915.4 3905.5
23909.5 3925.65
23903.5 3945.75
23897.7 3964.36
23891.8 3982.92
23885.7 4001.43
23873.6 4036.87
23867.5 4053.8
23861.3 4070.68
23861.3 4070.68
23854.9 4087.5
23849 4102.87
23842.9 4118.18
23834.7 4138.82
23828.3 4154.02
23821.8 4169.16
23815.1 4184.25
23809 4197.9
23802.7 4211.51
23796.3 4225.06
23789.8 4238.55
23777 4264.02
23771 4276.06
23771 4276.06
23758.8 4300.14
23758.8 4300.14
23752.7 4312.18
23746.7 4324.21
23740.6 4336.25
23735.2 4346.95
23729.8 4357.65
23724.4 4368.35
23719 4379.05
23713.6 4389.74
23708.2 4400.44
23702.7 4411.09
23697.8 4420.37
23692.8 4429.6
23687.9 4438.84
23677.9 4457.3
23677.9 4457.3
23673 4466.53
23668 4475.77
23663 4484.96
23657.8 4494.1
23652.6 4503.2
23646.4 4519.06
23641 4528.09
23634.8 4538.36
23628.5 4548.52
23622.8 4557.31
23617 4566.04
23611.1 4574.73
23605.2 4583.37
23599.1 4591.95
23593 4600.48
23580.6 4617.38
23580.6 4617.38
23574.3 4625.75
23561.5 4642.32
23561.5 4642.32
23554.9 4650.52
23548.3 4658.66
23534.9 4674.77
23534.9 4674.77
23521.2 4690.65
23514.3 4698.5
23514.3 4698.5
23507.2 4706.28
23500.1 4714.01
23493 4721.67
23485.8 4729.27
23478.5 4736.8
23471.1 4744.28
23463.7 4751.68
23456.2 4759.03
23448.7 4766.3
23441.1 4773.52
23433.4 4780.66
23425.7 4787.74
23417.9 4794.75
23410 4801.69
23402.1 4808.56
23394.1 4815.36
23386.1 4822.1
23380.3 4826.85
23376.8 4829.7
