20584.3 -3025.08
20602.6 -3024.9
20621 -3024.73
20639.4 -3024.56
20657.7 -3024.39
20676.1 -3024.22
20694.6 -3024.05
20713 -3023.87
20731.5 -3023.7
20750 -3023.53
20768.5 -3023.36
20701.4 -2303.95
20698.2 -2183.98
20698.5 -2103.97
20697.3 -2023.98
20697.9 -1963.97
20697.3 -1903.97
20695.8 -1843.98
20696.8 -1803.97
20693.3 -1744
20692.7 -1704.01
20695.6 -1683.98
20698.2 -1663.95
20705 -1663.89
20711.7 -1663.83
20718.5 -1663.76
20725.4 -1663.7
20732.3 -1663.64
20734.9 -1648.12
20741.7 -1648.06
20748.5 -1647.99
20755.4 -1647.93
20762.3 -1647.86
20769.2 -1647.8
20776.2 -1647.73
20783.2 -1647.67
20790.2 -1647.6
20797.3 -1647.54
20804.4 -1647.47
20811.6 -1647.4
20818.8 -1647.34
20826.1 -1647.27
20833.4 -1647.2
20840.8 -1647.13
20848.2 -1647.06
20855.7 -1646.99
20863.2 -1646.92
20870.8 -1646.85
20878.4 -1646.78
20886.1 -1646.71
20893.9 -1646.63
20901.8 -1646.56
20909.7 -1646.49
20917.6 -1646.41
20925.7 -1646.34
20933.8 -1646.26
20942 -1646.18
20950.3 -1646.11
20958.7 -1646.03
20967.1 -1645.95
20975.7 -1645.87
20984.3 -1645.79
20993 -1645.71
21001.8 -1645.63
21010.7 -1645.54
21019.7 -1645.46
21028.8 -1645.37
21038.1 -1645.29
21047.4 -1645.2
21056.8 -1645.11
21066.4 -1645.02
21076.1 -1644.93
21085.9 -1644.84
21095.8 -1644.75
21105.9 -1644.65
21116.1 -1644.56
21126.5 -1644.46
21137 -1644.36
21147.6 -1644.26
21158.4 -1644.16
21169.4 -1644.06
21606.8 -2120
21625.6 -2119.82
21607.9 -2079.99
21607.9 -2059.98
21626.7 -2059.81
21607 -2019.99
21606 -2000
21624.6 -1999.83
21616.4 -1973.19
21624.2 -1962.49
21612 -1933.05
21620.1 -1923.03
21628.4 -1913.17
21616.7 -1885.52
21625.3 -1876.28
21613.9 -1849.87
21626.2 -1843.99
21615.6 -1819.05
21625.4 -1811.23
21615.2 -1787.41
21625.4 -1780.09
21615.7 -1757.34
21626.4 -1750.5
21617.2 -1728.76
21628.4 -1722.37
21627.1 -1706.92
21619.2 -1687.03
21611.6 -1667.74
21624.5 -1662.68
21617.6 -1644.29
21611 -1626.46
21645 -1634.95
21659.3 -1630.35
21674 -1625.8
21709.2 -1633.44
21724.8 -1628.73
21754.6 -1632.08
21771.7 -1627.69
21789.4 -1623.34
21827.8 -1630
21846.6 -1625.49
21886.1 -1631.53
21906.2 -1626.87
21926.9 -1622.24
21968.5 -1627.5
21990.7 -1622.71
22033.9 -1627.38
22057.8 -1622.45
22106.2 -1628.14
22133 -1623.46
22181 -1627.38
22210 -1622.55
22260.3 -1625.9
22328.8 -1635.57
22388.9 -1640.72
23031 -1863.8
23030.7 -1838.91
23030.5 -1814.2
23030.3 -1789.63
23030 -1765.23
23029.8 -1740.97
23029.6 -1716.85
23029.4 -1692.87
23029.1 -1669.02
23028.9 -1645.3
23028.7 -1621.71
23028.5 -1598.23
23028.3 -1574.87
23028.1 -1551.62
23027.8 -1528.47
23027.6 -1505.43
23027.4 -1482.48
23027.2 -1459.63
23027 -1436.87
23026.8 -1414.19
23026.6 -1391.59
23026.3 -1369.08
23026.1 -1346.63
23025.9 -1324.26
23025.7 -1301.95
23025.5 -1279.7
23025.3 -1257.52
23025.1 -1235.38
23024.9 -1213.31
23024.7 -1191.27
23024.5 -1169.29
23024.3 -1147.34
23024.1 -1125.44
23023.9 -1103.56
22223.2 -1031.4
22223 -1016.61
22222.9 -1001.84
22222.7 -987.075
22222.6 -972.326
22222.5 -957.586
22222.3 -942.854
22222.2 -928.127
22222.1 -913.403
22221.9 -898.679
22221.8 -883.953
22221.6 -869.224
22221.5 -854.488
22221.4 -839.744
22221.2 -824.99
22221.1 -810.222
22221 -795.439
22220.8 -780.639
22220.7 -765.818
22220.5 -750.976
22220.4 -736.109
22220.3 -721.215
22220.1 -706.292
22220 -691.338
22219.8 -676.35
22219.7 -661.325
22219.6 -646.262
22219.4 -631.157
22219.3 -616.009
22219.1 -600.815
22219 -585.571
22218.9 -570.277
22218.7 -554.928
22218.6 -539.523
22218.4 -524.059
22218.3 -508.532
23016.2 -287.599
23016 -264.506
23015.8 -241.309
23015.6 -218.004
23015.4 -194.586
23015.2 -171.051
23014.9 -147.395
23014.7 -123.614
23014.5 -99.7011
23014.3 -75.6532
23014 -51.4651
23013.8 -27.1319
23013.6 -2.64854
23013.4 21.9906
21658 -485.302
21657.9 -474
21657.8 -462.62
21657.7 -451.16
21657.6 -439.617
21657.5 -427.989
21657.4 -416.272
21657.3 -404.465
21657.2 -392.563
21657.1 -380.564
21656.9 -368.465
21656.8 -356.263
21656.7 -343.955
21656.6 -331.537
21656.5 -319.005
21656.4 -306.357
21656.2 -293.589
21656.1 -280.698
21656 -267.678
21655.9 -254.527
21655.8 -241.241
21655.6 -227.814
21655.5 -214.244
21655.4 -200.524
21655.2 -186.652
21655.1 -172.622
21655 -158.429
21654.8 -144.069
21654.7 -129.535
21654.6 -114.823
21654.4 -99.9266
21654.3 -84.8407
21654.2 -69.5586
21654 -54.0746
21653.9 -38.3822
21653.7 -22.4747
21653.6 -6.34486
21653.4 10.014
21653.3 26.61
21653.1 43.4503
21652.9 60.5433
21652.8 77.8977
21652.6 95.5217
21652.4 113.424
21652.3 131.615
21652.1 150.105
21651.9 168.903
21651.7 188.02
21651.6 207.467
21643.9 219.5
22449.7 1088.01
22416.2 1087.7
22383.2 1087.39
22350.8 1087.09
22319 1086.79
22287.6 1086.5
22256.7 1086.21
22226.2 1085.93
22196.2 1085.65
22166.7 1085.37
22137.6 1085.1
22108.9 1084.83
22080.5 1084.57
22052.6 1084.3
22025 1084.05
21997.8 1083.79
21971 1083.54
21944.5 1083.3
21918.3 1083.05
21892.4 1082.81
21866.9 1082.57
21841.6 1082.33
21816.7 1082.1
21792 1081.87
21767.6 1081.64
21743.5 1081.42
21719.6 1081.19
21696 1080.97
21695.3 1120.97
21694 1160.96
21681.1 1180.84
21678.6 1220.82
21675.5 1260.79
21681.9 1320.85
21667.2 1340.72
21671.9 1400.76
21675.4 1460.8
21687.3 1540.91
21679.4 1580.84
21652.9 1580.59
21626.7 1580.35
21600.6 1580.11
21574.8 1579.86
21549.1 1579.62
21523.7 1579.39
21498.4 1579.15
21473.3 1578.92
21448.3 1578.68
21423.5 1578.45
21398.9 1578.22
21374.4 1577.99
21350.1 1577.77
21325.9 1577.54
21301.9 1577.32
21313.6 1697.43
21288.6 1697.2
21263.8 1696.97
21244.5 1716.79
21230.1 1756.65
21654.5 3560.69
21612.9 3560.31
21571.4 3559.92
21530.1 3559.53
21489 3559.15
21448.1 3558.77
21406 3552.01
21366.6 3558.01
21326.1 3557.63
21285.7 3557.25
21245.4 3556.87
21205.3 3556.5
21165.2 3556.13
21125.3 3555.75
21085.5 3555.38
21045.7 3555.01
21006.1 3554.64
20966.5 3554.27
20927 3553.9
20887.5 3553.53
20821.8 3172.9
20785.8 3172.57
20767.5 3512.41
20759.7 4232.37
20880.8 9068.67
20793.5 9071.29
20706.1 9073.15
20618.7 9074.24
20531.4 9074.57
20514 1554.47
20492.4 1554.27
20470.7 1554.06
20468.9 994.022
20461.9 773.946
20447 773.807
20432.1 773.668
20417.2 773.529
20402.3 773.39
20318.6 1552.64
20296.8 1552.44
20274.9 1552.23
20253 1552.03
20231.1 1551.83
20209.1 1551.62
20187.1 1551.41
20165 1551.21
20142.9 1551
20120.7 1550.79
20098.5 1550.59
20076.2 1550.38
20065.5 1490.28
20064 1390.26
20064.2 1290.26
20066.2 1190.27
20069.9 1090.3
20065.8 1030.26
20067.7 950.273
20071 870.3
20070.3 810.292
20070.7 750.293
20072.2 690.304
20068.7 650.27
20072.1 590.299
20076.6 530.338
20075.6 490.327
20075.3 450.322
20075.7 410.324
20076.8 370.333
20078.6 330.348
20073.6 310.301
20076.7 270.327
20072.5 250.288
20076.8 210.326
20073.5 190.295
20079.1 150.345
20076.7 130.321
20074.6 110.301
20081.9 70.3678
20080.7 50.3557
20079.9 30.3468
20079.4 10.341
20079.2 -9.66148
20079.4 -29.6607
20079.9 -49.6568
20080.8 -69.6494
20082 -89.6388
20083.6 -109.625
20074.3 -109.712
20076.4 -129.693
20078.8 -149.671
20081.7 -169.645
20084.9 -189.616
20076 -189.699
20079.8 -209.665
20083.9 -229.627
20075.3 -229.707
20080 -249.665
20085.1 -269.618
20076.6 -269.697
20082.3 -289.645
20088.4 -309.589
20080.1 -309.666
20086.8 -329.604
20078.6 -329.681
20085.9 -349.614
20077.8 -349.689
20085.7 -369.617
20077.6 -369.692
20086.1 -389.613
20078.1 -389.688
20087.3 -409.603
20079.4 -409.677
20089.3 -429.586
20081.4 -429.659
20092 -449.561
20084.2 -449.634
20076.2 -449.708
20087.7 -469.602
20079.9 -469.675
20072.9 -470.727
20073 -478.68
20073 -486.498
20073.1 -494.185
20073.2 -501.746
20073.3 -509.186
20073.3 -516.507
20073.4 -523.714
20073.5 -530.811
20073.5 -537.801
20073.6 -544.687
20073.7 -551.474
20073.7 -558.164
20073.8 -564.76
20073.8 -571.265
20073.9 -577.682
20074 -584.014
20074 -590.264
20074.1 -596.433
20074.1 -602.524
20074.2 -608.541
20074.2 -614.484
20074.3 -620.357
20074.3 -626.161
20074.4 -631.898
20074.5 -637.571
20074.5 -643.181
20074.6 -648.73
20074.6 -654.221
20074.7 -659.654
20074.7 -665.032
20074.8 -670.356
20074.8 -675.628
20074.9 -680.849
20074.9 -686.021
20075 -691.146
20075 -696.223
20075 -701.257
20075.1 -706.247
20075.1 -711.194
20075.2 -716.101
20075.2 -720.968
20075.3 -725.796
20075.3 -730.588
11289.9 2880.89
11257 2799.94
11224.8 2718.7
11193.3 2637.18
11162.5 2555.4
11132.5 2473.34
11103.1 2391.03
11074.5 2308.46
11046.6 2225.65
11019.4 2142.59
10993 2059.3
10967.3 1975.78
10942.3 1892.04
10918 1808.09
10894.5 1723.92
10871.7 1639.56
10849.7 1555
10828.4 1470.25
10807.8 1385.32
10788 1300.21
10768.9 1214.93
10750.6 1129.48
10733 1043.88
10716.2 958.13
10700.1 872.238
10684.7 786.204
10670.2 700.045
10656.3 613.756
10643.3 527.354
10630.9 440.837
10619.4 354.215
10608.6 267.501
10598.5 180.691
10589.2 93.8006
10580.7 6.82795
10572.9 -80.2112
10565.9 -167.32
10559.7 -254.481
10554.2 -341.699
10549.5 -428.961
10545.5 -516.256
10542.3 -603.587
10539.9 -690.938
10538.2 -778.312
10537.3 -865.692
10537.2 -953.082
10537.8 -1040.46
10539.2 -1127.84
10541.4 -1215.21
10544.3 -1302.54
10548 -1389.86
10552.4 -1477.13
10557.6 -1564.36
10563.6 -1651.54
10570.3 -1738.67
10577.8 -1825.74
10586 -1912.74
10595 -1999.66
10604.8 -2086.5
10615.3 -2173.25
10626.6 -2259.9
10638.6 -2346.46
10651.4 -2432.9
10665 -2519.24
10679.3 -2605.44
10694.4 -2691.53
10710.2 -2777.47
10726.7 -2863.27
10744 -2948.93
10762.1 -3034.43
10780.9 -3119.77
10800.4 -3204.95
10820.7 -3289.95
10841.8 -3374.77
10863.5 -3459.4
10886.1 -3543.84
10909.3 -3628.07
10933.3 -3712.1
10958 -3795.92
10983.5 -3879.52
11009.6 -3962.89
11036.5 -4046.04
11064.2 -4128.94
11092.5 -4211.6
11121.6 -4294.01
11151.4 -4376.16
11181.9 -4458.05
11213.1 -4539.66
11245.1 -4621.01
11277.7 -4702.06
11311.1 -4782.84
11345.2 -4863.31
20079 -1126.45
20079.1 -1131.22
20079.1 -1136.03
20079.2 -1140.88
20079.2 -1145.77
20079.2 -1150.69
20079.3 -1155.66
20079.3 -1160.67
20079.4 -1165.73
20079.4 -1170.83
20079.5 -1175.98
20079.5 -1181.17
20079.6 -1186.42
20079.6 -1191.72
20079.7 -1197.07
20079.7 -1202.47
20079.8 -1207.93
20079.8 -1213.45
20079.9 -1219.03
20079.9 -1224.67
20080 -1230.38
20080 -1236.15
20080.1 -1241.99
20080.2 -1247.89
20080.2 -1253.87
20080.3 -1259.93
20080.3 -1266.06
20080.4 -1272.27
20080.4 -1278.56
20080.5 -1284.93
20080.6 -1291.39
20080.6 -1297.94
20080.7 -1304.58
20080.7 -1311.32
20080.8 -1318.16
20080.9 -1325.09
20080.9 -1332.14
20081 -1339.29
20081.1 -1346.55
20081.1 -1353.93
20081.2 -1361.43
20081.3 -1369.05
20081.4 -1376.8
20081.4 -1384.69
20084.5 -1389.67
20092.4 -1389.6
20100.2 -1389.53
20089.2 -1409.63
20097 -1409.56
20086.7 -1429.65
20094.7 -1429.58
20085.1 -1449.67
20093.1 -1449.59
20084.2 -1469.68
20092.2 -1469.6
20100.2 -1469.53
20092.1 -1489.61
20084.5 -1509.68
20092.6 -1509.6
20085.7 -1529.67
20093.9 -1529.59
20087.5 -1549.65
20095.8 -1549.57
20090 -1569.63
20098.4 -1569.55
20093.1 -1589.6
20088.3 -1609.65
20096.9 -1609.57
20092.7 -1629.61
20088.8 -1649.64
20097.6 -1649.56
20094.3 -1669.59
20091.3 -1689.62
20088.8 -1709.65
20097.9 -1709.56
20095.9 -1729.58
20094.2 -1749.6
20092.9 -1769.61
20092 -1789.62
20091.4 -1809.63
20091.2 -1829.63
20091.3 -1849.63
20091.8 -1869.62
20092.6 -1889.62
20093.8 -1909.61
20095.3 -1929.59
20097.2 -1949.58
20099.4 -1969.56
20093.7 -2009.61
20096.7 -2029.59
20100.1 -2049.56
20096.2 -2089.59
20100.4 -2109.55
20097.8 -2149.58
20095.9 -2189.6
20101.4 -2209.55
20100.7 -2249.56
20100.7 -2289.56
20101.4 -2329.55
20102.8 -2369.54
20099 -2429.58
20102 -2469.56
20100.2 -2529.58
19983.4 -3030.69
20003.1 -3030.5
20022.6 -3030.32
20042.1 -3030.14
20061.6 -3029.96
20080.9 -3029.78
20100.1 -3029.6
20119.3 -3029.42
20138.4 -3029.24
20157.5 -3029.06
20176.5 -3028.88
20195.4 -3028.71
20214.3 -3028.53
20233.1 -3028.36
20251.8 -3028.18
20270.5 -3028.01
20289.2 -3027.83
20307.8 -3027.66
20326.4 -3027.48
20345 -3027.31
20363.5 -3027.14
20382 -3026.97
20400.5 -3026.79
20418.9 -3026.62
20437.3 -3026.45
20455.7 -3026.28
20474.1 -3026.11
20492.5 -3025.93
20510.8 -3025.76
20529.2 -3025.59
20547.6 -3025.42
20565.9 -3025.25
20584.3 -3025.08
