8504.89 -4543.98
8502.46 -4570
8513.87 -4615.66
8505.19 -4631.12
8517.49 -4675.91
8508.15 -4689.46
8506.79 -4713.69
8520.6 -4757.59
8510.37 -4768.78
8509.73 -4792.22
8514.17 -4821.56
8513.92 -4844.37
8514.02 -4867.11
8518.33 -4894.43
8518.83 -4916.61
8522.95 -4942.52
8506.47 -4944.45
8510.08 -4969.04
8511.09 -4990.24
8514.47 -5013.59
8515.89 -5034.35
8517.67 -5055.09
8520.86 -5076.86
8523.06 -5097.2
8526.34 -5118.22
8508.66 -5118.48
8509.55 -5136.75
8509.81 -5154.11
8510.07 -5171.18
8510.32 -5187.97
8510.57 -5204.49
8510.81 -5220.74
8511.05 -5236.74
8511.28 -5252.5
8511.52 -5268.02
8511.74 -5283.31
8511.97 -5298.38
8512.19 -5313.23
8512.41 -5327.87
8512.63 -5342.31
8512.84 -5356.56
8513.05 -5370.61
8513.26 -5384.49
8513.46 -5398.18
8513.66 -5411.7
8513.86 -5425.05
8514.06 -5438.25
8514.26 -5451.28
8514.45 -5464.16
8514.64 -5476.9
8514.83 -5489.49
8515.01 -5501.94
8515.2 -5514.26
8515.38 -5526.44
8515.56 -5538.5
8515.74 -5550.43
8515.91 -5562.25
8516.09 -5573.95
8516.26 -5585.53
8516.43 -5597.01
8516.6 -5608.38
8516.77 -5619.65
8516.94 -5630.82
8517.1 -5641.89
8517.27 -5652.87
8517.43 -5663.76
8517.59 -5674.55
8517.75 -5685.27
8517.91 -5695.9
8518.07 -5706.45
8518.23 -5716.92
8518.38 -5727.32
8518.54 -5737.64
8518.69 -5747.9
8518.84 -5758.08
8518.99 -5768.2
8519.14 -5778.25
8519.29 -5788.25
8519.44 -5798.18
8519.59 -5808.06
8519.73 -5817.88
8519.88 -5827.64
8520.03 -5837.36
8520.17 -5847.02
8520.31 -5856.64
8520.46 -5866.21
8520.6 -5875.73
8520.74 -5885.21
8520.88 -5894.66
8521.02 -5904.06
8521.16 -5913.42
8521.3 -5922.75
8521.44 -5932.04
8521.58 -5941.31
8521.72 -5950.54
8521.85 -5959.74
8521.99 -5968.91
8522.13 -5978.05
8522.27 -5987.17
8522.4 -5996.27
8522.54 -6005.35
8522.67 -6014.4
8522.81 -6023.43
8522.94 -6032.45
8523.08 -6041.45
8523.21 -6050.44
8523.34 -6059.41
8523.48 -6068.37
8523.61 -6077.32
8523.75 -6086.26
8523.88 -6095.19
8524.01 -6104.12
8524.15 -6113.04
8524.28 -6121.95
8744.41 -6129.2
8744.52 -6136.19
8744.62 -6143.18
8744.73 -6150.17
8744.83 -6157.16
8744.94 -6164.16
8745.04 -6171.16
8745.14 -6178.17
8745.25 -6185.18
8745.35 -6192.2
8745.46 -6199.23
8745.56 -6206.28
8745.67 -6213.33
8745.78 -6220.39
8745.88 -6227.47
8745.99 -6234.56
8746.09 -6241.66
8746.2 -6248.79
8746.31 -6255.93
8746.41 -6263.09
8746.52 -6270.27
8746.63 -6277.47
8746.74 -6284.69
8746.84 -6291.94
8746.95 -6299.21
8747.06 -6306.51
8747.17 -6313.83
8747.28 -6321.19
8747.39 -6328.57
8747.5 -6335.98
8747.61 -6343.43
8747.73 -6350.91
8747.84 -6358.43
8747.95 -6365.99
8748.07 -6373.58
8748.18 -6381.21
8748.29 -6388.88
8748.41 -6396.6
8748.53 -6404.36
8748.64 -6412.16
8748.76 -6420.02
8748.88 -6427.92
8749 -6435.87
8749.12 -6443.88
8749.24 -6451.94
8749.36 -6460.05
8749.48 -6468.22
8749.6 -6476.46
8749.73 -6484.75
8749.85 -6493.11
8749.98 -6501.53
8750.1 -6510.03
8750.23 -6518.59
8750.36 -6527.22
8750.49 -6535.93
8750.62 -6544.71
8750.76 -6553.58
8750.89 -6562.52
8751.02 -6571.55
8751.16 -6580.67
8751.3 -6589.87
8751.44 -6599.17
8751.58 -6608.56
8751.72 -6618.05
8751.86 -6627.64
8752.01 -6637.33
8752.15 -6647.13
8752.3 -6657.04
8752.45 -6667.06
8752.6 -6677.2
8752.76 -6687.47
8752.91 -6697.85
8753.07 -6708.37
8753.23 -6719.02
8753.39 -6729.8
8753.55 -6740.73
8753.72 -6751.8
8753.89 -6763.02
8754.06 -6774.4
8754.23 -6785.93
8754.4 -6797.63
8754.58 -6809.51
8754.76 -6821.55
8754.94 -6833.79
8755.13 -6846.2
8755.32 -6858.82
8755.51 -6871.63
8755.7 -6884.65
8755.9 -6897.89
8756.1 -6911.35
8756.31 -6925.04
8544.83 -7158.17
8543.16 -7178.19
8541.87 -7198.22
8559.54 -7197.95
8558.66 -7217.97
8558.14 -7237.98
8557.99 -7257.98
8558.19 -7277.98
8558.74 -7297.98
8542.94 -7338.22
8544.47 -7358.2
8558.54 -7362.81
8544.35 -7403.47
8557.99 -7409.01
8559.98 -7429.9
8557.65 -7457.1
8545.33 -7498.74
8557.53 -7507.22
8560.27 -7529.21
8557.64 -7559.52
8560.76 -7582.13
8550.84 -7625
8548.4 -7657.66
8552.47 -7681.04
8549.92 -7715.6
8566.72 -7719.58
8588.06 -7715.81
8604.04 -7720.68
8619.84 -7725.7
8638.81 -7725
8665.01 -7710.88
8682.08 -7712.68
8696.15 -7719.88
8710.09 -7727.32
8735.25 -7712.72
8748.29 -7721.51
8771.26 -7709.99
8783.43 -7720.3
8804.89 -7710.85
8815.63 -7724.21
8835.85 -7716.57
8855.56 -7709.43
8872.73 -7707.65
8889.11 -7707.41
8905.36 -7707.17
8921.49 -7706.92
8937.51 -7706.68
8953.42 -7706.45
8969.22 -7706.21
8984.91 -7705.98
9000.51 -7705.74
9016 -7705.51
9031.4 -7705.28
9046.71 -7705.05
9061.93 -7704.83
9077.07 -7704.6
9092.12 -7704.37
9107.1 -7704.15
9121.99 -7703.93
9136.82 -7703.71
9151.57 -7703.49
9166.25 -7703.27
9180.87 -7703.05
9195.43 -7702.83
9209.93 -7702.61
9224.37 -7702.4
9238.75 -7702.18
9253.08 -7701.97
9267.37 -7701.75
9281.6 -7701.54
9295.79 -7701.33
9309.93 -7701.12
9324.04 -7700.91
9338.11 -7700.7
9352.14 -7700.49
9366.14 -7700.28
9380.11 -7700.07
9394.04 -7699.86
9407.95 -7699.65
9421.84 -7699.45
9435.7 -7699.24
9449.55 -7699.03
9463.37 -7698.83
9477.18 -7698.62
9490.98 -7698.41
9504.76 -7698.21
9518.53 -7698
9532.3 -7697.79
9546.06 -7697.59
9559.82 -7697.38
9573.58 -7697.18
9587.33 -7696.97
9601.09 -7696.77
9614.86 -7696.56
9628.63 -7696.35
9642.41 -7696.15
9656.2 -7695.94
9671.38 -7712.84
9684.94 -7708.06
9698.07 -7699.39
9711.65 -7696.18
9725.65 -7696.98
9740.02 -7700.37
9754.01 -7700.16
9768.02 -7699.95
9782.06 -7699.74
9796.14 -7699.53
9810.25 -7699.32
9824.4 -7699.1
9838.59 -7698.89
9852.82 -7698.68
9867.1 -7698.47
9881.42 -7698.25
9895.8 -7698.04
9900.96 -7657.96
9895.82 -7578.02
9899.26 -7537.97
9896.83 -7478
9909.45 -7477.81
9922.13 -7477.62
9934.86 -7477.43
9947.66 -7477.24
9960.51 -7477.05
9973.44 -7476.85
9986.43 -7476.66
9999.49 -7476.46
10012.6 -7476.27
10025.8 -7476.07
10039.1 -7475.87
10052.5 -7475.67
10066 -7475.47
10079.5 -7475.27
10093.1 -7475.06
10106.8 -7474.86
10120.7 -7474.65
10134.6 -7474.44
10148.6 -7474.23
10162.7 -7474.02
10177 -7473.81
10191.3 -7473.6
9923.73 -6897.53
9922.16 -6877.55
9930.37 -6877.43
9928.29 -6857.46
9925.84 -6837.49
9923.02 -6817.53
9919.82 -6797.58
9927.51 -6797.46
9923.78 -6777.52
9919.67 -6757.58
9927.12 -6757.46
9922.46 -6737.53
9917.4 -6717.6
9924.61 -6717.5
9918.99 -6697.58
9926.11 -6697.47
9919.91 -6677.56
9926.94 -6677.46
9920.15 -6657.56
9927.09 -6657.45
9919.69 -6637.56
9926.55 -6637.46
9918.53 -6617.58
9925.29 -6617.48
9916.63 -6597.6
9923.3 -6597.5
9930.05 -6597.4
9920.55 -6577.54
9927.21 -6577.44
9917.02 -6557.59
9923.57 -6557.49
9912.69 -6537.66
9919.13 -6537.56
9925.68 -6537.46
9913.86 -6517.64
9920.29 -6517.54
9926.83 -6517.44
9914.02 -6497.63
9920.44 -6497.53
9926.97 -6497.44
9929.99 -6493.86
9929.9 -6487.33
9929.8 -6480.92
9949.99 -6493.11
9949.89 -6486.58
9949.79 -6480.16
9969.96 -6491.37
9969.86 -6484.83
9990.02 -6495.31
9989.92 -6488.67
9989.83 -6482.12
10010 -6491.69
10009.9 -6485.04
10030 -6493.93
10029.9 -6487.19
10029.8 -6480.53
10049.9 -6488.57
10049.8 -6481.82
10069.9 -6489.23
10069.8 -6482.38
10089.9 -6489.17
10089.8 -6482.23
10109.9 -6488.42
10109.8 -6481.38
10129.9 -6486.98
10129.8 -6479.86
10149.9 -6484.88
10170 -6489.49
10169.8 -6482.12
10189.9 -6486.18
10189.8 -6478.73
10209.9 -6482.23
10229.9 -6485.35
10229.8 -6477.66
10249.8 -6480.25
10269.9 -6482.47
10289.9 -6484.31
10309.9 -6485.79
10309.8 -6477.57
10329.8 -6478.54
10349.8 -6479.15
10369.8 -6479.4
10389.8 -6479.31
10409.8 -6478.86
10429.8 -6478.06
10449.8 -6476.92
10489.9 -6483.1
10509.9 -6481.08
10529.8 -6478.71
10549.8 -6476.02
10589.9 -6479.85
10609.8 -6476.29
10649.9 -6478.88
10689.9 -6480.75
10709.8 -6475.82
10749.8 -6476.46
10789.8 -6476.4
10829.8 -6475.64
10869.8 -6474.18
10929.9 -6477.16
10969.8 -6474.13
11009.8 -6470.41
11069.8 -6470.59
11129.8 -6469.71
11209.8 -6471.99
11269.8 -6468.84
11289.6 -6456.97
11289.4 -6441.15
11289.1 -6425.38
11288.9 -6409.66
11288.7 -6393.99
11288.4 -6378.36
11288.2 -6362.78
11288 -6347.24
11287.7 -6331.75
11287.5 -6316.28
11287.3 -6300.85
11287 -6285.46
11286.8 -6270.09
11286.6 -6254.75
11286.3 -6239.43
11286.1 -6224.14
11285.9 -6208.86
11285.7 -6193.6
11545.6 -6186.62
11625.4 -6170.95
11625.1 -6152.75
11624.8 -6134.57
11624.5 -6116.39
11624.3 -6098.21
11624 -6080.04
11623.7 -6061.86
11623.5 -6043.68
11623.2 -6025.49
11622.9 -6007.29
11622.6 -5989.08
11622.4 -5970.85
11622.1 -5952.61
11621.8 -5934.34
11621.5 -5916.05
11621.3 -5897.73
11621 -5879.38
11620.7 -5861
11620.5 -5842.58
11620.2 -5824.12
11619.9 -5805.63
11619.6 -5787.09
11619.3 -5768.5
11619.1 -5749.86
11618.8 -5731.16
11618.5 -5712.41
11618.2 -5693.6
11617.9 -5674.73
11617.7 -5655.79
11597.4 -5641.45
11517.4 -5641.99
11437.5 -5643.93
11377.4 -5642.05
11297.5 -5646.61
11237.5 -5646.99
11177.5 -5648.43
11117.5 -5650.91
11077.5 -5648.29
11037.5 -5646.35
10977.5 -5651.64
10937.5 -5651.28
10897.5 -5651.6
10857.5 -5652.63
10817.5 -5654.36
10797.5 -5649.28
10757.5 -5652.23
9981.86 -5948.9
9981.79 -5944.48
9961.85 -5948.35
9961.78 -5944.08
9941.85 -5948.5
9941.78 -5944.37
9921.86 -5949.35
9921.8 -5945.37
9921.74 -5941.35
9921.68 -5937.3
9921.61 -5933.22
9921.55 -5929.1
9921.49 -5924.94
9921.43 -5920.75
9921.37 -5916.52
9921.3 -5912.25
9921.24 -5907.95
9921.17 -5903.59
9921.11 -5899.2
9921.04 -5894.76
9920.97 -5890.28
9920.91 -5885.75
9920.84 -5881.17
9920.77 -5876.54
9920.7 -5871.86
9920.63 -5867.12
9920.56 -5862.34
9920.48 -5857.49
9920.41 -5852.59
9920.34 -5847.62
9920.26 -5842.6
9920.18 -5837.51
9920.11 -5832.35
9920.03 -5827.13
9919.95 -5821.83
9919.87 -5816.46
9919.79 -5811.02
9919.71 -5805.5
9919.62 -5799.91
9919.54 -5794.23
9919.45 -5788.46
9919.36 -5782.61
9919.27 -5776.66
9919.18 -5770.62
9919.09 -5764.49
9919 -5758.25
9918.91 -5751.91
9918.81 -5745.46
9918.71 -5738.9
9913.51 -5737.55
9907.02 -5737.65
9900.63 -5737.75
9912.77 -5717.56
9906.27 -5717.66
9899.87 -5717.76
9911.02 -5697.59
9904.51 -5697.68
9914.94 -5677.53
9908.32 -5677.62
9901.8 -5677.72
9911.32 -5657.58
9904.69 -5657.68
9898.16 -5657.77
9891.71 -5657.87
9885.35 -5657.97
9879.07 -5658.06
9872.88 -5658.15
9866.76 -5658.24
9874.47 -5638.13
9868.25 -5638.22
9862.09 -5638.31
9869 -5618.21
9862.74 -5618.3
9869.03 -5598.2
9862.67 -5598.3
9868.37 -5578.21
9861.9 -5578.31
9867.02 -5558.23
9871.74 -5538.16
9865.01 -5538.26
9869.16 -5518.19
9862.33 -5518.29
9865.94 -5498.24
9869.16 -5478.19
9862.07 -5478.29
9864.76 -5458.25
9867.07 -5438.21
9869.01 -5418.18
9861.52 -5418.3
9862.94 -5398.27
9864 -5378.25
9864.7 -5358.24
9865.05 -5338.23
9865.04 -5318.23
9864.68 -5298.23
9863.98 -5278.24
9862.93 -5258.26
9861.53 -5238.27
9859.8 -5218.3
9864.53 -5178.22
9861.92 -5158.26
9858.98 -5138.3
9861.93 -5098.25
9858.13 -5078.31
9859.84 -5038.28
9855.19 -5018.34
9861.14 -4958.25
9855.46 -4938.33
9859.63 -4878.26
9857.83 -4838.29
9855.34 -4798.32
9856.69 -4738.29
9852.64 -4698.35
9852.06 -4638.35
9854.41 -4558.31
9851.56 -4498.34
9851.28 -4418.34
9849.6 -4338.35
9849.77 -4238.34
9848.2 -4138.35
9847.77 -4018.34
9842.53 -3918.41
9840.61 -3778.42
9840.97 -3598.4
9833.82 -3458.49
9835.33 -3207.43
9829.1 -2993.24
9957.84 -1090.7
9913.55 -1091.36
9869.33 -1092.02
9825.17 -1092.68
9781.06 -1093.34
9737 -1094
9692.98 -1094.66
9649 -1095.31
9640.89 1876.3
9570.98 1876.84
9501.07 1876.77
9431.16 1876.09
9361.26 1874.79
9291.38 1872.88
9221.51 1870.37
9151.67 1867.24
9081.86 1863.5
9012.09 1859.16
8942.35 1854.2
8872.67 1848.63
9008.47 -364.805
8963.85 -425.478
8862.72 33.0622
9176.02 -3042.6
9148.74 -3043.01
9121.4 -3043.42
9094.01 -3043.83
9066.55 -3044.24
9039.03 -3044.65
9011.43 -3045.06
8983.76 -3045.47
8956.01 -3045.89
8928.17 -3046.3
8900.24 -3046.72
8872.22 -3047.14
8844.09 -3047.56
8815.87 -3047.98
8791 -3062.53
8771.23 -3096.4
8766.41 -3184.87
8766.63 -3286.1
8773.03 -3402.89
8762.94 -3456.32
8740.69 -3466.67
8713.75 -3461.73
8684.38 -3449.99
8663.37 -3464.61
8637.43 -3464.36
8609.44 -3458.75
8587.74 -3471.31
8654.02 -3720.99
8654.49 -3785.16
8656.92 -3851.46
8660.05 -3916.55
8660.12 -3971.38
8664.02 -4033.02
8660.06 -4073.85
8659.54 -4120.93
8646.77 -4139.11
8624.69 -4136.71
8602.08 -4133.66
8580.33 -4132.88
8566.02 -4147.54
8541.53 -4141.82
8516.55 -4135.75
8500.95 -4148.08
8506.62 -4199.7
8500.8 -4228.72
8507.27 -4278.79
8503.12 -4308.69
8508.18 -4353.51
8504.38 -4382.1
8500.89 -4410.43
8505.89 -4451.69
8502.77 -4478.89
8512.76 -4525.71
8504.89 -4543.98
