-769.803 -7839.98
-707.743 -7901.33
-645.151 -7962.14
-582.028 -8022.4
-518.384 -8082.1
-454.222 -8141.25
-389.546 -8199.84
-324.361 -8257.86
-258.67 -8315.31
-192.482 -8372.18
-125.801 -8428.47
-58.6311 -8484.18
9.02291 -8539.3
77.1566 -8593.83
145.763 -8647.76
214.836 -8701.09
284.372 -8753.82
354.368 -8805.94
424.814 -8857.44
5557.2 -1791.69
5574.83 -1785.76
5600.2 -1768.05
5616.29 -1763.26
5632.79 -1757.43
5654.57 -1742.99
5667.47 -1741.76
5688.23 -1727.65
5693.05 -1738.85
5709.33 -1731.16
5724.42 -1725
5744.84 -1709.11
5757.57 -1706
5765.85 -1710.63
5774.65 -1714.3
5790.5 -1704.64
5799.69 -1707.2
5815.22 -1697.19
5825.21 -1697.73
5833.42 -1701.76
5843.38 -1702.11
5862.16 -1683.31
5868.58 -1690.67
5880.38 -1686.09
5885.7 -1696.07
5897 -1692.21
5910.12 -1683.6
5921.19 -1679.47
5932.16 -1675.22
5940.16 -1678.32
5954.83 -1663.55
5962.73 -1666.45
5970.66 -1669.28
5979.26 -1670.16
5996.39 -1645.33
5997.67 -1667.86
6009.2 -1658.94
6015.61 -1666.15
6030.6 -1644.54
6039.16 -1643.9
6047.16 -1645.11
6054.64 -1648.17
6064.65 -1641.49
6070.43 -1651.2
6086.12 -1620.02
6090.73 -1634.45
6101.6 -1621.52
6107.9 -1629.02
6117.47 -1620.79
6122.54 -1635.04
6133.08 -1620.74
6139.57 -1628
6148.96 -1618.44
6155.53 -1625.58
6163.83 -1621.79
6173.43 -1608.02
6180.71 -1610.01
6187.42 -1616.9
6196.92 -1599.89
6203.33 -1609.63
6211.13 -1606.39
6217.93 -1614.03
6226.01 -1606.66
6233.34 -1608.2
6242.12 -1585.72
6248.42 -1604.09
6256.05 -1598.44
6263.37 -1598.72
6270.87 -1591.94
6278.12 -1593.08
6285.43 -1589.17
6292.67 -1584.19
6299.93 -1590.15
6306.9 -1575.05
6314.1 -1577.88
6321.5 -1584.65
6328.47 -1579.36
6335.63 -1579.01
6342.84 -1579.59
6350.92 -1592.08
6356.51 -1570.59
6363.06 -1564.02
6370.37 -1566.35
6378.26 -1573.59
6384.91 -1568.83
6390.86 -1559.05
6398.23 -1561.13
6405.93 -1565.11
6413.26 -1566.06
6418.56 -1554.11
6426.32 -1557.9
6432.06 -1549.8
6437.67 -1541.66
6445.84 -1547.23
6451.9 -1541.93
6460.19 -1547.35
6465.98 -1540.97
6470.98 -1531.62
6479.59 -1537.8
6483.71 -1525.46
6495.42 -1543.11
6506.15 -1555.79
6513.37 -1554.85
6529.72 -1585.55
6533.5 -1571.94
6537.05 -1558.33
6544.62 -1558.06
6556.24 -1570.08
6559.8 -1557.31
6571.99 -1570.06
6588.43 -1593.97
6600.86 -1605.43
6613.15 -1615.81
6631.4 -1640.96
6644.23 -1650.98
6661.02 -1670.11
6683.55 -1701.94
7725.85 -4125.35
7335.56 -3151.29
7312.74 -3044.39
7323.49 -3015.39
7332.97 -2984.56
7347.17 -2964.56
7382.2 -2987.6
7407.42 -2989.63
7484.65 -3092.88
7528.12 -3126.7
7504.96 -3033.76
7525.24 -3023.97
7537.67 -3000.01
7558.16 -2990.79
7575.58 -2976.19
7593.86 -2963.17
7606.85 -2941.45
7625.32 -2929.03
7637.83 -2907.14
7657.6 -2897
7672.39 -2879.13
7693.05 -2870.33
7706.93 -2851.4
7819.35 -2975.64
7884.61 -3027.69
7865.94 -2960.03
12180.5 -8841.27
10212.1 -6042.38
10439 -6247.31
10865.4 -6703.06
10794.4 -6506.27
10942.9 -6590.27
10790 -6298.72
10910.8 -6347.12
10895 -6230.08
11016.7 -6276.29
11249.3 -6446.66
11290.1 -6393.46
11516.7 -6546.31
11516.3 -6445.27
11606.7 -6443.28
11674.7 -6416.24
11716.9 -6361.87
11755 -6303.62
11738.1 -6190.77
11873.8 -6229.83
11945.1 -6203.8
11989.5 -6151.5
12044.4 -6109.06
11841.4 -5830.65
11665.2 -5584.27
11822.5 -5639.08
12208.7 -5888.66
12110.1 -5714.93
12032 -5562.57
11822.6 -5305.91
11287.1 -4793.19
11280.6 -4716.51
11241.6 -4615.66
10975.7 -4343.23
10790.9 -4140.02
10585.3 -3927.26
10428.9 -3756.5
10272.4 -3590.45
10128 -3437.68
9978.86 -3285.96
9987.49 -3244.76
10009 -3212.41
9836.4 -3054.33
9601.37 -2861.39
9460.86 -2733.55
9382.4 -2647.43
9302.67 -2562.84
9231.2 -2485.35
9158.62 -2409.25
9091.9 -2338.48
9040.81 -2278.2
8987.12 -2217.98
9005.05 -2197.21
9009.5 -2169.33
9035.97 -2152.8
9070.42 -2139.92
9093.15 -2120.87
9108.54 -2098.08
9123.74 -2075.14
9151.51 -2057.81
9170.05 -2036.05
9203.1 -2020.42
9200.18 -1989.12
9228.37 -1970.94
9261.09 -1954.22
9277.93 -1930.82
9302.05 -1910.07
9300.73 -1879.57
9241.76 -1828.39
9215.14 -1789.97
9180.51 -1749.51
9134.02 -1705.93
9084.13 -1662.32
9056.6 -1626.84
9002.84 -1584.05
9009.93 -1560.35
9004.32 -1533.04
9029.28 -1514.39
9039.64 -1491.49
8993.62 -1454.04
8975.32 -1424.42
8935.3 -1390.06
8899.77 -1357.57
8867.78 -1326.62
8857.96 -1301.02
8825.34 -1271.07
7555.22 -1003.03
7418.63 -966.484
7397.74 -952.678
7364.86 -937.288
7370.32 -928.535
7359.89 -917.358
7333.5 -904.17
7325.8 -893.909
7328.92 -885.119
7328.98 -875.95
7326.98 -866.583
7302.99 -855.181
7305.78 -846.522
7312.49 -838.131
7330.1 -830.381
7327.68 -821.136
7330.18 -812.193
7341.59 -803.592
7339.94 -794.36
7369.2 -785.929
7375.39 -776.62
7373.5 -767.147
7403.53 -757.663
7417.48 -747.818
7421.33 -737.918
7436.1 -727.646
7458.76 -716.824
7458.35 -706.64
7468.83 -695.869
7477.22 -685.036
7494.48 -673.412
7496.67 -662.678
7523.68 -649.686
7543.57 -636.897
7556.38 -624.493
7567.08 -612.085
7581.62 -598.988
7594.05 -585.89
7596.45 -573.968
7636.32 -556.322
7651.28 -541.912
7654.26 -529.222
7672.88 -513.664
7692.31 -497.58
7696.85 -484.021
7714.96 -467.553
7617.51 -475.44
7533.98 -481.956
7510.08 -476.103
7500.76 -467.123
7509.81 -453.663
7484.83 -448.832
7473.39 -440.772
7488.87 -425.368
7467.65 -420.194
7452.19 -413.653
7462.51 -399.426
7441.22 -394.96
7431.34 -387.113
7430.89 -376.225
7448.3 -359.106
7492.81 -331.936
7524.73 -308.424
7673.35 -240.386
7722.89 -207.487
7709.65 -198.327
7717.67 -180.711
7692.26 -176.735
7682.52 -166.494
7673.63 -155.977
7658.27 -148.427
7661.98 -132.364
7650.12 -123.396
7640.91 -113.292
7619.96 -109.014
7622.28 -93.4193
7603.95 -88.2049
7603.37 -73.9998
7592.04 -65.4024
7590.33 -51.6878
7569.25 -48.6429
7569.96 -33.571
7565.31 -21.4401
7553.66 -13.4046
7535.97 -9.12989
7526.82 0.130054
7516.76 8.75648
7518.43 24.8037
7498.14 26.748
7490.4 36.6944
7488.38 50.4881
7485.39 63.7392
7467.52 66.6548
7453.76 72.2314
7444.85 81.164
7435.06 89.4087
7436.39 105.987
7431.17 117.774
7421.11 125.836
7416.47 138.154
7401.61 142.263
7386.77 146.182
7382.65 158.924
7369.28 163.857
7370.23 181.112
7350.76 180.535
7345.49 192.423
7336.41 200.908
7327.99 209.99
7320.22 219.687
7313.79 230.713
7302.98 237.491
7293.54 245.571
7286.13 255.705
7280.7 267.947
7267.58 272.182
7259.9 282.125
7254.15 294.227
7246.26 304.075
7249.51 326.614
7226.9 319.82
7223.29 334.793
7216.27 345.95
7203.42 350.116
7206.89 374.369
7190.75 374.479
7178.37 379.128
7171.44 390.794
7163.17 400.828
7158.95 416.436
7143.97 417.483
7140.62 434.656
7127.88 438.74
7121.35 451.767
7108.52 455.643
7098.44 463.561
7094.8 481.469
7080.19 482.522
7071.44 492.752
7069.35 514.017
7053.59 513.036
7044.99 523.949
7037.25 536.542
7023.95 539.516
7017.91 555.486
7008.79 566.172
6996.73 571.498
6986.93 581.152
6979.73 596.085
6969.66 605.621
6966.91 630.374
6950.03 626.28
6942.97 642.857
6930.71 648.488
6918.4 654.012
6906.05 659.429
6899.1 677.632
6889.59 690.274
6881.77 707.498
6871.5 719.11
6857.15 720.378
6843.52 723.383
6834.99 740.366
6822.88 747.881
6816.85 773.271
6801.24 771.156
6790.94 785.061
6784.04 810.351
6771.78 819.372
6756.85 819.666
6743.33 824.628
6731.09 834.295
6720.77 851.598
6713.17 880.463
6701.73 895.727
6692.85 922.588
6693.58 993.279
6680.64 1007.46
6667.9 1023.51
6655.3 1041.43
6645.44 1074.98
6628.34 1072.09
6613.55 1081.86
6600.58 1103.34
6586.8 1121.77
6573.45 1145.05
6557.23 1150.41
6541.07 1156.62
6528.93 1196.45
6513.08 1209.38
6496 1212.23
6480.01 1226.88
6464.05 1244.39
6449.41 1282.71
6432.06 1291
6414.52 1298.13
6398.35 1334.08
6379.95 1331.94
6362.91 1368.61
6344.39 1371.15
6326.18 1395.53
6307.47 1408.75
6288.5 1444.81
6269.09 1462.69
6249.32 1482.41
6229.46 1492.95
6208.72 1522.3
6187.37 1553.46
6166.5 1565.45
6145.09 1582.23
6122.18 1615.78
6099.46 1639.13
6075.62 1670.23
6051.61 1697.12
6031.66 1681.01
6013.59 1650.83
5993.55 1640.38
5967.88 1673.37
5944.27 1687.28
5919.65 1705.91
5890.27 1751.95
5863.21 1778.92
5836.53 1800.68
5806.68 1836.92
5779.43 1856.14
5748.4 1891.74
5713.15 1943.61
5676.52 1997.02
5644.79 2024.67
5611.84 2054.89
5582.44 2068.25
5544.45 2113.24
5501.2 2174.21
5463.01 2212.47
5422.99 2254.13
5399.01 2238.77
5429.86 2045.42
5309.98 2339.04
5246.67 2441.58
5196.79 2497.75
5147.49 2548.55
5102.59 2583.67
5041.53 2660.51
4986.78 2715.94
4924.86 2786.54
4862.71 2853.52
4802.29 2912.26
4738.82 2974.84
4661.22 3066.95
4587.09 3146.06
4552.67 3131.95
4567.03 3011.14
4345.15 3399.9
4250.21 3505.43
4155.92 3604.22
4050.36 3720.45
3953.55 3813.81
3834.56 3944.8
5013.62 1636.25
4933.45 1733.9
4883.55 1772.65
3306.12 4500.62
3149.57 4665.6
2975.17 4853.21
2809.65 5017.62
4273.31 2524.11
4613.83 1917.49
4719.23 1701.35
4701.1 1682.51
4681.51 1666.04
4662.08 1649.41
4636.02 1642.51
4607.65 1638.61
4587.96 1622.2
402.558 7322.88
332.254 7271.19
262.405 7218.88
193.013 7165.96
124.087 7112.44
55.6261 7058.32
-12.3558 7003.6
-79.8579 6948.3
-146.874 6892.4
-213.4 6835.93
-279.432 6778.87
-344.962 6721.24
-409.988 6663.05
-474.502 6604.28
-538.502 6544.96
-601.985 6485.08
-664.939 6424.64
-727.364 6363.66
-789.255 6302.14
