16982.7 -2493.1
16982.7 -2493.1
16982.7 -2493.1
16982.7 -2493.1
16985.7 -2492.36
16991.5 -2490.89
16991.5 -2490.89
17006 -2486.97
17008.8 -2486.13
17008.8 -2486.13
17008.8 -2486.13
17008.8 -2486.13
17011.7 -2485.3
17017.5 -2483.62
17026.1 -2481.04
17036.1 -2477.9
17046.1 -2474.58
17056 -2471.04
17065.8 -2467.29
17075.5 -2463.33
17085.1 -2459.15
17094.7 -2454.77
17104.1 -2450.18
17113.5 -2445.38
17122.7 -2440.38
17133.1 -2434.44
17143.4 -2428.27
17153.6 -2421.88
17163.6 -2415.27
17163.6 -2415.27
17183.2 -2401.4
17192.7 -2394.15
17201 -2387.63
17208.5 -2381.4
17215.9 -2375.08
17223.2 -2368.66
17226.7 -2345.69
17233.7 -2338.9
17240.6 -2332.03
17240.6 -2332.03
17247.4 -2325.06
17252.1 -2320.18
17255.2 -2316.92
17255.2 -2316.92
17255.2 -2316.92
17255.2 -2316.92
17257.3 -2314.75
17261.5 -2310.45
17266.7 -2305.12
17272.5 -2299.25
17278.3 -2293.38
17284.2 -2287.56
17290.1 -2281.8
17290.1 -2281.8
17302 -2270.37
17307.9 -2264.66
17313.9 -2258.94
17319.8 -2253.23
17325.8 -2247.52
17331.7 -2241.8
17337.7 -2236.09
17343.7 -2230.43
17349.7 -2224.82
17355.8 -2219.21
17361.8 -2213.6
17367.9 -2207.99
17371.7 -2204.42
17373.4 -2202.89
