20922.7 9274.24
20922.6 9295.58
20922.4 9316.68
20922.3 9337.54
20922.2 9358.18
20922 9378.58
20921.9 9398.77
20921.7 9418.75
20921.6 9438.52
20921.5 9458.1
20921.3 9477.48
20921.2 9496.68
20921.1 9515.69
20921 9534.53
20920.8 9553.2
20920.7 9571.7
20920.6 9590.05
20008.8 10035.2
20008.8 10043.5
20008.7 10051.8
20008.6 10060
20008.6 10068.1
20008.5 10076.2
20008.5 10084.2
20008.4 10092.2
20008.4 10100.1
20008.3 10107.9
20008.3 10115.7
20008.2 10123.5
20008.2 10131.1
20008.1 10138.8
20008.1 10146.4
20008 10153.9
20007.9 10161.5
20007.9 10168.9
20007.8 10176.4
20007.8 10183.8
20007.7 10191.1
20007.7 10198.4
20007.6 10205.7
20007.6 10213
20007.5 10220.2
20007.5 10227.4
20007.4 10234.6
20007.4 10241.7
20007.4 10248.8
20007.3 10255.9
20007.3 10262.9
20007.2 10270
20007.2 10277
20007.1 10284
20007.1 10291
20007 10297.9
20007 10304.9
20006.9 10311.8
20006.9 10318.7
20006.8 10325.6
20006.8 10332.5
20006.7 10339.4
20006.7 10346.2
20006.6 10353.1
20006.6 10359.9
20006.5 10366.8
20006.5 10373.6
20006.5 10380.4
20006.4 10387.2
20006.4 10394.1
20006.3 10400.9
20006.3 10407.7
20006.2 10414.5
20006.2 10421.3
20006.1 10428.1
20006.1 10435
20006 10441.8
20006 10448.6
20005.9 10455.5
20005.9 10462.3
20005.8 10469.2
20005.8 10476
20005.8 10482.9
20005.7 10489.8
20005.7 10496.7
20005.6 10503.6
20005.6 10510.5
20005.5 10517.5
20005.5 10524.4
20005.4 10531.4
20005.4 10538.4
20005.3 10545.4
20005.3 10552.5
20005.2 10559.5
20005.2 10566.6
20005.1 10573.7
20005.1 10580.9
20005 10588.1
20005 10595.3
20004.9 10602.5
20004.9 10609.7
20004.8 10617
20004.8 10624.4
20004.7 10631.7
20004.7 10639.1
20004.6 10646.6
20004.6 10654
20004.5 10661.6
20004.5 10669.1
20004.4 10676.7
20004.4 10684.4
20004.3 10692.1
20004.3 10699.8
20004.2 10707.6
20004.2 10715.5
20004.1 10723.4
20004.1 10731.4
20004 10739.4
20003.9 10747.5
20003.9 10755.6
20003.8 10763.8
20003.8 10772.1
20003.7 10780.5
20003.7 10788.9
20003.6 10797.4
20003.5 10805.9
20003.5 10814.6
20003.4 10823.3
20003.4 10832.1
20003.3 10841
20003.2 10849.9
20003.2 10859
20003.1 10868.1
20003.1 10877.4
20003 10886.7
20002.9 10896.2
20002.9 10905.7
20002.8 10915.4
20002.7 10925.1
20002.7 10935
20002.6 10945
20002.5 10955.1
20002.5 10965.4
20002.4 10975.8
20002.3 10986.3
20002.2 10996.9
20002.2 11007.7
20002.1 11018.6
20002 11029.7
20001.9 11041
20001.9 11052.4
20001.8 11063.9
20001.7 11075.7
20001.6 11087.6
20001.5 11099.7
20001.5 11112
20001.4 11124.4
20001.3 11137.1
20257.8 11397.8
20235.8 11393.8
20214.6 11390.1
20210.2 11403
20193.1 11402.9
20181.4 11408.3
20164.7 11408.2
20148.3 11408
20132.1 11407.9
20116.2 11407.8
20100.6 11407.7
20085.2 11407.6
20070 11407.5
20055.1 11407.4
20040.3 11407.3
19897.9 11246.3
19885.9 11246.2
19874 11246.2
19862.3 11246.1
19850.7 11246
19839.3 11245.9
19828.1 11245.8
19817 11245.8
19806 11245.7
19795.2 11245.6
19784.5 11245.5
19773.9 11245.5
19763.4 11245.4
19753.1 11245.3
19742.8 11245.3
19732.7 11245.2
19722.7 11245.1
19712.8 11245.1
19703 11245
19693.2 11244.9
19683.6 11244.9
19674.1 11244.8
19664.7 11244.7
19655.3 11244.7
19646 11244.6
19636.9 11244.5
19627.8 11244.5
19618.7 11244.4
19609.8 11244.4
19600.9 11244.3
19592.1 11244.2
19583.3 11244.2
19574.7 11244.1
19566.1 11244.1
19557.5 11244
19549 11243.9
19540.6 11243.9
19532.2 11243.8
19523.9 11243.8
19515.6 11243.7
19507.4 11243.7
19499.2 11243.6
19491.1 11243.5
19483 11243.5
19475 11243.4
19467 11243.4
19459 11243.3
19451.1 11243.3
19443.2 11243.2
19435.4 11243.2
19427.6 11243.1
19419.8 11243.1
19412.1 11243
19404.4 11243
19396.7 11242.9
19389.1 11242.8
19381.4 11242.8
19373.8 11242.7
19366.3 11242.7
19358.7 11242.6
19351.2 11242.6
19349.3 11282.6
19349.3 11342.6
19348.2 11402.6
19339.4 11402.5
19330.5 11402.5
19321.7 11402.4
19312.8 11402.3
19304 11402.3
19295.2 11402.2
19286.5 11402.1
19277.7 11402.1
19268.9 11402
19260.2 11402
19251.4 11401.9
19242.7 11401.9
19233.9 11401.8
19225.2 11401.7
19216.4 11401.7
19207.7 11401.6
19199 11401.6
19190.2 11401.5
19181.5 11401.4
19172.7 11401.4
19164 11401.3
19155.2 11401.3
19146.4 11401.2
19137.6 11401.1
19128.8 11401.1
19120 11401
19111.2 11401
19102.3 11400.9
19093.4 11400.8
19084.6 11400.8
19075.6 11400.7
19066.7 11400.6
19057.8 11400.6
19048.8 11400.5
19039.8 11400.5
19030.7 11400.4
19021.7 11400.3
19012.6 11400.3
19003.4 11400.2
18994.3 11400.2
18985.1 11400.1
18975.8 11400
18966.6 11400
18957.3 11399.9
18947.9 11399.8
18938.5 11399.8
18929 11399.7
18919.5 11399.6
18910 11399.6
18900.4 11399.5
18890.7 11399.4
18881 11399.4
18871.2 11399.3
18868.7 11379.3
18866.5 11359.3
18872.4 11319.3
18871 11299.3
18870 11279.3
18869.4 11259.3
18869.1 11239.3
18869.2 11219.3
18869.6 11199.3
18870.3 11179.3
18871.4 11159.3
18872.9 11139.3
18874.7 11119.3
18867 11119.3
18869.3 11099.3
18872 11079.3
18875.1 11059.3
18867.7 11059.3
18871.4 11039.3
18875.4 11019.3
18868.2 11019.3
18872.8 10999.3
18877.7 10979.3
18870.9 10979.3
18876.4 10959.3
18869.6 10959.3
18875.7 10939.3
18869 10939.3
18875.7 10919.3
18869.1 10919.3
18876.4 10899.3
18869.9 10899.3
18877.8 10879.3
18871.4 10879.3
18880 10859.4
18873.7 10859.3
18867.3 10859.3
18876.7 10839.3
18870.5 10839.3
18880.6 10819.4
18874.4 10819.3
18868.1 10819.3
18879.2 10799.4
18873 10799.3
18866.8 10799.3
18878.8 10779.3
18872.7 10779.3
18866.5 10779.3
12264.1 17580
18873.3 10759.3
18867.2 10759.3
18863.9 10756.3
18863.9 10750.1
11957.2 17269
11897.4 17205.3
11838.3 17140.9
11779.7 17076.1
11721.6 17010.8
11664.2 16945
11607.3 16878.6
11551 16811.8
11495.2 16744.5
11440.1 16676.7
11385.6 16608.4
11331.6 16539.7
11278.3 16470.4
11225.6 16400.7
11173.4 16330.6
11121.9 16260
11071.1 16189
11020.8 16117.5
10971.2 16045.5
10922.2 15973.2
10873.8 15900.4
10826 15827.2
10779 15753.6
10732.5 15679.6
10686.7 15605.2
10641.6 15530.3
10597.1 15455.1
10553.2 15379.5
10510.1 15303.5
10467.6 15227.2
10425.7 15150.5
10384.6 15073.4
10344.1 14995.9
10304.3 14918.1
10265.2 14840
10226.7 14761.5
10189 14682.7
10151.9 14603.6
10115.5 14524.1
10079.9 14444.3
10044.9 14364.2
10010.6 14283.9
9977.03 14203.2
9944.16 14122.2
9912 14041
9880.55 13959.4
9849.82 13877.6
9819.8 13795.5
9790.51 13713.2
9761.93 13630.6
9734.07 13547.8
9706.94 13464.7
9680.54 13381.4
9654.87 13297.9
9629.92 13214.1
9605.71 13130.2
9582.24 13046
9559.5 12961.6
9537.5 12877.1
9516.23 12792.3
9495.71 12707.4
9475.94 12622.2
9456.91 12536.9
9438.62 12451.5
9421.08 12365.9
9404.29 12280.1
9388.25 12194.2
9372.96 12108.2
9358.43 12022
9344.64 11935.7
9331.62 11849.3
9319.34 11762.8
9307.83 11676.2
9297.07 11589.4
9287.07 11502.6
9277.83 11415.7
9269.35 11328.7
9261.63 11241.7
9254.67 11154.6
9248.47 11067.4
9243.03 10980.2
9238.36 10892.9
9234.45 10805.6
9231.3 10718.3
9228.91 10631
9227.29 10543.6
9226.44 10456.2
9226.34 10368.8
9227.01 10281.4
9228.44 10194.1
9230.64 10106.7
9233.6 10019.4
9237.32 9932.05
9241.81 9844.77
9247.06 9757.54
9253.07 9670.36
9259.84 9583.24
9267.37 9496.18
9275.67 9409.18
9284.72 9322.26
9294.53 9235.43
9305.1 9148.68
9316.43 9062.03
9328.52 8975.49
9341.36 8889.05
9354.95 8802.73
9369.3 8716.52
9384.41 8630.45
9400.26 8544.51
9416.87 8458.72
9434.22 8373.07
9452.32 8287.58
9471.17 8202.25
9490.76 8117.09
9511.1 8032.1
9532.18 7947.29
9553.99 7862.67
17968.6 10059.8
17968.7 10048
17968.8 10036.1
17968.8 10024.2
17968.9 10012.2
17969 10000.2
17969.1 9988.04
17969.2 9975.86
17969.3 9963.6
12311.8 7923.83
12312.2 7855.6
12312.7 7786.94
12313.2 7717.83
12313.6 7648.27
12314.1 7578.22
12314.6 7507.69
12315.1 7436.65
12315.6 7365.08
12316.1 7292.97
12316.6 7220.3
12317.1 7147.05
12317.6 7073.22
12318.1 6998.76
18409.1 9990.25
18409.1 9981.29
18429.1 9982.72
18449.1 9984.52
18469.1 9986.69
18489.1 9989.22
18489.1 9980.75
18509.1 9983.81
18529.1 9987.25
18549.1 9991.07
18549.1 9982.97
18569.1 9987.34
18589.1 9992.1
18589.1 9984.22
18609.1 9989.55
18609.1 9981.74
18629.1 9987.64
18649.1 9993.97
18649.1 9986.39
18669.1 9993.31
18669.1 9985.82
18689.1 9993.35
18689.1 9985.93
18709.1 9994.09
18709.1 9986.76
18729.1 9995.56
18729.1 9988.31
18729.2 9980.95
18749.1 9990.61
18749.1 9983.33
18769.1 9993.68
18769.1 9986.49
18789 9997.56
18789.1 9990.46
18789.1 9983.25
18809.1 9995.27
18809.1 9988.15
18809.2 9980.91
18814.4 9978.89
18821.6 9978.94
18828.7 9978.99
18835.6 9979.04
18842.5 9979.08
18849.2 9979.13
18855.8 9979.17
18862.3 9979.22
18868.7 9979.26
18875.1 9979.31
18881.3 9979.35
18887.4 9979.39
18893.5 9979.43
18899.5 9979.47
18905.4 9979.51
18911.2 9979.55
18916.9 9979.59
18922.6 9979.63
18928.2 9979.67
18933.7 9979.71
18939.1 9979.74
18944.5 9979.78
18949.9 9979.82
18955.1 9979.85
13892.9 1942.71
13967 1896.43
14041.5 1850.8
14116.4 1805.82
14191.8 1761.49
14267.4 1717.83
14343.5 1674.82
14420 1632.49
14496.8 1590.82
14574 1549.83
14651.5 1509.51
14729.4 1469.87
14807.6 1430.92
14886.2 1392.65
14965.1 1355.07
15044.3 1318.17
15123.8 1281.97
15203.7 1246.47
15283.8 1211.67
15364.3 1177.57
15445 1144.17
15526.1 1111.48
19039.5 9920.43
19036.7 9900.41
19041.7 9900.44
19039.5 9880.43
19037.6 9860.41
19042.9 9860.45
19041.6 9840.44
19040.6 9820.43
19040 9800.43
19039.8 9780.43
19039.9 9760.43
19040.3 9740.43
19041.1 9720.43
19042.2 9700.44
19043.7 9680.45
19040.6 9640.43
19043 9620.44
19041.1 9580.43
19040 9540.42
19047.9 9540.48
19055.7 9540.53
19063.5 9540.58
19071.3 9540.64
19079.1 9540.69
19086.8 9540.74
19094.6 9540.8
19102.3 9540.85
19109.9 9540.9
19117.6 9540.95
19125.2 9541
19132.9 9541.06
19140.5 9541.11
19148.1 9541.16
19155.6 9541.21
19163.2 9541.26
19170.8 9541.32
19178.3 9541.37
19185.9 9541.42
19193.4 9541.47
19200.9 9541.52
19208.4 9541.57
19216 9541.62
19223.5 9541.68
19231 9541.73
19238.5 9541.78
19246 9541.83
19253.5 9541.88
19261.1 9541.93
19268.6 9541.98
19276.1 9542.04
19283.7 9542.09
19291.2 9542.14
19298.8 9542.19
19306.3 9542.24
19313.9 9542.29
19321.5 9542.35
19329.1 9542.4
19336.7 9542.45
19344.4 9542.5
19352 9542.55
19359.7 9542.61
19367.4 9542.66
19375.1 9542.71
19382.8 9542.77
19390.6 9542.82
19398.4 9542.87
19406.2 9542.92
19414 9542.98
19421.9 9543.03
19429.8 9543.09
19437.7 9543.14
19445.7 9543.19
19453.6 9543.25
19461.7 9543.3
19469.7 9543.36
19477.9 9543.41
19486 9543.47
19494.2 9543.53
19502.4 9543.58
19510.7 9543.64
19519 9543.7
19527.4 9543.75
19535.8 9543.81
19544.3 9543.87
19552.9 9543.93
19561.4 9543.99
21387.2 5010.93
21441.9 5011.3
21497 5011.68
21552.5 5012.06
21608.5 5012.44
21664.8 5012.83
21721.6 5013.21
21778.8 5013.6
21836.5 5014
21894.7 5014.4
21953.4 5014.8
22012.6 5015.2
22072.3 5015.61
22132.6 5016.02
22193.4 5016.44
22254.8 5016.86
22316.8 5017.28
22379.4 5017.71
22442.7 5018.14
22506.6 5018.58
22571.2 5019.02
22636.5 5019.47
22702.5 5019.92
22769.2 5020.37
22836.7 5020.83
22905 5021.3
22974 5021.77
23043 5023.64
23114.7 5022.73
23186.4 5023.22
23259 5023.72
23332.5 5024.22
23407 5024.73
23482.5 5025.25
23559.1 5025.77
23636.7 5026.3
23715.4 5026.84
23795.2 5027.38
23876.3 5027.94
23958.5 5028.5
24042 5029.07
24126.9 5029.65
24213 5030.24
24300.6 5030.84
24389.6 5031.45
24480 5032.07
24572 5032.69
24665.6 5033.33
24754.2 5040.49
24521 5355.67
24529.7 5435.15
24619.4 5438.88
24711.5 5441.93
24809 5441.72
24888.9 5458.62
25149.8 5321.35
24968.2 5563.59
25007.8 5615.95
25107.8 5619.19
25227.9 5608.06
25327.8 5614.95
24000.2 6723.42
24070 6736.71
24155.7 6739.09
25791.7 5612.07
25914.8 5611.24
24857.7 6442.38
24845.2 6524.08
24841.3 6598.74
20922.7 9274.24
