13113.1 -5041.57
13189.9 -5000.06
13266.3 -4957.89
13342.3 -4915.05
13418 -4871.55
13493.2 -4827.39
13568.1 -4782.58
13642.6 -4737.11
13716.7 -4691
13790.4 -4644.24
13863.6 -4596.84
13936.5 -4548.81
14008.9 -4500.13
14080.9 -4450.83
14152.5 -4400.9
14223.6 -4350.35
14294.3 -4299.19
14364.6 -4247.4
14434.4 -4195
11477.7 -219.595
11546.4 -235.798
11209 257.318
11123.5 424.699
11160.9 438.623
11198.9 452.182
11239.6 463.116
11278.2 476.767
11328.2 478.138
11372.3 486.804
11421.2 490.841
11468.2 497.672
11505.7 515.204
11563.2 512.335
11602.1 529.431
11648.1 539.907
11691.2 553.734
11734.3 568.069
11789.8 571.243
11820.6 598.265
11870.4 608.066
11925.4 613.825
11970.9 628.894
12025.5 636.669
12077.1 647.747
12121.2 665.896
12163.6 685.846
12301.8 629.144
12843.6 256.321
13305.2 -39.758
13391.6 -37.416
13468.7 -26.6567
13550 -17.8037
13627.5 -4.88951
13715.8 1.56861
13798.5 13.282
13892.3 18.8209
13994.6 20.141
14079.8 34.5109
14179.4 40.8612
14277.7 49.7394
14219.1 157.679
14212.9 231.529
14247 280.379
14280.7 329.554
14264.6 407.424
14118.6 557.291
14248.9 550.902
14246 618.725
14173.5 722.691
14175.9 785.634
14193.7 840.257
14218.2 891.412
14228.8 949.311
14208.1 1021.73
14211 1082.23
14198.7 1149.16
14191.3 1213.25
14187.7 1275.02
14187.2 1334.98
14173.1 1400.07
14175.1 1458.02
14163.4 1520.92
13484.8 1837.23
13526.8 1872.32
14153.7 1696.79
14146.1 1756.07
13990.3 1865.46
13976.4 1924.43
13942.9 1989.14
12028.2 2640.62
11969.1 2693.24
11970.7 2726.72
11993.2 2754.13
14057 2221.43
14075.2 2269.62
12174.7 2808.76
12057.8 2872.66
12063.5 2905.11
14078.4 2479.21
14078.8 2531.2
14085.5 2581.67
14066.3 2637.27
14067.2 2688.5
14038.1 2745.04
14052.8 2793.29
14051.3 2844.32
14043.4 2896.18
14039 2947.24
14036.1 2997.89
14026.8 3049.19
14019 3100.03
13998.8 3152
14023 3198.99
14016.8 3249.14
13899.6 3308.54
13631.3 3377.3
13392.1 3439.32
13228.2 3492.7
13190.5 3536.87
13188.4 3578.89
13200.9 3620.37
13198.1 3662.4
13196.9 3704.35
13183.3 3746.34
13190.4 3788.14
13200.1 3830.1
13169.5 3871.42
13169.5 3913.11
13185.1 3955.4
13173.3 3996.73
13162.2 4037.92
13175.7 4080.52
13166.9 4121.79
13166.7 4163.66
13156.1 4204.66
13148.2 4245.79
13143 4287.14
13149.2 4329.82
13132.3 4369.79
13140.8 4412.97
13123.2 4452.66
13138.9 4497.2
13143.3 4540.31
13139.4 4582.22
13218.8 4639.09
13446.9 4725.5
13821.1 4844.96
13840.9 4898.32
13843.6 4948.54
13833.2 4996.03
13828.2 5044.81
13824.7 5094.05
13820.7 5143.34
13818.2 5193.16
13797 5238.07
12984.8 5061.27
13803.3 5341.58
17976.2 6640.76
10017.9 4276.33
10008.7 4288.95
10049.8 4317.96
10060.2 4337.5
10010.8 4336.58
9961.6 4334.86
9852.45 4310.27
9839.31 4319.79
9851.29 4338.86
9838.89 4348.59
9891.26 4384.54
9880.35 4395.26
9870.29 4406.23
13745.9 6118.69
10163.8 4568.52
10163.2 4586.84
13650.1 6242.64
13626.6 6287.54
13708.6 6384.22
11909.7 5539.26
17293.7 8338.74
13692.6 6550.71
9857.33 4557.85
9810.96 4549
13646.9 6704.5
17086.1 8722.53
10003 4709.34
10854.2 5232.61
13648.5 6950.65
13639.3 7007.91
9888.11 4713.79
13418.7 6994.27
10033.1 4845.24
10041.2 4871.12
13107.7 6971.98
9954.35 4853.06
9922.82 4851.08
9922.31 4870.77
9855.37 4842.18
9831.56 4844.13
9818.2 4853.6
9807.95 4865.37
10157.8 5159.95
10215.9 5231.48
12193.1 6867.33
11947.3 6719.14
11923.8 6751.96
10434.9 5526.69
10515.1 5627.99
10483.9 5633.12
10347.5 5542.56
10319.5 5548.01
11882.1 7044.01
15631.2 10678.1
15570.7 10740.9
10156.2 5515
10152.2 5541.64
10091.3 5510.42
15323.3 10987.1
15260.1 11047.3
10038.5 5546.89
9986.64 5521.25
9658.43 5185.72
9640.13 5189.93
9925.36 5544.91
9979.78 5640.5
9998.05 5695.71
10106.1 5861.96
10114.9 5910.3
10137.7 5977.76
10192.1 6087.64
10303.5 6275.73
10768.6 6942.05
10730.2 6948.14
10678.4 6935.16
10520 6770.63
10416.6 6678.27
10363.6 6655.34
10334.5 6666.59
10289.4 6653.33
10228.4 6614.3
10131.3 6516.15
10175.9 6641.61
10149.3 6654.48
10149.7 6712.6
10138.7 6752.82
10050.9 6660.38
10011.5 6649.43
9968.97 6631.9
9945.41 6648.16
9903 6628.86
9879.42 6644.57
9841.68 6632.43
9808.26 6627.92
9771.98 6616.74
9727.01 6586.17
9673.44 6535.07
9547.46 6321.1
9468.6 6203.01
9429.94 6171.88
9404.33 6169.76
9379.97 6170.15
9368.72 6202.78
9338.76 6188.83
9334.39 6240.89
9321.54 6272.43
9297.68 6274.78
9357.02 6513.71
9346.01 6559.86
9319.16 6560.45
9278.88 6518.91
9270.72 6577.1
9245.95 6583.68
11210.6 13371.2
11126.8 13395.4
11042.7 13418.9
9138.71 6578.78
9110.26 6569.66
9082.02 6560.26
9055.38 6556.42
8673.9 4996.3
8661.74 4991.84
10449.1 13562.5
8961.28 6594.42
8937.79 6605.14
8921.88 6657.97
8916.04 6773.79
8890.83 6784.14
8860.1 6759.69
8834.33 6765.61
8807.4 6763.39
8779.91 6755.96
8753.05 6752.25
8703.17 6540.58
8672.51 6479.5
8648.9 6481.81
8624.01 6468.97
8600.65 6472.86
8576.9 6471.55
8553.78 6480.02
8529.67 6471.32
8506.35 6477.38
8482.09 6457.26
8458.54 6451.91
8435.36 6464.36
8411.9 6464.6
8387.92 6660.65
8362.07 6720.47
8336.15 6731.06
8310.82 6714.44
8285.11 6715.59
8261.77 6664.56
8324.24 5069.7
8324.28 4891.39
8314.18 4895.71
8304.74 4890.97
8294.74 4893.13
8286.47 4877.28
8277.28 4872.31
8266.56 4881.17
8258.41 4868.1
8251.15 4850.01
8238.94 4868.51
8230.76 4858.2
8223.39 4843.89
8213.57 4845.31
8206.89 4828.91
8196.97 4831.16
8184.67 4845.08
8180.8 4816.76
8166.04 4841.24
8157.18 4837.25
8156.12 4800.07
8208.31 4546.26
8216.5 4485.45
8211.58 4479.02
8179.84 4571.99
8100.33 4829.1
8039.7 5004.19
7925.27 5347.86
7509.38 6647.05
7490.72 6619.2
7462.21 6622.6
7430.68 6634.25
7410.36 6612.49
7381.61 6615.09
7349.98 6624.91
7327.63 6609.13
7298.61 6610.89
7283.87 6576.12
7400.48 6219.91
7290.23 6424.32
7187.75 6600.31
7155.53 6607.07
7339.51 6130.78
7437.45 5863.35
7273.5 6165.4
7486.43 5668.72
7506.08 5587.11
7263.35 6031.53
6966.28 6562.58
6933.19 6566.83
6921.16 6531.04
6929.77 6458.39
6936.13 6392.23
6949.46 6315.95
6922.33 6311.88
6928.29 6251.61
6942.95 6178.81
6844.9 6291.18
6812.36 6294.49
6789.36 6282.26
6756.61 6284.89
6734.22 6271.33
6705.21 6267.5
6671.59 6269.93
7134.64 5566.32
6783.94 6022.5
6688.88 6111.71
6602.9 6184.98
6530.62 6237
6507.99 6222.21
6588.01 6076.68
6889.02 5659.39
7123.28 5338.3
7040.14 5411.06
6284.43 6278.2
6250.94 6273.34
6218.7 6266.58
7220.48 5096.75
7388.17 4888.5
7288.39 4977.49
6072.91 6253.29
6049.31 6235.1
6003.56 6239.65
5963.87 6237.18
5926.18 6232.09
5887.67 6227.22
5847.63 6223.26
5811.09 6215.35
5779.64 6202.22
5732.7 6202.88
7818.15 4292.73
7824.17 4278.42
7782.74 4305.47
7742.32 4330.53
7711.4 4346.6
7671.65 4369.14
7633.01 4389.78
7588.47 4414.12
7529.23 4448.78
7464.57 4486.09
7386.38 4531.92
7316.2 4569.91
7246.08 4606.15
7162.21 4650.47
5043.11 6110
6754.97 4896.84
6789.27 4852.96
6591.98 4962.6
6627.05 4917.52
6360.34 5064.72
6511.41 4946.12
6520.06 4918.18
6517.03 4897.67
6488.32 4892.35
4021.52 6285.78
3979.73 6258.79
3887.29 6259.24
6314.98 4898.25
6311.45 4876.78
6290.38 4864.52
3586.56 6210.15
3514.42 6193.4
5694.74 5084.18
5705.11 5050.29
5702.26 5022.98
5727.01 4983.35
5889.43 4883.59
5900.05 4852.96
5841.91 4851.73
5794.69 4844.99
5741.84 4839.75
5709.37 4825.66
5643.3 4823.89
5603.32 4811.31
5549.24 4803.2
5482.83 4798.54
5420.07 4791.5
5362.91 4781.55
5277.15 4779.88
5211.23 4770.52
5217.03 4738.35
5328.69 4675.39
5370.02 4634.66
5376.14 4604.52
5385.45 4573.78
5383.45 4546.25
5336.06 4529.99
5091.21 4559.84
3595.74 4870.6
3581.49 4829.74
3604.77 4780.91
3608.92 4736.51
3736.25 4668.73
3640.1 4644.2
3645.51 4600.45
3665.14 4554.58
3673.34 4510.96
3672.05 4469
3712.74 4421.34
3741.01 4376.1
3720.06 4337.37
3729.25 4295
3755.73 4251.1
3692.02 4216.19
3658.46 4177.66
3632.2 4138.06
3641.19 4095.67
3662.54 4052.77
3659.3 4011.5
3666.42 3969.79
3672.9 3928.26
3673.75 3887
3689.95 3845.54
3678.52 3804.54
3678.45 3763.38
3696.74 3722.42
3687.38 3681.22
3700.38 3640.48
3710.73 3599.85
3711.45 3558.93
3719.51 3518.39
3733.91 3478.36
3722.71 3436.68
3730.83 3396.32
3738.31 3355.99
3749.11 3316.05
3729.44 3272.95
3736.98 3232.6
3753.8 3193.46
3759.06 3152.98
3759.72 3111.84
3755.81 3069.9
3767.08 3030.24
4225.28 3066.64
4681.47 3110.81
5153.25 3166.02
5326.47 3170.81
3785.39 2825.23
5371.71 3124.71
5533.62 3133.38
5541.28 3108.89
5533.61 3080.71
5538.81 3055.51
5537.46 3028.59
5554.71 3006.55
5546.12 2977.48
5554.16 2952.92
5557.61 2927.01
5550.79 2897.86
5553.8 2871.55
5541.84 2840.24
5539.69 2811.86
-1051.24 495.369
-1022.26 413.058
-992.555 331.003
-962.138 249.209
-931.008 167.685
-899.166 86.4303
-866.619 5.46165
-833.366 -75.2202
-799.41 -155.608
-764.753 -235.697
-729.4 -315.481
-693.351 -394.953
-656.61 -474.107
-619.18 -552.938
-581.063 -631.439
-542.261 -709.608
-502.78 -787.432
-462.621 -864.909
-421.789 -942.032
