281.894 6417.71
216.552 6475.55
150.708 6532.82
84.3643 6589.51
17.5303 6645.62
-49.79 6701.15
-117.592 6756.09
-185.873 6810.43
-254.626 6864.18
-323.844 6917.32
-393.523 6969.86
-463.657 7021.78
-534.242 7073.1
-605.274 7123.79
-676.745 7173.87
-748.649 7223.32
-820.981 7272.13
-893.74 7320.32
-966.914 7367.87
-5566.48 245.955
-5574.58 258.098
-1188.89 7506.66
-1263.68 7551.63
-1495.6 7327.33
-5025.65 1325.32
-5050.26 1330.06
-4016.63 3262.18
-4389.55 2659.05
-4705.16 2138.28
-4131 3320.77
-2199.33 7245.56
-4142.85 3490.26
-5772.6 215.289
-5830.53 121.056
-5901.02 -4.95807
-5951.59 -92.9029
-5990.5 -158.764
-6036.14 -243.601
-6047.75 -251.705
-6058.06 -257.173
-6061.21 -245.115
-6052.93 -203.232
-2833.49 8309.35
-2915.22 8339.93
-2997.21 8369.8
-3079.47 8398.96
-3161.97 8427.39
-6167.75 -400.978
-6176.09 -407.73
-3410.92 8508.36
-3494.37 8533.89
-3578.04 8558.7
-3661.92 8582.78
-3746 8606.12
-6206.19 -385.407
-6200.09 -337.405
-6211.71 -358.21
-6225.25 -388.895
-6234.26 -402.208
-6247.28 -435.17
-6255.83 -449.707
-6265.1 -469.25
-6276.07 -499.715
-6285.25 -523.437
-6291.47 -532.494
-6298.17 -545.567
-4855.01 8842.17
-4941.32 8855.1
-5027.73 8867.27
-5114.25 8878.68
-5200.86 8889.34
-5287.56 8899.24
-5374.35 8908.39
-5461.21 8916.78
-5548.14 8924.41
-5635.14 8931.28
-5722.19 8937.39
-5809.29 8942.74
-5896.44 8947.33
-5983.62 8951.16
-6070.83 8954.23
-6158.07 8956.54
-6245.32 8958.09
-6332.58 8958.88
-6419.85 8958.9
-6507.11 8958.16
-6594.37 8956.66
-6681.6 8954.4
-6768.82 8951.38
-6856 8947.6
-6943.15 8943.06
-7030.25 8937.75
-7117.31 8931.69
-7204.31 8924.87
-7291.24 8917.29
-7378.11 8908.95
-7464.9 8899.85
-7551.61 8889.99
-7638.23 8879.38
-7724.75 8868.02
-7811.17 8855.9
-7897.48 8843.02
-7983.68 8829.39
-8069.75 8815.01
-8155.7 8799.89
-8241.51 8784.01
-8327.17 8767.38
-8412.69 8750
-8498.06 8731.88
-8583.26 8713.02
-8668.29 8693.41
-8753.15 8673.06
-8837.83 8651.98
-8922.33 8630.15
-9006.63 8607.59
-9090.73 8584.29
-9174.62 8560.26
-9258.3 8535.5
-9341.76 8510.01
-9424.99 8483.79
-6536.39 -563.274
-9590.76 8429.18
-9673.28 8400.79
-9755.55 8371.68
-6552.96 -569.058
-6561.68 -558.436
-6567.69 -555.388
-6573.77 -552.409
-6581.44 -545.796
-6583.82 -552.193
-6599.12 -528.27
-6613.25 -508.24
-6619.12 -507.569
-6627.95 -500.602
-6635.64 -496.463
-6644.29 -490.616
-6664.55 -461.557
-6700.19 -403.34
-6715.81 -386.606
-6750.83 -333.808
-6796.72 -263.074
-7229.43 510.15
-7283.47 575.098
-7311.93 592.325
-7340.75 609.177
-7367.89 622.21
-7385.47 618.647
-7389.4 592.791
-7402.55 582.22
-7411.81 565.655
-7420.86 549.053
-7426.92 528.258
-7443.39 523.187
-7451.3 505.621
-7469.37 502.739
-7468.2 472.872
-7472.5 451.21
-7480.1 434.398
-7489.91 420.752
-7498.34 405.466
-7518.97 405.854
-7517.16 377.91
-7529.5 367.924
-7534.08 348.602
-7544.87 336.942
-7549.67 318.381
-7554.9 300.593
-7563.23 286.549
-7572.75 273.943
-7588.93 268.617
-7587.3 244.166
-7596.4 231.405
-7613.73 227.181
-7624.75 216.358
-7622.9 192.763
-7622.16 170.694
-7631.24 158.415
-7657.68 162.52
-7652.72 137.057
-7661.47 124.552
-7664.88 107.321
-7680.87 101.332
-7679.42 80.1337
-7686.87 66.8037
-7706.48 63.6638
-7702.13 40.6448
-7719.32 35.3186
-7730.23 24.82
-7737.11 11.1504
-7732.71 -11.0349
-7744.05 -21.092
-7749.67 -35.4089
-7755.96 -49.162
-7759.67 -64.6801
-7769.78 -75.6252
-7778.97 -87.2356
-7797.22 -92.8193
-7801.26 -107.974
-7796.73 -128.539
-7801.26 -143.081
-7820.1 -148.683
-7812.44 -170.635
-7842.32 -169.878
-7842.96 -186.713
-7841.68 -204.485
-7859.39 -211.415
-7856.93 -229.658
-7856.91 -246.375
-7871.75 -255.11
-7876.78 -269.083
-7878.1 -284.884
-7899.88 -290.472
-7893.77 -309.858
-7900.99 -322.678
-7927.18 -326.771
-7920.59 -346.062
-7924.77 -360.347
-7928.81 -374.653
-7940.1 -385.881
-7955.01 -395.74
-7965.23 -407.663
-7955.78 -427.333
-7981.65 -433.316
-7967.19 -454.599
-7974.13 -467.804
-7985.68 -479.436
-7999.99 -490.261
-8014.23 -501.294
-8011.26 -518.025
-8013.85 -532.883
-8002.9 -551.784
-7913.99 -593.143
-7911.11 -608.457
-7903.24 -625.003
-7902.95 -639.34
-7895.74 -655.365
-7903.9 -667.426
-7932.41 -674.781
-7971.63 -680.175
-8037.26 -680.49
-7987.48 -705.986
-7951.11 -727.85
-7925.29 -746.998
-7890.41 -767.275
-7837.55 -789.974
-7701.51 -825.254
-7690.5 -838.784
-7759.5 -840.46
-7720.58 -858.055
-7691.37 -873.69
-7679.87 -886.681
-7651.35 -901.313
-7632.62 -914.431
-7599.82 -928.496
-7597.77 -939.403
-7558.72 -953.018
-7539.49 -964.63
-7522.14 -975.785
-7474.72 -988.08
-7473.14 -997.723
-7438.49 -1008.35
-7436.74 -1017.64
-7412.9 -1027.19
-7389.99 -1036.32
-7383.99 -1045.12
-7366.92 -1053.67
-7367.77 -1062.32
-7333.56 -1069.92
-7313.29 -1077.46
-7300.95 -1085.04
-7296.53 -1092.86
-7274.09 -1099.43
-7276.54 -1107.46
-7255 -1113.56
-7238.4 -1119.74
-7209.82 -1124.44
-7218.01 -1132.67
-7207.24 -1138.81
-7191.48 -1144.15
-7174.69 -1149.08
-7177.68 -1156.59
-7164.78 -1161.74
-7152.84 -1166.82
-7150.72 -1173.4
-7126.91 -1176.05
-7124.72 -1182.38
-7136.2 -1191.42
-7104.51 -1191.71
-7102.19 -1197.83
-7099.82 -1203.91
-7085.72 -1207.22
-7066.75 -1209.11
-7059.44 -1213.63
-7066.62 -1221.85
-7060.19 -1226.53
-7049.88 -1230.02
-7034.76 -1231.96
-7024.45 -1235.08
-7027.51 -1242.19
-7016.21 -1244.79
-7014.4 -1250.35
-6998.35 -1251.07
-6989.88 -1254.16
-6987.06 -1259.14
-6982.32 -1263.4
-6978.48 -1267.95
-6957.84 -1265.93
-6951.21 -1269.12
-6955.67 -1276.75
-6954.52 -1282.16
-6950.55 -1286.39
-6931 -1283.72
-6927.95 -1288.12
-6933.03 -1296.24
-6929.88 -1300.64
-6910.48 -1297.19
-6904.64 -1300.05
-6901.46 -1304.18
-6907.15 -1312.85
-6888.82 -1309.07
-6884.7 -1312.56
-6888.45 -1320.33
-6872.91 -1317.44
-6875.69 -1324.71
-6867.14 -1325.51
-6861.2 -1327.72
-6867.23 -1337.1
-6847.62 -1330.83
-6851.84 -1339.18
-6849.22 -1343.29
-6838.2 -1341.9
-6836.39 -1346.45
-6826.27 -1345.37
-6823.59 -1349.26
-6829.87 -1359.48
-6814.9 -1354.64
-6809.73 -1356.66
-6806.15 -1359.8
-6806.54 -1365.94
-6795.78 -1363.54
-6805.52 -1377.07
-6794.77 -1374.52
-6792.62 -1378.77
-6782.73 -1376.61
-6773.68 -1374.95
-6769.99 -1377.73
-6778.32 -1391.02
-6754.36 -1375.85
-6762.53 -1389.2
-6752.86 -1386.42
-6752.75 -1392.41
-6754 -1399.81
-6742.26 -1394.7
-6742.71 -1401.37
-6738.14 -1403.11
-6735.67 -1406.95
-6729.7 -1407.16
-6725.12 -1408.75
-6721.89 -1411.75
-6720.66 -1416.95
-6716.04 -1418.43
-6710.75 -1419.1
-12908.7 -8614.85
-12842.4 -8671.54
-12775.5 -8727.66
-12708.2 -8783.18
-12640.4 -8838.12
-6691.75 -1437.51
-6689.5 -1441.81
-12434.2 -8999.35
-6680.07 -1443.96
-12294.3 -9103.82
-12223.7 -9155.13
-12152.7 -9205.83
-12081.2 -9255.9
-12009.3 -9305.35
-11937 -9354.17
-11864.3 -9402.35
-11791.1 -9449.9
-11717.5 -9496.81
-11643.5 -9543.08
-11569.1 -9588.69
-11494.3 -9633.66
-11419.1 -9677.97
-11343.6 -9721.62
-11267.6 -9764.62
-11191.3 -9806.95
-11114.6 -9848.61
-11037.6 -9889.6
-10960.2 -9929.91
-10882.5 -9969.55
-10804.4 -10008.5
-6597.65 -1494.01
-10647.2 -10084.4
-10568.1 -10121.3
-10488.7 -10157.5
-10409 -10193
-6576.5 -1500.36
-10248.7 -10261.9
-10168.1 -10295.4
-10087.2 -10328.1
-10006 -10360.1
-9924.51 -10391.4
-6552.53 -1511
-9760.78 -10451.8
-6544.3 -1513.96
-6541.46 -1519.17
-9513.28 -10537.1
-9430.29 -10564.1
-9347.07 -10590.4
-6525.25 -1526.46
-6520.45 -1525.8
-6517.02 -1529.91
-6511.96 -1528.2
-8927.7 -10710.8
-6504.67 -1535.29
-6501.07 -1539.28
-6497.63 -1544.22
-6491.03 -1535.48
-6488.41 -1544.26
-6484.62 -1548.13
-6480.39 -1550.02
-6475.01 -1545.97
-6469.17 -1538.92
-6467.03 -1552.5
-6462.56 -1553.24
-6458.09 -1553.95
-6453.47 -1553.64
-6448.86 -1553.27
-6446.28 -1568.74
-6441.91 -1571.3
-6435.75 -1557.91
-6432.54 -1571.32
-6427.46 -1566.79
-6422.78 -1566.19
-6418.94 -1576.53
-6414.46 -1579.85
-6409.08 -1568.16
-6405.39 -1587.38
-6400.66 -1588.59
-6395.82 -1586.76
-6390.9 -1579.88
-6386.34 -1589.97
-6381.54 -1588.01
-6376.71 -1601.01
-6371.84 -1599.97
-6366.7 -1611.88
-6361.78 -1609.76
-6356.35 -1621.57
-6351.66 -1613.36
-6347.18 -1604.12
-6341.29 -1618.79
-6336.47 -1615.44
-6331.54 -1614.05
-6325.81 -1621.59
-6319.85 -1630.05
-6313.08 -1644.43
-6308.52 -1637.87
-6302.81 -1641.2
-6297.98 -1637.54
-6291.78 -1643.74
-6287.28 -1638.01
-6279.83 -1651.01
-6275.86 -1642.23
-6267.06 -1660.99
-6261.66 -1659.99
-6254.51 -1667.77
-6246.6 -1678.41
-6242.95 -1668.44
-6237.26 -1668.2
-6230.42 -1672.78
-6220.88 -1687.97
-6213.52 -1693.35
-6208.34 -1689.95
-6200.32 -1697.12
-6191.35 -1707.09
-6185.26 -1706.38
-6176.87 -1713.29
-6170.42 -1713.41
-6160.6 -1723.95
-6152.46 -1728.66
-6146.79 -1725.71
-6134.56 -1741.6
-6129.47 -1736.62
-6118.57 -1747.55
-6112.41 -1745.25
-6101.93 -1754.08
-6093.13 -1758.14
-6083.47 -1763.95
-6074.86 -1766.87
-6063.01 -1777.06
-6052.17 -1784.34
-6037.49 -1799.7
-6033.39 -1791.24
-6022.17 -1798.14
-6010.37 -1805.81
-5996.19 -1817.81
-5987.18 -1818.91
-5974.45 -1827.02
-5962.49 -1833.2
-5943.77 -1851.56
-5935.75 -1849.48
-5923.83 -1854.31
-5915.76 -1852.04
-5896.11 -1869.57
-5882.76 -1875.64
-5862.02 -1893.51
-5848.29 -1899.17
-5833.88 -1905.5
-5820.41 -1909.97
-5803.53 -1919.28
-5780.9 -1936.68
-5771.42 -1933.9
-5756.24 -1939.25
-5726.5 -1964.82
-5706.2 -1976.14
-5683.88 -1989.59
-5662.47 -2001.12
-5646.86 -2004.38
-5606.04 -2039.87
-5582.5 -2051.94
-5551.19 -2073.03
-54.0974 -8786.7
13.2545 -8731.21
80.1189 -8675.14
146.493 -8618.48
212.368 -8561.25
277.747 -8503.44
342.614 -8445.07
406.97 -8386.13
470.808 -8326.63
534.124 -8266.58
596.915 -8205.98
659.175 -8144.83
720.898 -8083.14
782.081 -8020.91
842.718 -7958.16
902.809 -7894.87
962.341 -7831.07
1021.32 -7766.74
1079.73 -7701.91
