13710.8 -1867.07
13710.8 -1867.07
13710.8 -1867.07
13710.8 -1867.07
13710.8 -1867.07
13710.8 -1867.07
13710.8 -1867.07
13710.8 -1867.07
13710.8 -1867.07
13710.8 -1867.07
13710.8 -1867.07
13710.8 -1867.07
13710.8 -1867.07
13710.8 -1867.07
13710.8 -1867.07
13710.8 -1867.07
13710.8 -1867.07
13710.8 -1867.07
13710.8 -1867.07
13710.8 -1867.07
13710.8 -1867.07
13710.8 -1867.07
13710.8 -1867.07
13710.8 -1867.07
13710.8 -1867.07
13710.8 -1867.07
13718.6 -1873.9
13718.6 -1873.9
13718.6 -1873.9
13718.6 -1873.9
13718.6 -1873.9
13718.6 -1873.9
13718.6 -1873.9
13718.6 -1873.9
13718.6 -1873.9
13718.6 -1873.9
13718.6 -1873.9
13718.6 -1873.9
13718.6 -1873.9
13718.6 -1873.9
13719.5 -1876.75
13721 -1881.78
13723.2 -1889.75
13725.6 -1900.73
13727.7 -1912.55
13730.3 -1939.42
13730.3 -1939.42
13730.8 -1957.41
13730.2 -1976.9
13732.1 -1999.86
13729.7 -2017.7
13726.4 -2035.39
13722.2 -2052.91
13717.3 -2070.21
13711.5 -2087.25
13704.9 -2103.99
13698.1 -2119.02
13690.7 -2133.78
13682.7 -2148.24
13674.2 -2162.38
13665.2 -2176.17
13656.4 -2188.37
13647.2 -2200.22
13640.9 -2210.5
13630.8 -2221.57
13611.6 -2240.63
13611.6 -2240.63
13601.7 -2249.71
13591.4 -2258.49
13580.9 -2266.94
13570.1 -2275.07
13559.1 -2282.87
13547.8 -2290.33
13536.3 -2297.44
13526 -2303.45
13515.4 -2309.22
13504.8 -2314.77
13482.8 -2323.77
13470.5 -2329.44
13459.5 -2334.25
13448.5 -2338.91
13437.4 -2343.43
13426.2 -2347.8
13414.9 -2352.02
13403.7 -2356.1
13392.3 -2360.03
13382.4 -2363.34
13372.3 -2366.51
13362.3 -2369.56
13352.2 -2372.47
13342.1 -2375.25
13329.4 -2377.21
13319.2 -2379.73
13309 -2382.12
13298.8 -2384.46
13288.5 -2386.81
13278.3 -2389.19
13268.1 -2391.62
13257.9 -2394.1
13247.7 -2396.71
13237.6 -2399.45
13227.5 -2402.32
13217.4 -2405.33
13197.4 -2411.74
13197.4 -2411.74
13187.5 -2415.14
13177.6 -2418.66
13167.8 -2422.32
13158 -2426.11
13138.5 -2434.06
13128.9 -2438.23
13128.9 -2438.23
13119.3 -2442.53
13100.3 -2451.49
13100.3 -2451.49
13090.9 -2456.16
13081.6 -2460.94
13072.3 -2465.86
13063.1 -2470.89
13044.3 -2468.45
13044.3 -2468.45
13035.3 -2473.88
13026.4 -2479.42
13018.8 -2484.27
13011.3 -2489.23
13002.6 -2495.12
12994 -2501.12
12986.7 -2506.36
12979.4 -2511.7
12972.3 -2517.13
12964 -2523.58
12955.8 -2530.13
12948.8 -2535.84
12941.9 -2541.64
12935.1 -2547.53
12928.4 -2553.51
12920.6 -2560.59
12912.4 -2568.28
12904.3 -2576.08
12897.4 -2582.93
12883.8 -2596.89
12883.8 -2596.89
12870.5 -2611.21
12870.5 -2611.21
12865.1 -2617.38
12853.4 -2631.07
12853.4 -2631.07
12847.2 -2638.61
12842 -2645.06
12837 -2651.57
12826.2 -2666
12826.2 -2666
12825.2 -2682.77
12820.5 -2689.53
12815.8 -2696.35
12805.2 -2712.69
12805.2 -2712.69
12800.8 -2719.68
12796.5 -2726.74
12788.3 -2741.01
12788.3 -2741.01
12783.5 -2749.54
12778.9 -2758.13
12771.4 -2772.82
12771.4 -2772.82
12764.3 -2787.7
12764.3 -2787.7
12756.3 -2805.5
12756.3 -2805.5
12753.1 -2813.1
12747 -2828.41
12747 -2828.41
12744 -2836.13
12741.2 -2843.88
12738.5 -2851.67
12735.4 -2860.92
12732.4 -2870.21
12730 -2878.1
12727.7 -2886.02
12725.9 -2892.52
12724.2 -2899.04
12722.4 -2905.56
12720.7 -2912.08
12719 -2918.62
12717.4 -2925.16
12718.6 -2930.67
12716.6 -2938.67
12714.4 -2948.16
12712.4 -2957.7
12710.8 -2965.81
12709.4 -2973.93
12708.1 -2982.07
12705.7 -2998.41
12705.7 -2998.41
12703.8 -3014.8
12703 -3023.01
12702.3 -3031.22
12701.6 -3039.44
12700.9 -3047.67
12700.9 -3047.67
12700.4 -3055.9
12700 -3064.14
12699.6 -3080.64
12699.5 -3088.89
12699.5 -3088.89
12699.7 -3105.39
12699.7 -3105.39
12700.4 -3124.87
12700.4 -3124.87
12700.9 -3134.61
12702.2 -3151.06
12702.2 -3151.06
12703 -3159.27
12703.9 -3167.47
12704.8 -3175.67
12705.8 -3183.86
12706.9 -3192.04
12708 -3200.21
12709.3 -3208.35
12711 -3217.96
12712.8 -3227.55
12714.7 -3237.11
12716.4 -3245.18
12718.2 -3253.23
12730.6 -3289.8
12733 -3299.25
12735.5 -3308.67
12737.3 -3315.17
12738.4 -3318.78
12738.6 -3319.5
12738.6 -3319.5
12738.6 -3319.5
12738.6 -3319.5
12739.4 -3322.39
12741 -3328.15
12743.7 -3336.76
12746.6 -3346.05
12749.7 -3355.3
12755.3 -3370.84
12758.7 -3379.96
12758.7 -3379.96
12762.3 -3389.04
12766 -3398.06
12769.1 -3405.69
12772.3 -3413.3
12775.6 -3420.86
12779.6 -3429.76
12783.6 -3438.63
12786.4 -3444.76
12788 -3448.17
