5767.43 -1139.69
5727.64 -1139.62
5688.13 -1139.56
5648.9 -1139.5
5609.95 -1139.44
5571.26 -1139.38
5532.83 -1139.32
5494.64 -1139.26
5456.7 -1139.2
5418.98 -1139.14
5381.49 -1139.08
5344.21 -1139.02
5307.09 -1139.11
5270.27 -1138.91
5233.59 -1138.85
5197.1 -1138.79
5160.79 -1138.73
5124.65 -1138.68
5088.68 -1138.62
5052.87 -1138.56
5017.21 -1138.51
4981.69 -1138.45
4946.32 -1138.4
4492.52 -3137.69
4475.61 -3137.66
4458.75 -3137.63
4441.95 -3137.61
4425.2 -3137.58
4408.51 -3137.56
4391.86 -3137.53
4375.25 -3137.5
4358.69 -3137.48
4342.17 -3137.45
4325.68 -3137.43
4309.23 -3137.4
4292.81 -3137.37
4276.41 -3137.35
4260.05 -3137.32
4243.7 -3137.3
4227.38 -3137.27
4211.08 -3137.25
4194.79 -3137.22
4178.52 -3137.2
4162.26 -3137.17
4146 -3137.14
4129.75 -3137.12
4113.51 -3137.09
4097.27 -3137.07
4081.02 -3137.04
4064.77 -3137.02
4048.52 -3136.99
4032.25 -3136.97
4015.98 -3136.94
3999.69 -3136.91
3983.38 -3136.89
3967.06 -3136.86
3950.71 -3136.84
3934.34 -3136.81
3917.95 -3136.79
3901.52 -3136.76
3885.06 -3136.73
3868.57 -3136.71
3852.04 -3136.68
3835.48 -3136.66
3818.87 -3136.63
3802.21 -3136.6
3785.51 -3136.58
3768.75 -3136.55
3751.95 -3136.53
3735.09 -3136.5
3718.16 -3136.47
3703.26 -3146.07
3695.82 -3188.23
3698.09 -3268.76
3696.54 -3327.82
3695.3 -3384.03
3694.4 -3437.83
3694.21 -3490.76
3692.09 -3533.53
3698.36 -3602.66
3693.71 -3631.23
3690.67 -3663.52
3692.49 -3709.26
3695.02 -3754.69
3691.05 -3778.56
3694.24 -3821.82
3690.97 -3844.92
3712.86 -3935.24
3717.43 -3975.24
3714.97 -3995.24
3712.84 -4015.24
3711.04 -4035.23
3717.97 -4075.25
3717.06 -4095.24
3716.49 -4115.24
3716.27 -4135.24
3716.41 -4155.24
3716.89 -4175.24
3717.73 -4195.25
3718.92 -4215.25
3710.4 -4215.23
3712.11 -4235.24
3714.18 -4255.24
3716.62 -4275.24
3708.46 -4275.23
3711.43 -4295.24
3714.77 -4315.24
3718.51 -4335.25
3710.72 -4335.23
3715 -4355.24
3719.68 -4375.25
3712.13 -4375.24
3717.37 -4395.24
3709.91 -4395.23
3715.72 -4415.24
3708.34 -4415.23
3714.74 -4435.24
3707.44 -4435.23
3714.45 -4455.24
3707.22 -4455.23
3714.85 -4475.24
3707.71 -4475.23
3715.98 -4495.24
3708.92 -4495.23
3717.84 -4515.25
3710.88 -4515.23
3720.47 -4535.25
3713.6 -4535.24
3706.63 -4535.23
3717.12 -4555.24
3710.25 -4555.23
3721.46 -4575.25
3714.69 -4575.24
3707.8 -4575.23
3719.98 -4595.25
3713.21 -4595.24
3706.31 -4595.23
3704.14 -4600.02
3704.13 -4606.87
3704.12 -4613.6
3704.11 -4620.22
3704.1 -4626.74
3704.09 -4633.15
3704.08 -4639.46
3704.07 -4645.67
3704.06 -4651.79
3704.05 -4657.81
3704.04 -4663.75
3704.03 -4669.61
3704.02 -4675.38
3704.01 -4681.07
3704 -4686.68
3704 -4692.22
3703.99 -4697.69
3703.98 -4703.08
3703.97 -4708.41
3703.96 -4713.67
3703.95 -4718.86
3703.95 -4724
3703.94 -4729.07
3703.93 -4734.08
3703.92 -4739.04
3703.91 -4743.94
3703.91 -4748.79
3703.9 -4753.59
3703.89 -4758.33
3703.88 -4763.03
3703.88 -4767.68
3703.87 -4772.28
3703.86 -4776.84
3703.86 -4781.36
3703.85 -4785.83
3703.84 -4790.27
3703.83 -4794.66
3703.83 -4799.01
3703.82 -4803.33
3703.81 -4807.62
3703.81 -4811.86
3703.8 -4816.08
3703.79 -4820.26
3703.79 -4824.4
3703.78 -4828.52
3703.77 -4832.61
3703.77 -4836.67
3703.76 -4840.7
3703.76 -4844.7
3703.75 -4848.68
3703.74 -4852.63
3703.74 -4856.56
3703.73 -4860.46
3703.73 -4864.35
3703.72 -4868.2
3703.71 -4872.04
3703.71 -4875.86
3703.7 -4879.66
3703.7 -4883.43
3703.69 -4887.19
3703.68 -4890.93
3703.68 -4894.66
3703.67 -4898.37
3703.67 -4902.06
3703.66 -4905.74
3703.65 -4909.4
3703.65 -4913.05
3703.64 -4916.69
3703.64 -4920.31
3703.63 -4923.92
3703.63 -4927.53
3703.62 -4931.12
3703.61 -4934.7
3703.61 -4938.27
3703.6 -4941.83
3703.6 -4945.38
3703.59 -4948.93
3703.59 -4952.47
3703.58 -4956
3703.58 -4959.53
3703.57 -4963.05
3703.56 -4966.56
3703.56 -4970.07
3703.55 -4973.58
3703.55 -4977.09
3703.54 -4980.59
3703.54 -4984.09
3703.53 -4987.58
3703.53 -4991.08
3703.52 -4994.58
3703.52 -4998.07
3703.51 -5001.57
3703.5 -5005.06
3703.5 -5008.56
3703.49 -5012.06
3703.49 -5015.57
3703.48 -5019.07
3703.48 -5022.58
3703.47 -5026.1
3703.47 -5029.62
3703.46 -5033.14
3703.45 -5036.67
3703.45 -5040.21
3703.44 -5043.75
3703.44 -5047.3
3703.43 -5050.86
3703.43 -5054.43
3703.42 -5058
3703.42 -5061.59
3703.41 -5065.19
3703.4 -5068.79
3703.4 -5072.41
3703.39 -5076.05
3703.39 -5079.69
3703.38 -5083.35
3703.38 -5087.02
3703.37 -5090.71
3703.36 -5094.41
3703.36 -5098.13
3703.35 -5101.87
3703.35 -5105.62
3703.34 -5109.39
3703.33 -5113.18
3703.33 -5116.99
3703.32 -5120.82
3703.32 -5124.67
3703.31 -5128.54
3703.3 -5132.44
3703.3 -5136.35
3703.29 -5140.3
3703.29 -5144.27
3703.28 -5148.26
3703.27 -5152.28
3703.27 -5156.33
3703.26 -5160.41
3703.25 -5164.51
3703.25 -5168.65
3703.24 -5172.82
3703.23 -5177.02
3703.23 -5181.25
3703.22 -5185.52
3703.21 -5189.83
3703.21 -5194.17
3703.2 -5198.55
3703.19 -5202.97
3703.19 -5207.42
3703.18 -5211.93
3703.17 -5216.47
3703.17 -5221.06
3703.16 -5225.69
3703.15 -5230.37
3703.14 -5235.1
3703.14 -5239.87
3703.13 -5244.7
3703.12 -5249.58
3703.11 -5254.52
3703.1 -5259.51
3703.1 -5264.56
3703.09 -5269.68
3703.08 -5274.85
3703.07 -5280.08
3703.06 -5285.38
3703.06 -5290.75
3703.05 -5296.19
3703.04 -5301.7
3703.03 -5307.29
3703.02 -5312.95
3703.01 -5318.69
3703 -5324.51
3702.99 -5330.42
3702.98 -5336.42
3702.97 -5342.5
3702.96 -5348.68
3702.96 -5354.95
3702.95 -5361.32
3702.93 -5367.8
3702.92 -5374.38
3702.91 -5381.07
3702.9 -5387.88
3702.47 -5395.22
3709.41 -5395.23
3716.23 -5395.24
3703.9 -5415.22
3710.83 -5415.24
3717.64 -5415.25
3706.29 -5435.23
3713.2 -5435.24
3720.01 -5435.25
3709.59 -5455.23
3716.49 -5455.24
3706.77 -5475.23
3713.77 -5475.24
3720.67 -5475.25
3711.8 -5495.24
3718.8 -5495.25
3710.58 -5515.24
3717.66 -5515.25
3710.08 -5535.23
3717.25 -5535.25
3710.29 -5555.24
3717.54 -5555.25
3711.17 -5575.24
3705.23 -5595.23
3712.73 -5595.24
3707.37 -5615.23
3714.94 -5615.24
3710.15 -5635.23
3717.8 -5635.25
3713.56 -5655.24
3709.71 -5675.23
3717.59 -5675.25
3714.28 -5695.24
3711.34 -5715.24
3708.78 -5735.23
3706.6 -5755.23
3715 -5755.24
3713.33 -5775.24
3712.01 -5795.24
3711.06 -5815.24
3710.46 -5835.24
3710.21 -5855.24
3710.32 -5875.24
3710.77 -5895.24
3711.57 -5915.24
3712.7 -5935.24
3714.18 -5955.24
3708.09 -5995.23
3710.44 -6015.24
3713.13 -6035.24
3708.83 -6075.23
3712.38 -6095.24
3709.33 -6135.23
3707 -6175.23
3711.9 -6195.24
3710.79 -6235.24
3710.39 -6275.24
3710.68 -6315.24
3711.67 -6355.24
3707.78 -6415.23
3710.34 -6455.24
3713.58 -6495.24
3707.48 -6575.23
3712.46 -6615.24
3708.82 -6695.23
3711.06 -6755.24
3710.05 -6835.24
3563.05 -7635.01
3587.03 -7635.04
3610.93 -7635.08
3634.75 -7635.12
3658.5 -7635.16
3682.18 -7635.19
3705.79 -7635.23
3729.35 -7635.27
3755.14 -7617.96
3777.77 -7623.37
3801.27 -7621.5
3825.01 -7616.65
3848.15 -7616.68
3871.25 -7616.72
3894.31 -7616.75
3917.34 -7616.79
3940.35 -7616.83
3963.32 -7616.86
3986.28 -7616.9
4009.22 -7616.93
4032.15 -7616.97
4055.07 -7617.01
4077.98 -7617.04
4100.88 -7617.08
4123.79 -7617.11
4146.7 -7617.15
4133.78 -6195.9
4132.73 -5855.9
4133.42 -5695.9
4133.38 -5575.9
4133.64 -5495.9
4136.65 -5475.9
4140.87 -5475.91
4145.09 -5475.92
4149.32 -5475.92
4153.56 -5475.93
4157.81 -5475.94
4162.06 -5475.94
4166.32 -5475.95
4170.6 -5475.96
4174.88 -5475.96
4179.18 -5475.97
4183.48 -5475.98
4187.8 -5475.98
4192.14 -5475.99
4196.48 -5476
4200.84 -5476
4205.22 -5476.01
4209.62 -5476.02
4214.03 -5476.03
4218.46 -5476.03
4222.9 -5476.04
4227.37 -5476.05
4231.86 -5476.05
4236.37 -5476.06
4240.9 -5476.07
4245.45 -5476.07
4250.03 -5476.08
4254.63 -5476.09
4259.26 -5476.1
4263.91 -5476.1
4268.59 -5476.11
4273.3 -5476.12
4278.04 -5476.13
4282.81 -5476.13
4287.61 -5476.14
4292.45 -5476.15
4297.31 -5476.16
4302.21 -5476.16
4307.15 -5476.17
4312.12 -5476.18
4317.14 -5476.19
4322.19 -5476.2
4327.28 -5476.2
4332.41 -5476.21
4337.59 -5476.22
4342.81 -5476.23
4348.08 -5476.24
4353.39 -5476.24
4358.75 -5476.25
4364.17 -5476.26
4369.63 -5476.27
4375.15 -5476.28
4380.72 -5476.29
4386.35 -5476.3
4392.04 -5476.3
4397.79 -5476.31
4403.6 -5476.32
4409.47 -5476.33
4415.41 -5476.34
4421.42 -5476.35
4427.5 -5476.36
4433.65 -5476.37
4439.88 -5476.38
4446.18 -5476.39
4452.56 -5476.4
4459.03 -5476.41
4465.57 -5476.42
4472.21 -5476.43
4478.93 -5476.44
4485.75 -5476.45
4492.66 -5476.46
4499.68 -5476.47
4506.79 -5476.48
4514.01 -5476.5
4521.34 -5476.51
4528.78 -5476.52
4536.34 -5476.53
4544.02 -5476.54
4551.82 -5476.56
4559.75 -5476.57
4567.81 -5476.58
4576.01 -5476.59
4582.77 -5475.02
4582.78 -5466.73
4582.79 -5458.58
4602.78 -5469.51
4602.79 -5461.3
4622.77 -5471.52
4622.79 -5463.25
4642.77 -5472.78
4642.78 -5464.45
4662.77 -5473.31
4662.78 -5464.93
4682.77 -5473.14
4682.78 -5464.71
4702.77 -5472.28
4702.79 -5463.8
4722.77 -5470.76
4722.79 -5462.23
4742.78 -5468.59
4762.77 -5474.52
4762.78 -5465.78
4782.77 -5471.14
4782.79 -5462.36
4802.78 -5467.15
4822.77 -5471.54
4822.79 -5462.56
4842.78 -5466.41
4862.78 -5469.86
4882.77 -5472.93
4882.79 -5463.63
4902.78 -5466.18
4922.78 -5468.36
4942.78 -5470.17
4962.77 -5471.61
4962.79 -5461.85
4982.79 -5462.8
5022.77 -5473.79
5022.79 -5463.63
5062.77 -5473.47
5062.79 -5463.07
5102.77 -5471.78
5122.78 -5470.43
5142.78 -5468.74
5162.78 -5466.71
5202.77 -5473.02
5222.78 -5470.13
5242.78 -5466.9
5282.77 -5471.42
5302.78 -5467.34
5342.78 -5470.61
5362.78 -5465.69
5402.78 -5467.72
6142.39 -5716.23
6142.42 -5696.26
6142.45 -5676.41
6142.48 -5656.68
6142.52 -5637.05
6142.55 -5617.54
6142.58 -5598.12
6142.61 -5578.81
6142.64 -5559.59
6142.67 -5540.46
6142.7 -5521.42
6142.73 -5502.46
6142.76 -5483.59
6142.79 -5464.8
6142.82 -5446.08
6142.84 -5427.43
6142.87 -5408.85
6142.9 -5390.34
6142.93 -5371.88
6142.96 -5353.49
6142.99 -5335.15
6143.02 -5316.87
6143.05 -5298.63
6143.07 -5280.44
6143.1 -5262.3
6143.13 -5244.19
6143.16 -5226.13
6143.19 -5208.1
6143.22 -5190.1
5743.3 -5137.56
5743.32 -5123.14
5743.34 -5108.74
5743.37 -5094.35
5743.39 -5079.97
5743.41 -5065.61
5743.43 -5051.26
5743.46 -5036.92
5743.48 -5022.58
5743.5 -5008.25
5743.52 -4993.92
5743.55 -4979.58
5743.57 -4965.25
5743.59 -4950.91
5743.61 -4936.56
5743.64 -4922.2
5723.93 -4908.89
5723.95 -4894.68
5723.98 -4880.46
5724 -4866.22
5724.02 -4851.95
5724.04 -4837.67
5724.06 -4823.35
5724.09 -4809.02
5724.11 -4794.65
5724.13 -4780.25
5724.16 -4765.82
5724.18 -4751.35
5724.2 -4736.84
5724.22 -4722.29
5724.25 -4707.7
5724.27 -4693.06
5724.29 -4678.37
5724.32 -4663.63
5724.34 -4648.84
5724.36 -4634
5724.39 -4619.09
5724.41 -4604.13
5724.43 -4589.1
5724.46 -4574
5724.48 -4558.83
5724.5 -4543.6
5724.53 -4528.28
5724.55 -4512.89
5724.58 -4497.42
5724.6 -4481.87
5724.63 -4466.22
5724.65 -4450.49
5724.68 -4434.67
5724.7 -4418.74
5724.73 -4402.72
5724.75 -4386.6
5724.78 -4370.36
5724.8 -4354.02
5724.83 -4337.57
5724.85 -4320.99
5724.88 -4304.3
5724.91 -4287.48
5724.93 -4270.53
5724.96 -4253.44
5724.99 -4236.22
5725.01 -4218.86
5725.04 -4201.34
5725.07 -4183.68
5725.1 -4165.87
5725.12 -4147.89
5725.15 -4129.74
5725.18 -4111.43
5725.21 -4092.94
5725.24 -4074.26
5725.27 -4055.4
5725.3 -4036.35
5725.33 -4017.1
5725.36 -3997.64
5725.39 -3977.98
5725.42 -3958.09
5725.45 -3937.98
5725.49 -3917.64
5725.52 -3897.06
5725.55 -3876.24
5725.58 -3855.16
5725.62 -3833.82
5725.65 -3812.21
5725.69 -3790.32
5725.72 -3768.14
5725.76 -3745.67
5725.79 -3722.89
5725.83 -3699.8
5725.86 -3676.38
5725.9 -3652.63
5725.94 -3628.52
5725.98 -3604.06
5726.02 -3579.23
5726.06 -3554.01
5726.1 -3528.4
5726.14 -3502.38
5686.12 -3513.46
5686.16 -3487.24
5646.14 -3499.44
5626.15 -3492.78
5599.42 -3493.14
5584.3 -3482.09
5550.25 -3490.82
5535.97 -3479.37
5503.39 -3487.68
5471.67 -3495.76
5458.71 -3483.65
5428.36 -3491.27
5398.81 -3498.64
5387.04 -3485.78
5375.43 -3472.66
5380.38 -3439.28
5368.82 -3425.59
5373.23 -3391.62
5377.24 -3357.34
5380.84 -3322.73
5384.05 -3287.78
5372.17 -3272.45
5374.88 -3236.78
5377.2 -3200.72
5379.16 -3164.26
5380.74 -3127.38
5381.96 -3090.06
5382.82 -3052.28
5383.32 -3014.02
5383.47 -2975.26
6498.55 -1140.83
6452.16 -1140.76
6406.25 -1140.69
6360.82 -1140.62
6315.85 -1140.55
6271.33 -1140.48
6227.24 -1140.41
6183.57 -1140.34
6140.31 -1140.27
6097.45 -1140.2
6054.97 -1140.14
6012.86 -1140.07
5971.11 -1140.01
5929.72 -1139.94
5888.66 -1139.88
5847.94 -1139.81
5807.53 -1139.75
5767.43 -1139.69
