6754.47 80.1041
6754.47 80.1041
6754.47 80.1041
6757.47 79.9338
6760.46 79.8103
6766.46 79.7626
6775.46 79.9898
6787.45 80.692
6801.88 81.9055
6819.28 83.8309
6834.12 85.8709
6861.77 90.2704
6884.85 94.6943
6907.8 99.725
6930.62 105.359
6953.27 111.593
6975.76 118.423
6998.06 125.843
7020.15 133.848
7042.03 142.433
7062.75 151.203
7083.32 160.315
7103.74 169.771
7124.9 179.995
7143.65 189.445
7159.72 197.546
7173.12 204.297
7183.84 209.696
7186.11 226.403
7183.66 239.511
7186.39 240.748
7186.39 240.748
7186.39 240.748
7186.39 240.748
7186.39 240.748
7186.39 240.748
7186.39 240.748
7186.39 240.748
7186.39 240.748
7186.39 240.748
7186.39 240.748
7186.39 240.748
7186.39 240.748
7186.39 240.748
7186.39 240.748
7186.39 240.748
7186.39 240.748
7186.39 240.748
7186.39 240.748
7186.39 240.748
7187.93 243.323
7190.83 248.574
7195.12 256.625
7200.45 266.641
7247.17 321.971
7254.33 334.586
7263 349.782
7273.23 367.591
7284.97 387.89
7298.31 410.793
7313.23 436.24
7329.76 464.227
7347.89 494.745
7367.46 527.9
7388.46 563.705
7410.85 602.152
7434.63 643.268
7459.3 686.189
7483.83 729.182
7507.82 772.48
7509.84 828.293
7510.34 883.198
7531.04 927.061
7551.19 970.073
7570.79 1012.24
7589.84 1053.56
7608.36 1094.02
7626.35 1133.62
7644.22 1173.28
7661.98 1213
7678.8 1250.93
7695.52 1288.92
7711.85 1326.32
7727.82 1363.2
7699.35 1348.7
7714.61 1384.06
7729.76 1419.46
7744.8 1454.89
7759.36 1489.45
7773.81 1524.05
7788.16 1558.7
7801.65 1591.54
7815.05 1624.41
7827.97 1656.4
7840.84 1688.52
7853.53 1720.49
7865.44 1750.73
7877.26 1781
7888.64 1810.39
7899.92 1839.79
7900.07 1894.15
7896.22 1942.57
7905.33 1970.63
7913.74 1996.81
7922.08 2023.02
7930.35 2049.25
7938.23 2074.55
7946.05 2099.87
7953.79 2125.21
7961.16 2149.62
7968.47 2174.06
7975.7 2198.51
7982.86 2222.98
7989.4 2245.55
7995.87 2268.15
7956.27 2319.36
7962 2341.11
7967.67 2362.89
7973.41 2384.64
7979.21 2406.38
7984.55 2426.18
7989.95 2445.96
7995.4 2465.72
8000.91 2485.46
8006.21 2504.22
8011.57 2522.97
8016.98 2541.71
8022.49 2560.57
8027.4 2577.23
8032.41 2593.99
8037.46 2610.75
8042.56 2627.49
8047.61 2644.25
8052.33 2660.06
8032.05 2640.67
8014.6 2627.08
8018.95 2643
8023.61 2659.87
8028.32 2676.72
8032.81 2692.6
8037.34 2708.46
8041.93 2724.32
8046.56 2740.17
8051.23 2755.98
8055.37 2769.87
8059.58 2783.83
8063.79 2797.62
8068.06 2811.48
8072.37 2825.32
8076.42 2838.2
8080.51 2851.07
8084.64 2863.92
8088.8 2876.77
8093 2889.6
8097.24 2902.41
8101.52 2915.22
8105.19 2926.11
8108.9 2937
8112.64 2947.88
8116.34 2958.76
8120.02 2969.66
8123.66 2980.57
8127.41 2991.68
8170.13 3074.21
8173.28 3084.23
8175.81 3092.34
8178.32 3100.46
8180.85 3108.58
8183.41 3116.69
8185.99 3124.79
8188.54 3132.89
8191.07 3141.01
8193.58 3149.13
8196.11 3157.24
8198.67 3165.35
8201.25 3173.45
8203.8 3181.55
8206.34 3189.67
8208.84 3197.79
8211.37 3205.91
8213.93 3214.01
8216.51 3222.11
8219.06 3230.22
8221.6 3238.33
8224.1 3246.45
8226.59 3254.58
8229.1 3262.7
8231.63 3270.82
8234.18 3278.93
8236.76 3287.03
8239.32 3295.13
8241.85 3303.25
8244.36 3311.37
8246.84 3319.5
8249.35 3327.62
8251.88 3335.73
8254.43 3343.84
8257.01 3351.94
8259.57 3360.05
8262.15 3368.31
8264.61 3376.28
8266.36 3382.02
8267.24 3384.89
8267.24 3384.89
