-769.803 -7839.98
-707.743 -7901.33
-645.151 -7962.14
-582.028 -8022.4
-518.384 -8082.1
-454.222 -8141.25
-389.546 -8199.84
-324.361 -8257.86
-258.67 -8315.31
-192.482 -8372.18
-125.801 -8428.47
-58.6311 -8484.18
9.02291 -8539.3
77.1566 -8593.83
145.763 -8647.76
214.836 -8701.09
284.372 -8753.82
354.368 -8805.94
424.814 -8857.44
5556.62 -1792.5
5582.27 -1775.1
5602.47 -1764.75
5625.78 -1749.15
5645.46 -1738.23
5652.94 -1745.51
5674.44 -1730.79
5679.24 -1742.08
5694.09 -1737.14
5707.79 -1733.74
5727.96 -1718.96
5743.84 -1710.84
5761.5 -1699.04
5767.3 -1708
5779.89 -1704.63
5796.12 -1694.03
5799.23 -1708.09
5816.58 -1694.51
5829.66 -1688.77
5837.79 -1692.77
5851.1 -1685.85
5862.58 -1682.4
5869.82 -1687.93
5884.43 -1676.95
5892.06 -1681.39
5902.85 -1678.39
5911.65 -1679.9
5921.94 -1677.61
5935.44 -1666.84
5943.38 -1669.91
5954.13 -1665.42
5964.78 -1660.81
5973.99 -1659.85
5983.8 -1656.91
5991.65 -1659.57
6002.59 -1652.63
6011.9 -1650.35
6024.34 -1637.45
6030.6 -1644.54
6037.24 -1650.63
6049.29 -1637.39
6056.96 -1639.47
6065.15 -1639.55
6074.28 -1635.67
6085.19 -1623.91
6093.41 -1622.76
6101.6 -1621.52
6108.52 -1626.08
6118.07 -1617.85
6125.95 -1617.36
6132.17 -1625.66
6141.98 -1614.21
6148.79 -1619.43
6157.86 -1610.76
6166.03 -1606.95
6172.88 -1611.98
6181.1 -1607.03
6188.5 -1607.96
6195.8 -1609.82
6203.74 -1605.65
6212.08 -1596.43
6220.16 -1588.13
6226.86 -1595.7
6234.02 -1598.22
6241.94 -1588.71
6248.83 -1596.1
6256.68 -1583.46
6263.74 -1587.73
6271.44 -1568.94
6278.33 -1580.09
6285.47 -1584.17
6292.67 -1584.19
6299.74 -1571.15
6306.95 -1578.05
6314.15 -1579.88
6321.06 -1572.66
6327.98 -1568.37
6335.25 -1572.02
6341.72 -1561.62
6349.15 -1567.14
6355.32 -1555.64
6363.24 -1566.01
6370.08 -1563.37
6377.52 -1566.63
6384.45 -1564.85
6391.23 -1562.03
6396.78 -1550.22
6403.82 -1550.26
6410.42 -1547.28
6416.82 -1543.25
6422.99 -1538.18
6432.41 -1551.77
6436.38 -1534.78
6443.91 -1537.41
6452.11 -1542.91
6454.75 -1521.92
6463.8 -1531.21
6468.27 -1519.93
6477.95 -1531
6486.87 -1538.07
6497.94 -1552.79
6503.29 -1545.17
6512.83 -1552.92
6526.39 -1574.02
6531.5 -1565.23
6538.23 -1562.15
6547.64 -1567.59
6560.27 -1582.44
6562.35 -1564.9
6569.7 -1563.45
6580.39 -1571.35
6597.42 -1596.04
6609.28 -1605.51
6622.05 -1616.7
6643.13 -1648.19
6658.02 -1662.69
6680.09 -1693.63
7720.75 -4113.39
7334.36 -3148.54
7302.54 -3021.57
7318.5 -3004.48
7336.36 -2991.81
7350.62 -2971.78
7377.36 -2977.72
7408.31 -2991.42
7482.83 -3089.32
7522.1 -3115.18
7507.31 -3038.18
7521.41 -3016.94
7536.21 -2997.38
7557.67 -2989.92
7569.07 -2964.94
7588.78 -2954.56
7605.3 -2938.88
7624.8 -2928.18
7631.46 -2896.98
7651.68 -2887.73
7674.02 -2881.65
7690.83 -2867
7708.61 -2853.88
7806.29 -2956.7
7880.01 -3021.15
7864.2 -2957.59
12180.5 -8841.27
10213.9 -6044.79
10432.3 -6238.53
10863 -6699.89
10793.2 -6504.7
10937.3 -6583.24
10788.1 -6296.4
10893 -6325.54
10886.6 -6220.14
11003.1 -6260.34
11244.7 -6441.39
11284.2 -6386.72
11516 -6545.57
11506.1 -6434.22
11603.3 -6439.63
11669.9 -6411.17
11700.2 -6344.63
11761.4 -6310.04
11720.4 -6173.12
11868.1 -6224.23
11938.6 -6197.55
11993.1 -6154.94
12040 -6104.98
11833.2 -5823.23
11663.7 -5582.93
11812.8 -5630.48
12206.5 -5886.69
12101 -5707.15
12024.3 -5556.15
11830.3 -5312.26
11287.9 -4793.82
11280.6 -4716.51
11227.4 -4604.6
10962.2 -4332.9
10780.5 -4132.21
10578.8 -3922.51
10419.2 -3749.46
10266.7 -3586.4
10127.2 -3437.11
9973.08 -3282
9968.4 -3231.92
10011.5 -3214.06
9816.25 -3041.29
9616.56 -2871.04
9457.47 -2731.44
9370.45 -2640.13
9293.24 -2557.18
9232.07 -2485.86
9155.15 -2407.26
9095.39 -2340.45
9028.55 -2271.43
8983.6 -2216.07
8994.44 -2191.59
9012.16 -2170.71
9037.75 -2153.71
9051.61 -2130.58
9077.86 -2113.44
9100.41 -2094.22
9118.3 -2072.61
9152.42 -2058.22
9163.65 -2033.21
9182 -2011.28
9190.97 -1985.23
9232.06 -1972.47
9248.11 -1949
9268.62 -1927.17
9297.38 -1908.29
9297.92 -1878.52
9252.1 -1832.14
9208.54 -1787.65
9153.08 -1740.1
9129.27 -1704.35
9086.98 -1663.24
9043.24 -1622.64
9002.84 -1584.05
9005.14 -1558.94
8995.66 -1530.57
9002.29 -1506.94
9028.04 -1488.4
8984.91 -1451.8
8958.82 -1420.33
8924.6 -1387.51
8893.92 -1356.23
8873.64 -1327.91
8844.26 -1298.12
8823.38 -1270.68
7528.71 -997.911
7413.71 -965.58
7379.02 -949.405
7369.79 -938.107
7360.44 -926.985
7349.01 -915.747
7334.49 -904.307
7331.75 -894.684
7315.02 -883.432
7295.2 -872.148
7331.95 -867.099
7309.96 -855.842
7307.77 -846.694
7324.45 -839.056
7320.12 -829.697
7334.67 -821.554
7308.21 -811.072
7318.61 -802.621
7339.94 -794.36
7367.2 -785.88
7378.39 -776.669
7383.5 -767.22
7389.53 -757.682
7390.48 -748.091
7420.33 -737.936
7440.1 -727.535
7430.78 -717.84
7459.35 -706.595
7465.84 -696.03
7479.21 -684.911
7497.47 -673.198
7516.61 -661.081
7518.7 -650.129
7534.62 -637.771
7528.54 -627.458
7567.08 -612.085
7573.68 -599.974
7576.21 -588.264
7609.32 -572.141
7618.52 -559.007
7636.47 -544.279
7636.52 -532.218
7671.9 -513.839
7700.18 -496.112
7698.81 -483.637
7713.98 -467.754
7612.62 -476.487
7530.07 -482.827
7487.68 -481.307
7516.31 -463.367
7486.53 -459.501
7476.12 -451.098
7471.46 -441.293
7461.9 -432.888
7453.24 -424.349
7458.9 -411.656
7428.1 -409.999
7425.01 -400.094
7448.45 -381.527
7423.31 -378.774
7445.46 -360.086
7485.28 -334.617
7519.09 -310.484
7658.37 -246.01
7710.76 -212.162
7706.86 -199.431
7693.58 -190.484
7698.72 -174.047
7685.28 -165.318
7663.55 -160.378
7654.62 -150.059
7645.61 -139.851
7640.16 -128.059
7623.78 -121.495
7628.94 -104.618
7623.17 -92.9719
7611.97 -84.108
7591.84 -80.0184
7582.34 -70.5798
7569.26 -63.1685
7564.88 -51.073
7551.7 -43.937
7548 -31.4639
7547.63 -16.9657
7535.11 -9.64609
7517.45 -5.63034
7512.52 6.10105
7504.11 15.6499
7503.17 30.0227
7482.9 31.7166
7475.13 41.5227
7471.39 54.091
7465.88 65.5054
7447.25 67.5767
7440 77.6306
7431.04 86.429
7430 101.164
7423.24 111.676
7408.52 115.968
7411.78 134.413
7395.4 137.22
7383.68 143.633
7374.23 151.842
7365.48 160.605
7355.91 168.627
7360.49 189.162
7338.81 186.392
7348.19 211.733
7333.83 215.454
7314.42 214.172
7310.2 227.235
7299.42 233.981
7290.01 242.031
7277.73 247.135
7280.7 267.947
7271.02 275.814
7261.95 284.322
7247.41 286.845
7242.25 299.611
7240.25 316.116
7232.8 326.621
7215.5 325.658
7213.06 342.116
7211.04 359.386
7194.96 359.587
7195.1 379.963
7178.37 379.128
7166.58 384.441
7166.78 405.624
7151.83 406.78
7140.45 412.624
7139.46 433.026
7127.88 438.74
7112.87 439.394
7105.17 450.664
7105.05 473.577
7089.37 473.074
7076.44 476.613
7071.97 493.601
7065.7 508.044
7050.5 507.888
7040.43 516.188
7031.76 527.008
7021.99 536.032
7013.07 546.734
7002.6 554.739
6996.73 571.498
6990.61 588.253
6975.21 587.169
6962.54 591.293
6954.67 605.191
6946.17 618.152
6937.07 630.16
6931.95 651.22
6922.05 662.239
6912.41 674.11
6901.82 684.079
6884.25 677.333
6874.3 688.944
6867.12 707.938
6859.65 726.917
6843.87 724.321
6835.33 741.306
6821.89 745.051
6814.25 765.704
6800.29 768.31
6787.87 775.546
6781.64 802.718
6765.95 800.238
6756.29 817.748
6746.9 837.13
6729.22 827.547
6717.16 838.07
6707.19 857.219
6695.48 870.491
6690.53 912.862
6696.72 1006.92
6679.35 1001.6
6667.69 1022.53
6652.72 1028.69
6644.12 1068.1
6628.16 1071.11
6615.1 1090.72
6599.11 1094.46
6584.63 1107.94
6570.37 1124.28
6554.89 1133.57
6542.62 1168.52
6526.64 1177.59
6512.41 1203.42
6495.27 1205.27
6479.26 1218.92
6464.82 1253.36
6446.48 1244.83
6430.49 1268.05
6413.93 1288.15
6397.13 1310.11
6379.83 1328.94
6362.44 1354.62
6344.56 1378.15
6326.07 1388.53
6307.52 1415.75
6288.55 1409.81
6269.13 1458.69
6249.7 1462.41
6229.73 1482.96
6209.3 1506.32
6187.96 1540.48
6166.71 1561.45
6144.53 1591.21
6123.74 1593.83
6100.5 1626.17
6076.95 1655.29
6053.65 1676.22
6030.92 1687.97
6012.21 1662.75
5992.32 1650.3
5971.57 1645.61
5947.78 1662.53
5921.89 1691.08
5891.84 1742.07
5864.71 1770.05
5835.83 1804.62
5806.68 1836.92
5776.35 1871.84
5749.4 1886.84
5715.87 1930.9
5686.32 1953.1
5650.45 2000.32
5612.31 2052.94
5576.36 2092.5
5543.7 2116.15
5508.75 2146.2
5467.58 2196.1
5424.37 2249.33
5399.86 2235.9
5438.37 2017.7
5312.39 2331.41
5247.29 2439.68
5200.94 2485.42
5149.13 2543.83
5098.57 2594.97
5042.22 2658.63
4994.16 2696.28
4927.37 2780
4863.44 2851.66
4805.67 2903.92
4742.66 2965.61
4667.88 3051.31
4588.29 3143.31
4555.52 3125.56
4570.77 3002.95
4348.54 3392.65
4251.94 3501.82
4155.48 3605.11
4058.87 3703.46
3949.45 3821.82
3834.56 3944.8
5013.15 1637.14
4939.19 1723.37
4890.36 1760.41
3304.14 4504.1
3148.57 4667.33
2990.43 4827.38
2806.04 5023.61
4278.02 2516.44
4611.71 1920.88
4721.92 1697.14
4700 1684.18
4678.74 1670.2
4663.77 1646.92
4640.56 1635.92
4613.98 1629.61
4596.1 1610.81
402.558 7322.88
332.254 7271.19
262.405 7218.88
193.013 7165.96
124.087 7112.44
55.6261 7058.32
-12.3558 7003.6
-79.8579 6948.3
-146.874 6892.4
-213.4 6835.93
-279.432 6778.87
-344.962 6721.24
-409.988 6663.05
-474.502 6604.28
-538.502 6544.96
-601.985 6485.08
-664.939 6424.64
-727.364 6363.66
-789.255 6302.14
