2210.23 -2252.96
2210.23 -2252.96
2210.23 -2252.96
2210.23 -2252.96
2210.23 -2252.96
2210.23 -2252.96
2210.23 -2252.96
2210.23 -2252.96
2210.23 -2252.96
2210.23 -2252.96
2210.23 -2252.96
2210.23 -2252.96
2210.23 -2252.96
2210.23 -2252.96
2210.23 -2252.96
2210.23 -2252.96
2210.23 -2252.96
2210.23 -2252.96
2210.23 -2252.96
2210.23 -2252.96
2210.23 -2252.96
2210.23 -2252.96
2210.23 -2252.96
2210.23 -2252.96
2210.23 -2252.96
2210.23 -2252.96
2210.23 -2252.96
2210.23 -2252.96
2276.25 -2332.16
2276.25 -2332.16
2276.25 -2332.16
2276.25 -2332.16
2276.25 -2332.16
2276.25 -2332.16
2276.25 -2332.16
2276.25 -2332.16
2276.25 -2332.16
2276.25 -2332.16
2276.25 -2332.16
2276.25 -2332.16
2276.25 -2332.16
2169.85 -2349.92
2169.85 -2349.92
2169.85 -2349.92
2169.85 -2349.92
2169.85 -2349.91
2169.85 -2349.92
2169.85 -2349.92
2169.85 -2349.92
2169.85 -2349.92
2169.85 -2349.92
2169.85 -2349.92
2169.85 -2349.92
2169.85 -2349.92
2169.85 -2349.92
2142.56 -2446.54
2141.64 -2452.32
2140.55 -2458.22
2138.13 -2469.67
2134.8 -2483.65
2130.34 -2500.42
2124.59 -2519.94
2118.29 -2539.45
2109.57 -2564.16
2099.09 -2591.57
2086.74 -2621.47
2073.54 -2651.17
2058.34 -2683.09
2039.65 -2719.81
2018.2 -2758.64
1993.91 -2799.27
1896.42 -2826.91
1868.83 -2867.97
1839.83 -2908.09
1809.77 -2947.42
1778.68 -2985.94
1746.59 -3023.63
1713.52 -3060.45
1679.49 -3096.4
1644.52 -3131.44
1608.64 -3165.53
1571.87 -3198.67
1534.25 -3230.83
1495.78 -3261.99
1456.51 -3292.12
1416.28 -3321.33
1319.94 -3298.54
1278.4 -3325.45
1236.15 -3351.25
1193.48 -3376.33
1150.41 -3400.69
1106.9 -3424.34
1063.03 -3447.27
1018.78 -3469.46
974.175 -3490.91
930.078 -3511.22
885.696 -3530.78
841.871 -3549.22
798.674 -3566.57
755.242 -3583.18
729.569 -3535.49
688.994 -3551.58
648.296 -3566.93
612.269 -3579.85
579.172 -3591.69
548.9 -3602.51
522.347 -3612
495.981 -3621.43
474.09 -3629.26
455.118 -3636.04
438.97 -3641.81
425.645 -3646.58
412.464 -3651.29
404.651 -3654.08
423.028 -3647.08
421.021 -3647.84
420.929 -3647.88
