4126.98 5331.42
4047.19 5366.76
3967.09 5401.4
3886.7 5435.35
3806.01 5468.58
3725.03 5501.12
3643.78 5532.95
3562.25 5564.06
3480.45 5594.47
3398.39 5624.15
3316.07 5653.13
3233.51 5681.38
3150.7 5708.91
3067.65 5735.72
2984.37 5761.8
2900.87 5787.15
2817.15 5811.77
2733.22 5835.67
2649.08 5858.83
679.818 -1334.62
654.666 -1343.66
626.42 -1366.54
603.395 -1369.29
578.274 -1382
552.368 -1399.86
531.253 -1396.44
505.481 -1416.75
482.132 -1426.51
461.278 -1423.71
439.405 -1427
415.08 -1446.29
393.826 -1448.02
371.64 -1456.88
350.035 -1462.97
1263.46 5994.41
1177.3 5998.78
1089.66 5988.47
312.221 -1010.63
286.487 -1024.28
261.417 -1033.17
236.088 -1048.28
214.404 -1010.72
189.998 -1011.28
164.419 -1038.02
140.811 -1025.03
116.585 -1026.23
92.4684 -1023.64
68.2675 -1025.27
44.0822 -1034.1
19.934 -1024.15
-4.2827 -1021.41
-28.3819 -1025.88
-52.7963 -1018.56
-77.3017 -1012.46
-93.6868 -1171.37
-113.932 -1217.53
-136.882 -1211.97
-159.028 -1218.57
-182.936 -1203.45
-205.068 -1210.44
-228.524 -1203.7
-263.748 -1092.83
-297.94 -1007.19
-322.248 -1010.23
-345.98 -1017.43
-370.051 -1021.87
-395.46 -1017.63
-420.648 -1015.59
-440.767 -1043.34
-444.432 -1158.77
-447.062 -1269.14
-452.729 -1354.84
-454.06 -1454.14
-459.263 -1527.87
-460.546 -1613.21
-460.611 -1697.42
-462.359 -1768.84
-468.605 -1817.84
-469.418 -1884.19
-472.026 -1939.79
-483.269 -1961.62
-484.875 -2015.17
-481.816 -2081.04
-486.302 -2119.04
-479.738 -2189.35
-488.367 -2210.06
-484.068 -2267.7
-491.069 -2290.23
-491.602 -2329.7
-493.576 -2363.44
-495.358 -2396.16
-492.967 -2438.11
-496.588 -2463.21
-494.106 -2502.14
-487.878 -2548.29
-489.61 -2574.03
-496.597 -2586.91
-485.249 -2639.9
-488.575 -2659.02
-491.608 -2678.11
-500.454 -2684.57
-501.235 -2707.22
-507.537 -2718.21
-510.47 -2735.44
-532.773 -2715.51
-549.764 -2706.44
-559.233 -2711.61
-572.579 -2709.88
-593.966 -2694.43
-598.99 -2707.75
-601.264 -2725.36
-593.913 -2758.3
-596.593 -2774.04
-599.048 -2789.75
-586.085 -2828.94
-598.882 -2827.74
-597.262 -2848.27
-590.253 -2876.13
-590.809 -2892.31
-592.868 -2905.99
-595.322 -2918.81
-586.335 -2946.92
-593.105 -2953.19
-593.744 -2967.47
-594.796 -2980.9
-593.8 -2996.64
-587.559 -3018.53
-590.499 -3028.65
-596.513 -3034.93
-594.048 -3051.16
-599.853 -3057.45
-602.292 -3067.55
-598.598 -3084.33
-594.661 -3100.99
-594.563 -3113.13
-592.929 -3126.66
-604.273 -3126.42
-590.498 -3152.06
-593.961 -3159.69
-597.338 -3167.34
-592.737 -3182.65
-590.088 -3195.76
-589.448 -3206.73
-590.136 -3216.29
-593.671 -3223.13
-592.651 -3233.97
-597.515 -3239.49
-588.672 -3256.77
-605.569 -3251.94
-597.954 -3267.78
-600.196 -3275.24
-599.232 -3285.19
-603.649 -3290.77
-592.179 -3308.59
-585.232 -3322.56
-595.742 -3323.24
-599.019 -3329.37
-589.235 -3344.85
-592.314 -3350.91
-592.043 -3359.26
-596.642 -3364.21
-602.034 -3368.65
-594.837 -3381.35
-594.204 -3389.58
-598.557 -3394.58
-604.573 -3398.57
-597.73 -3410.39
-599.333 -3416.96
-595.682 -3426.55
-593.65 -3435.06
-588.898 -3444.96
-586.655 -3453.31
-595.778 -3455.47
-602.252 -3459.15
-592.692 -3471.13
-589.23 -3479.78
-590.153 -3486.14
-591.915 -3492.06
-604.485 -3492.89
-587.092 -3507.68
-602.343 -3507.41
-599.324 -3515.41
-596.215 -3523.34
-596.707 -3529.65
-585.097 -3540.84
-591.931 -3544.44
-597.816 -3548.5
-596.192 -3555.46
-587.923 -3564.79
-602.144 -3565.88
-591.83 -3575.73
-584.236 -3584.43
-591.744 -3587.99
-599.236 -3591.67
-594.289 -3599.3
-597.881 -3604.24
-596.632 -3610.63
-596.283 -3616.71
-596.842 -3622.51
-586.705 -3631.08
-591.982 -3635.55
-582.652 -3643.65
-605.365 -3644.06
-590.062 -3653.4
-601.042 -3656.77
-596.34 -3663.56
-594.511 -3669.67
-596.556 -3675.01
-603.477 -3679.49
-592.622 -3687.09
-592.545 -3692.76
-600.326 -3697.2
-594.218 -3703.76
-590.026 -3709.94
-602.644 -3713.93
-586.433 -3721.48
-594.997 -3726.07
-577.653 -3733.36
-537.325 -3742.41
-522.803 -3748.64
-529.163 -3753.09
-528.501 -3758.1
-528.794 -3763.04
-536.036 -3767.66
-530.249 -3772.89
-524.415 -3778.02
-518.535 -3783.04
-506.611 -3788.02
-524.643 -3792.73
-505.634 -3797.51
-510.583 -3802.32
-503.492 -3806.94
-515.353 -3812.05
-507.182 -3816.54
-517.952 -3821.84
-534.66 -3827.68
-537.338 -3832.87
-516.038 -3836.29
-533.584 -3842.64
-523.183 -3846.69
-524.692 -3851.78
-525.161 -3856.8
-533.528 -3862.78
-516.047 -3865.58
-526.299 -3871.91
-535.492 -3878.28
-516.95 -3880.5
-515.188 -3885.18
-529.151 -3892.56
-524.335 -3896.78
-529.31 -3902.81
-515.595 -3905.19
-523.412 -3911.86
-528.224 -3918.04
-529.071 -3923.41
-524.029 -3927.43
-521.873 -3932.08
-535.179 -3940.68
-522.279 -3942.59
-535.426 -3951.44
-523.45 -3953.43
-530.674 -3960.85
-536.854 -3968.12
-526.723 -3970.44
-526.114 -3975.66
-524.509 -3980.57
-533.269 -3989.02
-534.377 -3994.99
-529.78 -3998.95
-519.533 -4000.76
-525.184 -4008.46
-531.674 -4016.64
-527.854 -4020.85
-521.23 -4023.88
-536.711 -4036.12
-533.659 -4040.73
-526.912 -4043.68
-522.891 -4047.77
-534.266 -4058.95
-540.969 -4068.21
-541.255 -4074.56
-532.513 -4076.49
-545.193 -4089.13
-528.386 -4086.85
-542.607 -4100.66
-535.51 -4103.33
-541.548 -4113.14
-536.998 -4117.2
-538.493 -4124.69
-532.135 -4127.68
-535.211 -4136.23
-550.99 -4152.66
-558.03 -4164.12
-537.884 -4158.6
-544.762 -4170.11
-536.447 -4171.88
-541.432 -4182.44
-537.196 -4186.92
-539.49 -4195.92
-531.068 -4197.46
-544.546 -4214.71
-544.88 -4222.73
-557.119 -4239.8
-533.336 -4229.8
-532.67 -4237.22
-532.702 -4245.28
-539.645 -4259.02
-542.524 -4269.74
-543.725 -4279.27
-536.421 -4281.73
-549.539 -4301.77
-539.832 -4302.25
-536.12 -4307.93
-539.743 -4320.33
-547.59 -4336.91
-547.92 -4346.8
-549.564 -4358.12
-548.194 -4366.72
-550.263 -4378.86
-547.246 -4386.1
-551.111 -4400.51
-543.726 -4403.45
-552.746 -4423.82
-551.293 -4433.36
-551.059 -4444.4
-548.02 -4452.5
-552.12 -4468.88
-548.163 -4476.28
-554.436 -4495.88
-547.651 -4500.25
-546.517 -4511.53
-547.726 -4525.98
-551.816 -4544.42
-540.971 -4543.99
-434.785 -4417.48
-404.859 -4388.68
-395.525 -4386.86
-455.014 -4480.83
-550.303 -4629.02
-557.774 -4655.51
-562.58 -4678.88
-557.052 -4687.41
-566.181 -4718.52
-559.17 -4725.44
-549.956 -4728.91
-562.234 -4767.2
-560.442 -4783.53
-569.113 -4817.96
-558.649 -4820.62
-564.01 -4850.99
-567.911 -4879.78
-570.396 -4906.96
-567.264 -4924.56
-574.541 -4962.58
-567.97 -4974.99
-566.61 -4998.1
-574.583 -5041.03
-565.409 -5049.93
-563.349 -5074.15
-575.086 -5129.34
-571.18 -5151.97
-572.139 -5186.55
-569.003 -5212.96
-578.154 -5269.88
-577.689 -5305.77
-573.693 -5334.31
-575.015 -5377.83
-577.386 -5426.16
-578.27 -5472.77
-583.764 -5534.59
-587.24 -5593.79
-583.337 -5634.23
-584.379 -5691.85
-587.492 -5759.14
-586.234 -5816.12
-589.182 -5890.47
-590.6 -5964.06
-509.636 -5747.97
-468.275 -5662.9
-505.276 -5871.39
-600.475 -6325.99
-604.296 -6438.36
-605.066 -6546.11
-605.096 -6658.94
-608.881 -6798.38
-613.71 -6954.74
-616.051 -7112.38
-621.041 -7298.79
-622.825 -7485.53
-629.1 -7717.9
-634.702 -7971.38
-642.388 -8267.75
-647.215 -8580.39
-653.413 -8943.98
-664.375 -9396.32
-676.626 -9927.68
-702.754 -10674.4
-694.08 -11201.1
-629.953 -11213.1
-236.453 -7168
-197.255 -7035.62
-164.452 -6966.68
-136.923 -6971.32
-109.466 -6978.71
-82.0799 -6990.87
-54.7511 -7011.78
-26.4697 -7002.46
1.4189 -7012.9
29.5457 -6998.09
57.5817 -7010.03
85.6147 -7007.73
112.446 -6956.2
97.51 -5646.12
98.9258 -5287.83
111.659 -5281.24
224.515 -6981.61
252.323 -6979.85
123.496 -4923.82
127.082 -4849.29
130.494 -4786.74
124.654 -4644.63
124.651 -4577.25
129.212 -4557.59
133.565 -4538.91
139.788 -4536.06
146.986 -4540.08
155.494 -4551.94
159.663 -4536.08
162.195 -4512.33
149.574 -4407.92
156.622 -4415.76
161.649 -4412.73
184.718 -4495.79
214.382 -4601.93
226.99 -4624.72
234.231 -4623.04
243.853 -4631
250.9 -4628.19
260.222 -4634.03
269.928 -4640.73
280.04 -4648.29
286.64 -4643.26
296.941 -4650.62
308.583 -4661.69
316.45 -4660.24
322.108 -4652.08
337.989 -4674.16
343.337 -4664.9
363.155 -4696.06
393.977 -4755.06
411.963 -4777.14
427.448 -4791.53
443.957 -4807.57
466.481 -4837.28
474.791 -4831.65
476.691 -4811.27
443.482 -4712.29
433.743 -4669.54
3052.1 -10300.6
3119.05 -10295.7
3187.44 -10292.9
3256.47 -10290.2
3327.94 -10291.3
3392.79 -10278.4
3461.86 -10272.7
3542.02 -10286.6
3739 -10510.6
4277.97 -11332.2
4372.96 -11346
4321.94 -11108.6
4277.38 -10889.8
4637.34 -11341.8
4728.89 -11343
4835.27 -11366
4917.98 -11349.9
5013.98 -11352.9
5109.28 -11353.2
5203.27 -11349.9
5306.73 -11358.7
5389.91 -11336.9
4717.99 -10269.6
4627.29 -10028.8
4674.92 -9979.67
641.754 -4585.75
646.798 -4578.08
654.857 -4574.3
6149.72 -11380
6256.91 -11376.6
6292.08 -11285.2
6271.08 -11129
6276.63 -11007
6278.54 -10883.2
6281.44 -10762.9
6279.36 -10639.5
6286.48 -10528.3
6288.02 -10413.2
6285.26 -10295.6
6292.12 -10190.1
6352.63 -10140.2
6349.43 -10027.3
6277.27 -9849.38
6295.86 -9762.26
6297.36 -9660.23
5032.27 -8393.54
5067.77 -8345.75
5129.72 -8321.61
5054.56 -8177
5029.64 -8079
5123.41 -8082.97
5353.16 -8197.91
5465.07 -8211.32
5774.45 -8380.46
6006.95 -8481.53
5996.16 -8389.56
6500.78 -8689.38
6349.87 -8488.97
6444.71 -8473.22
6558.44 -8469.56
6545.84 -8375.07
4902.24 -7155.12
4942.97 -7120.4
4986.79 -7087.43
8410.76 -9260.91
8458.15 -9187.63
8504.89 -9113.94
8551 -9039.85
8596.45 -8965.36
8641.25 -8890.46
8685.4 -8815.19
8728.89 -8739.53
8771.71 -8663.49
8813.87 -8587.09
8855.36 -8510.32
8896.18 -8433.19
8936.33 -8355.71
8975.8 -8277.88
9014.58 -8199.7
9052.69 -8121.19
9090.11 -8042.35
9126.83 -7963.19
9162.87 -7883.72
