13028.8 -3119.42
13002.1 -3119.93
12914.6 -1241.26
12871.5 -1242.09
12828.3 -1242.92
12785.1 -1243.75
12741.9 -1244.57
12698.7 -1245.4
12655.4 -1246.24
12612 -1247.07
12568.6 -1247.9
12525.2 -1248.73
12481.7 -1249.57
12438 -1250.41
12394.4 -1251.25
12350.6 -1252.09
12306.7 -1252.93
12262.7 -1253.77
12218.6 -1254.62
12174.4 -1255.47
12130.1 -1256.32
12085.6 -1257.17
12041 -1258.03
11996.2 -1258.89
11951.3 -1259.75
11906.2 -1260.62
11860.9 -1261.48
11815.5 -1262.36
11769.9 -1263.23
11724.1 -1264.11
12196.9 -3090.05
12631.7 -4669.61
12632.5 -4719.4
12633.6 -4767.39
12635 -4813.75
12631.5 -4843.02
12647.3 -4927.07
12642.1 -4947.17
12637.3 -4967.27
12637.5 -5000.01
12639.5 -5035.94
12634 -5051.26
12636.5 -5085.72
12619.4 -5071.25
12613.2 -5083.32
12598.3 -5075.03
12591.8 -5086.12
12579.1 -5083.35
12562.6 -5072.66
12555 -5081.45
12537.8 -5070.1
12531 -5080.58
12522.5 -5087.52
12503.7 -5074.41
12494.9 -5080.89
12485.3 -5085.94
12464.9 -5071.4
12455.2 -5076.5
12445.3 -5081.44
12432.8 -5081.94
12422.2 -5085.88
12411.6 -5089.72
12396.9 -5087.08
12385.5 -5090.06
12361.2 -5073.21
12349.3 -5076.05
12344.7 -5089.72
12332.3 -5091.84
12305.9 -5074.18
12299.5 -5085.41
12286.2 -5086.86
12272.6 -5088.29
12249.8 -5077.6
12235.4 -5078.48
12650.4 -5631.21
12652.4 -5643.38
12660.8 -5663.22
12653.4 -5663.36
12646 -5663.51
12655.2 -5683.33
12647.9 -5683.47
12657.8 -5703.29
12650.5 -5703.43
12661.1 -5723.23
12653.9 -5723.37
12665.2 -5743.15
12658.1 -5743.29
12650.9 -5743.43
12663.2 -5763.2
12656.1 -5763.33
12648.8 -5763.47
12646.2 -5768.09
12646.3 -5775.29
12646.5 -5782.36
12646.6 -5789.32
12646.7 -5796.17
12646.8 -5802.91
12647 -5809.54
12647.1 -5816.07
12647.2 -5822.5
12647.3 -5828.83
12647.5 -5835.07
12647.6 -5841.22
12647.7 -5847.28
12647.8 -5853.26
12647.9 -5859.16
12648 -5864.98
12648.2 -5870.72
12648.3 -5876.39
12648.4 -5881.99
12648.5 -5887.51
12648.6 -5892.97
12648.7 -5898.37
12648.8 -5903.69
12648.9 -5908.96
12649 -5914.17
12649.1 -5919.32
12649.2 -5924.41
12649.3 -5929.45
12649.4 -5934.44
12649.5 -5939.37
12649.6 -5944.26
12649.7 -5949.09
12649.7 -5953.88
12649.8 -5958.63
12649.9 -5963.33
12650 -5967.98
12650.1 -5972.6
12650.2 -5977.17
12650.3 -5981.71
12650.4 -5986.21
12650.5 -5990.67
12650.5 -5995.09
12650.6 -5999.48
12650.7 -6003.84
12650.8 -6008.17
12650.9 -6012.46
12651 -6016.72
12651 -6020.96
12651.1 -6025.16
12651.2 -6029.34
12651.3 -6033.49
12651.4 -6037.61
12651.4 -6041.71
12651.5 -6045.79
12651.6 -6049.84
12651.7 -6053.87
12651.7 -6057.88
12651.8 -6061.87
12651.9 -6065.83
12652 -6069.78
12652 -6073.71
12652.1 -6077.62
12652.2 -6081.52
12652.3 -6085.4
12652.3 -6089.26
12652.4 -6093.1
12652.5 -6096.94
12652.6 -6100.75
12652.6 -6104.56
12652.7 -6108.35
12652.8 -6112.13
12632.8 -6113.07
12612.8 -6114.36
12572.8 -6113.51
12552.8 -6115.67
12512.8 -6116.05
12472.8 -6117.13
12412.8 -6117.14
12352.8 -6118.21
12272.8 -6118.91
12192.9 -6121
12072.9 -6122.38
11952.9 -6125.85
11913.1 -6134.25
11913.3 -6144.41
11913.5 -6154.56
11913.7 -6164.71
11913.9 -6174.85
11914 -6184.98
11914.2 -6195.12
11914.4 -6205.26
11914.6 -6215.39
11914.8 -6225.53
11915 -6235.67
11915.2 -6245.82
11915.4 -6255.98
11915.6 -6266.15
11915.8 -6276.32
11916 -6286.51
11916.2 -6296.71
11916.4 -6306.93
11916.6 -6317.16
11916.8 -6327.41
11917 -6337.69
11917.2 -6347.98
11917.4 -6358.3
11917.6 -6368.64
11917.8 -6379.01
11918 -6389.41
11918.2 -6399.83
11918.4 -6410.29
11918.6 -6420.79
11918.8 -6431.31
11919 -6441.88
11919.2 -6452.48
11919.4 -6463.13
11919.6 -6473.82
11919.8 -6484.55
11920 -6495.33
11920.2 -6506.16
11920.4 -6517.03
11920.6 -6527.96
11920.8 -6538.95
11921.1 -6549.99
11921.3 -6561.09
11921.5 -6572.25
11921.7 -6583.48
11921.9 -6594.77
11922.1 -6606.12
11922.3 -6617.55
11922.6 -6629.05
11922.8 -6640.63
11923 -6652.28
11923.2 -6664.01
11923.5 -6675.83
11923.7 -6687.73
11923.9 -6699.72
11924.2 -6711.8
11924.4 -6723.98
11924.6 -6736.25
11924.9 -6748.62
11925.1 -6761.09
11925.3 -6773.67
11925.6 -6786.36
11925.8 -6799.17
11926.1 -6812.09
11926.3 -6825.13
11926.6 -6838.29
11926.8 -6851.59
11927.1 -6865.01
11927.4 -6878.57
11927.6 -6892.27
11927.9 -6906.11
11928.2 -6920.1
11928.4 -6934.25
11928.7 -6948.55
11929 -6963.02
11949 -6963.82
11969 -6964.28
11989 -6964.41
12009 -6964.18
12029 -6963.61
12049 -6962.68
12069 -6961.4
12088.9 -6959.75
12108.9 -6957.73
12109.2 -6971.59
12129.1 -6969.1
12149.1 -6966.23
12169 -6962.98
12189 -6959.33
12208.9 -6955.28
12209.1 -6968.85
12229.1 -6964.29
12249 -6959.31
12268.9 -6953.91
12269.1 -6967.38
12289 -6961.43
12308.9 -6955.04
12309.2 -6968.52
12321 -6969.98
12334.3 -6969.73
12347.4 -6969.48
12360.3 -6969.23
12373 -6968.99
12385.4 -6968.75
12397.7 -6968.51
12409.8 -6968.28
12421.7 -6968.05
12433.4 -6967.83
12444.9 -6967.61
12456.3 -6967.39
12467.5 -6967.17
12478.6 -6966.96
12489.5 -6966.75
12500.3 -6966.54
12510.9 -6966.34
12521.4 -6966.14
12531.8 -6965.94
12542 -6965.74
12552.1 -6965.55
12562.1 -6965.36
12572 -6965.17
12581.7 -6964.98
12591.4 -6964.79
12600.9 -6964.61
12610.3 -6964.43
12619.7 -6964.25
12628.9 -6964.07
12638 -6963.9
12647.1 -6963.72
12656.1 -6963.55
12664.9 -6963.38
12673.7 -6963.21
12682.4 -6963.05
12691 -6962.88
12699.6 -6962.72
12708.1 -6962.55
12716.5 -6962.39
12724.8 -6962.23
12733.1 -6962.07
12741.3 -6961.92
12741.1 -6981.92
12741.3 -7001.92
12741.8 -7021.92
12742.7 -7041.91
12736.4 -7082.03
12738.1 -7102
12740.2 -7121.97
12742.6 -7141.92
12745.4 -7161.87
12742 -7201.95
12745.6 -7221.88
12743.4 -7261.93
12742 -7301.97
12747 -7321.87
12746.7 -7361.89
12747.2 -7401.88
12670.8 -7743.41
12685.5 -7743.13
12700.1 -7742.85
12714.6 -7742.57
12729 -7742.3
12743.4 -7742.02
12757.7 -7741.74
12772 -7741.47
12786.2 -7741.2
12800.4 -7740.93
12814.5 -7740.65
12828.6 -7740.38
12842.6 -7740.11
12856.6 -7739.85
12870.6 -7739.58
12884.5 -7739.31
12898.4 -7739.04
12912.2 -7738.78
12926.1 -7738.51
12939.9 -7738.25
12953.6 -7737.98
12967.4 -7737.72
12981.1 -7737.46
12994.8 -7737.19
13008.5 -7736.93
13022.2 -7736.67
13035.8 -7736.41
13049.5 -7736.15
13063.1 -7735.88
13076.8 -7735.62
13090.4 -7735.36
13104 -7735.1
13117.7 -7734.84
13131.3 -7734.57
13144.9 -7734.31
13158.6 -7734.05
13172.2 -7733.79
13185.9 -7733.53
13196.3 -7693.32
13209.7 -7693.06
13223 -7692.81
13236.4 -7692.55
13249.8 -7692.29
13310.5 -8071.2
13327.3 -8070.88
13344.1 -8070.55
13361 -8070.23
13377.9 -8069.9
13394.9 -8069.58
13411.9 -8069.25
13428.9 -8068.92
13446 -8068.6
13463.1 -8068.27
13480.3 -8067.94
13497.6 -8067.61
13514.9 -8067.27
13532.3 -8066.94
13549.8 -8066.61
13567.3 -8066.27
13477.3 -7667.92
13474.6 -7607.96
13470.8 -7548.02
13471.9 -7508
13472.3 -7467.98
13472 -7427.98
13464.5 -7368.11
13469.3 -7348.02
13466.9 -7308.06
13463.7 -7268.11
13467.2 -7248.04
13462.8 -7208.12
13465.4 -7188.06
13459.8 -7148.16
13461.5 -7128.13
13462.9 -7108.1
13463.9 -7088.07
13464.7 -7068.05
13465 -7048.04
13465 -7028.04
13464.7 -7008.04
13454.5 -6968.23
13463 -6968.07
13461.6 -6948.09
13459.9 -6928.12
13457.8 -6908.16
13455.3 -6888.2
13463.2 -6888.05
13460.3 -6868.1
13456.9 -6848.16
13453.1 -6828.23
13460.7 -6828.09
13456.4 -6808.16
13451.7 -6788.25
13459.1 -6788.11
13453.8 -6768.21
13461.1 -6768.07
13455.3 -6748.18
13449.1 -6728.29
13456.1 -6728.16
13449.3 -6708.28
13456.2 -6708.15
13448.8 -6688.29
13455.6 -6688.16
13447.5 -6668.31
13454.3 -6668.18
13445.6 -6648.34
13452.2 -6648.22
13459 -6648.09
13449.4 -6628.27
13456.1 -6628.14
13445.9 -6608.33
13452.4 -6608.21
13459 -6608.08
13447.9 -6588.29
13454.4 -6588.16
13461 -6588.04
13449 -6568.26
13455.5 -6568.14
13442.7 -6548.38
13449.1 -6548.26
13455.5 -6548.13
13461.3 -6547.19
13461.2 -6540.62
13461 -6534.16
13460.9 -6527.81
13460.8 -6521.57
13460.7 -6515.43
13460.6 -6509.38
13460.4 -6503.43
13460.3 -6497.56
13460.2 -6491.79
13460.1 -6486.1
13460 -6480.5
13459.9 -6474.97
13459.8 -6469.52
13459.7 -6464.15
13459.6 -6458.85
13459.5 -6453.62
13459.4 -6448.46
13459.3 -6443.36
13459.2 -6438.33
13459.1 -6433.36
13459 -6428.46
13458.9 -6423.6
13458.8 -6418.81
13458.7 -6414.07
13458.6 -6409.39
13458.5 -6404.75
13458.5 -6400.17
13458.4 -6395.63
13458.3 -6391.15
13458.2 -6386.71
13458.1 -6382.31
13458 -6377.95
13458 -6373.64
13457.9 -6369.37
13457.8 -6365.14
13457.7 -6360.94
13457.6 -6356.79
13457.5 -6352.66
13457.5 -6348.58
13457.4 -6344.53
13457.3 -6340.51
13457.2 -6336.52
13457.2 -6332.56
13457.1 -6328.63
13457 -6324.73
13456.9 -6320.86
13456.9 -6317.02
13456.8 -6313.2
13456.7 -6309.41
13456.6 -6305.64
13456.6 -6301.9
13456.5 -6298.18
13456.4 -6294.48
13456.4 -6290.8
13456.3 -6287.15
13456.2 -6283.51
13456.2 -6279.89
13456.1 -6276.3
13456 -6272.71
13455.9 -6269.15
13455.9 -6265.6
13455.8 -6262.07
13455.7 -6258.56
13455.7 -6255.06
13455.6 -6251.57
13455.5 -6248.1
13455.5 -6244.63
13455.4 -6241.19
13455.3 -6237.75
13455.3 -6234.32
13455.2 -6230.91
13455.1 -6227.5
13455.1 -6224.1
13455 -6220.72
13455 -6217.34
13454.9 -6213.96
13454.8 -6210.6
13454.8 -6207.24
13454.7 -6203.89
13454.6 -6200.54
13454.6 -6197.2
13454.5 -6193.86
13454.4 -6190.53
13454.4 -6187.2
13454.3 -6183.87
13454.2 -6180.55
13454.2 -6177.22
13454.1 -6173.9
13454.1 -6170.58
13454 -6167.26
13453.9 -6163.94
13453.9 -6160.62
13453.8 -6157.3
13453.7 -6153.97
13453.7 -6150.65
13453.6 -6147.32
13453.5 -6143.99
13453.5 -6140.65
13453.4 -6137.31
13453.4 -6133.97
13453.3 -6130.62
13453.2 -6127.26
13453.2 -6123.9
13453.1 -6120.53
13453 -6117.16
13453 -6113.77
13452.9 -6110.38
13452.8 -6106.98
13452.8 -6103.57
13452.7 -6100.15
13452.6 -6096.72
13452.6 -6093.27
13452.5 -6089.82
13452.4 -6086.35
13452.4 -6082.87
13452.3 -6079.38
13452.2 -6075.87
13452.2 -6072.34
13452.1 -6068.8
13452 -6065.25
13452 -6061.68
13451.9 -6058.09
13451.8 -6054.48
13451.8 -6050.85
13451.7 -6047.21
13451.6 -6043.54
13451.5 -6039.85
13451.5 -6036.14
13451.4 -6032.41
13451.3 -6028.66
13451.3 -6024.88
13451.2 -6021.07
13451.1 -6017.24
13451 -6013.39
13451 -6009.5
13450.9 -6005.59
13450.8 -6001.65
13450.7 -5997.67
13450.7 -5993.67
13450.6 -5989.63
13450.5 -5985.56
13450.4 -5981.46
13450.3 -5977.32
13450.3 -5973.14
13450.2 -5968.93
13450.1 -5964.68
13450 -5960.39
13449.9 -5956.05
13449.9 -5951.68
13449.8 -5947.26
13449.7 -5942.79
13449.6 -5938.28
13449.5 -5933.72
13449.4 -5929.12
13449.3 -5924.46
13449.2 -5919.74
13449.1 -5914.98
13449.1 -5910.16
13449 -5905.28
13448.9 -5900.34
13448.8 -5895.34
13448.7 -5890.27
13448.6 -5885.15
13448.5 -5879.95
13448.4 -5874.69
13448.3 -5869.35
13448.2 -5863.94
13448.1 -5858.45
13448 -5852.89
13447.8 -5847.24
13447.7 -5841.51
13447.6 -5835.69
13447.5 -5829.79
13447.4 -5823.79
13447.3 -5817.69
13447.2 -5811.5
13447 -5805.2
13446.9 -5798.8
13446.8 -5792.29
13444.2 -5788.21
13437.7 -5788.34
13431.3 -5788.46
13443.4 -5768.22
13436.9 -5768.35
13430.4 -5768.47
13441.6 -5748.25
13435 -5748.38
13428.6 -5748.5
13438.8 -5728.3
13432.2 -5728.43
13441.7 -5708.24
13435.1 -5708.37
13428.5 -5708.5
13437.2 -5688.33
13430.5 -5688.46
13438.5 -5668.3
13431.7 -5668.43
13439.1 -5648.28
13432.2 -5648.42
13438.9 -5628.28
13432 -5628.42
13438.1 -5608.3
13431.1 -5608.43
13436.6 -5588.32
13429.5 -5588.46
13434.4 -5568.36
13427.2 -5568.5
13431.6 -5548.41
13435.6 -5528.33
13428.1 -5528.47
13431.6 -5508.4
13428.8 -5499.5
13431.9 -5478.83
13424.5 -5478.34
13427.1 -5457.64
13429.1 -5437.31
13421.9 -5435.87
13424 -5414.2
13425.7 -5392.47
13428.5 -5367.35
13421.3 -5364.65
13422.5 -5341.68
13423.4 -5318.59
13427 -5287.7
13427.6 -5263.17
13420.1 -5258.6
13420.2 -5233.66
13424.4 -5195.71
13424.1 -5168.9
13423.5 -5141.76
13422.5 -5114.27
13420.7 -5087.58
13419.6 -5057.56
13418.1 -5027
13416.2 -4995.86
13415.7 -4957.68
13413.7 -4923.03
13416.5 -4867.37
13413.6 -4830.83
13414.1 -4777.26
13411 -4735.63
13411.9 -4672.38
13412.2 -4607.42
13411.7 -4540.56
13408.8 -4479.6
13407.7 -4404.12
13405.8 -4325.56
13403.1 -4243.46
13401.3 -4146.84
13400.9 -4030.17
13396.5 -3927.51
13396.7 -3777.66
13392.7 -3639.49
13388.3 -3484.55
13385.1 -3294
13364.2 -3247.53
13339.7 -3233.47
13313.7 -3233.97
13287.8 -3234.46
13262 -3234.96
13236.2 -3235.46
13210.4 -3235.95
13184.6 -3236.45
13158.9 -3236.94
13133.2 -3237.43
13107.5 -3237.93
13081.9 -3238.42
13056.2 -3238.91
13028.8 -3119.42
