14615.5 -3087.1
14644.6 -3086.83
14673.7 -3086.56
14703 -3086.29
14732.4 -3086.02
14761.8 -3085.75
14791.5 -3085.48
14821.2 -3085.21
14851 -3084.93
14881 -3084.65
14911.2 -3084.38
14941.5 -3084.1
14971.9 -3083.82
15002.5 -3083.54
15033.3 -3083.25
15064.2 -3082.97
15095.3 -3082.68
15126.6 -3082.39
14536.3 -1377.67
14536.2 -1337.67
14535.4 -1297.68
14533.8 -1257.69
14539.6 -1237.63
14536.9 -1197.66
14533.4 -1157.69
14537.9 -1137.65
14533.1 -1097.69
14536.8 -1077.65
14530.8 -1037.71
14533.6 -1017.68
14526.3 -977.746
14528.2 -957.727
14529.8 -937.712
14531 -917.699
14531.9 -897.69
14532.4 -877.684
14532.7 -857.682
14532.5 -837.682
14532 -817.686
14531.2 -797.693
14530 -777.703
14528.4 -757.716
14526.5 -737.733
14524.2 -717.753
14534.5 -717.659
14544.9 -717.563
14555.4 -717.466
14566 -717.369
14562.8 -697.397
14573.4 -697.299
14569.7 -677.333
14565.6 -657.37
14561.1 -637.41
14571.4 -637.315
14566.4 -617.361
14560.9 -597.41
14571.1 -597.316
14565.1 -577.371
14575.3 -577.277
14568.7 -557.337
14561.6 -537.402
14571.6 -537.309
14564 -517.379
14574 -517.286
14565.7 -497.362
14556.9 -477.442
14566.8 -477.351
14557.3 -457.437
14567.2 -457.346
14576.3 -456.292
14576.2 -446.26
14576.1 -436.398
14576 -426.701
14596.1 -435.595
14596 -425.888
14616.1 -434.125
14616 -424.406
14636.1 -432.005
14636 -422.276
14635.9 -412.691
14635.8 -403.245
14635.7 -393.934
14635.7 -384.753
14635.6 -375.699
14635.5 -366.767
14635.4 -357.954
14635.3 -349.257
14635.2 -340.67
14635.2 -332.192
14635.1 -323.819
14635 -315.547
14634.9 -307.374
14634.9 -299.296
14634.8 -291.312
14634.7 -283.416
14634.7 -275.609
14634.6 -267.886
14634.5 -260.244
14634.4 -252.683
14634.4 -245.199
14634.3 -237.789
14634.2 -230.452
14634.2 -223.186
14634.1 -215.989
14634 -208.857
14634 -201.79
14633.9 -194.786
14633.8 -187.842
14633.8 -180.957
14633.7 -174.129
14633.7 -167.356
14633.6 -160.636
14633.5 -153.969
14633.5 -147.352
14633.4 -140.783
14633.3 -134.262
14633.3 -127.786
14633.2 -121.355
14633.2 -114.967
14633.1 -108.619
14633.1 -102.312
14633 -96.0441
14632.9 -89.8133
14632.9 -83.6186
14632.8 -77.4589
14632.8 -71.3328
14632.7 -65.239
14632.7 -59.1768
14632.6 -53.1445
14632.5 -47.1414
14632.5 -41.1659
14632.4 -35.2174
14632.4 -29.2945
14632.3 -23.3963
14632.3 -17.5216
14632.2 -11.6694
14632.2 -5.8388
14632.1 -0.0287427
14632.1 5.76181
14632 11.5338
14632 17.2883
14631.9 23.026
14631.8 28.7481
14631.8 34.4555
14631.7 40.149
14631.7 45.8296
14631.6 51.4982
14631.6 57.1557
14631.5 62.8031
14631.5 68.4411
14631.4 74.0706
14631.4 79.6926
14631.3 85.3079
14631.3 90.9174
14631.2 96.522
14631.2 102.122
14631.1 107.72
14631.1 113.314
14631 118.908
14631 124.5
14630.9 130.093
14630.9 135.687
14630.8 141.283
14630.8 146.881
14630.7 152.484
14630.7 158.09
14630.6 163.702
14630.6 169.32
14630.5 174.946
14630.4 180.579
14630.4 186.221
14630.3 191.872
14630.3 197.535
14630.2 203.209
14630.2 208.895
14630.1 214.594
14630.1 220.308
14630 226.037
14630 231.782
14629.9 237.544
14629.9 243.324
14629.8 249.123
14629.8 254.942
14629.7 260.782
14629.7 266.644
14629.6 272.529
14629.5 278.438
14629.5 284.372
14629.4 290.333
14629.4 296.32
14629.3 302.336
14629.3 308.381
14629.2 314.457
14629.2 320.565
14629.1 326.706
14629 332.881
14629 339.092
14628.9 345.339
14628.9 351.624
14628.8 357.948
14628.8 364.314
14628.7 370.721
14628.6 377.172
14628.6 383.667
14628.5 390.209
14628.5 396.799
14628.4 403.438
14628.3 410.128
14628.3 416.871
14628.2 423.668
14628.1 430.522
14628.1 437.432
14628 444.403
14628 451.435
14627.9 458.53
14627.8 465.69
14627.8 472.918
14627.7 480.215
14627.6 487.583
14627.6 495.026
14627.5 502.544
14627.4 510.14
14627.3 517.817
20724.4 4437.26
20686.4 4495.94
20647.9 4554.28
20608.8 4612.28
20569.3 4669.94
20529.3 4727.25
20488.7 4784.21
20447.7 4840.82
20406.2 4897.06
20364.2 4952.94
15361.3 1176.07
15341.3 1179.57
15241.8 1119.15
15221.8 1120.9
15201.8 1122.33
15201.6 1140.19
15201.5 1158.31
15201.3 1176.7
15201.1 1195.37
15201 1214.33
15200.8 1233.59
15200.6 1253.15
15195.8 1268.6
15195.6 1288.73
15195.4 1309.2
15195.2 1330.02
15188.1 1344.11
15187.5 1365.09
15187.3 1386.92
15186.3 1408.3
15186.4 1431.29
15185.1 1453.1
15185.5 1477.31
15183.9 1499.59
15184.6 1525.08
15182.5 1547.86
15180.2 1570.69
15181.1 1598.04
15178.4 1621.43
15179.6 1650.24
15176.6 1674.24
15177.9 1704.62
15189.3 1749.42
15185.4 1774.2
15186.6 1806.85
15182.3 1832.38
15177.8 1858.04
15179.1 1893.21
15187.4 1939.84
15175.7 1956.9
15183.2 2004.46
15177.4 2032.12
15178.7 2072.3
15184.6 2121.14
15177.9 2150.12
15179.1 2193.66
15183.3 2243.99
15175.8 2274.52
15176.9 2321.85
15179.6 2373.94
15171.2 2406.32
15172 2457.96
15173.2 2512.14
15173.7 2566.81
15174.1 2623.39
15173.6 2680.08
15172.4 2737.39
15172.4 2799.68
15170.2 2859.42
15167.3 2919.95
15175.1 3009.01
15171 3072.48
15174.1 3157.04
15165.2 3213.89
15166.9 3302.06
15167.5 3391.55
15167.1 3482.46
15164.6 3572.02
15169.3 3687.82
15166 3785.42
15162.5 3887.4
15163.7 4011.24
15163.6 4137.6
15156.3 4246.66
15161.9 4409.61
15158 4547.5
15152.7 4689.19
15155.5 4873.75
15152.4 5047.36
15156.6 5266.48
15149.6 5451.57
15143.3 5655.36
15149.4 5939.12
15140.8 6171.81
15122.7 6374.74
15080.9 6459.58
15036 6533.53
14977 6523.84
14921.2 6533.5
14862.7 6523.45
14806.8 6532.13
14747.9 6514.86
14692.6 6527.63
14634.9 6517.17
14578.2 6514.1
14521.7 6512.44
14465.5 6511.93
14409.3 6511.41
14353.2 6510.89
14297.1 6510.38
14241.1 6509.86
14185.2 6509.34
14129.3 6508.83
14073.4 6508.31
14017.6 6507.8
13961.7 6507.29
13905.9 6506.77
13850 6506.26
13794.2 6505.74
13738.3 6505.23
13682.4 6504.71
13626.4 6504.2
13570.5 6503.68
13514.4 6503.17
13458.3 6502.65
13402.1 6502.13
13345.9 6501.61
13289.5 6501.1
13233 6500.58
13176.5 6500.06
13119.8 6499.53
13063 6499.01
12962.9 6778.1
12903.3 6777.55
12843.6 6777
12783.7 6776.45
12723.6 6775.9
12663.3 6775.34
12602.8 6774.78
12542.1 6774.22
12481.2 6773.66
12420 6773.1
12358.6 6772.54
12297 6771.97
12235.1 6771.4
12172.9 6770.82
12110.4 6770.25
12047.6 6769.67
11984.6 6769.09
11921.1 6768.51
11904.6 6620.83
11857.6 6572.85
11860.2 6380.65
11866.4 6187.98
11858.6 6043.77
11860.8 5878.91
11862.7 5722.77
11860.3 5584.53
12275.2 4408.83
12280.9 4288.31
12274.5 4202.03
12276.9 4098.6
12282.8 3991.28
12277.1 3913.88
12281 3818.81
12277.6 3742.42
12282.2 3652.39
12277.7 3584.1
12283.8 3497.11
12289.9 3413.13
12286.3 3350.56
12292.6 3271.52
12289.3 3212.51
12286.3 3154.74
12292.6 3082.57
12290 3027.83
12287.7 2974.14
12293.9 2907.94
12292 2856.85
12290.4 2806.64
12283.8 2765.57
12295.5 2697.73
12294.6 2650.52
12287.2 2614.08
12300.3 2548.95
12295 2511.77
12292 2472.02
12292.1 2429.13
12297.8 2379.6
12298.3 2338.28
12299.1 2297.46
12289.1 2271.21
12290 2231.78
12295.3 2187.92
12296.6 2149.77
12301.7 2108.02
12303.5 2071.04
12305.7 2034.42
12292.9 2015.22
12295.2 1979.65
12281.3 1962.24
12246.3 1967.31
12230.6 1951.59
12193.8 1957.54
12156.4 1963.24
12117.2 1970.01
12109.4 1945.48
12069.4 1952.03
12049.5 1938.85
12023.4 1931.23
11991.6 1928.51
11937.3 1945.28
11904.6 1941.94
11868.8 1940.77
11835.2 1937.13
11837.9 1902.84
11843.6 1866.66
11844.5 1835
11849.1 1800.82
11833.2 1783.01
11831.2 1754.66
11834.2 1722.88
11850.1 1682.17
11851.8 1652.43
11845.1 1628.97
11845.4 1600.91
11836.1 1579.62
11834.8 1553.17
11853 1514.24
11839.9 1496.16
11836.1 1472.12
11834 1447.32
11834.2 1421.29
11834.5 1395.55
11834.7 1370.08
11834.9 1344.87
11835.2 1319.92
11835.4 1295.21
11835.6 1270.75
11835.8 1246.51
11836.1 1222.5
11836.3 1198.72
11836.5 1175.14
11836.7 1151.77
11836.9 1128.6
11837.1 1105.62
11837.3 1082.83
11837.6 1060.23
11837.8 1037.8
11838 1015.54
11838.2 993.449
11838.4 971.517
11838.6 949.741
11838.8 928.115
11839 906.636
11839.2 885.298
11839.4 864.096
11839.6 843.027
11839.7 822.084
11839.9 801.266
11840.1 780.566
11840.3 759.982
11840.5 739.507
11840.7 719.139
11840.9 698.876
11841.1 678.71
11841.3 658.641
11841.4 638.662
11841.6 618.772
11841.8 598.965
11842 579.24
11842.2 559.592
11842.3 540.017
11842.5 520.514
11842.7 501.076
11842.9 481.704
11843.1 462.391
11843.2 443.137
11843.4 423.935
11843.6 404.786
11843.8 385.683
11843.9 366.625
11844.1 347.611
11844.3 328.633
11844.5 309.693
11844.6 290.784
11844.8 271.906
11845 253.053
11845.2 234.226
11845.3 215.418
11845.5 196.629
11845.7 177.855
11845.9 159.093
11846 140.342
11846.2 121.595
11846.4 102.854
11846.5 84.1124
11846.7 65.3696
11846.9 46.6209
11847.1 27.8644
11858.5 9.66752
11850.8 -9.4831
11860.6 -27.5947
11867.2 -45.8029
11858.6 -65.2211
11854.3 -84.4091
11865.6 -102.1
11855 -122.078
11853.3 -141.203
11853.5 -160.154
11853.6 -179.147
12153.4 -153.945
12293.4 -148.46
12373.4 -150.431
12433.4 -154.496
12433.6 -168.52
12433.7 -182.587
12433.8 -196.699
12434 -210.858
12434.1 -225.067
9893.51 -821.473
9879.85 -862.493
9820.34 -915.276
9820.69 -953.951
9821.05 -992.791
9821.41 -1031.81
6297.43 -2075.57
6316.89 -2142.71
6336.93 -2209.69
9663.32 -1239.8
9743.47 -1255.54
9863.48 -1256.7
10003.4 -1248.94
10103.5 -1252.74
10203.5 -1254.81
12476.1 -446.476
12516.1 -446.31
12556.1 -445.444
12576.2 -451.891
12636.1 -441.593
12656.1 -447.021
12696.1 -443.51
12716.2 -448.11
12756.1 -443.351
12776.2 -447.11
12816.1 -441.084
12836.1 -443.989
12856.1 -446.568
12876.2 -448.82
12916.1 -440.413
12936.1 -441.782
12956.1 -442.815
12976.1 -443.507
12996.1 -443.856
13016.1 -443.859
13036.1 -443.513
13056.1 -442.814
13076.1 -441.759
13096.1 -440.342
13116.1 -438.561
13136.1 -436.412
13156 -433.888
13156.1 -444.362
13176.1 -441.329
13196.1 -437.912
13196.2 -448.244
13216.1 -444.301
13236.1 -439.96
13256.1 -435.214
13256.2 -445.263
13276.1 -439.963
13296.1 -434.243
13296.1 -444.138
13316.1 -437.841
13316.2 -447.726
13336.1 -440.839
13356 -433.5
13356.1 -443.221
13376.1 -435.263
13376.2 -444.972
13396.1 -436.377
13396.2 -446.075
13416.1 -436.822
13416.2 -446.51
13436.1 -436.578
13436.2 -446.255
13444.4 -447.686
13454 -447.598
13463.4 -447.511
13472.6 -447.426
13481.7 -447.342
13490.7 -447.26
13499.5 -447.179
13508.2 -447.099
13516.7 -447.02
13525.1 -446.943
13533.4 -446.866
13541.6 -446.791
13549.6 -446.717
13557.6 -446.643
13565.4 -446.571
13573.2 -446.5
13580.8 -446.43
13588.3 -446.36
13595.8 -446.292
13603.1 -446.224
13610.4 -446.157
13617.6 -446.091
13624.7 -446.026
13631.7 -445.961
13626 -466.014
13620.8 -486.063
13628 -485.996
13623.3 -506.04
13630.7 -505.973
13626.6 -526.012
13622.8 -546.047
13630.4 -545.977
13627.2 -566.007
13624.4 -586.034
13632.2 -585.962
13630 -605.984
13628.1 -626.002
13626.5 -646.017
13625.3 -666.029
13624.5 -686.038
13633 -685.959
13632.7 -705.963
13624.2 -746.043
13624.7 -766.039
13625.7 -786.031
13476.6 -1187.42
13466.6 -1247.52
13472.8 -1267.46
12422.9 -4187.34
12430 -4287.28
12418 -4447.39
12422.3 -4567.36
12441.7 -4647.18
12487.4 -4647.94
12530.3 -4657.02
12577.9 -4650.01
12621.3 -4656.25
13097.9 -3101.08
13128.2 -3100.8
13158.3 -3100.52
13188.3 -3100.24
13218.2 -3099.97
13247.9 -3099.69
13277.6 -3099.42
13307.1 -3099.15
13336.4 -3098.88
13365.7 -3098.61
13394.9 -3098.34
13423.9 -3098.07
13452.9 -3097.81
13481.8 -3097.54
13510.6 -3097.28
13539.3 -3097.01
13568 -3096.75
13596.5 -3096.48
13625 -3096.22
13653.5 -3095.96
13681.9 -3095.7
13710.2 -3095.44
13738.5 -3095.18
13766.8 -3094.92
13795 -3094.66
13823.1 -3094.4
13851.3 -3094.14
13879.4 -3093.88
13907.5 -3093.62
13935.6 -3093.36
13963.6 -3093.1
13991.7 -3092.84
14019.7 -3092.59
14047.8 -3092.33
14075.9 -3092.07
14103.9 -3091.81
14132 -3091.55
14160.1 -3091.29
14188.2 -3091.03
14216.3 -3090.78
14244.5 -3090.52
14272.7 -3090.26
14301 -3090
14329.3 -3089.74
14357.6 -3089.47
14386 -3089.21
14414.4 -3088.95
14442.9 -3088.69
14471.5 -3088.43
14500.1 -3088.16
14528.9 -3087.9
14557.6 -3087.63
14586.5 -3087.37
14615.5 -3087.1
