-772.223 -7845.74
-710.177 -7907.1
-647.598 -7967.92
-584.489 -8028.2
-520.858 -8087.92
-456.709 -8147.08
-392.046 -8205.68
-326.873 -8263.71
-261.195 -8321.18
-195.019 -8378.06
-128.351 -8434.37
-61.1932 -8490.09
6.44874 -8545.23
74.5704 -8599.77
143.165 -8653.72
212.227 -8707.07
281.751 -8759.81
351.735 -8811.94
422.17 -8863.46
5555.53 -1799.65
5581.18 -1782.25
5601.38 -1771.91
5624.69 -1756.32
5644.38 -1745.4
5651.86 -1752.68
5673.36 -1737.96
5678.16 -1749.25
5693.01 -1744.32
5706.71 -1740.92
5726.89 -1726.15
5742.77 -1718.03
5760.43 -1706.23
5766.23 -1715.2
5778.81 -1711.82
5795.05 -1701.23
5798.16 -1715.29
5815.51 -1701.72
5828.59 -1695.98
5836.72 -1699.98
5850.03 -1693.07
5861.51 -1689.62
5868.75 -1695.15
5883.36 -1684.17
5890.99 -1688.61
5901.78 -1685.62
5910.58 -1687.13
5920.87 -1684.84
5934.38 -1674.07
5942.31 -1677.15
5953.06 -1672.66
5963.71 -1668.05
5972.92 -1667.09
5982.74 -1664.16
5990.59 -1666.81
6001.53 -1659.88
6010.84 -1657.6
6023.29 -1644.7
6029.55 -1651.8
6036.18 -1657.89
6048.23 -1644.65
6055.9 -1646.73
6064.09 -1646.81
6073.23 -1642.93
6084.13 -1631.18
6092.36 -1630.02
6100.55 -1628.79
6107.46 -1633.35
6117.01 -1625.12
6124.89 -1624.64
6131.12 -1632.94
6140.93 -1621.49
6147.74 -1626.71
6156.81 -1618.05
6164.98 -1614.24
6171.83 -1619.26
6180.05 -1614.32
6187.45 -1615.25
6194.75 -1617.11
6202.69 -1612.94
6211.03 -1603.72
6219.11 -1595.42
6225.81 -1602.99
6232.97 -1605.52
6240.9 -1596.01
6247.78 -1603.4
6255.63 -1590.76
6262.69 -1595.03
6270.4 -1576.25
6277.29 -1587.39
6284.42 -1591.48
6291.62 -1591.5
6298.69 -1578.46
6305.91 -1585.36
6313.11 -1587.2
6320.02 -1579.97
6326.94 -1575.69
6334.21 -1579.34
6340.68 -1568.95
6348.1 -1574.46
6354.28 -1562.97
6362.2 -1573.34
6369.04 -1570.69
6376.48 -1573.96
6383.41 -1572.18
6390.19 -1569.36
6395.74 -1557.55
6402.78 -1557.6
6409.38 -1554.61
6415.78 -1550.58
6421.96 -1545.52
6431.37 -1559.11
6435.35 -1542.12
6442.88 -1544.76
6451.07 -1550.26
6453.72 -1529.27
6462.76 -1538.55
6467.23 -1527.28
6476.92 -1538.35
6485.83 -1545.43
6496.9 -1560.15
6502.26 -1552.52
6511.79 -1560.28
6525.35 -1581.38
6530.46 -1572.59
6537.19 -1569.51
6546.6 -1574.96
6559.23 -1589.81
6561.31 -1572.27
6568.66 -1570.82
6579.35 -1578.73
6596.38 -1603.42
6608.23 -1612.89
6621 -1624.08
6642.07 -1655.58
6656.95 -1670.08
6679.02 -1701.02
7719.15 -4121.01
7332.97 -3156.08
7301.18 -3029.1
7317.14 -3012.01
7335 -2999.35
7349.27 -2979.32
7376.01 -2985.27
7406.96 -2998.97
7481.46 -3096.89
7520.72 -3122.76
7505.95 -3045.75
7520.05 -3024.52
7534.85 -3004.97
7556.31 -2997.5
7567.72 -2972.53
7587.43 -2962.16
7603.96 -2946.48
7623.46 -2935.79
7630.13 -2904.58
7650.35 -2895.34
7672.69 -2889.26
7689.51 -2874.62
7707.29 -2861.5
7804.95 -2964.35
7878.65 -3028.81
7862.85 -2965.24
12177.9 -8849.87
10211.9 -6052.96
10430.3 -6246.75
10860.8 -6708.2
10791 -6513
10935.1 -6591.57
10786 -6304.69
10890.9 -6333.86
10884.6 -6228.46
11001 -6268.68
11242.6 -6449.78
11282.1 -6395.13
11513.9 -6554.03
11504 -6442.68
11601.1 -6448.11
11667.7 -6419.66
11698.1 -6353.12
11759.3 -6318.55
11718.3 -6181.62
11866 -6232.76
11936.6 -6206.1
11991.1 -6163.5
12038 -6113.55
11831.3 -5831.76
11661.8 -5591.42
11810.9 -5639
12204.5 -5895.3
12099.1 -5715.73
12022.4 -5564.72
11828.5 -5320.79
11286.2 -4802.23
11278.9 -4724.91
11225.7 -4613
10960.5 -4341.23
10778.9 -4140.51
10577.3 -3930.77
10417.7 -3757.68
10265.2 -3594.58
10125.8 -3445.26
9971.66 -3290.12
9967 -3240.04
10010.1 -3222.19
9814.89 -3049.37
9615.23 -2879.09
9456.17 -2739.45
9369.17 -2648.12
9291.98 -2565.15
9230.82 -2493.81
9153.92 -2415.2
9094.17 -2348.38
9027.35 -2279.34
8982.41 -2223.98
8993.26 -2199.49
9010.99 -2178.62
9036.58 -2161.62
9050.44 -2138.5
9076.7 -2121.36
9099.25 -2102.15
9117.15 -2080.54
9151.27 -2066.16
9162.5 -2041.15
9180.86 -2019.22
9189.84 -1993.17
9230.93 -1980.42
9246.98 -1956.96
9267.5 -1935.13
9296.26 -1916.26
9296.81 -1886.49
9251 -1840.1
9207.45 -1795.6
9152 -1748.04
9128.2 -1712.28
9085.92 -1671.17
9042.19 -1630.56
9001.79 -1591.95
9004.1 -1566.85
8994.63 -1538.47
9001.26 -1514.85
9027.02 -1496.32
8983.89 -1459.7
8957.81 -1428.22
8923.6 -1395.4
8892.93 -1364.12
8872.65 -1335.79
8843.28 -1305.99
8822.41 -1278.54
7527.8 -1005.49
7412.8 -973.137
7378.12 -956.954
7368.89 -945.654
7359.54 -934.53
7348.11 -923.289
7333.59 -911.847
7330.85 -902.223
7314.13 -890.968
7294.31 -879.678
7331.06 -874.638
7309.07 -863.376
7306.89 -854.227
7323.57 -846.593
7319.24 -837.233
7333.79 -829.093
7307.33 -818.606
7317.74 -810.157
7339.07 -801.901
7366.33 -793.426
7377.52 -784.218
7382.64 -774.77
7388.67 -765.234
7389.61 -755.643
7419.47 -745.495
7439.24 -735.098
7429.93 -725.401
7458.5 -714.162
7464.98 -703.599
7478.36 -692.483
7496.62 -680.774
7515.77 -668.661
7517.86 -657.709
7533.78 -645.355
7527.7 -635.04
7566.25 -619.676
7572.85 -607.566
7575.38 -595.856
7608.5 -579.741
7617.7 -566.609
7635.65 -551.885
7635.7 -539.823
7671.09 -521.453
7699.37 -503.731
7698 -491.256
7713.18 -475.376
7611.82 -484.087
7529.27 -490.41
7486.87 -488.881
7515.51 -470.946
7485.73 -467.074
7475.33 -458.669
7470.66 -448.862
7461.1 -440.456
7452.45 -431.914
7458.11 -419.223
7427.31 -417.559
7424.22 -407.654
7447.67 -389.092
7422.53 -386.333
7444.69 -367.65
7484.51 -342.19
7518.33 -318.064
7657.62 -253.62
7710.01 -219.785
7706.12 -207.052
7692.84 -198.102
7697.99 -181.667
7684.55 -172.934
7662.82 -167.989
7653.89 -157.669
7644.89 -147.459
7639.43 -135.665
7623.05 -129.098
7628.22 -112.222
7622.46 -100.575
7611.25 -91.7085
7591.13 -87.6145
7581.63 -78.1738
7568.54 -70.7596
7564.17 -58.6631
7550.99 -51.5243
7547.3 -39.0504
7546.93 -24.552
7534.41 -17.2297
7516.75 -13.2101
7511.82 -1.47761
7503.41 8.0731
7502.47 22.4461
7482.21 24.1444
7474.44 33.9522
7470.7 46.5213
7465.2 57.937
7446.57 60.0124
7439.32 70.0678
7430.36 78.8682
7429.33 93.6036
7422.57 104.117
7407.84 108.412
7411.11 126.856
7394.73 129.667
7383.02 136.083
7373.57 144.293
7364.82 153.059
7355.25 161.083
7359.83 181.617
7338.15 178.851
7347.54 204.191
7333.18 207.914
7313.77 206.637
7309.55 219.701
7298.77 226.449
7289.36 234.501
7277.09 239.608
7280.06 260.42
7270.38 268.288
7261.31 276.798
7246.77 279.325
7241.62 292.092
7239.62 308.597
7232.17 319.103
7214.88 318.144
7212.44 334.603
7210.42 351.873
7194.34 352.078
7194.49 372.455
7177.75 371.622
7165.96 376.938
7166.17 398.122
7151.22 399.281
7139.84 405.127
7138.86 425.529
7127.28 431.246
7112.27 431.903
7104.57 443.175
7104.46 466.088
7088.77 465.589
7075.85 469.13
7071.38 486.119
7065.11 500.564
7049.92 500.411
7039.84 508.713
7031.18 519.535
7021.41 528.561
7012.5 539.265
7002.03 547.273
6996.16 564.032
6990.05 580.789
6974.64 579.708
6961.97 583.835
6954.1 597.735
6945.61 610.697
6936.51 622.708
6931.4 643.768
6921.5 654.79
6911.86 666.664
6901.28 676.635
6883.7 669.892
6873.76 681.506
6866.58 700.502
6859.11 719.481
6843.33 716.889
6834.8 733.876
6821.35 737.625
6813.72 758.278
6799.76 760.888
6787.34 768.126
6781.12 795.3
6765.43 792.823
6755.77 810.335
6746.38 829.719
6728.71 820.14
6716.65 830.666
6706.68 849.817
6694.97 863.092
6690.03 905.464
6696.24 999.525
6678.87 994.208
6667.22 1015.14
6652.25 1021.3
6643.65 1060.71
6627.69 1063.73
6614.64 1083.34
6598.65 1087.08
6584.17 1100.57
6569.92 1116.91
6554.44 1126.21
6542.18 1161.16
6526.2 1170.23
6511.98 1196.06
6494.84 1197.92
6478.83 1211.57
6464.4 1246.01
6446.06 1237.48
6430.07 1260.71
6413.51 1280.82
6396.72 1302.78
6379.42 1321.61
6362.04 1347.29
6344.16 1370.83
6325.67 1381.21
6307.13 1408.43
6288.16 1402.5
6268.75 1451.39
6249.32 1455.11
6229.36 1475.66
6208.93 1499.02
6187.6 1533.19
6166.36 1554.17
6144.18 1583.94
6123.39 1586.56
6100.16 1618.9
6076.61 1648.03
6053.32 1668.96
6030.6 1680.72
6011.88 1655.5
5991.98 1643.06
5971.23 1638.37
5947.45 1655.3
5921.56 1683.85
5891.53 1734.85
5864.4 1762.83
5835.52 1797.41
5806.38 1829.72
5776.07 1864.65
5749.12 1879.65
5715.59 1923.72
5686.05 1945.93
5650.19 1993.15
5612.06 2045.78
5576.12 2085.34
5543.47 2109
5508.52 2139.07
5467.36 2188.97
5424.17 2242.21
5399.66 2228.78
5438.12 2010.58
5312.21 2324.32
5247.13 2432.6
5200.78 2478.35
5148.99 2536.77
5098.44 2587.92
5042.11 2651.6
4994.06 2689.26
4927.29 2772.99
4863.37 2844.66
4805.61 2896.94
4742.62 2958.64
4667.86 3044.36
4588.28 3136.37
4555.51 3118.63
4570.73 2996.02
4348.59 3385.77
4252.01 3494.96
4155.58 3598.27
4058.98 3696.64
3949.59 3815.02
3834.73 3938.03
5012.81 1630.11
4938.87 1716.35
4890.05 1753.41
3304.43 4497.44
3148.89 4660.71
2990.79 4820.8
2806.45 5017.07
4277.87 2509.57
4611.43 1913.93
4721.6 1690.17
4699.68 1677.22
4678.41 1663.25
4663.43 1639.97
4640.22 1628.97
4613.64 1622.67
4595.76 1603.87
403.47 7316.87
333.155 7265.19
263.294 7212.89
193.891 7159.99
124.953 7106.49
56.4799 7052.38
-11.5141 6997.68
-79.0284 6942.39
-146.057 6886.51
-212.595 6830.05
-278.639 6773.01
-344.183 6715.39
-409.221 6657.21
-473.748 6598.46
-537.761 6539.15
-601.257 6479.28
-664.225 6418.86
-726.663 6357.9
-788.567 6296.39
