-0 -0
-0 -0
-0 -0
-0 -0
-0 -0
-0 -0
-0 -0
-0 -0
-0 -0
-0 -0
-0 -0
-0 -0
-0 -0
-0 -0
-0 -0
-0 -0
-0 -0
-0 -0
-0 -0
-0 -0
-1.6737 -2.39029
-1.68449 -2.45095
-1.67926 -2.4896
-1.67182 -2.52584
-1.67531 -2.57975
-1.67369 -2.62716
-1.68355 -2.69425
-1.6652 -2.71736
-1.65379 -2.75236
-1.6561 -2.8115
-1.654 -2.86481
-1.65011 -2.91656
-1.65029 -2.97721
-1.64715 -3.03368
-1.64831 -3.10003
-1.65029 -3.17018
-1.65162 -3.24148
-1.63398 -3.27725
-1.62066 -3.32284
-1.62475 -3.40636
-1.61905 -3.47207
-1.62062 -3.55613
-1.61881 -3.63591
-1.62131 -3.72877
-1.61372 -3.80168
-1.61148 -3.89046
-1.62729 -4.02769
-1.62946 -4.13664
-1.63631 -4.26273
-1.6057 -4.29464
-1.61057 -4.42501
-1.62063 -4.57652
-1.6171 -4.69639
-1.61921 -4.8393
-1.57908 -4.8599
-1.5348 -4.86777
-1.48759 -4.86568
-1.44223 -4.86889
-1.39169 -4.85341
-1.33138 -4.80081
-1.28504 -4.79582
-1.23863 -4.78943
-1.18687 -4.76027
-1.14295 -4.76072
-1.09956 -4.76272
-1.05233 -4.74675
-1.00796 -4.74206
-0.961352 -4.7252
-0.917219 -4.71868
-0.87218 -4.70586
-0.826739 -4.68867
-0.783811 -4.68387
-0.741969 -4.68461
-0.697217 -4.66519
-0.654253 -4.65525
-0.613473 -4.65979
-0.571567 -4.65504
-0.52764 -4.63104
-0.487312 -4.63646
-0.444341 -4.61466
-0.403618 -4.61338
-0.362952 -4.61174
-0.321926 -4.60376
-0.279908 -4.57645
-0.239699 -4.57372
-0.198381 -4.54367
-0.15799 -4.52424
-0.117823 -4.49946
-0.078379 -4.49032
-0.039025 -4.47183
3.35664e-07 -4.446
0.0386325 -4.42683
0.0769476 -4.40833
0.11489 -4.3875
0.152336 -4.36234
0.190355 -4.35985
0.227661 -4.34404
0.26373 -4.31194
0.30079 -4.3015
0.337139 -4.28375
0.375467 -4.29161
0.408686 -4.24437
0.444141 -4.22572
0.479528 -4.20877
0.515751 -4.20046
0.553823 -4.2067
0.587171 -4.17794
0.620356 -4.1509
0.657181 -4.14928
0.689569 -4.1207
0.719598 -4.08104
0.749717 -4.04511
0.774493 -3.98442
0.803054 -3.94714
0.829983 -3.90477
0.859915 -3.87882
0.883158 -3.82538
0.909736 -3.78933
0.937205 -3.75893
0.960458 -3.71381
0.986618 -3.68211
1.00695 -3.63096
1.03612 -3.61338
1.06165 -3.58407
1.07651 -3.52111
0.983909 -3.12056
0.950845 -2.9264
0.961751 -2.87437
0.978658 -2.84223
0.992408 -2.80247
1.00999 -2.77491
1.02751 -2.7482
1.05181 -2.74006
1.07165 -2.72054
1.09011 -2.69811
1.11399 -2.68941
1.1425 -2.69156
1.15159 -2.64847
1.18157 -2.65385
1.208 -2.65072
1.23405 -2.64642
1.26355 -2.64909
1.28487 -2.63437
1.31182 -2.63111
1.33655 -2.62312
1.37601 -2.64329
1.4117 -2.65502
1.44865 -2.66809
1.49709 -2.70083
1.5792 -2.79123
1.6105 -2.78947
1.63681 -2.77875
1.66203 -2.76608
1.68401 -2.74806
1.71853 -2.75022
1.74837 -2.7444
1.7777 -2.73742
1.80649 -2.72931
1.83303 -2.71759
1.84818 -2.68912
1.87904 -2.68354
1.90529 -2.67111
1.94087 -2.67137
1.97362 -2.6672
1.99502 -2.64748
2.02291 -2.63631
2.05138 -2.62565
2.07173 -2.60452
2.10696 -2.60188
2.13913 -2.59497
2.16812 -2.58387
2.19708 -2.57245
2.22994 -2.56526
2.25821 -2.55244
2.29177 -2.54527
2.31998 -2.53181
2.34676 -2.51659
2.38377 -2.51197
2.40004 -2.48532
2.45038 -2.49352
2.47063 -2.47063
2.50636 -2.463
2.54215 -2.45492
2.57798 -2.44641
2.61532 -2.43883
2.65199 -2.4301
2.69167 -2.42359
2.75616 -2.43844
2.79016 -2.42545
2.82491 -2.4127
2.8742 -2.41174
2.92446 -2.41074
2.96637 -2.40212
3.006 -2.39108
3.04487 -2.37892
3.11471 -2.39
3.1634 -2.38379
3.21382 -2.3781
3.25225 -2.3629
3.31019 -2.36114
3.35361 -2.34822
3.41435 -2.34662
3.46952 -2.34022
3.53984 -2.34297
3.55512 -2.30873
3.60887 -2.2991
3.67968 -2.29932
3.75929 -2.3037
3.81525 -2.29243
3.89543 -2.29458
3.9638 -2.2885
4.0428 -2.28731
4.12471 -2.28636
4.19547 -2.27796
4.26993 -2.27036
4.35168 -2.26534
4.43454 -2.25951
4.55432 -2.2707
4.65216 -2.26901
4.7494 -2.26535
4.84331 -2.25847
4.92744 -2.24556
5.02541 -2.23746
5.1227 -2.22741
5.21558 -2.21388
5.31785 -2.20273
5.43422 -2.19557
5.5211 -2.17482
7.42103 -2.84867
7.44373 -2.7831
7.26758 -2.64518
6.71915 -2.37938
6.67631 -2.29884
6.68094 -2.23541
6.65549 -2.1625
6.64645 -2.09562
6.58703 -2.01386
6.5449 -1.93869
6.65962 -1.90962
6.82732 -1.89338
6.98847 -1.87256
7.14396 -1.84755
7.31506 -1.82385
7.48141 -1.79613
7.48998 -1.7292
7.49991 -1.66269
7.50044 -1.59427
7.5121 -1.52836
7.49865 -1.45759
7.50125 -1.39027
7.52295 -1.3265
7.51451 -1.2575
7.5331 -1.19313
7.57388 -1.13193
7.58446 -1.06593
7.58852 -0.999047
7.59397 -0.932423
7.58692 -0.86442
7.5882 -0.797553
7.62175 -0.73389
7.59997 -0.664911
7.61346 -0.599192
6.8792 -0.481041
6.69848 -0.409698
6.68483 -0.350336
6.66465 -0.290985
6.65394 -0.232361
6.63173 -0.173658
6.62299 -0.115606
6.34676 -0.055387
6.028 0
5.99677 0.0523327
5.97409 0.104278
5.95796 0.156015
5.94138 0.207478
5.93335 0.259055
5.91788 0.310143
5.90696 0.361285
6.02628 0.421399
6.44806 0.507474
6.4404 0.563462
6.42926 0.619067
6.40572 0.673267
6.39463 0.728576
6.38108 0.783498
6.36012 0.837325
6.35554 0.893213
6.33168 0.946275
6.31429 1.00009
6.29546 1.0535
6.2811 1.10753
6.26038 1.16029
6.25297 1.21545
6.2382 1.26918
6.21417 1.32086
6.20436 1.37547
6.17653 1.42596
6.15802 1.47841
6.16138 1.5362
6.1245 1.5839
6.11624 1.63884
6.09593 1.69055
6.08671 1.74534
6.07221 1.79867
6.04289 1.8475
6.02845 1.90076
6.00878 1.95237
5.99625 2.00632
5.98797 2.06182
5.97446 2.11567
7.85771 2.85997
7.854 2.93649
7.85701 3.01603
7.81551 3.07861
7.70582 3.11336
7.71532 3.19579
7.73408 3.28292
7.71889 3.35627
7.56416 3.36778
7.52356 3.42868
7.52779 3.51027
7.51763 3.58573
7.40157 3.60999
7.07177 3.52586
6.74136 3.43489
6.60025 3.43587
6.45876 3.43418
6.3477 3.44652
6.23079 3.45378
6.11686 3.46075
6.01455 3.4725
5.90819 3.48019
5.80302 3.48681
5.70075 3.49343
5.60051 3.49959
5.50988 3.51018
5.41278 3.5151
5.32186 3.52246
5.23289 3.52963
5.14996 3.53947
5.06973 3.54986
4.97343 3.54751
4.90264 3.56198
4.81751 3.56477
4.7431 3.57418
4.65619 3.57282
4.58228 3.58007
4.51643 3.59253
4.44061 3.59594
4.37048 3.60275
4.30823 3.61504
4.23318 3.61548
4.16373 3.61948
4.09005 3.61857
4.03156 3.63003
3.96582 3.634
3.89885 3.63573
3.84086 3.64484
3.78301 3.65321
3.72245 3.65805
3.65998 3.65999
3.59496 3.65826
3.54554 3.67151
3.48514 3.67257
3.42227 3.66993
3.3766 3.68491
3.32491 3.69269
3.26738 3.6931
3.21797 3.70185
3.16736 3.7085
3.11045 3.70689
3.05572 3.70688
3.00375 3.70932
2.95259 3.71191
2.90839 3.72256
2.85631 3.72241
2.80987 3.72883
2.77009 3.74356
2.72086 3.74494
2.6904 3.7718
2.64591 3.77875
2.59074 3.76955
2.55216 3.78373
2.50579 3.78584
2.4585 3.78576
2.41731 3.79442
2.37086 3.79417
2.32564 3.7951
2.28007 3.79468
2.23977 3.80237
2.201 3.81224
2.15091 3.80171
2.11474 3.81509
2.0723 3.8167
2.03657 3.83023
1.9869 3.81681
1.94717 3.82153
1.90482 3.82047
1.87316 3.84055
1.82278 3.82155
1.7881 3.83459
1.74876 3.83731
1.71033 3.84146
1.67156 3.84432
1.63365 3.84863
1.59311 3.84611
1.55949 3.85987
1.51768 3.85286
1.48257 3.86222
1.45091 3.88063
1.46419 4.02282
1.47776 4.17307
1.49664 4.34655
1.51894 4.53963
1.51666 4.66779
1.48007 4.69419
1.4335 4.68876
1.39253 4.70109
1.34373 4.68615
1.30546 4.70733
1.26304 4.71372
1.21459 4.69648
1.17308 4.70496
1.13338 4.72086
1.08966 4.71985
1.04497 4.71356
1.00234 4.71565
0.967932 4.75753
1.0006 5.14765
1.04439 5.63503
1.01463 5.75423
1.03138 6.1633
1.02246 6.45553
1.18573 7.93389
1.14526 8.14892
1.12683 8.55914
0.999329 8.13888
0.925211 8.12046
0.854729 8.13221
0.783156 8.13338
0.714416 8.16581
0.642816 8.16774
0.572142 8.18202
0.500415 8.18171
0.434755 8.29562
0.357854 8.19619
0.288655 8.26596
0.215069 8.21318
0.143389 8.21475
0.071968 8.24669
0 0
-0 0
-0.143878 8.24275
-0.215803 8.24118
-0.287921 8.24497
-0.360557 8.25813
-0.43287 8.25967
-0.505116 8.25857
-0.578281 8.26981
-0.65082 8.26943
-0.723394 8.26842
-0.797246 8.27971
-0.870932 8.28636
-0.944341 8.28838
-1.01834 8.29372
-1.09472 8.31525
-1.16724 8.30538
-0 0
-1.32249 8.34992
-1.39713 8.34891
-1.47271 8.35215
-1.54864 8.3557
-1.62665 8.36837
-1.7034 8.37248
-1.77827 8.3661
-1.8551 8.36783
-1.93548 8.38348
-2.01346 8.38669
-2.0919 8.39015
-2.17105 8.39481
-2.25173 8.40355
-2.33807 8.4308
-2.41265 8.41392
-2.41953 8.16819
-2.4337 7.96028
-2.44865 7.76612
-2.46472 7.58563
-2.5267 7.5515
-2.60129 7.55469
-2.67112 7.54302
-2.756 7.57204
-2.83038 7.57018
-2.96549 7.72538
-3.06981 7.79318
-3.15419 7.80689
-3.24248 7.82803
-3.32668 7.83718
-3.4093 7.84086
-3.48899 7.83639
-3.5759 7.8466
-3.65649 7.84137
-3.69766 7.7523
-3.72747 7.64245
-3.80473 7.63111
-3.9025 7.65909
-3.97196 7.63007
-4.08534 7.68341
-4.32926 7.97351
-4.60181 8.30189
-4.70806 8.32147
-4.806 8.32424
-3.75934 6.38209
-3.80922 6.33961
-3.86649 6.30954
-5.20964 8.33716
-3.95291 6.20483
-4.00146 6.16171
-4.05674 6.12906
-0 0
-0 0
-0 0
-0 0
-0 0
-0 0
-0 0
-0 0
-0 0
-0 0
-0 0
-0 0
-0 0
-0 0
-0 0
-0 0
-0 0
-0 0
-0 0
-0 0
-0 0
-0 0
-0 0
0 0
0 0
0 0
0 0
0 0
0 0
0 0
0 0
0 0
0 0
0 0
0 0
0 0
0 0
0 0
0 0
0 0
0 0
0 0
0 0
0 0
0 0
0 0
0 0
0 0
0 0
0 0
0 0
0 0
29.8013 22.5527
2.99522