24730.5 -3891.95
24730.5 -3891.95
24730.5 -3891.95
24730.5 -3891.95
24733.4 -3891.47
24748.3 -3889.58
24748.3 -3889.58
24770.8 -3887.86
24770.8 -3887.86
24780.5 -3887.49
24800 -3887.27
24800 -3887.27
24808.3 -3887.39
24816.5 -3887.66
24824.7 -3888.07
24833 -3888.62
24841.2 -3889.32
24849.4 -3890.16
24857.6 -3891.15
24865.8 -3892.27
24873.9 -3893.54
24890.1 -3896.51
24890.1 -3896.51
24906.3 -3900.04
24906.3 -3900.04
24914.3 -3902.01
24930.2 -3906.38
24938.1 -3908.77
24938.1 -3908.77
24945.9 -3911.3
24953.7 -3913.97
24961.5 -3916.77
24969.2 -3919.7
24976.9 -3922.77
24984.5 -3925.98
24992 -3929.31
24999.5 -3932.78
25006.9 -3936.38
25003 -3931.17
25010.3 -3934.95
25017.6 -3938.86
25024.8 -3942.9
25031.9 -3947.06
25038.9 -3951.35
25045.9 -3955.76
25052.8 -3960.29
25059.6 -3964.94
25066.3 -3969.71
25073 -3974.59
25079.5 -3979.59
25086 -3984.71
25092.4 -3989.93
25104.9 -4000.71
25104.9 -4000.71
25111 -4006.27
25117 -4011.93
25128.7 -4023.55
25128.7 -4023.55
25134.4 -4029.52
25140 -4035.58
25145.5 -4041.74
25148.9 -4045.72
25150.9 -4050.43
25154.3 -4054.42
25157.7 -4058.45
25161 -4062.5
25164.3 -4066.58
25167.6 -4070.69
25174 -4079
25174 -4079
25178.5 -4085
