15371.4 2532.79
15372.2 2475.44
15373.1 2417.32
15374 2358.41
15374.9 2298.69
15375.8 2238.11
15376.8 2176.67
15377.7 2114.33
15378.6 2051.05
15379.6 1986.82
15380.6 1921.6
15381.6 1855.35
15382.6 1788.03
15383.7 1719.63
15384.7 1650.08
15385.8 1579.36
15386.9 1507.43
15396.6 1443.19
15394.7 1365.74
15392.5 1286.34
15409.7 1226.69
14845 517.054
14923.7 514.02
15001.6 511.405
15094.6 527.756
15165.1 519.231
15235.9 512.16
15321 523.885
15351.8 468.808
15416.6 456.766
15448.5 402.616
15520.8 401.554
15594.9 404.155
15666.6 404.894
15731.8 397.686
15802.1 398.747
15871.5 399.795
15940 400.83
16007.7 401.853
16074.6 402.864
16140.8 403.862
16206.2 404.849
16233.9 345.262
15849.4 -405.698
15921.2 -406.371
15938.7 -500.636
15930.2 -643.72
15772.1 -1062.87
15781.9 -1187.26
15772.6 -1351.64
15834.6 -1384.03
15896.8 -1415.87
15959.3 -1447.17
16022.1 -1477.93
16085.2 -1508.13
16148.5 -1537.79
16212 -1566.88
16275.9 -1595.42
16339.9 -1623.41
16404.2 -1650.83
16468.8 -1677.69
17063.3 -382.297
17125.4 -381.359
17187 -380.429
17248.2 -379.505
17309 -378.586
17369.4 -377.675
17429.4 -376.769
17489 -375.868
17548.2 -374.974
17607.1 -374.084
17665.7 -373.2
17724 -372.32
17781.9 -371.444
17839.5 -370.574
17896.9 -369.709
17953.9 -368.847
18010.7 -367.989
18067.2 -367.136
18123.5 -366.286
18179.5 -365.44
18235.3 -364.597
18290.9 -363.757
18346.3 -362.921
18401.5 -362.088
18456.5 -361.258
18511.3 -360.429
18565.9 -359.605
18620.4 -358.782
18674.7 -357.962
18728.9 -357.144
18782.9 -356.327
18836.8 -355.513
18890.6 -354.701
18944.3 -353.89
18997.9 -353.081
19051.4 -352.273
19104.8 -351.467
19158.1 -350.661
19211.3 -349.857
19264.5 -349.053
19317.7 -348.251
19370.8 -347.449
19423.9 -346.648
19476.9 -345.847
19529.9 -345.046
19582.9 -344.246
19635.9 -343.444
19688.9 -342.644
19742 -341.843
19795 -341.043
19848.1 -340.241
19901.2 -339.439
19954.4 -338.636
20007.6 -337.832
20060.9 -337.028
20114.2 -336.222
20167.6 -335.415
20221.1 -334.607
20274.8 -333.797
20328.5 -332.987
20382.3 -332.173
20436.2 -331.359
20490.3 -330.542
20544.5 -329.723
20598.9 -328.902
20653.4 -328.079
20708.1 -327.253
20763 -326.424
20818 -325.594
20873.2 -324.759
20928.7 -323.922
20984.3 -323.081
21040.2 -322.238
21096.3 -321.39
21152.7 -320.539
21209.3 -319.684
21266.1 -318.826
21323.3 -317.963
21380.7 -317.096
21438.4 -316.224
21496.4 -315.348
21554.8 -314.467
21613.4 -313.581
21672.4 -312.69
21731.8 -311.793
21791.5 -310.891
21851.6 -309.983
21912.1 -309.07
21973 -308.15
22034.4 -307.224
22096.1 -306.291
22158.3 -305.352
22221 -304.406
22284.1 -303.453
22347.7 -302.492
22411.8 -301.523
22437.4 -221.128
22421.7 -61.3464
22424 57.8652
22415.5 193.665
22417.2 306.014
22430.6 393.306
22489.5 396.797
22549.2 399.767
22613.5 395.79
22677.7 393.119
19930.6 5027.98
19926.6 5047.92
19934.8 5048.04
19930.2 5067.98
19925.3 5087.91
19933.2 5088.02
19927.7 5107.94
19935.5 5108.06
19929.4 5127.97
19922.9 5147.88
19930.5 5147.99
19923.4 5167.89
19930.9 5168
19923.2 5187.89
19930.6 5188
19922.3 5207.87
19929.6 5207.98
19920.6 5227.85
19927.9 5227.96
19935.2 5228.07
19925.4 5247.93
19932.7 5248.04
19922.2 5267.88
19929.4 5267.99
19918.1 5287.82
19925.2 5287.93
19932.4 5288.04
19920.2 5307.85
19927.4 5307.96
19934.6 5308.07
19936.2 5313.73
19936.1 5320.91
19936 5327.97
19935.9 5334.91
19935.8 5341.74
19935.7 5348.47
19935.6 5355.08
19935.5 5361.6
19935.4 5368.01
19935.3 5374.33
19935.2 5380.56
19955.3 5370.75
19955.2 5377.09
19955.1 5383.34
19975.3 5374.4
19975.2 5380.76
19995.3 5372.49
19995.2 5378.96
20015.3 5371.33
20015.2 5377.89
20015.1 5384.38
20035.2 5377.55
20035.1 5384.14
20055.2 5377.92
20055.1 5384.6
20075.2 5378.98
20075.1 5385.76
20095.2 5380.71
20115.3 5376.06
20115.2 5383.1
20135.2 5379.01
20135.1 5386.14
20155.2 5382.61
20175.2 5379.45
20175.1 5386.83
20195.2 5384.21
20215.2 5381.97
20235.2 5380.09
20255.3 5378.59
20255.1 5386.5
20275.1 5385.51
20295.2 5384.87
20315.2 5384.58
20335.2 5384.65
20355.2 5385.08
20375.2 5385.84
20395.1 5386.96
20435.2 5381
20455.2 5383
20475.2 5385.33
20495.1 5388
20535.2 5384.39
20555.1 5387.92
20595.2 5385.55
20635.2 5383.9
20655.1 5388.8
20695.2 5388.37
20735.2 5388.65
20775.1 5389.62
20815.1 5391.29
20875.2 5388.76
20995.4 5373.15
20995.2 5386.87
20995 5400.53
20994.8 5414.13
20994.6 5427.68
20994.4 5441.17
20994.2 5454.62
20994 5468.03
20993.8 5481.39
20993.6 5494.71
20993.4 5507.99
20993.2 5521.23
20993 5534.44
20992.8 5547.61
20992.6 5560.76
20992.4 5573.88
20992.2 5586.97
20992 5600.03
20991.8 5613.08
20991.6 5626.1
20991.4 5639.1
20991.2 5652.09
20991 5665.07
20990.8 5678.03
20990.6 5690.98
20990.4 5703.93
20990.2 5716.87
20990 5729.8
22343.4 5761.97
22343 5786.73
22342.7 5811.49
22342.3 5836.27
22341.9 5861.05
22341.5 5885.84
22341.2 5910.66
22340.8 5935.5
22340.4 5960.36
22340 5985.26
22339.7 6010.19
22339.3 6035.15
22338.9 6060.16
22338.5 6085.21
22338.1 6110.32
22337.8 6135.47
22337.4 6160.69
22337 6185.96
22336.6 6211.3
22336.2 6236.72
22335.9 6262.2
22335.5 6287.77
22335.1 6313.41
22334.7 6339.15
22334.3 6364.97
22333.9 6390.89
22333.5 6416.91
22333.1 6443.04
22332.7 6469.28
22332.3 6495.63
22331.9 6522.1
22331.5 6548.69
22311.2 6569.39
22290.9 6589.84
22303.1 6620.5
22237.7 6625.86
22153.3 6623.59
22094.5 6628.81
22017.7 6626.56
21946.3 6624.9
21874.6 6621.91
21824.3 6625.98
21743.4 6616.95
21697.1 6620.65
21632 6615.68
21587.9 6618.57
21537.7 6618
21476.8 6611.71
21436.6 6613.88
21393.3 6613.9
21355.6 6615.87
21316.7 6616.57
21261.3 6608.29
21226.4 6609.53
21192.7 6610.82
21159.6 6611.85
21126.9 6612.56
21097.8 6614.68
21066.6 6615.18
21035.9 6615.34
21010.3 6618.07
20871.3 6551.25
20871.1 6567.5
20811.4 6546.26
20811.1 6562.13
20771.3 6552.1
20751.3 6554.55
20731.2 6556.68
20711.2 6558.48
20671.4 6545.91
20671.1 6561.1
20651.1 6561.91
20611.3 6547.56
20591.3 6547.42
20591.1 6562.31
20551.4 6546.09
20531.4 6544.89
20531.2 6559.54
20491.4 6541.4
20491.2 6555.88
20451.5 6536.4
20451.3 6550.71
20451.1 6565.23
20411.4 6543.98
20411.2 6558.33
20410.9 6572.9
20410.7 6587.71
20410.5 6602.76
20410.3 6618.07
20410 6633.64
20429 6669.33
20412.9 6669.09
20416 6689.14
20400 6688.89
20421 6729.22
20404.9 6728.97
20424.5 6769.27
20408.2 6769.03
20409.3 6789.05
20410.1 6809.06
20394 6808.82
20410.5 6849.07
20410.1 6869.07
20409.4 6889.06
20393.1 6888.81
20377 6888.57
20198.8 6665.85
20186.1 6665.66
20173.5 6665.47
20161.2 6665.29
20148.9 6665.1
20136.9 6664.92
20124.9 6664.74
20113.1 6664.56
20101.5 6664.38
20090 6664.21
20078.6 6664.04
20067.3 6663.87
20056.1 6663.7
20045.1 6663.53
20034.2 6663.37
20023.3 6663.2
20012.6 6663.04
20002 6662.88
19991.5 6662.72
19981.1 6662.57
19970.8 6662.41
19960.6 6662.26
19950.4 6662.1
19940.4 6661.95
19930.4 6661.8
19920.5 6661.65
19910.7 6661.5
19901 6661.36
19891.3 6661.21
19881.8 6661.07
19872.2 6660.92
19862.8 6660.78
19853.4 6660.64
19844.1 6660.5
19834.8 6660.36
19825.6 6660.22
19816.5 6660.08
19807.4 6659.94
19798.3 6659.81
19789.3 6659.67
19780.4 6659.53
19771.5 6659.4
19762.7 6659.27
19753.9 6659.13
19745.1 6659
19736.4 6658.87
19727.7 6658.74
19719.1 6658.61
19711.8 6664.86
19703.2 6664.73
19694.6 6664.6
19686 6664.47
19677.5 6664.34
19669 6664.22
19660.5 6664.09
19652 6663.96
19643.6 6663.83
19635.2 6663.71
19626.8 6663.58
19618.5 6663.45
19610.1 6663.33
19601.8 6663.2
19593.5 6663.08
19585.2 6662.95
19576.9 6662.82
19568.6 6662.7
19565.7 6762.67
19562 6882.62
19551.8 6882.47
19541.7 6882.32
19531.5 6882.16
19521.4 6882.01
19511.2 6881.86
19501.1 6881.7
19491 6881.55
19480.8 6881.4
19470.7 6881.25
19460.6 6881.09
19450.4 6880.94
19440.3 6880.79
19430.1 6880.63
19419.9 6880.48
19409.7 6880.33
19399.5 6880.17
19389.3 6880.02
19379.1 6879.86
19368.9 6879.71
19358.6 6879.55
19348.3 6879.4
19338 6879.24
19327.7 6879.09
19317.3 6878.93
19307 6878.77
19296.6 6878.62
19286.1 6878.46
19275.6 6878.3
19265.1 6878.14
19254.6 6877.98
19244 6877.82
19233.4 6877.66
19222.7 6877.5
19212 6877.34
19201.3 6877.18
19190.5 6877.01
19179.6 6876.85
19168.7 6876.69
19157.8 6876.52
19146.8 6876.35
19135.7 6876.19
19124.6 6876.02
19120.2 6855.95
19123.2 6815.99
19119.7 6795.94
19124 6756
19121.3 6735.95
19126.8 6696.03
19125 6676
19123.6 6655.98
19122.5 6635.96
19121.7 6615.95
19121.3 6595.94
19130.2 6556.07
19130.7 6536.07
19122.1 6535.94
19113.4 6535.81
19104.6 6535.68
19095.8 6535.54
19086.8 6535.41
19077.8 6535.27
19068.7 6535.14
19059.6 6535
19050.3 6534.86
19041 6534.72
19031.5 6534.58
19022 6534.43
19012.4 6534.29
19002.7 6534.14
18992.8 6533.99
18982.9 6533.84
18972.9 6533.69
18962.7 6533.54
18952.4 6533.38
18942 6533.22
18931.5 6533.06
18920.9 6532.9
18910.1 6532.74
18899.2 6532.58
18888.1 6532.41
18876.9 6532.24
18865.6 6532.07
18854.1 6531.89
18842.4 6531.72
18830.6 6531.54
18818.6 6531.36
18806.5 6531.18
18794.1 6530.99
18781.6 6530.8
18768.8 6530.61
18755.9 6530.41
18742.8 6530.21
18729.4 6530.01
18715.9 6529.81
18702.1 6529.6
18688 6529.39
18677.8 6525.33
18678 6511.19
18657.9 6516.21
18577 6576.54
18556.9 6579.71
18536.9 6582.48
18516.8 6584.85
18517.1 6569.54
18497 6571.45
18477 6572.98
18457 6574.13
18437 6574.92
18417 6575.35
18397 6575.42
18377 6575.14
18357 6574.51
18338.8 6572.21
18331.5 6561.92
18302.9 6566.49
18281.5 6565.55
18251.3 6570.21
18240.1 6561.67
18207.6 6566.91
18184.4 6565.61
18150 6570.9
18146.2 6556.81
18109.8 6562.37
18072 6568.07
18046.3 6566.04
18026.4 6560.35
17984.7 6566.42
17957 6564.07
17932.9 6559.41
17886.8 6565.79
17856.8 6563.1
17827.9 6559.42
17796.4 6556.5
17743.9 6563.03
17709.4 6560.25
17674.7 6556.95
17636.3 6554.76
17579.4 6559.94
17536.6 6558.09
17491 6556.7
17442.2 6555.77
17390.2 6555.29
17344.7 6551.42
17286.7 6551.42
17237.5 6547.24
17158.8 6552.66
17103.7 6548.54
16990.7 6562.82
16910.7 6564.37
16870.9 6551.86
16851.1 6532.6
16851.5 6507.15
16811.7 6493.34
16490.7 6556.66
16430.9 6544.31
16334.6 6540.39
16222.9 6538.6
16102 6537.12
15971.9 6535.61
15847.8 6530.53
15692.1 6529.99
15531.1 6527.82
15331 6530.4
15311.5 6496.17
15312.1 6458.2
15192.3 6440.37
15192.9 6401.56
15193.5 6362.86
15194.1 6324.28
15836 6201.96
15836.5 6169.28
15837 6136.68
15837.5 6104.16
15838 6071.7
15838.5 6039.3
15839 6006.96
15839.5 5974.67
15839.9 5942.43
15840.4 5910.24
15840.9 5878.08
15841.4 5845.95
15841.9 5813.85
15322.2 5790.3
15322.7 5753.69
15323.3 5717.1
15323.8 5680.52
15324.4 5643.94
15324.9 5607.36
15325.5 5570.77
15326 5534.17
15326.6 5497.54
15327.2 5460.9
15327.7 5424.22
15328.3 5387.51
15328.8 5350.75
15329.4 5313.95
15329.9 5277.1
15330.5 5240.18
15331 5203.21
15331.6 5166.16
15332.2 5129.04
15332.7 5091.83
15333.3 5054.54
15333.9 5017.15
15334.4 4979.66
15335 4942.06
15335.6 4904.35
15336.1 4866.53
15336.7 4828.58
15337.3 4790.49
15337.9 4752.27
15338.4 4713.9
15339 4675.38
15339.6 4636.71
15340.2 4597.86
15340.8 4558.85
15341.4 4519.66
15342 4480.27
15342.6 4440.7
15343.2 4400.92
15343.8 4360.93
15344.4 4320.73
15345 4280.3
15345.6 4239.64
15346.2 4198.73
15346.8 4157.58
15347.5 4116.17
15348.1 4074.49
15348.7 4032.53
15349.4 3990.29
15350 3947.75
15350.7 3904.91
15351.3 3861.75
15352 3818.27
15352.6 3774.45
15353.3 3730.28
15354 3685.76
15354.6 3640.87
15355.3 3595.6
15356 3549.94
15356.7 3503.88
15357.4 3457.4
15358.1 3410.49
15358.8 3363.13
15359.6 3315.32
15360.3 3267.05
15361 3218.28
15361.8 3169.02
15362.5 3119.24
15363.3 3068.93
15364 3018.08
15364.8 2966.66
15365.6 2914.66
15366.4 2862.06
15367.2 2808.84
15368 2754.99
15368.8 2700.48
15369.7 2645.29
15370.5 2589.4
15371.4 2532.8
