13950.7 -1444.3
13950.7 -1444.3
13950.7 -1444.3
13950.7 -1444.3
13949.7 -1447.12
13948 -1452.09
13945.9 -1458.52
13942.9 -1467.8
13939.5 -1477.73
13935.9 -1487.59
13928.1 -1507.06
13928.1 -1507.06
13923.8 -1516.66
13919.4 -1526.17
13914.7 -1535.58
13909.8 -1544.88
13904.8 -1554.08
13899.5 -1563.16
13894 -1572.12
13882.5 -1589.69
13882.5 -1589.69
13876.5 -1598.28
13863.8 -1615.05
13863.8 -1615.05
13857.3 -1623.22
13837.6 -1645.93
13837.6 -1645.93
13824.3 -1660.16
13808.4 -1676.11
13789.9 -1693.62
13768.6 -1712.56
13744.6 -1732.97
13717.9 -1754.74
13688.3 -1777.77
13657.6 -1800.59
13624.5 -1824.04
13588.9 -1847.72
13558.6 -1877.67
13486.9 -1918.54
13486.9 -1918.54
13416 -1954.53
13416 -1954.53
13380 -1971.36
13342.3 -1988
13304.2 -2003.82
13268.4 -2017.4
13235.1 -2028.9
13201.5 -2039.67
13167.8 -2049.86
13133.9 -2059.6
13099.9 -2068.9
13065.8 -2077.75
13030.1 -2086.51
12993.6 -2094.98
12956.1 -2102.8
12918.5 -2109.8
12882.3 -2115.73
12845.9 -2121.19
12809.5 -2126.18
12773 -2130.69
12738 -2134.55
12703.7 -2137.88
12670 -2140.71
12636.4 -2143.09
12601.2 -2145.42
12529.3 -2149.4
12529.3 -2149.4
12494.8 -2150.63
12461.1 -2151.69
12427.3 -2152.6
12395.1 -2153.33
12330.6 -2154.36
12330.6 -2154.36
12299.9 -2154.66
12269.9 -2154.81
12239.9 -2154.83
12209.9 -2154.73
12181.4 -2154.5
12152.9 -2154.15
12118.3 -2140.54
12089.8 -2139.9
12062.9 -2139.17
12035.9 -2138.33
12008.9 -2137.37
11983.4 -2136.36
11957.9 -2135.23
11910.7 -2132.63
11910.7 -2132.63
11887.6 -2130.89
11864.4 -2128.85
11841.3 -2126.71
11818.1 -2124.47
11795 -2122.12
11773.4 -2119.84
11747.6 -2112.51
11726 -2110.07
11704.4 -2107.54
11684.3 -2105.09
11664.2 -2102.55
11644.1 -2099.93
11624 -2097.22
11605.5 -2094.63
11586.9 -2091.96
11568.4 -2089.2
11549.8 -2086.37
11531.3 -2083.45
11514.3 -2080.7
11497.2 -2077.87
11480.2 -2074.96
11459.6 -2075.85
11442.7 -2072.79
11427.2 -2069.94
11411.7 -2067.01
11396.2 -2064.02
11365.4 -2057.84
11365.4 -2057.84
11336 -2051.69
11336 -2051.69
11322.1 -2048.68
11308.1 -2045.61
11294.2 -2042.47
11280.4 -2039.28
11266.5 -2036.03
11254.1 -2033.06
11241.7 -2030.04
11229.3 -2026.97
11217 -2023.84
11204.6 -2020.66
11192.3 -2017.42
11180 -2014.13
11169.1 -2011.18
11158.3 -2008.19
11147.4 -2005.14
11136.6 -2002.05
11115 -1995.72
11115 -1995.72
11104.3 -1992.49
11094.9 -1989.65
11078.2 -1981.98
11078.2 -1981.98
11068.9 -1979.01
11059.6 -1976.01
11041.1 -1969.87
11041.1 -1969.87
11031.9 -1966.74
11013.5 -1960.12
11004.4 -1956.63
11004.4 -1956.63
10995.4 -1953.03
10986.3 -1949.3
10968.5 -1941.5
10968.5 -1941.5
10959.6 -1937.42
10950.8 -1933.23
10942.1 -1928.92
10933.4 -1924.5
10916.2 -1915.32
10916.2 -1915.32
10907.7 -1910.56
10899.2 -1905.69
10890.8 -1900.71
10882.5 -1895.62
10874.3 -1890.42
10866.1 -1885.11
10858 -1879.7
10842 -1868.56
10842 -1868.56
10834 -1862.91
10826.1 -1857.21
10810.4 -1845.73
10810.4 -1845.73
10802.5 -1839.93
10786.9 -1828.24
10779.1 -1822.34
10779.1 -1822.34
10763.7 -1810.45
10763.7 -1810.45
10756 -1804.45
10741.9 -1793.28
10735.5 -1788.12
10735.5 -1788.12
10729 -1782.94
10722.6 -1777.72
10716.3 -1772.48
10703.6 -1761.91
10703.6 -1761.91
10697.3 -1756.58
10696 -1756.29
10683.5 -1745.51
10677.3 -1740.08
10677.3 -1740.08
10671.1 -1734.62
10664.9 -1729.13
10658.8 -1723.62
10652.7 -1718.08
10646.6 -1712.51
10640.5 -1706.92
10634.4 -1701.35
10628.3 -1695.81
10622.2 -1690.29
10616 -1684.81
10609.8 -1679.35
10603.6 -1673.92
10599.7 -1670.48
