13851.8 492.96
13851.8 492.96
13851.8 492.96
13851.8 492.96
13846.1 499.968
13840.7 507.105
13840.7 507.105
13824.4 528.662
13824.4 528.662
13800.9 559.798
13800.9 559.798
13786.5 578.959
13752.8 624.919
13752.8 624.919
13733.6 651.776
13693.6 709.872
13673.2 741.313
13652.1 775.014
13631.3 809.72
13631.3 809.72
13609.5 847.383
13586.9 888.043
13563.7 931.738
13541 976.279
13519 1021.21
13497.9 1066.51
13458 1158.2
13458 1158.2
13421.3 1251.22
13421.3 1251.22
13404.1 1298.2
13388.6 1343.34
13376.9 1378.63
13361.7 1425.09
13346.9 1471.95
13332.9 1517.51
13319.3 1563.19
13305.8 1610.11
13292.7 1657.15
13280 1704.3
13267.7 1751.56
13244.4 1846.39
13244.4 1846.39
13233.4 1893.95
13224.9 1943.09
13214.9 1990.88
13205.3 2038.76
13196.1 2086.72
13179.3 2181.4
13179.3 2181.4
13171.7 2228.1
13164.4 2274.87
13157.6 2321.7
13151 2369.92
13138.9 2467.83
13138.9 2467.83
13134.2 2513.92
13126.7 2607.79
13126.7 2607.79
13123.3 2655.5
13120.3 2700.24
13117.5 2744.98
13114.9 2789.74
13112.6 2833.01
13110.5 2876.29
13108.6 2918.08
13105.5 3000.18
13104.2 3040.49
13103.2 3079.31
13103.2 3079.31
13101.6 3154.71
13101.6 3154.71
13101.1 3192.04
13100.5 3262.95
13100.5 3262.95
13100.2 3298.03
13099.7 3333.11
13099 3368.18
13098.2 3403.26
13097.3 3436.83
13096.3 3470.39
13095 3503.95
13087.9 3566.15
13087.9 3566.15
13086.3 3596.69
13084.5 3627.22
13082.6 3657.74
13080.7 3686.76
13078.7 3715.77
13076.5 3744.77
13074.3 3772.27
13072 3799.75
13069.6 3827.23
13067 3854.69
13064.5 3880.65
13064.1 3917.08
13061.3 3943.02
13058.7 3967.45
13055.9 3991.87
13053 4016.28
13050.1 4039.19
13047.2 4062.09
13041.1 4107.84
13041.1 4107.84
13038 4129.21
13034.9 4150.57
13031.7 4171.91
13031.5 4213.19
13031.5 4213.19
13024.8 4252.8
13024.8 4252.8
13021.4 4272.59
13018.1 4290.88
13014.8 4309.16
13011.4 4327.42
13007.8 4345.67
13000.9 4380.65
13000.9 4380.65
12997.5 4397.38
12993.9 4414.1
12986.7 4447.49
12983.3 4462.69
12983.3 4462.69
12976.3 4493.06
12976.3 4493.06
12972.7 4508.22
12969.4 4521.9
12962.5 4549.23
12962.5 4549.23
12959 4562.87
12949.2 4584.25
12949.2 4584.25
12945.5 4597.85
12942.2 4609.98
12935.7 4634.29
12935.7 4634.29
12932.5 4646.47
12929.4 4658.66
12926.4 4670.86
12923.4 4683.08
12920.3 4695.28
12914.8 4716.74
12914.8 4716.74
12911.9 4727.46
12909 4738.16
12906.2 4748.87
12903.4 4759.59
12900.7 4770.33
12898.3 4779.63
12893.7 4798.22
12891.3 4807.51
12891.3 4807.51
12886.1 4827.49
12886.1 4827.49
12880 4848.8
12880 4848.8
12873.8 4868.52
12870.8 4877.6
12870.8 4877.6
12867.6 4886.64
12864.3 4895.64
12860.9 4904.6
12857.4 4913.51
12853.7 4922.37
12850 4931.18
12846.1 4939.95
12842.1 4948.66
12833.9 4965.96
12829.7 4974.59
12829.7 4974.59
12825.5 4983.2
12821.2 4991.78
12815.7 5015.59
12811.3 5024.14
12802.6 5041.18
12802.6 5041.18
12793.7 5058.15
12793.7 5058.15
12789.2 5066.61
12784.6 5075.04
12780 5083.46
12775.4 5091.86
12770.8 5100.23
12766.1 5108.59
12761.4 5116.92
12756.6 5125.24
12751.8 5133.53
12747 5141.8
12737 5158.15
12737 5158.15
12733.4 5163.7
12731.5 5166.72
