-4536.68 421.103
-4536.29 420.89
-4536.34 420.916
-4537.05 419.183
-4538.57 414.446
-4625.23 459.335
-4547.1 397.825
-4553.14 385.329
-4641.37 427.192
-4567.45 354.309
-4576.65 337.368
-4582.54 316.606
-4594.76 302.33
-4602.87 286.962
-4484.85 198.242
-4493.2 181.673
-4501.89 164.216
-4510.02 148.573
-4518.03 134.137
-4526.69 117.95
-4535.74 100.684
-4544.77 84.813
-4553.4 69.5893
-4562.02 54.3782
-4571.1 39.4052
-4579.72 24.9074
-4588.4 10.8757
-4597.26 -3.05151
-4606.1 -16.9709
-4615.2 -30.7424
-4623.71 -43.4048
-4631.81 -55.4201
-4640.08 -67.3323
-4714.72 31.3821
-4723.28 19.6811
-4731.24 9.44298
-4737.22 1.29363
-4742.66 -5.87725
-4745.88 -10.0332
-4746.56 -10.9344
-4746.58 -10.9242
-4746.62 -10.9026
-4746.5 -10.9664
-4747.73 -12.4066
-4750.86 -16.1939
-4755.21 -22.7175
-4761.27 -31.3584
-4768.92 -42.3069
-4777.42 -54.0668
-4786.05 -70.2851
-4800.74 -86.5497
-4850.11 -128.163
-4861.14 -147.837
-4875.27 -165.482
-4886.14 -181.183
-4969.07 -149.794
-4900.85 -204.053
-4906.39 -211.369
-4909.93 -216.389
-4911.46 -219.087
-4912.1 -219.603
-4912.06 -219.622
-4912.06 -219.62
-4913.14 -221.159
-4914.62 -225.502
-4919.89 -231.371
-4925.63 -240.226
-4931.09 -248.523
-4935.62 -254.17
-4877.88 -286.918
-4938.02 -258.806
-4935.36 -177.138
-4745.08 -244.306
-4804.62 -214.94
-4804.53 -214.986
-4804.41 -215.046
-4805.52 -216.569
-4906.63 -171.711
-4752.57 -255.894
-4817.74 -235.208
-4825.4 -246.214
-4834.44 -259.821
-4844.82 -274.683
-4855.44 -289.812
-4865.91 -304.299
-4876.29 -318.391
-4887.87 -333.915
-4901.05 -351.209
-4914.99 -368.88
-4928 -384.886
-4939.29 -398.429
-4922.72 -535.942
-4933.03 -546.843
-4941.26 -556.725
-4947.96 -564.315
-4952.7 -569.638
-4954.68 -573.138
-4956.23 -573.545
-4956.13 -573.596
