13037.1 -3682.19
13015.1 -3672.66
12992.9 -3663.05
12970.5 -3653.37
12947.9 -3643.6
12925.2 -3633.75
12902.2 -3623.81
12879 -3613.78
12855.6 -3603.66
12832 -3593.44
12808.2 -3583.12
12784.1 -3572.7
12759.8 -3562.18
12735.2 -3551.55
12710.4 -3540.81
12685.3 -3529.95
12660 -3518.98
12634.3 -3507.89
12608.4 -3496.66
12582.2 -3485.31
12555.6 -3473.83
12528.8 -3462.21
12501.6 -3450.44
12474.1 -3438.54
12446.2 -3426.47
12418 -3414.26
12389.4 -3401.88
12360.4 -3389.34
12331 -3376.63
12301.2 -3363.74
12271.5 -3352.34
12240.4 -3337.4
12209.3 -3323.95
12177.7 -3310.29
12145.7 -3296.43
12113.2 -3282.35
12080.1 -3268.05
12046.5 -3253.53
12012.4 -3238.76
11977.7 -3223.75
11942.5 -3208.49
11906.6 -3192.96
11878.4 -3197.89
11835.4 -3167.17
11802.7 -3162.67
11758.8 -3133.08
11725.3 -3129.07
11680.4 -3100.55
11646.2 -3096.99
12777.7 -5550.85
12774.6 -5558.16
12771.5 -5565.37
12768.4 -5572.47
12765.4 -5579.46
12762.4 -5586.36
12759.4 -5593.16
12756.5 -5599.87
12753.7 -5606.49
12750.8 -5613.02
12748 -5619.47
12745.3 -5625.84
12742.6 -5632.12
12739.9 -5638.33
12737.2 -5644.46
12734.6 -5650.53
12732 -5656.52
12729.4 -5662.44
12726.9 -5668.3
12724.4 -5674.09
12721.9 -5679.82
12719.5 -5685.49
12717 -5691.1
12714.6 -5696.66
12712.3 -5702.16
12709.9 -5707.6
12707.6 -5713
12705.3 -5718.34
12703 -5723.64
12700.7 -5728.89
12698.4 -5734.09
12696.2 -5739.25
12694 -5744.36
12691.8 -5749.43
12689.6 -5754.47
12687.5 -5759.46
12685.3 -5764.41
12683.2 -5769.33
12681.1 -5774.21
12679 -5779.06
12676.9 -5783.87
12674.8 -5788.65
12672.8 -5793.4
12670.7 -5798.12
12668.7 -5802.81
12666.7 -5807.47
12664.7 -5812.11
12662.7 -5816.72
12660.7 -5821.3
12658.7 -5825.85
12656.8 -5830.39
12654.8 -5834.9
12652.9 -5839.39
12650.9 -5843.85
12649 -5848.3
12647.1 -5852.73
12645.2 -5857.13
12643.3 -5861.52
12641.4 -5865.9
12639.5 -5870.25
12637.6 -5874.59
12635.8 -5878.92
12633.9 -5883.23
12632 -5887.53
12630.2 -5891.82
12628.3 -5896.09
12626.5 -5900.35
12624.7 -5904.6
12622.8 -5908.84
12621 -5913.07
12619.2 -5917.3
12617.3 -5921.51
12615.5 -5925.72
12613.7 -5929.92
12611.9 -5934.12
12610.1 -5938.31
12608.3 -5942.49
12606.4 -5946.67
12604.6 -5950.85
12602.8 -5955.03
12601 -5959.2
12599.2 -5963.37
12597.4 -5967.54
12595.6 -5971.71
12593.8 -5975.88
12592 -5980.06
12590.2 -5984.23
12588.4 -5988.4
12586.6 -5992.58
12584.8 -5996.77
12583 -6000.95
12581.1 -6005.15
12579.3 -6009.34
12577.5 -6013.55
12575.7 -6017.76
12573.9 -6021.98
12572 -6026.2
12570.2 -6030.44
12568.4 -6034.68
12566.5 -6038.94
12564.7 -6043.2
12562.8 -6047.48
12561 -6051.77
12559.1 -6056.07
12557.2 -6060.39
12555.4 -6064.72
12553.5 -6069.07
12551.6 -6073.43
12549.7 -6077.81
12547.8 -6082.2
12545.9 -6086.62
12544 -6091.05
12542 -6095.51
12540.1 -6099.98
12538.2 -6104.48
12536.2 -6109
12534.2 -6113.54
12532.3 -6118.1
12530.3 -6122.7
12528.3 -6127.31
12526.3 -6131.96
12524.2 -6136.63
12522.2 -6141.33
12520.2 -6146.06
12518.1 -6150.82
12516 -6155.61
12513.9 -6160.44
12511.8 -6165.3
12509.7 -6170.19
12507.6 -6175.12
12505.4 -6180.09
12503.3 -6185.1
12501.1 -6190.14
12498.9 -6195.23
12496.7 -6200.36
12494.4 -6205.54
12492.2 -6210.76
12489.9 -6216.02
12487.6 -6221.33
12485.3 -6226.7
12482.9 -6232.11
12480.6 -6237.58
12478.2 -6243.1
12475.8 -6248.67
12473.3 -6254.3
12146 -6305.56
12538.3 -6255.32
12536 -6260.47
12557.3 -6261.74
12555.1 -6266.78
12552.9 -6271.87
12574.5 -6272.4
12572.3 -6277.38
12594.1 -6277.32
12592 -6282.17
12589.9 -6287.09
12587.7 -6292.08
12585.5 -6297.13
12583.3 -6302.24
12581.1 -6307.43
12578.8 -6312.69
12576.5 -6318.02
12574.2 -6323.43
12571.8 -6328.92
12569.4 -6334.5
12566.9 -6340.15
12564.4 -6345.9
12561.9 -6351.74
12559.3 -6357.67
12556.7 -6363.69
12554.1 -6369.82
12551.4 -6376.05
12548.6 -6382.39
12553.3 -6385.85
12559.5 -6388.57
12565.7 -6391.23
12546.6 -6404.78
12552.9 -6407.5
12534.6 -6421.34
12540.9 -6424.09
12547.2 -6426.8
12529.7 -6441.02
12536 -6443.77
12519.2 -6458.26
12525.6 -6461.05
12531.9 -6463.79
12515.9 -6478.63
12522.3 -6481.41
12506.8 -6496.51
12513.3 -6499.33
12498.4 -6514.68
12505 -6517.53
12490.7 -6533.12
12497.4 -6536
12483.6 -6551.83
12490.3 -6554.75
12477.1 -6570.82
12464.2 -6587.05
12471.2 -6590.06
12458.9 -6606.51
12465.9 -6609.56
12454.1 -6626.23
12442.6 -6643.06
12449.9 -6646.2
12438.9 -6663.24
12428.3 -6680.43
12418 -6697.78
12425.6 -6701.06
12415.8 -6718.61
12406.3 -6736.3
12397.1 -6754.14
12388.3 -6772.12
12379.9 -6790.25
12371.7 -6808.51
12363.9 -6826.91
12356.4 -6845.45
12349.2 -6864.13
12342.3 -6882.94
12335.7 -6901.89
12329.4 -6920.97
12308.5 -6955.48
12303 -6974.91
12297.8 -6994.47
12278.5 -7029.69
12288.4 -7033.97
12298.3 -7038.23
12308 -7042.47
12317.8 -7046.68
12327.5 -7050.87
12337.1 -7055.04
12346.7 -7059.18
12356.7 -7062.67
12363.5 -7070.15
12382.8 -7061.57
12389.2 -7069.48
12395.3 -7077.69
12401.3 -7086.24
12419 -7078.58
12424.4 -7087.87
12429.5 -7097.64
12444.5 -7093.2
12446 -7108.31
12458.2 -7107.65
12469.5 -7108.23
12479.7 -7110.28
12488.7 -7114.08
12496.5 -7119.98
12502.7 -7128.44
12517.3 -7122.65
12528.2 -7123.07
12527.1 -7144.41
12516.6 -7183.45
12506.8 -7222.78
12340 -7559.38
12096.4 -8058.35
12110.2 -8072.08
12081.3 -8171.87
12002.9 -8377.65
11601.4 -9271.72
11628.9 -9283.62
11656.4 -9295.52
11367.4 -10020.4
11401.2 -10035
11434.9 -10049.6
11468.6 -10064.2
11502.4 -10078.8
11536.2 -10093.4
11569.9 -10108
11603.8 -10122.6
11637.6 -10137.3
11671.5 -10152
11705.4 -10166.6
11739.4 -10181.3
11785.8 -10157.8
11819.5 -10172.4
11742 -10552.9
11779 -10568.9
11816 -10585
11853.1 -10601
11890.4 -10617.1
11927.7 -10633.3
12082.2 -10177.1
12191.2 -9875.62
12258.6 -9730.45
12323.4 -9584.18
12392.4 -9405.32
12449.2 -9269.57
12498.2 -9161.43
12543.8 -9060.04
12590 -8944.36
12629.9 -8854.18
12667.3 -8768.76
12702.5 -8687.6
12735.7 -8610.27
12765.6 -8546.92
12794.9 -8478.54
12822.7 -8412.87
12849 -8349.69
12874 -8288.77
12895.8 -8250.91
12918.5 -8194.01
12940 -8138.84
12960.1 -8090.61
12979.4 -8040.06
12996.9 -8012.2
13014.6 -7964.2
13030.9 -7938.85
13047 -7893.03
13062.3 -7848.14
13076.9 -7825.92
13091.1 -7799.27
13104.5 -7758.05
13117.2 -7717.48
13130 -7699.66
13142.6 -7682.56
13153.7 -7643.82
13165.6 -7627.96
13175.6 -7590.23
13187.1 -7578.18
13196.2 -7542.2
13207 -7529.31
13215.2 -7494.04
13225.4 -7481.99
13232.7 -7447.33
13243.5 -7443.81
13250.1 -7410.46
13259.6 -7400.61
13269 -7391.1
13274.4 -7358.4
13283.5 -7349.44
13292.5 -7340.79
13299.2 -7321.6
13303.2 -7290.2
13311.8 -7282.87
13320.4 -7275.79
13323.2 -7244.72
13331.5 -7238.01
13337.9 -7224.13
13346.1 -7218.39
13347.7 -7188.19
13355.7 -7182.74
13363.7 -7177.48
13364.2 -7147.38
13370.7 -7138.1
13378.5 -7133.75
13378.1 -7104.18
13385.7 -7100.04
13393.3 -7096.05
13400.3 -7090.37
13398.7 -7061.25
13406.3 -7058.03
13414 -7054.96
13421.7 -7052.02
13426.1 -7040.97
13430.6 -7030.56
13435 -7020.32
13439.4 -7010.25
13443.7 -7000.35
13447.9 -6990.6
13452 -6981
13456.1 -6971.55
13460.1 -6962.24
13464.1 -6953.07
13468 -6944.03
13471.9 -6935.12
13475.7 -6926.34
13479.4 -6917.67
13483.1 -6909.13
13486.8 -6900.7
13490.4 -6892.38
13493.9 -6884.16
13497.4 -6876.05
13500.9 -6868.04
13504.3 -6860.13
13507.7 -6852.31
13511.1 -6844.58
13514.4 -6836.94
13517.6 -6829.39
13520.9 -6821.92
13524.1 -6814.53
13527.2 -6807.22
13530.4 -6799.99
13533.5 -6792.83
13536.5 -6785.74
13539.6 -6778.72
13542.6 -6771.77
13545.5 -6764.88
13548.5 -6758.06
13551.4 -6751.3
13554.3 -6744.6
13557.2 -6737.96
13560 -6731.37
13562.9 -6724.84
13565.7 -6718.36
13568.5 -6711.94
13581 -6716.04
13583.8 -6709.59
13586.6 -6703.18
13589.4 -6696.82
13592.1 -6690.5
13594.8 -6684.23
13597.5 -6678
13600.2 -6671.81
13602.9 -6665.66
13605.5 -6659.54
13608.1 -6653.47
13610.7 -6647.42
13613.3 -6641.42
13615.9 -6635.44
13618.5 -6629.5
13621.1 -6623.58
13623.6 -6617.7
13626.1 -6611.85
13628.7 -6606.02
13631.2 -6600.22
13633.7 -6594.44
13636.2 -6588.69
13638.6 -6582.96
13641.1 -6577.25
13643.6 -6571.56
13646 -6565.9
13648.5 -6560.25
13650.9 -6554.62
13653.3 -6549.01
13655.8 -6543.41
13658.2 -6537.83
13660.6 -6532.27
13663 -6526.71
13665.4 -6521.17
13667.8 -6515.65
13670.2 -6510.13
13672.5 -6504.62
13674.9 -6499.12
13677.3 -6493.63
13679.7 -6488.15
13682 -6482.67
13684.4 -6477.2
13686.8 -6471.74
13689.1 -6466.28
13691.5 -6460.82
13693.9 -6455.36
13696.2 -6449.91
13698.6 -6444.45
13700.9 -6439
13703.3 -6433.55
13705.7 -6428.09
13708 -6422.63
13710.4 -6417.17
13712.8 -6411.7
13715.1 -6406.23
13717.5 -6400.75
13719.9 -6395.26
13722.2 -6389.77
13724.6 -6384.27
13727 -6378.76
13729.4 -6373.24
13731.8 -6367.7
13734.2 -6362.16
13736.6 -6356.6
13739 -6351.03
13741.4 -6345.45
13743.8 -6339.84
13746.3 -6334.23
13748.7 -6328.59
13751.2 -6322.94
13753.6 -6317.26
13756.1 -6311.57
13758.6 -6305.85
13761 -6300.11
13763.5 -6294.35
13766 -6288.57
13768.6 -6282.76
13771.1 -6276.92
13773.6 -6271.05
13776.2 -6265.16
13778.7 -6259.24
13781.3 -6253.28
13783.9 -6247.29
13786.5 -6241.27
13789.1 -6235.22
13791.8 -6229.13
13794.4 -6223
13797.1 -6216.83
13778.4 -6209.59
13759.6 -6202.68
13762.2 -6196.76
13743.2 -6190.32
13724 -6184.21
13704.7 -6178.43
13707.1 -6172.91
13687.6 -6167.63
13668 -6162.68
13670.2 -6157.42
13650.4 -6152.98
13630.4 -6148.89
13632.5 -6143.89
13612.3 -6140.31
13614.4 -6135.43
13593.9 -6132.37
13596 -6127.61
13575.3 -6125.08
13577.3 -6120.43
13579.3 -6115.74
13558.3 -6113.92
13560.3 -6109.35
13539 -6108.09
13541 -6103.64
13542.9 -6099.15
13521.3 -6098.64
13523.2 -6094.26
13501.4 -6094.34
13503.2 -6090.1
13505.1 -6085.81
13482.9 -6086.69
13484.7 -6082.53
13486.5 -6078.32
13488.4 -6074.06
13490.3 -6069.74
13492.2 -6065.36
13494.1 -6060.92
13496 -6056.42
13498 -6051.85
13500 -6047.22
13502 -6042.52
13504.1 -6037.75
13506.2 -6032.9
13508.3 -6027.98
13510.5 -6022.98
13512.7 -6017.9
13514.9 -6012.73
13517.2 -6007.48
13519.5 -6002.14
13571.9 -5976.75
13565.9 -5974.15
13560 -5971.59
13554.1 -5969.08
13548.4 -5966.6
13542.8 -5964.17
13537.3 -5961.77
13531.8 -5959.42
13526.5 -5957.09
13521.2 -5954.81
13516 -5952.55
13510.8 -5950.33
13505.8 -5948.14
13500.8 -5945.99
13495.9 -5943.86
13491 -5941.76
13486.2 -5939.68
13481.5 -5937.64
13476.8 -5935.62
13472.2 -5933.63
13467.7 -5931.66
13483.7 -5916.78
13479 -5914.76
13494.4 -5899.62
13489.6 -5897.55
13484.8 -5895.5
13499.5 -5880.04
13494.6 -5877.94
15902.3 -4137.59
15944.7 -4068.74
16059.5 -3944.08
16061.7 -3901.46
16117.6 -3816.67
16136 -3759.26
16171.1 -3687.3
16187.6 -3629.03
16213.8 -3561.41
16259 -3476.34
16306.1 -3387.55
16320 -3325.7
16370.8 -3229.72
17430.4 -2213.89
17469.5 -2107.66
17525.2 -1983.26
17571.8 -1864.64
17652 -1710.34
17696.2 -1587.76
17750.1 -1452.39
17812.8 -1304.69
17901.7 -1125.73
17967.7 -966.343
18035.2 -801.139
18131.9 -599.395
18203.9 -419.717
18279.7 -230.92
18291.7 -111.049
14607.2 -4361.65
14587.4 -4353.06
14567.6 -4344.51
14548 -4336.01
14528.4 -4327.55
14509 -4319.13
14489.6 -4310.74
14470.3 -4302.4
14451.1 -4294.08
14431.9 -4285.8
14412.9 -4277.55
14393.9 -4269.33
14375 -4261.14
14356.1 -4252.97
14337.3 -4244.84
14318.5 -4236.72
14299.8 -4228.63
14281.2 -4220.56
14262.6 -4212.52
14244 -4204.49
14225.5 -4196.48
14207.1 -4188.48
14188.6 -4180.5
14170.2 -4172.54
14151.8 -4164.59
14133.5 -4156.65
14115.2 -4148.72
14096.9 -4140.8
14078.6 -4132.88
14060.3 -4124.98
14042.1 -4117.08
14023.8 -4109.18
14005.6 -4101.29
13987.3 -4093.4
13969.1 -4085.51
13950.9 -4077.62
13932.6 -4069.72
13914.4 -4061.83
13896.1 -4053.93
13877.9 -4046.02
13859.6 -4038.11
13841.3 -4030.19
13823 -4022.26
13804.6 -4014.32
13786.2 -4006.37
13767.8 -3998.41
13749.4 -3990.43
13730.9 -3982.44
13712.4 -3974.43
13693.9 -3966.41
13675.3 -3958.36
13656.7 -3950.3
13638 -3942.21
13619.2 -3934.1
13600.4 -3925.96
13581.6 -3917.8
13562.6 -3909.62
13543.7 -3901.4
13524.6 -3893.15
13505.5 -3884.88
13486.3 -3876.57
13467 -3868.22
13447.6 -3859.84
13428.2 -3851.43
13408.6 -3842.97
13389 -3834.47
13369.3 -3825.94
13349.4 -3817.35
13329.5 -3808.73
13309.5 -3800.05
13289.3 -3791.33
13269 -3782.56
13248.6 -3773.73
13228.1 -3764.85
13207.5 -3755.92
13186.7 -3746.93
13165.8 -3737.87
13144.7 -3728.76
13123.5 -3719.58
13102.1 -3710.34
13080.6 -3701.03
13058.9 -3691.64
13037.1 -3682.19
