4506.17 3892.34
4506.17 3892.34
4506.17 3892.34
4506.17 3892.34
4506.17 3892.34
4506.17 3892.34
4506.17 3892.34
4506.17 3892.34
4506.17 3892.34
4506.17 3892.34
4506.17 3892.34
4506.17 3892.34
4506.17 3892.34
4506.17 3892.34
4506.17 3892.34
4506.17 3892.34
4506.17 3892.34
4506.17 3892.34
4506.17 3892.34
4506.17 3892.34
4506.17 3892.34
4506.17 3892.34
4506.17 3892.34
4506.17 3892.34
4506.17 3892.34
4506.17 3892.34
4506.17 3892.34
4447.83 3854.44
4447.83 3854.44
4447.83 3854.44
4447.83 3854.44
4447.83 3854.44
4447.83 3854.44
4447.83 3854.44
4447.83 3854.44
4447.83 3854.44
4447.83 3854.44
4447.83 3854.44
4449.65 3854.34
4453.98 3854.12
4458.97 3853.85
4463.96 3853.58
4468.95 3853.32
4473.95 3853.05
4476.75 3852.9
4477.29 3852.87
4477.29 3852.87
4477.29 3852.87
4477.29 3852.87
4477.29 3852.87
4477.29 3852.87
4477.29 3852.87
4477.29 3852.87
4477.29 3852.87
4477.29 3852.87
4477.29 3852.87
4477.29 3852.87
4477.29 3852.87
4477.29 3852.87
4447.07 3775.68
4447.07 3775.68
4447.07 3775.68
4447.07 3775.68
4447.07 3775.68
4447.07 3775.68
4447.07 3775.68
4447.07 3775.68
4447.07 3775.68
4447.07 3775.68
4447.07 3775.68
4447.07 3775.68
4447.07 3775.68
4447.07 3775.68
4447.07 3775.68
4447.07 3775.68
4478.08 3844.53
4478.08 3844.53
4478.08 3844.53
4478.08 3844.53
4478.08 3844.53
4478.08 3844.53
4478.08 3844.53
4478.08 3844.53
4478.08 3844.53
4478.08 3844.53
4478.08 3844.53
4478.08 3844.53
4478.08 3844.53
4478.08 3844.53
4478.08 3844.53
4478.08 3844.53
4561.82 3863.78
4561.82 3863.78
4561.82 3863.78
4561.82 3863.78
4561.82 3863.78
4561.82 3863.78
4561.82 3863.78
4561.82 3863.78
4561.82 3863.78
4561.82 3863.78
4561.82 3863.78
4561.82 3863.78
4561.82 3863.78
4561.82 3863.78
4561.82 3863.78
4561.82 3863.78
4561.82 3863.78
4561.82 3863.78
4561.82 3863.78
4619.08 3896.33
4619.08 3896.33
4619.08 3896.33
4621.2 3897.04
4626.12 3898.57
4633.63 3900.77
4643.94 3903.61
4657.19 3907.03
4673.42 3910.94
4692.66 3915.35
4714.8 3920.22
4739.94 3925.37
4766.71 3930.4
4793.83 3935.04
4820.33 3938.94
4846.64 3942.08
4859.82 3943.46
4900.14 3946.98
4927.58 3948.81
5040 3871.74
5066.45 3873.37
5092.92 3874.55
5120.14 3875.32
5147.64 3875.63
5175.8 3875.65
5202.63 3875.43
5230.14 3874.96
5257.62 3874.25
5285.15 3873.3
5312.58 3872.12
5340.05 3870.68
5367.49 3869.01
5394.92 3867.1
5424.52 3864.76
5455.36 3862.06
5490.29 3858.68
5527.38 3854.77
5518.33 3865.09
5554.3 3860.2
5589.52 3855.74
5625.42 3851.04
5662.3 3845.88
5699.76 3840.3
5735.16 3834.95
5744.49 3833.54
5771.58 3829.44
5808.62 3823.6
5845.61 3817.43
5880.75 3811.25
5915.24 3805.1
5957.92 3784.54
5992.41 3778.6
5992.41 3778.6
6025.95 3772.82
6057.45 3767.39
6089.97 3761.79
6122.49 3756.19
6224.24 3742.33
6309.73 3730.62
6344.45 3725.19
6378.89 3719.81
6446.08 3709.31
6446.08 3709.31
6478.75 3704.2
6510.3 3699.27
6541.92 3694.33
6571.56 3689.7
6601.2 3685.06
6630.84 3680.43
6658.51 3676.11
6686.17 3671.78
6713.84 3667.46
6740.5 3663.29
6767.23 3659.11
6820.53 3650.78
6820.53 3650.78
6836.77 3648.24
6788.03 3668.32
6804.67 3664.84
6820.69 3660.92
6820.69 3660.92
6833.75 3657.5
6842.9 3654.94
6852.01 3652.23
6861.07 3649.36
6870.08 3646.35
6879.03 3643.19
6887.94 3639.88
6896.79 3636.42
6905.58 3632.82
6914.31 3629.07
6923.01 3625.24
6931.66 3621.34
6940.29 3617.36
6948.88 3613.31
6957.7 3609.05
6965.96 3604.98
6974.44 3600.7
6982.88 3596.34
6991.29 3591.92
7003.03 3585.6
7016.33 3578.44
7030 3571.14
7041.04 3565.28
7049.42 3560.8
7056.9 3556.77
7064.38 3552.72
7071.84 3548.65
7079.29 3544.56
7086.72 3540.44
7094.15 3536.3
7101.56 3532.15
7108.99 3528.01
7116.43 3523.89
7123.87 3519.8
7131.34 3515.73
7138.81 3511.68
7146.29 3507.65
7153.79 3503.64
7202.14 3489.14
7235.79 3467.78
7243.63 3464.47
7251.46 3461.19
7259.31 3457.93
7267.27 3454.65
7275.04 3451.47
7282.92 3448.28
7290.81 3445.11
7298.7 3441.96
7306.61 3438.84
7314.52 3435.74
7322.58 3432.61
7330.38 3429.61
7338.32 3426.58
7346.27 3423.57
7354.22 3420.59
7362.19 3417.62
7370.17 3414.69
7378.16 3411.77
7386.15 3408.88
7394.15 3406.02
7402.16 3403.17
7410.18 3400.35
7418.2 3397.56
7426.24 3394.78
7437.12 3391.06
7449.91 3386.73
7462.71 3382.44
7475.52 3378.19
7486.45 3374.59
7497.38 3371.03
7508.33 3367.51
7519.28 3364.01
7530.25 3360.55
7541.23 3357.11
7552.21 3353.72
7562.25 3350.64
7572.3 3347.6
7582.36 3344.58
7602.5 3338.64
7602.5 3338.64
7609.86 3336.5
7621.85 3343.58
7631.96 3340.76
7631.96 3340.76
7640.15 3338.5
7648.61 3336.19
7656.56 3334.05
7664.77 3331.86
7673 3329.7
7681.22 3327.56
7689.45 3325.44
7697.69 3323.35
7705.94 3321.28
7714.19 3319.24
7722.44 3317.22
7730.73 3315.3
7739.03 3313.49
7747.36 3311.79
7755.71 3310.19
7764.07 3308.7
7772.46 3307.31
7780.87 3306.04
7789.28 3304.86
7797.75 3303.8
7806.16 3302.84
7812.13 3302.24
7815.12 3301.94
7815.12 3301.94
7815.12 3301.94
7815.12 3301.94
7815.12 3301.94
7818.1 3301.64
7824.08 3301.14
7832.56 3300.55
7844.05 3299.95
7858.54 3299.43
7873.03 3299.15
7884.53 3299.12
7894.03 3299.26
7903.53 3299.55
7913.02 3300
7922.5 3300.61
7934.96 3301.61
7944.06 3302.43
7958.85 3303.85
7970.28 3305.08
7981.72 3306.41
7993.12 3307.84
8004.52 3309.37
8015.9 3310.99
8027.27 3312.72
8038.63 3314.55
8047.99 3316.14
8057.34 3317.82
8066.69 3319.58
8076 3321.41
8085.3 3323.34
8094.59 3325.34
8103.86 3327.42
8113.11 3329.59
8122.34 3331.84
8131.55 3334.16
8140.74 3336.57
8146.57 3374.43
8155.74 3376.91
8164.89 3379.46
8174.02 3382.1
8183.12 3384.81
8189.75 3386.86
8201.25 3390.48
8210.28 3393.44
8222.13 3397.43
8236.77 3402.51
8254.2 3408.72
8271.51 3415.23
8285.93 3420.92
8299.42 3426.38
8312.77 3431.92
8326.11 3437.59
8339.4 3443.39
8351.73 3448.89
8364.01 3454.5
8376.24 3460.22
8388.42 3466.04
8400.54 3471.98
8412.62 3478.01
8427.33 3485.53
8444.52 3494.68
8464.21 3505.59
8486.3 3518.31
8508.19 3531.4
8527.3 3543.26
8543.69 3553.82
8557.49 3562.88
8568.71 3570.39
8579.86 3577.99
8590.95 3585.7
8601.96 3593.5
8611.29 3600.23
8620.56 3607.04
8629.76 3613.93
8638.91 3620.9
8647.99 3627.95
8657.02 3635.08
8675.13 3656.83
8688.97 3673.7
8697.28 3680.12
8705.54 3686.61
8713.73 3693.17
8724.19 3701.71
8736.89 3712.25
8751.02 3724.19
8765.8 3736.91
8780.5 3749.79
8795.02 3762.73
8809.46 3775.84
8823.79 3789.07
8836.54 3801.05
8849.18 3813.15
8861.72 3825.36
8874.15 3837.68
8885.77 3849.39
8897.28 3861.21
8908.69 3873.13
8918.63 3883.69
8926.77 3892.51
8931.24 3897.34
8936.95 3903.52
8938.99 3905.73
8938.99 3905.73
8938.99 3905.73
