24826.7 6496.97
24826.7 6496.97
24826.7 6496.97
24826.7 6496.97
24826.7 6496.97
24826.7 6496.97
24826.7 6496.97
24826.7 6496.97
24826.7 6496.97
24826.7 6496.97
24826.7 6496.97
24826.7 6496.97
24826.7 6496.97
24826.7 6496.97
24826.7 6496.97
24826.7 6496.97
24826.7 6496.97
24826.7 6496.97
24826.7 6496.97
24827.4 6509.17
24827.4 6509.17
24827.4 6509.17
24827.4 6509.17
24827.4 6509.17
24827.4 6509.17
24827.4 6509.17
24827.4 6509.17
24827.4 6509.17
24827.4 6509.17
24827.4 6509.17
24827.4 6509.17
24827.4 6509.17
24827.4 6509.17
24827.4 6509.17
24827.4 6509.17
24827.4 6509.17
24827.4 6509.17
24827.4 6509.17
24827.4 6509.17
24832.7 6503.16
24836 6499.42
24839.3 6495.67
24839.3 6495.67
24845.9 6488.17
24845.9 6488.17
24847.3 6486.67
24847.3 6486.67
24847.3 6486.67
24847.3 6486.67
24847.3 6486.67
24847.3 6486.67
24847.3 6486.67
24847.3 6486.67
24847.3 6486.67
24853 6473.66
24853 6473.66
24853 6473.66
24853 6473.66
24853 6473.66
24853 6473.66
24853 6473.66
24853 6473.66
24853 6473.66
24853 6473.66
24853 6473.66
24853 6473.66
24846.5 6477.48
24846.5 6477.48
24846.5 6477.48
24846.5 6477.48
24846.5 6477.48
24846.5 6477.48
24846.5 6477.48
24846.5 6477.48
24846.5 6477.48
24846.5 6477.48
24846.5 6477.48
24846.5 6477.48
24846.5 6477.48
24846.5 6477.48
24855.8 6485.62
24855.8 6485.62
24855.8 6485.62
24855.8 6485.62
24855.8 6485.62
24855.8 6485.62
24855.8 6485.62
24855.8 6485.62
24855.8 6485.62
24855.8 6485.62
24855.8 6485.62
24855.8 6485.62
24855.8 6485.62
24847.3 6483.26
24847.3 6483.26
24847.3 6483.26
24847.3 6483.26
24847.3 6483.26
24847.3 6483.26
24847 6480.27
24846.1 6465.3
24845.6 6455.56
24845.1 6445.83
24844.5 6436.09
24844.5 6436.09
24843.9 6426.36
24840.8 6409.21
24839.4 6389.76
24839.4 6389.76
24838.7 6380.03
24837.6 6367.33
24836.1 6351.65
24834.1 6333.01
24831.5 6311.42
24828.2 6288.4
24824.3 6264.73
24824.3 6264.73
24824.3 6264.73
24823.7 6261.77
24822.9 6255.83
24824.1 6258.07
24822.9 6246.88
24818.9 6215.63
24818.9 6215.63
24815.9 6195.61
24807.1 6146.89
24807.1 6146.89
24795.1 6091.18
24795.1 6091.18
24788 6062.03
24779.9 6030.83
24779.9 6030.83
24779.9 6030.83
24779.1 6027.92
24777.8 6022.08
24775.7 6013.31
24772.8 6001.66
24769 5987.17
24764 5969.86
24750.5 5926.93
24741.8 5901.39
24741.8 5901.39
24720.1 5842.25
24720.1 5842.25
24694.1 5775.1
24694.1 5775.1
24681.8 5744.49
24669.4 5713.87
24657.1 5683.25
24637.7 5653.55
24624.8 5621.55
24611.9 5589.56
24586 5525.58
24586 5525.58
24573.1 5493.58
24546.7 5428.21
24546.7 5428.21
24546.7 5428.21
24546.7 5428.21
24546.7 5428.21
24546.7 5428.21
24546.7 5428.21
24546.7 5428.21
24546.7 5428.21
24546.7 5428.21
24546.7 5428.21
24542.8 5422.65
24542.8 5422.65
24542.8 5422.65
24542.8 5422.65
24542.8 5422.65
24542.8 5422.65
24542.8 5422.65
24542.8 5422.65
24542.8 5422.65
24542.8 5422.65
24542.8 5422.65
24542.8 5422.65
24542.8 5422.65
24542.8 5422.65
24542.8 5422.65
24547.9 5426.35
24547.9 5426.35
24547.9 5426.35
24547.9 5426.35
24547.9 5426.35
24547.9 5426.35
24547.9 5426.35
24547.9 5426.35
24547.9 5426.35
24547.9 5426.35
24544.9 5427
24537.4 5429
24537.4 5429
24529.4 5431.2
24518.5 5434
24504.6 5437.08
24487.6 5440.2
24444.4 5445.11
24444.4 5445.11
24388.9 5446.07
24388.9 5446.07
24321.7 5440.79
24321.7 5440.79
24283.8 5435.1
24234.3 5427.98
24192.8 5417.44
24151.2 5404.71
24070.1 5373.34
24070.1 5373.34
24030.8 5354.77
23992.4 5334.33
23920 5288.88
23920 5288.88
23886.1 5264.04
23855.8 5239.48
23798.2 5186.9
23798.2 5186.9
23771 5158.96
23744.9 5129.97
23727 5105.25
23680.7 5042.55
23680.7 5042.55
23659.4 5009.89
23639.3 4976.41
23621.4 4943.49
23605.7 4911.91
23591.7 4881.23
23578.4 4850.19
23566 4818.81
23554.4 4787.12
23543.6 4755.13
23524.5 4696.59
23524.5 4696.59
23508.9 4637.1
23508.9 4637.1
23501.9 4607.16
23495.4 4577.1
23484.5 4519.62
23484.5 4519.62
23480.4 4493.71
23475.8 4450.46
23475.1 4433.22
23475.1 4418.97
23475.1 4418.97
23475.3 4407.72
23472.5 4400.18
23473.2 4389.7
23474 4379.24
23475.1 4368.79
23477.7 4347.95
23477.7 4347.95
23479.3 4337.57
23481 4327.22
23483 4316.9
23485.1 4306.62
23487.3 4296.35
23489.6 4286.11
23495.2 4262.76
23495.2 4262.76
23504.1 4227.9
23504.1 4227.9
23509.8 4206.13
23521.6 4150.92
23521.6 4150.92
23537.6 4090.01
23545.4 4059.48
23545.4 4059.48
23553.6 4025.98
23562.1 3990.21
23570.2 3954.37
23577.7 3919.93
23584.7 3886.16
23597.5 3820.64
23603.6 3788.96
23603.6 3788.96
23609.5 3758.02
23614.9 3727.76
23620.2 3697.46
23625.1 3667.11
23629.8 3638.25
23634.6 3609.38
23639.3 3580.51
23643.8 3553.13
23648.2 3525.74
23645.8 3495.63
23654.2 3443.82
23654.2 3443.82
23658.4 3417.91
23662.4 3393.48
23666.4 3369.05
23674.1 3321.67
23677.8 3298.72
23677.8 3298.72
23685.5 3249.83
23685.5 3249.83
23693.9 3189.66
23693.9 3189.66
23697.9 3158.42
23701.4 3128.62
23707.8 3067.46
23707.8 3067.46
23708.8 3007.45
23710.1 2978.23
23710.1 2978.23
23711.2 2921.99
23711.1 2894.24
23711.1 2894.24
23709.3 2841.77
23709.3 2841.77
23707.8 2815.57
23706 2789.38
23704 2763.2
23701.8 2737.05
23699.3 2710.91
23696.8 2686.29
23691.1 2637.13
23687.9 2612.58
23687.9 2612.58
23684.7 2589.55
23681.3 2566.55
23677.6 2546.74
23673.8 2523.8
23669.8 2500.89
23665.9 2479.5
23661.8 2458.14
23653.1 2415.52
23653.1 2415.52
23648.4 2394.28
23639.2 2354.83
23639.2 2354.83
23634.4 2335.17
23629.8 2317
23625 2298.88
23620 2280.79
23609.6 2244.76
23609.6 2244.76
23604.2 2226.82
23593.7 2193.93
23593.7 2193.93
23588.3 2177.56
23577 2144.96
23571.2 2128.73
23571.2 2128.73
23565.7 2113.96
23554.4 2084.57
23554.4 2084.57
23543.1 2056.77
23537.6 2043.64
23537.6 2043.64
23531.9 2030.56
23526.2 2017.52
23514.3 1991.61
23514.3 1991.61
23501.3 1964.55
23492.5 1948.37
23483.2 1930.39
23483.2 1930.39
23472.8 1911.26
23461.8 1891.65
23437.9 1851.75
23437.9 1851.75
23425.5 1832.12
23412.7 1812.71
23400.4 1794.76
23387.8 1777.03
23361.7 1742.24
23361.7 1742.24
23347.2 1724.02
23332.5 1706.05
23304 1673.17
23304 1673.17
23289.4 1657.1
23276.5 1643.48
23255.6 1621.94
23245.5 1611.85
23245.5 1611.85
23235.4 1601.84
23225.2 1591.92
23214.8 1582.09
23203.4 1547.75
23192.9 1538.13
23182.3 1528.61
23171.6 1519.18
23158.5 1507.87
23143 1494.87
23126.7 1481.66
23110.1 1468.75
23094.5 1457.03
23078.8 1445.58
23062.8 1434.41
23027.7 1411.26
23027.7 1411.26
22993.2 1390.12
22993.2 1390.12
22976.3 1380.38
22957.9 1370.21
22939.4 1360.37
22920.7 1350.85
22901.8 1341.66
22884.1 1333.44
22866.3 1325.52
22846.9 1317.33
22827.5 1309.48
22807.8 1301.97
22788.1 1294.81
22765.8 1304.93
22747.3 1298.8
22728.6 1293.01
22708.5 1287.11
22688.2 1281.57
22669.3 1276.75
22632.9 1267.96
22632.9 1267.96
22597.7 1260.14
22597.7 1260.14
22578.7 1256.15
22559.5 1252.33
22521.2 1245.19
22521.2 1245.19
22502 1241.87
22464.9 1235.97
22464.9 1235.97
22447.1 1233.37
22429.3 1230.93
22411.4 1228.64
22393.6 1226.51
22375.7 1224.53
22357.8 1222.71
22339.8 1221.05
22304 1218.19
22304 1218.19
22284.5 1216.9
22268.6 1235.68
22249.1 1234.57
22249.1 1234.57
22228.2 1233.38
22206.4 1232.14
22184 1230.86
22160.8 1229.54
22136.8 1228.17
22085.1 1225.23
22085.1 1225.23
22058.9 1223.74
22032.7 1222.24
22006.5 1220.75
21980.3 1219.25
21952.6 1217.68
21924.2 1216.05
21894.9 1214.39
21831.3 1210.76
21799.1 1208.93
21799.1 1208.93
21765.4 1207.01
21729.5 1204.96
21691.3 1202.78
21650.1 1200.44
21605.9 1197.92
21567.9 1203.53
21518 1200.59
21468.1 1197.66
21418.2 1194.72
21368.3 1191.79
21318.3 1188.86
21268.4 1185.92
21218.5 1182.99
21168.6 1180.05
21118.7 1177.12
21068.8 1174.19
21018.9 1171.25
20968.9 1168.32
20919 1165.38
20869.1 1162.45
20819.2 1159.52
20771.8 1160.3
20721.9 1157.37
20672 1154.45
20622.1 1151.52
20572.1 1148.59
20522.2 1145.66
20422.4 1139.81
20422.4 1139.81
20372.5 1136.88
20272.7 1131.02
20272.7 1131.02
20222.7 1128.09
20172.8 1125.17
20122.9 1122.24
20073 1119.31
20011.9 1112.79
19962 1110.22
19912 1107.65
19862.1 1105.08
19812.2 1102.52
19762.2 1099.95
19712.3 1097.38
19662.4 1094.81
19612.4 1092.24
19562.5 1089.67
19512.6 1087.1
19462.6 1084.53
19412.7 1081.96
19362.8 1079.4
19312.8 1076.83
19262.9 1074.26
19216 1071.84
19174.9 1072.44
19096 1068.19
19096 1068.19
19061.1 1066.31
19000.2 1063.03
19000.2 1063.03
18974.2 1061.63
18951.3 1060.39
18931.3 1059.31
18914.3 1058.4
18900.3 1057.65
18889.3 1057.05
18881.4 1056.62
18876.4 1056.35
18878.3 1064.56
