-772.223 -7845.74
-710.177 -7907.1
-647.598 -7967.92
-584.489 -8028.2
-520.858 -8087.92
-456.709 -8147.08
-392.046 -8205.68
-326.873 -8263.71
-261.195 -8321.18
-195.019 -8378.06
-128.351 -8434.37
-61.1932 -8490.09
6.44874 -8545.23
74.5704 -8599.77
143.165 -8653.72
212.227 -8707.07
281.751 -8759.81
351.735 -8811.94
422.17 -8863.46
5558.43 -1795.58
5581.18 -1782.25
5601.95 -1771.09
5626.37 -1753.83
5641.07 -1750.41
5645.88 -1761.91
5664.24 -1752.31
5680.8 -1745.01
5703.44 -1727.26
5718.53 -1721.19
5721.82 -1734.77
5736.78 -1728.43
5751.58 -1721.91
5762.84 -1721.32
5783.1 -1703.91
5785.68 -1718.9
5802.76 -1706.41
5813.7 -1705.28
5828.14 -1696.87
5838.03 -1697.28
5846.17 -1701.19
5858.56 -1695.97
5869.58 -1693.33
5876.47 -1699.71
5891.79 -1686.78
5900.22 -1689.3
5909.43 -1689.9
5923.86 -1677.42
5932.19 -1679.66
5943.74 -1673.41
5948.53 -1684.84
5956.55 -1687.79
5969.26 -1677.47
5979.17 -1674.56
5988.06 -1674.4
5999.69 -1665.59
6009.94 -1660.46
6019.5 -1657.14
6029.26 -1652.76
6037.83 -1652.12
6049.03 -1641.76
6052.29 -1660.26
6060.6 -1660.37
6072.5 -1645.84
6084.83 -1628.26
6090.79 -1636.85
6098.18 -1639.53
6107.05 -1635.31
6114.83 -1635.9
6123.94 -1629.55
6132.03 -1628.02
6139.55 -1629.37
6149.38 -1616.85
6155.1 -1628.91
6163.66 -1623.14
6170.86 -1626.19
6179.4 -1619.27
6186.24 -1625.18
6193.18 -1631.02
6203.73 -1603
6211.69 -1596.76
6217.91 -1609.37
6226.43 -1595.02
6233.25 -1601.53
6239.7 -1615.98
6247.47 -1609.4
6254.83 -1609.74
6262.26 -1608.02
6270.23 -1583.25
6277.17 -1594.39
6284.42 -1591.48
6291.63 -1595.5
6298.78 -1587.46
6305.93 -1586.36
6313.11 -1587.2
6320.2 -1584.97
6326.76 -1571.69
6333.78 -1571.35
6341.74 -1585.91
6348.32 -1577.46
6354.28 -1562.97
6363.17 -1584.3
6369.43 -1574.67
6376.16 -1570.97
6384.89 -1585.1
6390.07 -1568.37
6395.35 -1554.58
6404.33 -1568.49
6409.98 -1558.57
6417.2 -1559.47
6425.28 -1565.24
6430.15 -1552.22
6437 -1550.97
6443.84 -1549.66
6448.06 -1535.56
6456.02 -1540.03
6460.59 -1528.79
6469.72 -1538
6478.32 -1544.18
6486.32 -1547.37
6491.11 -1537.89
6505.37 -1564.11
6513.4 -1566.06
6526.46 -1585.23
6532.45 -1579.3
6538.66 -1574.29
6546.6 -1574.96
6555.51 -1578.4
6564.81 -1582.69
6569.96 -1574.6
6580.69 -1582.5
6601.87 -1618.45
6613.85 -1627.87
6620.28 -1622.22
6641.7 -1654.65
6658.08 -1672.86
6685.16 -1715.8
7723.46 -4131.14
7327.77 -3144.16
7304.44 -3036.41
7314.23 -3005.65
7329.5 -2987.57
7343.66 -2967.6
7382.6 -2998.75
7409.64 -3004.34
7477.36 -3088.88
7527.2 -3135.17
7505.95 -3045.75
7525.79 -3035.06
7533.4 -3002.35
7557.79 -3000.11
7575.73 -2986.37
7587.43 -2962.16
7603.96 -2946.48
7619.79 -2929.82
7644.46 -2927.46
7654.12 -2901.24
7670.51 -2885.91
7683.42 -2865.45
7706.73 -2860.67
7816.86 -2981.64
7889.56 -3044.36
7864.01 -2966.87
12177.9 -8849.87
10215.5 -6057.78
10427.9 -6243.56
10865.7 -6714.54
10804.6 -6530.32
10946.4 -6605.64
10799.9 -6321.77
10903.6 -6349.28
10895.5 -6241.47
11010.7 -6280.08
11240 -6446.77
11290 -6404.11
11512.6 -6552.54
11515.5 -6455.2
11606.6 -6453.95
11674.6 -6426.91
11693.9 -6348.81
11760.7 -6319.97
11722.6 -6185.86
11863.9 -6230.66
11938.7 -6208.19
11989.6 -6162.13
12040.9 -6116.28
11829.8 -5830.41
11671.4 -5600.11
11819.9 -5646.94
12191.6 -5884.16
12093 -5710.54
12039.3 -5578.84
11820 -5313.8
11286.9 -4802.86
11277.3 -4723.67
11233.6 -4619.14
10972.4 -4350.35
10793.3 -4151.33
10572.5 -3927.2
10423.4 -3761.78
10271.7 -3599.22
10137.2 -3453.28
9984.86 -3299.17
9990.23 -3255.67
10010.1 -3222.19
9825.8 -3056.44
9611.01 -2876.4
9452.77 -2737.33
9366.61 -2646.56
9290.26 -2564.13
9244.62 -2501.92
9162.59 -2420.19
9099.4 -2351.32
9033.48 -2282.73
8985.93 -2225.88
8997.68 -2201.84
9017.2 -2181.84
9040.15 -2163.43
9065.67 -2146.06
9081.2 -2123.54
9104.67 -2104.72
9133.47 -2088.13
9146.72 -2064.1
9169.82 -2044.4
9176.27 -2017.23
9207.34 -2000.58
9231.86 -1980.8
9259.97 -1962.19
9258.19 -1931.48
9285.05 -1911.97
9278.07 -1879.51
9255.7 -1841.81
9207.45 -1795.6
9160.51 -1750.96
9137.69 -1715.44
9105.9 -1677.63
9049.82 -1632.96
8997.01 -1590.5
9002.18 -1566.28
8997.51 -1539.29
9021.51 -1520.43
9025.08 -1495.8
8997.45 -1463.19
8972.37 -1431.83
8928.47 -1396.56
8903.65 -1366.58
8875.58 -1336.43
8845.24 -1306.41
8810.65 -1276.17
7550.38 -1009.86
7416.74 -973.861
7378.12 -956.954
7373.82 -946.474
7365.47 -935.462
7345.14 -922.849
7345.47 -913.503
7321.93 -901.058
7332 -893.141
7320.14 -882.592
7327.09 -874.224
7318.03 -864.228
7308.88 -854.399
7312.6 -845.743
7317.24 -837.096
7322.81 -828.435
7329.31 -819.732
7337.72 -811.006
7336.07 -801.8
7360.33 -793.276
7384.52 -784.332
7388.64 -774.816
7403.67 -765.217
7400.61 -755.534
7406.48 -745.737
7429.24 -735.371
7446.92 -724.788
7455.5 -714.297
7473.97 -703.117
7475.37 -692.669
7498.62 -680.632
7502.81 -669.696
7509.89 -658.415
7545.72 -644.191
7552.56 -632.398
7568.23 -619.447
7587.74 -605.721
7602.15 -592.301
7605.53 -580.162
7608.8 -567.95
7637.63 -551.569
7653.45 -536.832
7682.9 -519.355
7665.95 -509.966
7695.06 -491.832
7715.14 -474.975
7604 -485.76
7510.72 -494.543
7488.82 -488.428
7500.93 -474.465
7497.37 -464.157
7480.17 -457.411
7461.01 -451.462
7478.44 -435.625
7457.25 -430.531
7451.4 -421.219
7452.17 -409.929
7449.01 -399.807
7440.06 -391.573
7425.37 -385.378
7452.25 -365.037
7474.14 -345.874
7521.15 -317.034
7664.17 -251.161
7722.14 -215.112
7709.84 -205.582
7701.18 -194.721
7703.53 -179.364
7693.75 -169.016
7668.32 -165.591
7659.37 -155.223
7660.35 -140.392
7650.3 -130.581
7628.46 -126.509
7621.93 -115.298
7626.93 -98.3387
7620.16 -87.1583
7595.56 -85.3006
7584.27 -76.7624
7578.2 -65.4998
7565.92 -57.6915
7556.21 -48.5637
7553.36 -35.5433
7548.65 -23.535
7548.12 -8.97327
7526.12 -7.45176
7514.36 0.115107
7503.41 8.0731
7504.99 24.083
7486.38 26.909
7483.55 40.114
7468.23 44.8193
7475.02 64.8313
7461.21 70.482
7440.93 71.2453
7438.4 84.8258
7429.33 93.6036
7417.02 99.8492
7424.38 121.36
7400.95 118.752
7400.95 134.709
7392.27 143.726
7373.57 144.293
7368.62 156.31
7362.03 166.996
7349.36 172.328
7353.74 192.921
7335.02 192.691
7330.26 205.183
7320.29 212.839
7316.74 226.656
7297.35 225.046
7289.36 234.501
7283.39 246.034
7271.74 251.778
7267.63 265.384
7271.53 287.781
7258.92 292.61
7243.62 294.324
7239.62 308.597
7228.9 315.326
7215.53 318.905
7211.16 333.069
7211.05 352.646
7203.77 363.746
7188.27 364.621
7178.37 372.411
7166.57 377.732
7160.76 390.928
7149.44 396.867
7142.77 409.175
7140.02 427.159
7124.99 427.967
7115.66 436.851
7103.46 441.516
7096.19 453.57
7089.86 467.267
7082.82 480.103
7069.8 483.573
7063.03 497.15
7051.46 502.985
7043.39 514.749
7042.66 539.467
7025.83 536.4
7015.4 544.516
7006.31 555.187
6993.34 558.731
6987.74 576.351
6976.9 584.166
6967.76 595.476
6958.91 607.627
6954.63 629.662
6939.89 629.962
6927.26 634.664
6917.44 645.65
6905.1 651.066
6900.11 673.872
6886.75 677.287
6883.09 704.696
6869.87 708.879
6860.54 723.217
6842.63 715.015
6831.39 724.475
6823.35 743.283
6812.1 753.549
6802.93 770.374
6795.35 792.863
6779.02 788.621
6770.68 810.043
6756.33 812.254
6746.66 830.681
6733.23 836.527
6715.88 827.767
6707.18 851.754
6696.66 869.886
6688.87 900.6
6697.13 1003.42
6681.46 1005.93
6667.22 1015.14
6655.62 1037.96
6641.38 1048.93
6625.88 1053.89
6612.74 1072.51
6598.65 1087.08
6585.88 1111.44
6573.73 1142.63
6556.93 1144.03
6541.02 1152.23
6527.04 1177.18
6510.63 1184.13
6495.57 1204.88
6481.1 1235.46
6465.17 1254.98
6449.07 1276.37
6431.72 1284.65
6414.29 1293.79
6397.33 1314.77
6379.59 1325.61
6362.34 1356.29
6343.76 1354.83
6325.93 1397.21
6307.1 1403.43
6288.15 1416.5
6268.65 1461.39
6249.02 1471.11
6229.12 1484.66
6208.18 1520.01
6187.6 1533.19
6166.89 1544.18
6143.93 1587.93
6121.69 1610.5
6099.76 1623.89
6075.99 1655
6052.83 1673.93
6032.07 1666.79
6012.91 1646.56
5993.71 1629.16
5967.68 1665.14
5944.51 1676.09
5919.78 1695.72
5891.06 1737.81
5862.57 1773.68
5836.22 1793.47
5807.12 1825.78
5774.15 1874.46
5748.52 1882.59
5710.58 1947.19
5680.61 1970.33
5645.22 2014.58
5612.3 2044.81
5580.98 2065.94
5540.95 2118.68
5503.06 2159.34
5464.41 2199.56
5422.51 2247.97
5398.52 2232.61
5431.37 2032.57
5309.49 2332.9
5246.82 2433.55
5196.64 2490.68
5150.3 2532.99
5102.12 2577.56
5043.82 2646.9
4984.92 2713.6
4926.57 2774.86
4863.74 2843.73
4803.74 2901.57
4731.11 2986.34
4658.45 3066.44
4587.88 3137.29
4556.33 3116.8
4568.24 3001.48
4343.5 3396.64
4248.56 3502.17
4156.9 3595.58
4054.96 3704.69
3942.77 3828.38
3833.81 3939.8
5018.93 1618.64
4932.65 1727.77
4890.05 1753.41
3306.9 4493.09
3147.89 4662.45
2980.11 4838.88
2806.96 5016.21
4276.3 2512.13
4611.97 1913.09
4719.45 1693.54
4697.49 1680.58
4680.07 1660.75
4661.75 1642.46
4637.95 1632.27
4609.61 1628.39
4594.6 1605.5
403.47 7316.87
333.155 7265.19
263.294 7212.89
193.891 7159.99
124.953 7106.49
56.4799 7052.38
-11.5141 6997.68
-79.0284 6942.39
-146.057 6886.51
-212.595 6830.05
-278.639 6773.01
-344.183 6715.39
-409.221 6657.21
-473.748 6598.46
-537.761 6539.15
-601.257 6479.28
-664.225 6418.86
-726.663 6357.9
-788.567 6296.39
