-765.929 -7849.12
-703.808 -7910.41
-641.154 -7971.15
-577.971 -8031.35
-514.267 -8090.99
-450.045 -8150.07
-385.311 -8208.59
-320.066 -8266.55
-254.318 -8323.93
-188.073 -8380.74
-121.335 -8436.96
-54.1091 -8492.6
13.6004 -8547.65
81.7889 -8602.12
150.45 -8655.98
219.577 -8709.24
289.165 -8761.89
359.214 -8813.94
429.711 -8865.38
5554.4 -1795.28
5580.03 -1777.85
5600.22 -1767.48
5623.52 -1751.85
5643.18 -1740.91
5650.67 -1748.19
5672.16 -1733.44
5676.97 -1744.72
5691.82 -1739.78
5705.51 -1736.36
5725.67 -1721.56
5741.54 -1713.43
5759.19 -1701.6
5765 -1710.56
5777.58 -1707.17
5793.8 -1696.57
5796.93 -1710.61
5814.27 -1697.02
5827.34 -1691.27
5835.47 -1695.26
5848.78 -1688.33
5860.25 -1684.87
5867.5 -1690.39
5882.1 -1679.4
5889.73 -1683.82
5900.51 -1680.82
5909.31 -1682.32
5919.6 -1680.02
5933.1 -1669.23
5941.03 -1672.3
5951.78 -1667.79
5962.42 -1663.17
5971.63 -1662.21
5981.45 -1659.26
5989.3 -1661.9
6000.24 -1654.96
6009.54 -1652.66
6021.97 -1639.75
6028.24 -1646.84
6034.88 -1652.92
6046.91 -1639.67
6054.59 -1641.74
6062.78 -1641.81
6071.91 -1637.92
6082.8 -1626.15
6091.02 -1624.99
6099.21 -1623.75
6106.13 -1628.3
6115.67 -1620.05
6123.55 -1619.56
6129.79 -1627.85
6139.58 -1616.4
6146.4 -1621.61
6155.46 -1612.93
6163.62 -1609.11
6170.48 -1614.13
6178.69 -1609.17
6186.1 -1610.1
6193.4 -1611.95
6201.34 -1607.77
6209.66 -1598.54
6217.74 -1590.23
6224.44 -1597.79
6231.61 -1600.31
6239.52 -1590.79
6246.41 -1598.18
6254.25 -1585.52
6261.32 -1589.79
6269 -1571
6275.9 -1582.13
6283.04 -1586.21
6290.24 -1586.22
6297.29 -1573.18
6304.52 -1580.06
6311.72 -1581.89
6318.62 -1574.66
6325.53 -1570.37
6332.81 -1574.01
6339.27 -1563.61
6346.7 -1569.12
6352.86 -1557.61
6360.79 -1567.97
6367.63 -1565.32
6375.07 -1568.57
6382 -1566.79
6388.78 -1563.96
6394.32 -1552.15
6401.36 -1552.18
6407.96 -1549.19
6414.35 -1545.15
6420.52 -1540.08
6429.95 -1553.66
6433.91 -1536.67
6441.44 -1539.29
6449.64 -1544.78
6452.26 -1523.79
6461.32 -1533.07
6465.77 -1521.79
6475.47 -1532.84
6484.39 -1539.91
6495.48 -1554.62
6500.83 -1546.99
6510.37 -1554.73
6523.96 -1575.82
6529.05 -1567.02
6535.78 -1563.93
6545.2 -1569.37
6557.84 -1584.2
6559.9 -1566.66
6567.25 -1565.2
6577.95 -1573.1
6595.01 -1597.76
6606.88 -1607.22
6619.66 -1618.4
6640.77 -1649.87
6655.67 -1664.36
6677.78 -1695.27
7720.87 -4113.98
7333.51 -3149.52
7301.56 -3022.58
7317.5 -3005.48
7335.35 -2992.79
7349.59 -2972.75
7376.34 -2978.66
7407.3 -2992.32
7481.92 -3090.15
7521.22 -3115.97
7506.35 -3038.98
7520.43 -3017.74
7535.2 -2998.16
7556.66 -2990.67
7568.03 -2965.68
7587.73 -2955.29
7604.24 -2939.59
7623.72 -2928.87
7630.35 -2897.66
7650.56 -2888.39
7672.9 -2882.29
7689.7 -2867.62
7707.46 -2854.49
7805.25 -2957.21
7879.03 -3021.58
7863.15 -2958.03
12185.4 -8837.37
10216 -6042.87
10434.6 -6236.39
10865.7 -6697.31
10795.7 -6502.19
10939.9 -6580.59
10790.4 -6293.9
10895.3 -6322.94
10888.9 -6217.54
11005.3 -6257.62
11247.2 -6438.43
11286.6 -6383.73
11518.6 -6542.34
11508.6 -6431
11605.7 -6436.31
11672.3 -6407.79
11702.6 -6341.21
11763.7 -6306.56
11722.6 -6169.68
11870.4 -6220.64
11940.9 -6193.9
11995.3 -6151.23
12042.1 -6101.22
11835.1 -5819.68
11665.3 -5579.55
11814.4 -5626.95
12208.4 -5882.77
12102.7 -5703.33
12025.9 -5552.41
11831.7 -5308.71
11288.7 -4790.82
11281.4 -4713.52
11228 -4601.66
10962.5 -4330.23
10780.6 -4129.73
10578.8 -3920.23
10419 -3747.34
10266.3 -3584.43
10126.6 -3435.28
9972.36 -3280.33
9967.63 -3230.25
10010.8 -3212.35
9815.29 -3039.77
9615.43 -2869.73
9456.19 -2730.28
9369.08 -2639.07
9291.79 -2556.19
9230.54 -2484.93
9153.55 -2406.4
9093.72 -2339.66
9026.81 -2270.71
8981.81 -2215.4
8992.62 -2190.9
9010.33 -2170.01
9035.9 -2152.98
9049.73 -2129.83
9075.97 -2112.66
9098.5 -2093.42
9116.37 -2071.79
9150.47 -2057.38
9161.67 -2032.35
9180 -2010.4
9188.95 -1984.34
9230.03 -1971.54
9246.05 -1948.05
9266.53 -1926.21
9295.27 -1907.29
9295.79 -1877.53
9249.92 -1831.19
9206.32 -1786.74
9150.81 -1739.25
9126.96 -1703.52
9084.63 -1662.46
9040.85 -1621.91
9000.41 -1583.35
9002.68 -1558.24
8993.18 -1529.88
8999.79 -1506.24
9025.51 -1487.68
8982.34 -1451.12
8956.22 -1419.67
8921.98 -1386.89
8891.27 -1355.65
8870.96 -1327.34
8841.55 -1297.59
8820.64 -1270.16
7525.69 -998.698
7410.66 -966.483
7375.96 -950.343
7366.71 -939.054
7357.35 -927.942
7345.91 -916.715
7331.37 -905.291
7328.62 -895.67
7311.89 -884.435
7292.05 -873.17
7328.8 -868.084
7306.8 -856.85
7304.6 -847.704
7321.27 -840.049
7316.93 -830.695
7331.47 -822.537
7305 -812.082
7315.4 -803.62
7336.72 -795.338
7363.97 -786.83
7375.15 -777.608
7380.25 -768.154
7386.27 -758.61
7387.21 -749.018
7417.05 -738.833
7436.81 -728.412
7427.48 -718.726
7456.04 -707.453
7462.51 -696.881
7475.88 -685.749
7494.12 -674.017
7513.25 -661.881
7515.33 -650.927
7531.24 -638.553
7525.15 -628.246
7563.67 -612.834
7570.27 -600.716
7572.78 -589.004
7605.88 -572.847
7615.06 -559.705
7632.99 -544.958
7633.03 -532.897
7668.39 -514.483
7696.65 -496.727
7695.27 -484.253
7710.43 -468.355
7609.08 -477.19
7526.54 -483.613
7484.14 -482.136
7512.76 -464.167
7482.97 -460.331
7472.55 -451.939
7467.88 -442.138
7458.31 -433.743
7449.64 -425.213
7455.29 -412.514
7424.49 -410.888
7421.39 -400.986
7444.81 -382.396
7419.67 -379.668
7441.8 -360.958
7481.59 -335.449
7515.38 -311.281
7654.59 -246.667
7706.95 -212.767
7703.04 -200.039
7689.75 -191.106
7694.87 -174.664
7681.43 -165.948
7659.69 -161.03
7650.75 -150.721
7641.73 -140.522
7636.26 -128.734
7619.87 -122.187
7625.02 -105.305
7619.25 -93.6648
7608.03 -84.8122
7587.9 -80.7429
7578.39 -71.3139
7565.3 -63.9157
7560.91 -51.8246
7547.72 -44.7019
7544.01 -32.2325
7543.62 -17.7347
7531.1 -10.4277
7513.43 -6.42975
7508.49 5.29667
7500.07 14.8371
7499.11 29.2089
7478.85 30.8824
7471.06 40.6806
7467.31 53.2452
7461.79 64.654
7443.16 66.7066
7435.89 76.7532
7426.93 85.5426
7425.88 100.277
7419.11 110.782
7404.38 115.059
7407.62 133.507
7391.24 136.298
7379.52 142.699
7370.06 150.898
7361.3 159.653
7351.71 167.665
7356.27 188.205
7334.6 185.413
7343.95 210.763
7329.59 214.469
7310.18 213.168
7305.95 226.227
7295.16 232.962
7285.74 241.002
7273.46 246.094
7276.41 266.91
7266.71 274.766
7257.64 283.265
7243.09 285.774
7237.93 298.534
7235.91 315.037
7228.45 325.534
7211.15 324.554
7208.69 341.01
7206.65 358.277
7190.57 358.463
7190.7 378.839
7173.96 377.987
7162.17 383.288
7162.34 404.472
7147.4 405.613
7136.01 411.444
7135 431.846
7123.42 437.548
7108.41 438.187
7100.7 449.45
7100.55 472.362
7084.87 471.844
7071.94 475.37
7067.45 492.353
7061.17 506.79
7045.97 506.619
7035.89 514.908
7027.21 525.72
7017.42 534.734
7008.5 545.426
6998.02 553.421
6992.13 570.174
6986 586.923
6970.59 585.823
6957.92 589.934
6950.03 603.825
6941.52 616.777
6932.42 628.776
6927.27 649.83
6917.36 660.84
6907.71 672.702
6897.11 682.66
6879.54 675.896
6869.59 687.497
6862.39 706.484
6854.9 725.455
6839.12 722.843
6830.56 739.82
6817.11 743.551
6809.46 764.196
6795.5 766.788
6783.06 774.011
6776.81 801.177
6761.13 798.682
6751.44 816.182
6742.03 835.554
6724.37 825.953
6712.3 836.464
6702.31 855.603
6690.58 868.864
6685.58 911.229
6691.68 1005.3
6674.32 999.96
6662.64 1020.88
6647.66 1027.02
6639.02 1066.42
6623.05 1069.41
6609.98 1089.01
6593.98 1092.74
6579.49 1106.2
6565.22 1122.53
6549.73 1131.8
6537.43 1166.74
6521.43 1175.79
6507.18 1201.61
6490.04 1203.44
6474.01 1217.07
6459.53 1251.5
6441.2 1242.95
6425.19 1266.16
6408.61 1286.24
6391.78 1308.19
6374.46 1327
6357.05 1352.66
6339.15 1376.17
6320.65 1386.53
6302.07 1413.73
6283.11 1407.77
6263.64 1456.64
6244.2 1460.34
6224.22 1480.86
6203.76 1504.2
6182.38 1538.34
6161.12 1559.29
6138.91 1589.03
6118.11 1591.63
6094.84 1623.94
6071.26 1653.04
6047.94 1673.94
6025.2 1685.67
6006.52 1660.44
5986.64 1647.96
5965.89 1643.26
5942.09 1660.15
5916.17 1688.68
5886.07 1739.64
5858.9 1767.58
5829.99 1802.13
5800.81 1834.4
5770.45 1869.29
5743.48 1884.26
5709.9 1928.29
5680.33 1950.46
5644.41 1997.64
5606.22 2050.22
5570.23 2089.74
5537.54 2113.36
5502.57 2143.38
5461.35 2193.23
5418.09 2246.42
5393.59 2232.96
5432.32 2014.81
5306.02 2328.39
5240.81 2436.59
5194.41 2482.29
5142.54 2540.64
5091.93 2591.74
5035.52 2655.34
4987.43 2692.94
4920.55 2776.6
4856.55 2848.18
4798.73 2900.39
4735.66 2962.02
4660.79 3047.64
4581.1 3139.56
4548.35 3121.78
4563.72 2999.19
4341.1 3388.66
4244.39 3497.73
4147.83 3600.93
4051.12 3699.18
3941.58 3817.43
3826.57 3940.29
5007.48 1633.82
4933.43 1719.97
4884.56 1756.97
3295.59 4499.05
3139.85 4662.13
2981.55 4822.02
2796.96 5018.07
4271.46 2512.38
4605.75 1917.15
4716.19 1693.52
4694.29 1680.55
4673.04 1666.54
4658.09 1643.25
4634.89 1632.22
4608.31 1625.88
4590.46 1607.07
391.166 7314.92
320.914 7263.15
251.118 7210.77
181.779 7157.78
112.907 7104.19
44.5005 7050
-23.4263 6995.22
-90.8727 6939.84
-157.833 6883.88
-224.302 6827.34
-290.276 6770.22
-355.748 6712.53
-420.715 6654.26
-485.171 6595.43
-549.11 6536.05
-612.533 6476.1
-675.427 6415.6
-737.79 6354.56
-799.618 6292.98
