20570.4 -2407.96
20584.6 -2445.38
20599.3 -2482.56
20615.8 -2540.47
20632 -2577.09
20680.7 -3092.8
20699.2 -3085.87
20717.6 -3078.97
20735.9 -3072.1
20754.2 -3065.27
20772.4 -3058.46
20790.4 -3051.69
20808.4 -3044.95
20826.4 -3038.23
20844.2 -3031.54
20862 -3024.88
20879.7 -3018.24
20897.4 -3011.62
20915 -3005.03
20932.5 -2998.46
20950 -2991.9
20967.5 -2985.37
20984.9 -2978.85
21002.3 -2972.35
21019.6 -2965.86
21036.8 -2959.39
21054.1 -2952.93
21071.3 -2946.48
21088.5 -2940.05
21105.6 -2933.63
21122.7 -2927.21
21139.9 -2920.8
21156.9 -2914.4
21174 -2908.01
21191.1 -2901.62
21208.1 -2895.24
21225.1 -2888.86
21242.2 -2882.48
21259.2 -2876.1
21276.2 -2869.73
21293.2 -2863.35
21310.3 -2856.97
21327.3 -2850.59
21344.3 -2844.21
21361.4 -2837.82
21378.5 -2831.43
21395.5 -2825.03
21412.7 -2818.62
21103.6 -2122.8
21062 -2010.24
21018.5 -1898.42
20991.1 -1823.25
20962.4 -1748.56
20941.8 -1692.2
20920.2 -1636.21
20907.4 -1598.3
20894 -1560.63
20900 -1558.36
20906.1 -1556.09
20912.1 -1553.82
20918.2 -1551.53
20923.2 -1547.35
20929.3 -1545.05
20935.4 -1542.75
20941.6 -1540.44
20947.8 -1538.12
20954 -1535.8
20960.3 -1533.46
20966.5 -1531.11
20972.8 -1528.75
20979.2 -1526.38
20985.5 -1524
20991.9 -1521.6
20998.3 -1519.2
21004.8 -1516.77
21011.3 -1514.34
21017.8 -1511.89
21024.4 -1509.43
21031 -1506.95
21037.7 -1504.46
21044.4 -1501.95
21051.1 -1499.42
21057.9 -1496.88
21064.8 -1494.32
21071.6 -1491.74
21078.6 -1489.14
21085.6 -1486.52
21092.6 -1483.88
21099.7 -1481.22
21106.9 -1478.54
21114.1 -1475.83
21121.4 -1473.11
21128.7 -1470.36
21136.1 -1467.58
21143.6 -1464.78
21151.1 -1461.96
21158.8 -1459.1
21166.4 -1456.22
21174.2 -1453.31
21182.1 -1450.38
21190 -1447.41
21198 -1444.41
21206.1 -1441.38
21214.3 -1438.31
21222.5 -1435.22
21230.9 -1432.08
21239.4 -1428.91
21247.9 -1425.7
21256.6 -1422.46
21265.4 -1419.17
21274.2 -1415.85
21283.2 -1412.48
21292.3 -1409.07
21301.6 -1405.61
21310.9 -1402.11
21320.4 -1398.56
21330 -1394.95
21339.8 -1391.3
21915.6 -1709.53
21909.7 -1690.38
21903.5 -1671.35
21920.5 -1664.99
21890.1 -1633.64
21883 -1614.97
21875.4 -1596.43
21867.6 -1578.01
21884.4 -1571.71
21850.9 -1541.56
21867.6 -1535.29
21876.1 -1525.07
21855.2 -1501.92
21860.1 -1490.36
21839.9 -1468.34
21845.4 -1457.25
21826 -1436.28
21832 -1425.61
21813.4 -1405.63
21819.9 -1395.34
21802 -1376.29
21809.1 -1366.34
21797.6 -1350.04
21805.8 -1340.5
21790 -1323.25
21774.7 -1306.51
21783.9 -1297.45
21769.4 -1281.43
21779.3 -1272.55
21765.7 -1257.21
21752.6 -1242.3
21763.6 -1233.75
21751.5 -1219.43
21786.6 -1216.41
21798.7 -1207.62
21811.1 -1198.73
21837.6 -1192.55
21851.5 -1183.46
21888.8 -1178.54
21903.6 -1168.96
21918.8 -1159.24
21957.3 -1153
21973.5 -1142.75
21990.3 -1132.32
22030.2 -1124.7
22048.1 -1113.67
22089.1 -1105.02
22108.4 -1093.34
22128.4 -1081.43
22171.3 -1071.23
22192.8 -1058.58
22237.2 -1047.21
22265.6 -1034.07
22291.1 -1020.29
22339.4 -1007.12
22403.5 -993.686
22462.1 -978.989
22477.2 -962.448
23156.9 -952.52
23148.4 -929.612
23139.8 -906.854
23131.4 -884.241
23122.9 -861.769
23114.6 -839.432
23106.3 -817.227
23098 -795.149
23089.8 -773.192
23081.6 -751.353
23073.4 -729.629
23065.3 -708.013
23057.3 -686.503
23049.3 -665.094
23041.3 -643.783
23033.3 -622.565
23025.4 -601.437
23017.5 -580.395
23009.7 -559.435
23001.9 -538.553
22994.1 -517.746
22986.3 -497.01
22978.6 -476.343
22970.8 -455.739
22963.2 -435.197
22955.5 -414.712
22947.8 -394.281
22940.2 -373.901
22932.6 -353.569
22925 -333.28
22917.4 -313.033
22909.8 -292.824
22902.3 -272.649
22894.7 -252.506
22117.9 -459.262
22112.8 -445.749
22107.8 -432.25
22102.7 -418.765
22097.7 -405.29
22092.6 -391.824
22087.6 -378.364
22082.5 -364.909
22077.5 -351.457
22072.5 -338.004
22067.4 -324.551
22062.4 -311.093
22057.3 -297.63
22052.3 -284.159
22047.2 -270.677
22042.2 -257.185
22055 -235.554
22034.3 -229.122
22039 -210.91
22021.9 -203.051
22016.8 -189.467
22011.7 -175.858
22006.6 -162.223
22001.5 -148.558
21996.4 -134.862
21991.2 -121.133
21986.1 -107.369
21980.9 -93.5666
21975.7 -79.7244
21970.5 -65.8398
21965.3 -51.9105
21960.1 -37.9341
21954.8 -23.9083
21949.5 -9.83041
21944.2 4.30149
21938.9 18.4901
21933.6 32.738
22605.2 520.328
22597.2 541.698
22589.2 563.168
22581.1 584.742
22573 606.423
22564.8 628.217
22556.6 650.126
22548.4 672.156
22540.1 694.311
22531.7 716.596
22523.3 739.014
22514.9 761.571
22506.4 784.271
22497.8 807.12
21418.8 -132.491
21414.9 -122.03
21395.1 -126.243
21391.2 -115.824
21387.3 -105.328
21383.3 -94.7524
21379.4 -84.0941
21375.3 -73.3509
21371.3 -62.5199
21367.2 -51.5984
21363.1 -40.5839
21358.9 -29.4731
21354.7 -18.2632
21350.5 -6.95122
21346.2 4.46624
21341.9 15.9922
21337.5 27.6301
21333.1 39.3835
21328.7 51.2558
21324.2 63.2508
21319.6 75.3721
21315 87.6233
21310.4 100.009
21305.7 112.533
21301 125.2
21296.2 138.014
21291.3 150.98
21286.4 164.102
21281.4 177.385
21276.4 190.834
21271.3 204.455
21266.1 218.253
21260.9 232.234
21255.6 246.403
21250.2 260.767
21244.7 275.332
21239.2 290.103
21233.6 305.089
21227.9 320.296
21222.1 335.731
21216.2 351.402
21210.3 367.317
21204.2 383.484
21198.1 399.912
21191.8 416.61
21185.4 433.586
21179 450.851
21172.4 468.414
21161.4 476.642
21150.1 484.362
21149.7 517.713
21585.3 1605.23
21554.9 1593.84
21524.9 1582.62
21495.5 1571.59
21466.5 1560.72
21437.9 1550.01
21409.7 1539.47
21382 1529.08
21354.6 1518.83
21327.7 1508.73
21301.1 1498.78
21274.9 1488.95
21249 1479.26
21223.5 1469.69
21198.2 1460.25
21173.4 1450.93
21148.8 1441.72
21124.5 1432.62
21100.5 1423.63
21076.8 1414.75
21053.3 1405.97
21030.2 1397.29
21007.3 1388.71
20984.6 1380.22
20962.2 1371.82
20940 1363.5
20918 1355.28
20896.3 1347.13
20878.1 1361.69
20866 1421.24
20850 1457.94
20830.5 1472.01
20815.9 1530.62
20798 1566.61
20781.5 1624.52
20764.1 1682.05
20745.6 1739.2
20726.1 1795.98
20703 1808.68
20678.6 1799.52
20654.3 1790.43
20630.2 1781.41
20606.3 1772.46
20582.6 1763.57
20559 1754.74
20535.6 1745.97
20512.3 1737.25
20489.2 1728.59
20466.3 1719.99
20443.4 1711.43
20420.7 1702.93
20398.1 1694.47
20375.7 1686.06
20350.4 1719.31
20326.2 1731.6
20298.1 1785.14
20275 1776.51
20252.1 1767.91
20010.9 3663.75
19972 3649.19
19933.3 3634.69
19894.7 3620.25
19856.3 3605.86
19818 3591.53
19779.9 3577.25
19741.9 3563.01
19704 3548.83
19666.3 3534.68
19628.6 3520.58
19591.1 3506.51
19553.6 3492.49
19516.3 3478.49
19479 3464.53
19441.8 3450.6
19404.7 3436.7
19367.6 3422.82
19330.7 3408.96
19293.7 3395.13
19365.4 3016.19
19331.7 3003.56
19225.5 3220.08
18960.3 3910.94
17354.3 8554.54
17271.6 8526.36
17189.2 8497.47
17106.9 8467.85
17025 8437.51
16943.3 8406.46
19618.2 1399.98
19597.7 1392.31
19577.2 1384.64
19737.2 953.327
19848.5 653.336
19834.4 648.046
19820.3 642.751
19806.1 637.449
19791.9 632.139
19777.8 626.822
19412.7 1323.01
19392 1315.25
19371.2 1307.48
19350.4 1299.69
19329.6 1291.88
19308.7 1284.05
19287.8 1276.21
19266.8 1268.34
19245.7 1260.45
19224.6 1252.53
19203.4 1244.59
19236.3 1150.14
19270.8 1056.3
19307 963.073
19333.5 887.567
19361.3 812.549
19390.4 738.023
19409 680.899
19440.5 607.296
19461.2 550.967
19482.9 495.007
19505.5 439.418
19516.4 400.777
19527.9 362.376
19553.2 307.773
19566.2 269.923
19579.8 232.316
19594.1 194.954
19609 157.839
19624.6 120.972
19626.7 100.383
19643.5 63.9476
19660.9 27.765
19664.2 7.65231
19667.8 -12.3471
19686.9 -47.9032
19691.4 -67.6019
19696.1 -87.1848
19716.9 -122.1
19722.5 -141.375
19728.4 -160.531
19734.6 -179.568
19741.1 -198.484
19747.9 -217.278
19755.1 -235.951
19762.6 -254.499
19770.4 -272.923
19778.6 -291.22
19787.1 -309.389
19777.9 -312.845
19786.8 -330.839
19796.2 -348.701
19805.9 -366.431
19815.9 -384.026
19807.1 -387.325
19817.6 -404.735
19828.5 -422.005
19819.9 -425.241
19831.3 -442.32
19843.1 -459.254
19834.7 -462.425
19847 -479.16
19859.7 -495.745
19851.5 -498.848
19864.8 -515.225
19856.5 -518.313
19870.4 -534.477
19862.2 -537.551
19876.6 -553.495
19868.5 -556.555
19883.5 -572.273
19875.4 -575.318
19891.1 -590.804
19883 -593.833
19899.3 -609.079
19891.2 -612.092
19908.2 -627.089
19900.2 -630.085
19894.1 -634.044
19897.1 -642.132
19900.1 -650.082
19903 -657.9
19905.9 -665.59
19908.7 -673.156
19911.5 -680.602
19914.3 -687.932
19917 -695.149
19919.6 -702.259
19922.3 -709.263
19924.9 -716.166
19927.4 -722.971
19929.9 -729.68
19932.4 -736.296
19934.8 -742.824
19937.2 -749.265
19939.6 -755.622
19942 -761.897
19944.3 -768.093
19946.6 -774.213
19948.9 -780.259
19951.1 -786.233
19953.3 -792.137
19955.5 -797.974
19957.7 -803.745
19959.8 -809.452
19961.9 -815.098
19964 -820.683
19966.1 -826.211
19968.1 -831.682
19970.2 -837.099
19972.2 -842.462
19974.1 -847.774
19976.1 -853.036
19978.1 -858.25
19980 -863.417
19981.9 -868.538
19983.8 -873.614
19985.7 -878.648
19987.6 -883.641
19989.4 -888.593
19991.3 -893.506
19993.1 -898.381
19994.9 -903.219
19996.7 -908.022
19998.5 -912.791
20000.3 -917.526
20002 -922.228
20003.8 -926.9
20005.5 -931.541
20007.3 -936.153
20009 -940.737
20010.7 -945.294
20012.4 -949.824
20014.1 -954.328
20015.7 -958.809
20017.4 -963.265
20019.1 -967.699
20020.7 -972.11
20022.4 -976.501
20024 -980.871
20025.6 -985.221
20027.3 -989.553
20028.9 -993.867
20030.5 -998.164
20032.1 -1002.44
20033.7 -1006.71
20035.3 -1010.96
20036.9 -1015.19
20038.4 -1019.42
20040 -1023.63
20041.6 -1027.82
20043.2 -1032.01
20044.7 -1036.18
20046.3 -1040.35
20047.8 -1044.5
20049.4 -1048.65
20050.9 -1052.79
20052.5 -1056.92
20054 -1061.04
20055.6 -1065.16
20057.1 -1069.27
20058.7 -1073.38
20060.2 -1077.49
20061.7 -1081.59
20063.3 -1085.68
20064.8 -1089.78
20066.3 -1093.87
20067.9 -1097.96
20069.4 -1102.06
20070.9 -1106.15
20072.5 -1110.24
20074 -1114.34
20075.5 -1118.43
20077.1 -1122.53
20078.6 -1126.63
20080.1 -1130.74
20081.7 -1134.85
20083.2 -1138.97
20084.8 -1143.09
20086.3 -1147.22
20087.9 -1151.35
20089.4 -1155.5
20091 -1159.65
20092.5 -1163.81
20094.1 -1167.98
20095.7 -1172.16
20097.2 -1176.35
20098.8 -1180.56
20100.4 -1184.77
20102 -1189
20103.6 -1193.25
20105.2 -1197.51
20106.8 -1201.78
20108.4 -1206.07
20110 -1210.38
20111.6 -1214.7
20113.2 -1219.05
20114.9 -1223.41
20116.5 -1227.79
20118.1 -1232.19
20119.8 -1236.62
20121.5 -1241.07
20123.1 -1245.54
20124.8 -1250.03
20126.5 -1254.55
20128.2 -1259.1
20129.9 -1263.67
20131.7 -1268.27
20133.4 -1272.9
20135.1 -1277.56
20136.9 -1282.25
20138.7 -1286.97
20140.4 -1291.73
20142.2 -1296.52
20144 -1301.34
20145.9 -1306.2
20147.7 -1311.1
20149.6 -1316.04
20151.4 -1321.01
20153.3 -1326.03
20155.2 -1331.09
20157.1 -1336.19
20159 -1341.34
20161 -1346.54
20162.9 -1351.78
20164.9 -1357.07
20166.9 -1362.42
20168.9 -1367.81
20171 -1373.26
20173 -1378.77
20175.1 -1384.33
20177.2 -1389.95
20179.4 -1395.63
20181.5 -1401.38
20183.7 -1407.19
20185.9 -1413.07
20188.1 -1419.01
20190.4 -1425.03
20192.7 -1431.12
20195 -1437.29
20197.3 -1443.53
20199.7 -1449.86
20202.1 -1456.26
20204.5 -1462.76
20207 -1469.34
20209.5 -1476.01
20212 -1482.78
20214.6 -1489.64
20217.2 -1496.61
20219.8 -1503.67
20222.5 -1510.85
20225.3 -1518.13
20228 -1525.53
20230.8 -1533.05
20233.7 -1540.69
20236.6 -1548.46
20239.6 -1556.36
20242.6 -1564.39
20247.8 -1567.74
20255.9 -1564.72
20252.9 -1587.21
20260.9 -1584.17
20268.9 -1581.19
20266.7 -1603.36
20274.7 -1600.36
20273.2 -1622.3
20281.3 -1619.28
20280.3 -1640.98
20288.4 -1637.95
20288.1 -1659.43
20288.2 -1680.75
20296.5 -1677.64
20297.2 -1698.75
20305.5 -1695.63
20306.7 -1716.52
20315.1 -1713.39
20316.9 -1734.08
20319.1 -1754.62
20327.6 -1751.42
20330.3 -1771.77
20333.4 -1791.98
20342.1 -1788.72
20345.6 -1808.73
20349.6 -1828.62
20353.9 -1848.36
20362.9 -1844.99
20367.7 -1864.56
20372.8 -1883.99
20378.3 -1903.3
20384.1 -1922.48
20390.2 -1941.53
20396.7 -1960.46
20403.5 -1979.26
20410.7 -1997.94
20418.1 -2016.5
20425.9 -2034.94
20434 -2053.26
20442.5 -2071.46
20451.2 -2089.54
20460.3 -2107.51
20468.4 -2147.18
20478.3 -2164.84
20488.4 -2182.39
20498.3 -2221.42
20509.2 -2238.67
20520.2 -2277.26
20531.9 -2315.61
20544.1 -2332.38
20556.9 -2370.3
20570.4 -2407.96
