16031.8 -4662.65
16031.8 -4662.65
16031.8 -4662.65
16031.8 -4662.65
16031.8 -4662.65
16031.8 -4662.65
16031.8 -4662.65
16031.8 -4662.65
16031.8 -4662.65
16031.8 -4662.65
16031.8 -4662.65
16029.5 -4660.77
16029.5 -4660.77
16025.6 -4657.61
16021.7 -4654.45
16014 -4648.13
16014 -4648.13
16010.1 -4644.97
16006.2 -4641.82
16002.3 -4638.66
15998.5 -4635.5
15994.6 -4632.34
15990.7 -4629.18
15986.8 -4626.02
15985.3 -4624.76
15985.3 -4624.76
15985.3 -4624.76
15985.3 -4624.76
15985.3 -4624.76
15985.3 -4624.76
15985.3 -4624.76
15985.3 -4624.76
15985.3 -4624.76
15985.3 -4624.76
15985.3 -4624.76
15985.3 -4624.76
15985.3 -4624.76
15985.3 -4624.76
15985.3 -4624.76
15985.3 -4624.76
15985.3 -4624.76
15985.3 -4624.76
15985.3 -4624.76
15985.3 -4624.76
15985.3 -4624.76
15985.3 -4624.76
15989 -4621.35
15987.9 -4618.57
15986 -4613.93
15982.2 -4604.66
15982.2 -4604.66
15980.4 -4600.02
15977.8 -4593.53
15977.8 -4593.53
15977.8 -4593.53
15977.8 -4593.53
15977.8 -4593.53
15977.8 -4593.53
15977.8 -4593.53
15977.8 -4593.53
15977.8 -4593.53
15977.8 -4593.53
15977.8 -4593.53
15977.8 -4593.53
15977.8 -4593.53
15977.8 -4593.53
15977.8 -4593.53
15977.8 -4593.53
15977.8 -4593.53
15977.8 -4593.53
15978.2 -4600.14
15978.2 -4600.14
15978.2 -4600.14
15978.2 -4600.14
15978.2 -4600.14
15978.2 -4600.14
15978.2 -4600.14
15978.2 -4600.14
15978.2 -4600.14
15978.2 -4600.14
15978.2 -4600.14
15972.8 -4602.34
15972.8 -4602.34
15972.8 -4602.34
15972.8 -4602.34
15972.8 -4602.34
15972.8 -4602.34
15972.8 -4602.34
15972.8 -4602.34
15972.8 -4602.34
15972.8 -4602.34
15972.8 -4602.34
15972.8 -4602.34
15972.8 -4602.34
15977.3 -4603.91
15977.3 -4603.91
15977.3 -4603.91
15977.3 -4603.91
15977.3 -4603.91
15968.5 -4605.43
15968.5 -4605.43
15960.3 -4606.45
15952.1 -4607.18
15942.3 -4607.7
15932.6 -4607.89
15921.3 -4607.71
15909.4 -4607.1
15889.3 -4607.03
15875.2 -4605.28
15841.2 -4599.21
15841.2 -4599.21
15804.8 -4590.26
15804.8 -4590.26
15786.8 -4585.07
15748.4 -4572.19
15748.4 -4572.19
15729.6 -4564.75
15695.5 -4549.16
15695.5 -4549.16
15678.8 -4540.49
15648.9 -4515.66
15648.9 -4515.66
15648.9 -4515.66
15648.9 -4515.66
15648.9 -4515.66
15648.9 -4515.66
15648.9 -4515.66
15648.9 -4515.66
15648.9 -4515.66
15648.9 -4515.66
15646.8 -4513.5
15642.8 -4509.02
15637 -4502.17
15637.8 -4499.41
15629 -4488.16
15619.6 -4475.52
15610.5 -4462.67
15592.8 -4436.63
15592.8 -4436.63
15585 -4424.7
15577.4 -4412.66
15569.9 -4400.53
15562.6 -4388.3
15555.4 -4375.97
15548.5 -4363.55
15543.3 -4350.63
15536.7 -4338
15530.3 -4325.28
15524 -4312.48
15518.6 -4300.96
15508.1 -4277.7
15508.1 -4277.7
15503.1 -4265.97
15493.6 -4242.32
15493.6 -4242.32
15489.1 -4230.4
15484.7 -4218.43
15480.5 -4206.39
15476.4 -4194.31
15472.5 -4182.17
15468.7 -4169.98
15465.2 -4157.75
15462.1 -4146.91
15459.3 -4136.04
15456.5 -4125.12
15453.9 -4114.18
15449.2 -4092.19
15449.2 -4092.19
15447 -4081.14
15445 -4070.08
15443.1 -4058.98
15441.4 -4047.87
15439.8 -4036.73
15438.4 -4025.57
15437.1 -4014.39
15436 -4003.2
15435 -3992
15439.2 -3975.11
15438.6 -3963.87
15438.1 -3952.63
15437.8 -3941.39
15437.6 -3930.14
15437.5 -3918.89
15437.9 -3896.39
15437.9 -3896.39
15438.8 -3875.41
15438.8 -3875.41
15439.4 -3865.68
15440.1 -3855.96
15440.7 -3849.23
15441.3 -3842.51
15442.7 -3829.08
15442.7 -3829.08
15443.4 -3822.37
15444.1 -3815.66
15444.9 -3808.95
15446.5 -3795.55
15446.5 -3795.55
15447.4 -3788.86
15448.3 -3782.16
15449.2 -3775.48
15450.1 -3768.79
15451.1 -3762.11
15453.1 -3748.77
15453.1 -3748.77
15455.4 -3735.45
15455.4 -3735.45
15456.3 -3730.29
15457.3 -3725.13
15458.3 -3719.98
15459.3 -3714.83
15460.4 -3709.69
15461.5 -3704.55
15463.7 -3694.29
15463.7 -3694.29
15464.8 -3689.16
15466 -3684.04
15468.4 -3673.82
15469.6 -3668.72
15470.9 -3663.62
15470.9 -3663.62
15472.1 -3658.52
15473.4 -3653.44
15474.7 -3648.36
15476.1 -3643.28
15477.5 -3642.94
15478.9 -3637.88
15480.3 -3632.82
15481.8 -3627.77
15483.2 -3622.73
15484.7 -3617.69
15486.2 -3612.66
15487.7 -3607.63
15489.2 -3602.61
15490.8 -3597.6
15492.4 -3592.59
15494 -3587.6
15495.2 -3584.03
15496.3 -3580.47
15498 -3575.49
15499.7 -3570.53
15501.4 -3565.56
15503.2 -3560.61
15504.9 -3555.66
15506.7 -3550.72
15508.5 -3545.79
15510.3 -3540.87
15512.2 -3535.95
15513.5 -3532.45
15515.6 -3526.83
15515.6 -3526.83
15517.1 -3522.6
15518.7 -3518.38
15520.3 -3514.17
15521.9 -3509.96
15523.5 -3505.76
15526.8 -3497.38
15526.8 -3497.38
15528.5 -3493.21
15531.8 -3484.86
15533.5 -3480.67
15533.5 -3480.67
15534.6 -3477.88
15535.6 -3475.08
15536.7 -3472.28
15537.8 -3469.47
15538.8 -3466.65
15539.8 -3463.84
15540.9 -3461.01
15541.9 -3458.19
15542.9 -3455.36
15543.8 -3452.52
15544.8 -3449.68
15546.3 -3445.43
15547.8 -3441.18
15549.3 -3436.94
15550.8 -3432.71
15552.3 -3428.48
15553.9 -3424.25
15555.4 -3420.01
15556.9 -3415.76
15558.3 -3411.51
15559.8 -3407.25
15561.2 -3402.98
15562.6 -3398.71
15564 -3394.43
15565.4 -3390.15
15566.3 -3387.29
15567.2 -3384.42
15568.1 -3381.56
15568.9 -3378.68
15569.8 -3375.81
15570.6 -3372.93
15571.5 -3370.05
15572.3 -3367.16
15573.1 -3364.27
15573.9 -3361.38
15574.7 -3358.48
15575.4 -3355.58
15576.2 -3352.68
15576.9 -3349.77
15578.4 -3343.95
15579.1 -3341.03
15579.1 -3341.03
15579.8 -3338.11
15580.5 -3335.19
15581.1 -3332.27
15583.2 -3323.52
15583.2 -3323.52
15584.3 -3319.13
15586.2 -3310.35
15586.2 -3310.35
15587.2 -3305.96
15588.1 -3301.56
15589.1 -3297.15
15589.7 -3294.21
15591.1 -3286.85
15591.1 -3286.85
15592 -3282.43
15592.8 -3278.01
15593.6 -3273.58
15594.1 -3270.63
15594.6 -3267.67
15595.6 -3261.75
15595.6 -3261.75
15596.3 -3257.31
15596.3 -3257.31
15603.9 -3304.45
15604.8 -3299.29
15604.8 -3299.29
15605.5 -3295.6
15606.2 -3291.91
15606.8 -3288.22
15607.4 -3284.52
15608.1 -3280.82
15609.2 -3273.41
15609.2 -3273.41
15610.3 -3265.98
15610.3 -3265.98
15610.8 -3262.26
15611.2 -3258.54
15611.6 -3254.81
15612 -3251.08
15612.3 -3247.35
15612.6 -3243.61
15612.9 -3239.87
15613.2 -3236.13
15613.4 -3232.39
15613.6 -3228.64
15614 -3218.15
15614 -3218.15
15614.1 -3212.9
15614.1 -3207.65
15614.2 -3202.4
15614.2 -3197.15
15614.1 -3191.9
15614 -3186.65
15613.8 -3181.4
15613.7 -3176.16
15613.5 -3170.91
15613.4 -3165.66
15613 -3155.16
15613 -3155.16
15612.9 -3151.42
15612.8 -3147.67
15612.7 -3143.92
15612.5 -3140.18
15612.3 -3136.43
15612.1 -3132.69
15611.9 -3128.94
15611.7 -3125.2
15611.5 -3121.45
15611.2 -3117.71
15611 -3113.97
15610.8 -3110.22
15610.6 -3106.48
15610.4 -3102.73
15610.2 -3098.99
15610 -3095.25
15609.8 -3091.5
15609.6 -3087.76
15609.4 -3084.01
15609.1 -3078.77
15608.8 -3073.53
15608.2 -3063.05
15608.2 -3063.05
15607.9 -3057.8
15607.3 -3047.32
15607.3 -3047.32
15607 -3042.08
15606.6 -3035.34
15606.3 -3028.6
15605.9 -3021.86
15605.5 -3015.12
15604.7 -3001.64
15604.7 -3001.64
15604.4 -2994.9
15604 -2988.16
15603.6 -2981.42
15603.2 -2973.19
15602.2 -2956.71
15602.2 -2956.71
15601.8 -2948.47
15601.3 -2940.24
15600.9 -2932
15600.4 -2923.76
15599.9 -2915.53
15598.8 -2896.06
15598.8 -2896.06
15598.3 -2886.32
15597.8 -2876.58
15597.4 -2865.34
15597.1 -2854.1
15596.8 -2844.35
15596.5 -2834.6
15596.2 -2823.36
15595.8 -2812.11
15595.5 -2800.87
15595.3 -2789.62
15595.1 -2778.37
15595.1 -2767.12
15595.1 -2755.87
15595.2 -2746.12
15595.2 -2736.37
15594.1 -2702.72
15594.1 -2702.72
15594.5 -2683.22
15594.5 -2683.22
15594.9 -2673.48
15595.5 -2663.75
15596.3 -2654.03
15597.2 -2644.32
15598.3 -2634.63
15599.5 -2624.97
15601 -2615.32
15602.6 -2605.7
15604.3 -2596.11
15606.3 -2586.56
15610.6 -2567.55
15610.6 -2567.55
15615.6 -2548.71
15615.6 -2548.71
15618.4 -2539.36
15621.3 -2530.06
15624.4 -2520.81
15627.6 -2511.61
15634.6 -2493.4
15634.6 -2493.4
15638.3 -2484.39
15642.2 -2475.44
15646.2 -2466.56
15650.4 -2457.76
15654.8 -2449.03
15659.3 -2440.37
15663.9 -2431.8
15668.6 -2423.26
15673.4 -2414.77
15678.3 -2406.32
15683.2 -2397.92
15688.2 -2389.55
15693.3 -2381.23
15698.5 -2372.96
15703.7 -2364.73
15734.4 -2360.4
15739.8 -2352.27
15746.9 -2341.7
15754.6 -2330.57
15762.3 -2319.51
15770.2 -2308.52
15784.1 -2288.98
15784.1 -2288.98
15791.1 -2279.21
15798 -2269.44
15805 -2259.67
15812 -2249.9
15818.9 -2240.13
15825 -2231.58
15831.1 -2223.03
15837.2 -2214.48
15843.3 -2205.93
15849.4 -2197.38
15855.5 -2188.83
15861.7 -2180.33
15874.2 -2163.51
15874.2 -2163.51
15880.6 -2155.12
15893.2 -2138.35
15893.2 -2138.35
15899.5 -2129.96
15905.8 -2121.57
15912.1 -2113.19
15918.5 -2104.8
15926.6 -2094.02
15936.5 -2080.84
15956.9 -2053.01
15956.9 -2053.01
15966.9 -2038.97
15976.8 -2024.84
15986.6 -2010.62
15995.4 -1997.56
16012.7 -1971.21
16012.7 -1971.21
16021.1 -1957.93
16028.7 -1945.84
16036.1 -1933.69
16043.5 -1921.48
16050.7 -1909.2
16057.8 -1896.85
16075.7 -1886.74
16082.6 -1874.29
16090.1 -1860.47
16098.3 -1845.26
16107 -1828.65
16115.9 -1811.3
16125.3 -1792.53
16134.6 -1773.68
16143.6 -1754.75
16152.6 -1735.74
16161.3 -1716.65
16169.9 -1697.48
16184.6 -1663.82
16184.6 -1663.82
16191.3 -1648.7
16197.9 -1633.59
16204.5 -1618.47
16211.1 -1603.36
16217.7 -1588.24
16223.7 -1574.5
16229.8 -1560.76
16235.8 -1547.02
16241.8 -1533.28
16248.3 -1518.11
16255.5 -1500.8
16262.8 -1482.74
16277.1 -1446.43
16277.1 -1446.43
16283.4 -1429.59
16289.6 -1412.69
16276.4 -1388.32
16282.3 -1371.34
16288.1 -1354.31
16293.3 -1338.65
16298.1 -1324.41
16302.8 -1310.17
16313.2 -1278.85
16313.2 -1278.85
16323.2 -1247.4
16323.2 -1247.4
16327.4 -1233.79
16331.6 -1220.19
16336.6 -1203.68
16341.7 -1186.41
16346.6 -1169.09
16356 -1134.34
16356 -1134.34
16360.5 -1116.9
16364.4 -1100.88
16368.4 -1084.86
16372 -1070.29
16375.5 -1055.73
16379.5 -1039.71
16383.8 -1022.23
16388.1 -1004.76
16392.1 -988.735
16400 -956.694
16400 -956.694
16403.9 -940.673
16382.8 -930.276
16382.8 -930.276
16386.2 -915.678
16393.5 -883.497
16393.5 -883.497
16397.9 -864.481
16402.2 -845.465
16405.7 -829.344
16409.1 -813.192
16416.4 -777.952
16416.4 -777.952
16419.8 -761.8
16423.2 -745.649
16426.5 -729.497
16429.9 -713.345
16433.3 -697.194
16436.7 -681.042
16440.3 -663.422
16447.4 -629.65
16447.4 -629.65
16450.8 -613.499
16454.1 -597.347
16457.2 -582.664
16463.7 -553.38
16463.7 -553.38
16467.2 -538.782
16470.7 -524.215
16474.4 -509.679
16481.5 -483.605
16481.5 -483.605
16485.9 -467.728
16506.3 -412.018
16511.2 -395.472
16515.6 -380.345
16519.9 -365.198
16524.8 -348.673
16530 -332.214
16534.9 -317.249
16540 -302.35
16545.3 -287.519
16550.3 -274.164
16555.4 -260.875
16561.3 -246.264
16567.2 -231.678
16573.3 -217.118
16579.3 -202.584
16585.5 -188.078
16591.7 -173.598
16597.9 -159.145
16610.6 -130.322
16610.6 -130.322
16617.1 -115.952
16623.6 -101.611
16636.2 -74.3746
16642.2 -61.4773
16642.2 -61.4773
16648.3 -48.6066
16655.2 -34.4107
16668.3 -7.45514
16674.7 5.30687
16674.7 5.30687
16681.1 18.0411
16686.7 -5.41298
16693.2 7.28113
16699.7 19.9469
16706.2 32.641
16712.6 45.3632
16723.9 68.2039
16723.9 68.2039
16729.5 79.6612
16735.1 91.1428
16740.5 102.648
16746 114.178
16751.4 125.731
16756.2 135.904
16765.9 156.187
16765.9 156.187
16770.9 166.296
16775.8 176.384
16785.7 196.624
16790.5 206.776
16790.5 206.776
16794.7 215.593
16798.9 224.391
16803.1 233.171
16811.6 250.713
16811.6 250.713
16815.8 259.511
16824.1 277.163
16824.1 277.163
16828.2 286.015
16836.2 303.808
16836.2 303.808
16840 312.782
16843.7 321.804
16847.3 330.874
16850.7 339.99
16854.1 349.151
16857.3 358.354
16863.4 376.884
16863.4 376.884
16869 389.991
16871.8 399.343
16874.4 408.73
16876.9 418.151
16879.3 427.604
16881.6 437.088
16883.7 446.6
16885.7 456.139
16887.6 465.704
16891 484.905
16891 484.905
16893.9 504.187
16893.9 504.187
16895.2 513.856
16896.6 526.519
16898.1 542.198
16899.4 560.904
16900.3 582.635
16900.7 607.382
16900.7 635.132
16900.2 664.376
16897.6 721.317
16895.6 748.997
16893.3 775.145
16893.3 775.145
16887.3 827.298
16887.3 827.298
16883.6 853.288
16879.7 877.728
16875.6 902.133
16871.5 919.168
16867.2 942.026
16862.8 964.846
16858.1 987.626
16853.3 1010.37
16848.6 1031.6
16843.7 1052.79
16838.6 1073.93
16833.3 1095.03
16828.2 1114.63
16823 1134.19
16817.5 1153.7
16806.2 1192.58
16806.2 1192.58
16795 1228.38
16795 1228.38
16789.2 1246.21
16783.7 1262.57
16772.4 1295.13
16772.4 1295.13
16766.4 1311.34
16756.1 1332.65
16749.9 1348.75
16743.6 1364.8
16737.7 1379.4
16731.6 1393.95
16725.5 1408.44
16719.2 1422.88
16712.8 1437.27
16700.8 1463.14
16700.8 1463.14
16694.7 1476
16688.4 1488.81
16682.1 1501.56
16675.6 1514.25
16669.7 1525.56
16657.6 1548.02
16657.6 1548.02
16651.4 1559.17
16645.3 1570.31
16639.1 1581.46
16628.2 1601.14
16622.7 1610.98
16622.7 1610.98
16617.2 1620.81
16611.8 1630.65
16600.9 1650.32
16600.9 1650.32
16596.1 1658.85
16591.4 1667.37
16586.7 1675.9
16581.9 1684.43
16587.8 1680.16
16582.9 1688.57
16577.8 1696.93
16572.8 1705.25
16567.7 1713.57
16562.6 1721.88
16556.7 1731.48
16550.8 1741.03
16544.7 1750.52
16538.6 1759.96
16532.4 1769.35
16526.2 1778.74
16520.8 1786.87
16515.5 1795.01
16510.1 1803.14
16504.7 1811.28
16499.3 1819.37
16488.2 1835.4
16488.2 1835.4
16482.5 1843.34
16476.8 1851.24
16471 1859.08
16459.2 1874.61
16459.2 1874.61
16453.2 1882.3
16447.1 1889.94
16441 1897.52
16434.8 1905.05
16428.6 1912.52
16422.2 1919.94
16409.4 1934.62
16409.4 1934.62
16402.9 1941.87
16396.3 1949.06
16382.9 1963.28
16376.2 1970.3
16369.4 1977.26
16369.4 1977.26
16362.5 1984.16
16355.5 1991
16348.5 1997.78
16334.4 2011.22
16327.3 2017.93
16320.2 2024.65
16320.2 2024.65
16313.2 2031.37
16306.1 2038.09
16299.1 2044.81
16292 2051.53
16284.2 2074.16
16277.2 2080.86
16270 2087.49
16265 2092.04
16262.3 2094.57
