-6103.26 -906.575
-6103.26 -906.575
-6103.26 -906.575
-6103.26 -906.575
-6103.26 -906.575
-6084.82 -954.769
-6084.82 -954.769
-6084.82 -954.769
-6084.82 -954.769
-6084.82 -954.769
-6084.82 -954.769
-6084.82 -954.769
-6084.82 -954.769
-6084.82 -954.769
-6084.82 -954.769
-6084.82 -954.769
-6084.82 -954.769
-6084.82 -954.769
-6084.82 -954.769
-6084.82 -954.769
-6084.82 -954.769
-6084.82 -954.769
-6084.82 -954.769
-6084.82 -954.769
-6084.82 -954.769
-6122.93 -938.061
-6134.35 -931.868
-6134.35 -931.868
-6134.35 -931.868
-6134.35 -931.868
-6134.35 -931.868
-6134.35 -931.868
-6134.35 -931.868
-6134.35 -931.868
-6134.35 -931.868
-6134.35 -931.868
-6134.35 -931.868
-6134.35 -931.868
-6134.35 -931.868
-6134.35 -931.868
-6134.35 -931.868
-6134.35 -931.868
-6134.35 -931.868
-6134.35 -931.868
-6134.35 -931.868
-6134.35 -931.868
-6165.05 -986.474
-6174.51 -1003.56
-6174.51 -1003.56
-6174.51 -1003.56
-6174.51 -1003.56
-6173.44 -1006.36
-6171.09 -1011.92
-6167.45 -1020.09
-6162.57 -1030.51
-6156.15 -1043.51
-6148.08 -1059.04
-6138.26 -1077.03
-6126.37 -1097.32
-6112.29 -1119.75
-6095.86 -1144.25
-6078.67 -1168.29
-6057.17 -1196.5
-6032.94 -1226.37
-6007.75 -1255.57
-5977.66 -1288.39
-5944.54 -1322.37
-5742.48 -1381.17
-5656.14 -1420.22
-5621.99 -1449.37
-5584.65 -1479.95
-5545.68 -1510.56
-5506.18 -1540.3
-5466.03 -1569.25
-5425.3 -1597.38
-5383.97 -1624.68
-5342.14 -1651.1
-5302.09 -1675.25
-5264.61 -1696.82
-5264.61 -1696.82
-5229.04 -1716.33
-5195.95 -1733.94
-5165.33 -1749.73
-5140.7 -1762.05
-5115.96 -1774.03
-5091.98 -1785.26
-5067.81 -1796.22
-5044.49 -1806.43
-5020.96 -1816.38
-4791.48 -1897.32
-4966.56 -1839.1
-4937.42 -1851.12
-4905.52 -1864.18
-4774.68 -1754.17
-4704.71 -1724.58
-4662.33 -1734.53
-4616.75 -1743.79
-4567.36 -1752.47
-4518.99 -1759.65
-4469.84 -1765.64
-4420.67 -1770.32
-4371.24 -1773.71
-4324.82 -1775.67
-4281.32 -1776.35
-4240.17 -1776.32
-4202.71 -1776.29
-4168.19 -1776.83
-4133.69 -1777.95
-4096.23 -1779.79
-4058.97 -1782.24
-4024.56 -1785.07
-3993.21 -1788.18
-3965.91 -1791.34
-3940.56 -1794.7
-3918.35 -1798.03
-3899.13 -1801.23
-3880.93 -1804.58
-3862.78 -1808.23
-3845.71 -1811.96
-3828.67 -1815.97
-3812.68 -1820.03
-3796.72 -1824.22
-3780.8 -1828.56
-3764.88 -1833.04
-3749.07 -1837.65
-3735.16 -1841.83
-3721.34 -1846.12
-3707.52 -1850.54
-3693.76 -1855.08
-3680.03 -1859.74
-3666.25 -1864.56
-3653.63 -1869.09
-3640.96 -1873.77
-3628.34 -1878.56
-3615.76 -1883.45
-3603.21 -1888.47
-3590.74 -1893.58
-3578.29 -1898.81
-3563.13 -1905.33
-3545.29 -1913.2
-3524.78 -1922.46
-3501.54 -1933.2
-3476.68 -1944.95
-3452 -1956.89
-3427.38 -1969.06
-3402.74 -1981.52
-3376.63 -1995
-3350.52 -2008.78
-3321.89 -2024.21
-3293.46 -2039.86
-3265.02 -2055.85
-3238.97 -2070.79
-3210.4 -2087.18
-3179.26 -2105.04
-3148.46 -2122.71
-3118.59 -2140.19
-3091.22 -2156.54
-3063.74 -2172.95
-3033.68 -2190.9
-3004.07 -2208.59
-2755.83 -2235.34
-2950.42 -2241.6
-2836.84 -2123.65
-2780.28 -2083.9
-2749.69 -2097.49
-2719.19 -2111.36
-2693.65 -2123.24
-2671.12 -2133.72
-2651.63 -2142.8
-2632.29 -2152.19
-2613.06 -2161.93
-2594.09 -2171.93
-2577 -2181.32
-2560.06 -2190.98
-2543.29 -2200.93
-2526.67 -2211.16
-2510.25 -2221.65
-2494.82 -2231.87
-2479.57 -2242.34
-2464.5 -2253.06
-2449.6 -2264.03
-2434.89 -2275.25
-2421.94 -2285.47
-2504.26 -2274.42
-2521.86 -2278.07
-2509.24 -2288.66
-2496.68 -2299.38
-2484.22 -2310.22
-2471.88 -2321.13
-2459.58 -2332.22
-2447.45 -2343.34
-2435.37 -2354.61
-2424.14 -2365.28
-2413.01 -2376.03
-2401.96 -2386.9
-2390.99 -2397.89
-2380.14 -2408.94
-2369.39 -2420.09
-2360.11 -2429.89
-2350.9 -2439.78
-2341.79 -2449.74
-2332.74 -2459.81
-2323.84 -2469.89
-2314.99 -2480.1
-2306.53 -2490.03
-2298.12 -2499.89
-2244.19 -2436.57
-2221.7 -2421.63
-2221.7 -2421.63
-2214.49 -2429.23
-2207.34 -2436.91
-2200.29 -2444.68
-2193.33 -2452.54
-2186.47 -2460.49
-2180.35 -2467.77
-2174.33 -2475.11
-2168.4 -2482.53
-2162.57 -2490.03
-1924.33 -2441.86
-2151.19 -2505.25
-1912.74 -2456.95
-2139.92 -2521.16
-2135.53 -2527.85
-2130.47 -2535.89
-2125.14 -2544.43
-2119.87 -2552.85
-2114.57 -2561.34
-2109.28 -2569.81
-2103.97 -2578.3
-2098.67 -2586.78
-2220.31 -2702.41
-2215.16 -2710.39
-2208.04 -2721.25
-2199.21 -2733.98
-2190.05 -2746.47
-2178.72 -2761.1
-2168.91 -2773.1
-2160.84 -2782.64
-2154.58 -2789.8
-2148.21 -2796.84
-2141.72 -2803.78
-2135.11 -2810.62
-2126.29 -2819.45
-2115.15 -2830.23
-2101.52 -2842.75
-2087.57 -2854.89
-2070.99 -2868.58
-2053.94 -2881.91
-2036.76 -2894.62
-2020.77 -2905.82
-2004.54 -2916.56
-1988 -2926.89
-1891.01 -2885.06
-1851.42 -2878.92
-1836.84 -2886.61
-1822.14 -2894.05
-1807.27 -2901.28
-1792.35 -2908.22
-1777.27 -2914.93
-1762.09 -2921.39
-1748.64 -2926.85
-1735.14 -2932.07
-1721.18 -2937.21
-1707.84 -2941.86
-1694.07 -2946.41
-1681.14 -2950.45
-1668.26 -2954.34
-1655.31 -2958.14
-1642.32 -2961.82
-1629.3 -2965.39
-1618.16 -2968.34
-1607.02 -2971.18
-1595.85 -2973.93
-1584.67 -2976.57
-1573.46 -2979.12
-1562.22 -2981.57
-1722.83 -3022.09
-1711.8 -3025.28
-1697.83 -3029.2
-1680.91 -3033.64
-1660.99 -3038.43
-1638.04 -3043.46
-1613.02 -3048.41
-1587.91 -3052.84
-1562.71 -3056.75
-1539.42 -3059.88
-1516.03 -3062.53
-1492.67 -3064.7
-1469.22 -3066.39
-1445.76 -3067.6
-1423.27 -3068.3
-1400.77 -3068.54
-1378.27 -3068.31
-1355.78 -3067.63
-1085.67 -3000.07
-1314.86 -3065.11
-1297.44 -3063.5
-1280.05 -3061.54
-1260.65 -3059.09
-1241.38 -3056.42
-1000.48 -2955.62
-981.361 -2951.79
-965.227 -2948.34
-952.039 -2945.35
-772.268 -2888.96
-894.603 -2843.58
-724.517 -2785.39
-534.435 -2744.85
-738.759 -2827.61
-738.759 -2827.61
-712.569 -2819.22
-680.702 -2808.9
-648.859 -2798.49
-611.301 -2786.08
-611.301 -2786.08
-568.16 -2771.7
-524.952 -2757.43
-477.905 -2742.04
-430.811 -2726.79
-383.682 -2711.69
-383.682 -2711.69
-337.459 -2697.02
-291.181 -2682.49
-243.918 -2667.79
-243.918 -2667.79
-197.552 -2653.53
-151.168 -2639.41
-104.732 -2625.42
-104.732 -2625.42
-60.1764 -2612.14
-15.5694 -2598.98
267.018 -2479.56
70.865 -2573.9
111.827 -2562.22
149.763 -2551.51
187.833 -2540.89
225.883 -2530.39
264.016 -2519.99
302.15 -2509.72
338.47 -2500.04
374.681 -2490.51
409.95 -2481.33
409.95 -2481.33
443.286 -2472.76
476.753 -2464.26
510.202 -2455.88
543.678 -2447.58
576.348 -2439.59
608.782 -2431.76
639.426 -2424.46
639.426 -2424.46
669.111 -2417.47
698.832 -2410.57
961.046 -2279.11
758.304 -2397.04
785.184 -2391.05
812.066 -2385.41
836.1 -2380.69
860.201 -2376.28
1119.52 -2242.43
914.345 -2366.6
939.46 -2362.22
964.658 -2358.16
987.884 -2354.72
1011.18 -2351.57
1036.47 -2348.23
1061.99 -2344.93
1087.05 -2341.77
1112.35 -2338.65
1135.68 -2335.85
1135.68 -2335.85
1158.03 -2333.22
1156.95 -2314.51
1171.49 -2306.15
1193.81 -2303.26
1444.52 -2157.11
1240.44 -2297.41
1261.38 -2294.88
1261.38 -2294.88
1283.72 -2292.25
1306.11 -2289.68
1328.48 -2287.18
1350.84 -2284.74
1371.21 -2282.58
1391.58 -2280.48
1411.98 -2278.44
1411.98 -2278.44
1431.41 -2276.44
1676.78 -2125.12
1470.15 -2272.28
1489.54 -2270.23
1505.95 -2268.54
1522.37 -2266.89
1541.78 -2265.01
1561.22 -2263.06
1583.96 -2188.35
1602.96 -2157.72
1620.24 -2155.6
1637.62 -2153.42
1653.96 -2151.32
1670.33 -2149.26
1684.74 -2147.49
1699.15 -2145.76
1715.51 -2143.85
1731.95 -2141.98
1967.21 -1977.83
1760.78 -2138.83
1772.68 -2137.58
1785.38 -2136.25
1793.77 -2135.37
1799.74 -2134.74
1799.74 -2134.74
2020.13 -1970.81
1799.74 -2134.74
1799.74 -2134.74
1799.74 -2134.74
1805.21 -2134.17
1810.69 -2133.64
1819.16 -2132.9
1658.53 -2288.03
1666.97 -2287.69
1666.97 -2287.69
1677.47 -2287.35
1688.93 -2286.89
1925.34 -2126.9
1700.42 -2286.32
1709.9 -2285.76
1719.39 -2285.29
1728.88 -2284.91
1728.88 -2284.91
1738.37 -2284.44
1738.37 -2284.44
1747.85 -2283.88
1757.33 -2283.25
1766.8 -2282.53
1776.29 -2281.72
1785.73 -2280.84
1795.18 -2279.87
1804.63 -2278.82
1814.05 -2277.68
1823.47 -2276.46
1904.28 -2173.24
1913.98 -2171.31
1923.8 -2169.36
1933.29 -2167.47
1933.29 -2167.47
1942.85 -2165.6
1942.85 -2165.6
1952.18 -2163.8
1961.55 -2162.03
1970.86 -2160.29
1970.86 -2160.29
1980.19 -2158.58
1989.53 -2156.89
1998.89 -2155.23
1998.89 -2155.23
2008.24 -2153.6
2017.61 -2152
2026.96 -2150.42
2026.96 -2150.42
2036.36 -2148.87
1933.97 -2150.49
1943.44 -2149.64
1952.9 -2148.83
1962.37 -2148.04
1971.84 -2147.28
1981.31 -2146.55
1981.31 -2146.55
1990.96 -2145.84
2000.26 -2145.17
2009.74 -2144.53
2019.21 -2143.91
2028.7 -2143.31
2038.18 -2142.75
2047.66 -2142.21
2047.66 -2142.21
2057.15 -2141.7
2066.64 -2141.22
2073.63 -2140.89
2080.65 -2140.55
2081.67 -2140.5
2152.75 -2223.51
