22560 -2953.51
22673.6 -2958.68
22749.3 -2946.11
22860.2 -2946.57
22975.7 -2946.94
23083.7 -2942.38
23198.6 -2938.53
23313.6 -2932.79
23457.9 -2935.42
23592.4 -2932.16
23727.1 -2926.67
21337.9 -2097.85
21337.1 -2069.25
21336.2 -2040.83
21456.5 -2048.49
21536.4 -2042.41
21616.2 -2034.96
21696 -2026.14
21856.3 -2036.84
21956.2 -2029.58
22035.8 -2015.76
22175.8 -2014.57
22235.2 -1993.04
22244.5 -1959.91
22243.5 -1924.62
22242.4 -1889.48
22241.4 -1854.48
22240.3 -1819.61
22239.3 -1784.87
22238.2 -1750.24
19222.3 -1264.83
19222.1 -1257.44
19221.8 -1250.08
19221.6 -1242.74
19221.4 -1235.42
19221.2 -1228.12
19221 -1220.83
19220.7 -1213.56
19220.5 -1206.31
19220.3 -1199.06
19220.1 -1191.84
19219.9 -1184.62
19219.6 -1177.41
19219.4 -1170.22
19219.2 -1163.03
19219 -1155.84
19218.8 -1148.67
19218.6 -1141.5
19218.3 -1134.33
19218.1 -1127.17
19217.9 -1120
19217.7 -1112.84
19217.5 -1105.68
19217.3 -1098.51
19217.1 -1091.34
19216.8 -1084.17
19216.6 -1077
19216.4 -1069.81
19216.2 -1062.62
19216 -1055.42
19215.8 -1048.22
19215.5 -1041
19215.3 -1033.77
19215.1 -1026.53
19214.9 -1019.27
19214.7 -1012
19214.5 -1004.71
19214.2 -997.403
19214 -990.078
19213.8 -982.734
19213.6 -975.369
19213.3 -967.981
19213.1 -960.57
19212.9 -953.135
19212.7 -945.673
19212.4 -938.184
19212.2 -930.666
19212 -923.118
19211.8 -915.539
19211.5 -907.928
19211.3 -900.282
19211.1 -892.602
19210.8 -884.884
19210.6 -877.128
19210.4 -869.332
19210.1 -861.495
19209.9 -853.615
19209.7 -845.691
19209.4 -837.721
19209.2 -829.703
19208.9 -821.636
19208.7 -813.518
19208.5 -805.347
19208.2 -797.122
19208 -788.841
19207.7 -780.501
19207.5 -772.101
19207.2 -763.64
19187.2 -764.54
19167.2 -765.794
19147.3 -767.403
19127.3 -769.372
19107.4 -771.702
19087.5 -774.399
19087.2 -766.755
19067.3 -769.973
19047.4 -773.565
19047.2 -766.16
19027.3 -770.288
19007.4 -774.801
19007.2 -767.641
18987.4 -772.704
18967.5 -778.165
18967.3 -771.259
18947.5 -777.288
18947.3 -770.475
18927.5 -777.086
18927.3 -770.367
18907.5 -777.571
18907.3 -770.95
18887.5 -778.762
18887.3 -772.239
18867.6 -780.674
18867.4 -774.254
18847.6 -783.327
18847.4 -777.013
18827.7 -786.743
18827.5 -780.539
18827.3 -774.248
18807.7 -784.855
18807.5 -778.678
18807.3 -772.409
18787.6 -783.93
18787.4 -777.778
18787.2 -771.531
18767.6 -784.006
18767.4 -777.881
18767.2 -771.656
18747.6 -785.13
18747.5 -779.033
18747.3 -772.831
18742.9 -771.05
18736.7 -771.235
18730.6 -771.417
18724.7 -771.596
18718.8 -771.773
18713.1 -771.946
18707.4 -772.117
18701.8 -772.285
18696.3 -772.451
18690.9 -772.614
18685.5 -772.775
18680.3 -772.933
18675.1 -773.089
18670 -773.243
18664.9 -773.395
18659.9 -773.545
18655 -773.693
18650.2 -773.839
18645.4 -773.983
18640.6 -774.125
18636 -774.266
18631.3 -774.405
18626.8 -774.542
18622.3 -774.678
18617.8 -774.812
18613.4 -774.945
18609 -775.076
18604.7 -775.206
18600.5 -775.334
18596.2 -775.461
18592 -775.587
18587.9 -775.712
18583.8 -775.835
18579.7 -775.957
18575.7 -776.078
18571.7 -776.198
18567.8 -776.317
18563.9 -776.435
18560 -776.552
18556.1 -776.668
18552.3 -776.783
18548.5 -776.897
18544.8 -777.01
18541 -777.122
18537.3 -777.233
18533.6 -777.344
18530 -777.454
18526.4 -777.563
18522.8 -777.671
18519.2 -777.779
18515.6 -777.886
18512.1 -777.992
18508.6 -778.098
18505.1 -778.203
18501.6 -778.307
18498.2 -778.411
18494.7 -778.514
18491.3 -778.617
18487.9 -778.719
18484.5 -778.821
18481.2 -778.922
18477.8 -779.023
18474.5 -779.124
18471.2 -779.224
18467.9 -779.323
18464.6 -779.422
18461.3 -779.521
18458 -779.619
18454.7 -779.717
18451.5 -779.815
18448.3 -779.913
18445 -780.01
18441.8 -780.107
18438.6 -780.203
18435.4 -780.3
18432.2 -780.396
18429 -780.492
18425.8 -780.588
18422.6 -780.683
18419.5 -780.779
18416.3 -780.874
18413.1 -780.969
18410 -781.064
18406.8 -781.159
18403.7 -781.254
18400.5 -781.349
18397.4 -781.443
18394.2 -781.538
18391.1 -781.633
18387.9 -781.727
18384.8 -781.822
18381.6 -781.916
18378.5 -782.011
18375.4 -782.106
18372.2 -782.2
18369.1 -782.295
18365.9 -782.39
18362.7 -782.485
18359.6 -782.58
18356.4 -782.676
18353.2 -782.771
18350.1 -782.866
18346.9 -782.962
18343.7 -783.058
18340.5 -783.154
18337.3 -783.25
18334.1 -783.347
18330.9 -783.444
18327.7 -783.541
18324.4 -783.638
18321.2 -783.736
18317.9 -783.834
18314.6 -783.932
18311.4 -784.031
18308.1 -784.13
18304.8 -784.229
18301.5 -784.329
18298.1 -784.429
18294.8 -784.53
18291.4 -784.631
18288 -784.732
18284.7 -784.834
18281.2 -784.937
18277.8 -785.04
18274.4 -785.144
18270.9 -785.248
18267.4 -785.353
18263.9 -785.458
18260.4 -785.564
18256.8 -785.671
18253.3 -785.778
18249.7 -785.886
18246.1 -785.995
18242.4 -786.105
18238.8 -786.215
18235.1 -786.326
18231.3 -786.438
18227.6 -786.551
18223.8 -786.665
18220 -786.779
18216.2 -786.895
18212.3 -787.012
18208.4 -787.129
18204.4 -787.247
18200.5 -787.367
18196.5 -787.488
18192.4 -787.61
18188.3 -787.733
18184.2 -787.857
18180 -787.982
18175.8 -788.109
18171.6 -788.237
18167.3 -788.366
18162.9 -788.497
18158.5 -788.629
18154.1 -788.762
18149.6 -788.898
18145 -789.034
18140.5 -789.173
18135.8 -789.313
18131.1 -789.454
18126.3 -789.598
18121.5 -789.743
18116.6 -789.89
18111.6 -790.039
18106.6 -790.191
18101.5 -790.344
18096.4 -790.499
18091.1 -790.657
18085.8 -790.817
18080.4 -790.979
18074.9 -791.144
18069.4 -791.311
18063.7 -791.481
18058 -791.653
18052.2 -791.828
18046.3 -792.006
18040.2 -792.188
18034.1 -792.372
18027.9 -792.559
18027.7 -798.465
18027.9 -804.599
18028.1 -810.631
18007.7 -798.507
18007.9 -804.667
18008.1 -810.73
17987.7 -799.598
17987.9 -805.784
17967.6 -795.39
17967.8 -801.692
17968 -807.902
17947.7 -798.425
17947.9 -804.748
17948.1 -810.983
17927.8 -802.386
17928 -808.73
17907.7 -800.792
17907.9 -807.241
17887.7 -799.944
17887.9 -806.495
17888.1 -812.966
17867.9 -806.471
17868.1 -813.043
17847.9 -807.153
17827.7 -801.684
17827.9 -808.525
17807.8 -803.637
17808 -810.57
17787.8 -806.253
17788 -813.278
17767.9 -809.52
17747.8 -806.153
17748 -813.426
17727.9 -810.602
17707.9 -808.156
17708.1 -815.672
17688 -813.755
17668 -812.207
17647.9 -811.026
17648.2 -818.927
17628.1 -818.256
17608.1 -817.943
17588.1 -817.985
17568.1 -818.38
17548.1 -819.124
17528.1 -820.215
17487.9 -814.38
17468 -816.36
17448.1 -818.678
17428.1 -821.334
17388 -817.85
17368.1 -821.371
17328 -819.138
17308.1 -823.512
17268.1 -822.516
17228.1 -822.23
17228.4 -833.278
17228.7 -844.27
17229.1 -855.207
17229.4 -866.091
17229.7 -876.925
17230 -887.709
17230.4 -898.447
17230.7 -909.14
17231 -919.79
17231.3 -930.398
17231.6 -940.968
17232 -951.5
17232.3 -961.996
17232.6 -972.458
17232.9 -982.889
17233.2 -993.289
17233.5 -1003.66
17233.8 -1014
17234.1 -1024.32
17234.5 -1034.62
17234.8 -1044.89
17235.1 -1055.14
17235.4 -1065.38
17235.7 -1075.6
17236 -1085.8
17236.3 -1095.99
17236.6 -1106.16
17236.9 -1116.33
17237.2 -1126.48
17237.5 -1136.63
17237.8 -1146.77
17238.1 -1156.91
17238.4 -1167.04
17238.7 -1177.17
17239 -1187.31
17239.4 -1197.44
17239.7 -1207.58
17240 -1217.72
17240.3 -1227.87
17240.6 -1238.03
17240.9 -1248.19
17241.2 -1258.37
17241.5 -1268.56
17241.8 -1278.76
17242.1 -1288.98
17242.4 -1299.22
17242.7 -1309.47
17243 -1319.75
17243.3 -1330.05
17243.7 -1340.37
17244 -1350.72
17244.3 -1361.09
17244.6 -1371.5
17244.9 -1381.93
17245.2 -1392.4
17245.5 -1402.9
17245.9 -1413.44
17246.2 -1424.01
17246.5 -1434.63
17246.8 -1445.28
17247.1 -1455.98
17247.5 -1466.73
17247.8 -1477.52
17248.1 -1488.36
17248.4 -1499.25
17248.8 -1510.19
17249.1 -1521.19
17249.4 -1532.25
17249.8 -1543.37
17269.9 -1547.43
17309.8 -1543.85
17329.9 -1547.06
17369.8 -1542.24
17389.9 -1544.6
17429.7 -1538.53
17449.7 -1540.03
17469.8 -1541.19
17489.8 -1542.01
17509.9 -1542.49
17529.9 -1542.63
17549.9 -1542.42
17589.6 -1532.34
17609.6 -1531.22
17609.8 -1539.7
17629.8 -1538.09
17649.7 -1536.11
17669.7 -1533.78
17689.6 -1531.07
17709.5 -1528
17709.7 -1535.82
17729.6 -1532.22
17749.5 -1528.24
17749.8 -1535.83
17769.6 -1531.31
17789.5 -1526.4
17789.7 -1533.74
17809.6 -1528.27
17829.4 -1522.4
17829.6 -1529.5
17849.4 -1523.05
17849.6 -1530.06
17869.4 -1523.02
17869.6 -1529.94
17889.4 -1522.3
17889.6 -1529.12
17909.4 -1520.86
17909.6 -1527.59
17929.3 -1518.7
17929.5 -1525.33
17929.7 -1532.05
17949.4 -1522.31
17949.6 -1528.93
17969.3 -1518.52
17969.5 -1525.04
17969.7 -1531.65
17989.4 -1520.33
17989.6 -1526.84
18009.2 -1514.79
18009.4 -1521.19
18009.6 -1527.69
18029.2 -1514.66
18029.4 -1521.04
18029.6 -1527.53
18031.1 -1532.8
18037.6 -1532.6
18044.1 -1532.41
18050.4 -1532.22
18056.7 -1532.03
18062.8 -1531.84
18068.8 -1531.66
18074.8 -1531.48
18080.6 -1531.31
18086.4 -1531.13
18092.1 -1530.96
18097.7 -1530.79
18103.2 -1530.63
18108.6 -1530.46
18114 -1530.3
18119.3 -1530.14
18124.5 -1529.99
18129.7 -1529.83
18134.8 -1529.68
18139.8 -1529.53
18144.8 -1529.38
18149.7 -1529.23
18154.5 -1529.08
18159.3 -1528.94
18164 -1528.8
18168.7 -1528.66
18173.3 -1528.52
18177.9 -1528.38
18182.5 -1528.24
18186.9 -1528.11
18191.4 -1527.98
18195.8 -1527.84
18200.1 -1527.71
18204.4 -1527.58
18208.7 -1527.45
18212.9 -1527.33
18217.1 -1527.2
18221.3 -1527.08
18225.4 -1526.95
18229.5 -1526.83
18233.5 -1526.71
18237.5 -1526.59
18241.5 -1526.47
18245.5 -1526.35
18249.4 -1526.23
18253.3 -1526.11
18257.2 -1526
18261 -1525.88
18264.8 -1525.77
18268.6 -1525.65
18272.4 -1525.54
18276.1 -1525.43
18279.8 -1525.31
18277.5 -1545.39
18281.4 -1545.28
18279.6 -1565.34
18283.6 -1565.22
17746.7 -3635.5
17770.2 -3634.55
17794.5 -3629.67
17817.7 -3628.97
17840.7 -3628.28
17863.6 -3627.59
17886.4 -3626.9
17909.2 -3626.22
17931.8 -3625.54
17954.4 -3624.86
17976.8 -3624.18
17999.2 -3623.51
18021.6 -3622.84
18043.8 -3622.17
17500.8 -7840.4
17560.5 -7839.25
17618.1 -7854.49
17679.6 -7835.02
17737.2 -7850.5
17798 -7831.46
17855.5 -7848.91
17916 -7827.91
17974.8 -7826.14
18033.5 -7824.38
18092.1 -7822.61
18150.7 -7820.85
18209.2 -7819.09
18267.6 -7817.33
18326 -7815.58
18384.3 -7813.82
18442.6 -7812.07
18500.9 -7810.32
18559.1 -7808.56
18617.4 -7806.81
18675.6 -7805.06
18733.9 -7803.31
18792.2 -7801.55
18842.4 -7679.99
18899.7 -7678.27
18957 -7676.54
19014.4 -7674.81
19071.9 -7673.08
19129.4 -7671.35
19187.1 -7669.62
19260.3 -7787.47
19319.2 -7785.7
19378.2 -7783.93
19437.3 -7782.15
19496.5 -7780.36
19555.9 -7778.58
19615.4 -7776.79
19675.1 -7774.99
19735 -7773.19
19795 -7771.38
19855.2 -7769.57
19915.6 -7767.76
19976.3 -7765.93
20037.1 -7764.1
20098.2 -7762.26
20159.5 -7760.42
20221.1 -7758.57
20282.9 -7756.71
20345 -7754.84
20407.4 -7752.96
19165.2 -3588.43
19188.5 -3587.73
19212 -3587.02
19235.6 -3586.32
19259.2 -3585.6
19283.1 -3584.89
19307 -3584.16
19331.1 -3583.44
19355.4 -3582.71
19379.8 -3581.98
19404.3 -3581.24
19429.1 -3580.49
19454 -3579.74
19479 -3578.99
19504.3 -3578.23
19529.7 -3577.47
19555.3 -3576.7
19581.1 -3575.92
19607.2 -3575.14
19633.4 -3574.35
19659.8 -3573.55
19686.5 -3572.75
19713.4 -3571.94
19740.5 -3571.12
19767.9 -3570.3
19795.6 -3569.47
19823.5 -3568.63
19851.6 -3567.78
19880.1 -3566.93
19908.8 -3566.06
19937.8 -3565.19
19967.1 -3564.31
19996.8 -3563.42
20026.7 -3562.51
20057 -3561.6
20087.6 -3560.68
20118.6 -3559.75
20150 -3558.81
20181.7 -3557.85
20213.8 -3556.89
20246.3 -3555.91
20279.2 -3554.92
20312.5 -3553.92
20346.3 -3552.9
20380.5 -3551.87
20415.2 -3550.83
20450.4 -3549.77
20486.1 -3548.69
20522.3 -3547.61
20559 -3546.5
20596.2 -3545.38
20634.1 -3544.24
20672.5 -3543.09
20711.5 -3541.91
21457.4 -4260.92
21464 -4213.44
21508 -4203.52
21575.1 -4215.4
21624.4 -4208.97
21661 -4189.95
21721.1 -4192.15
21776.5 -4189
21822.3 -4176.54
21892.4 -4184.53
21942.7 -4174.27
22015.6 -4182.31
22070.2 -4173.8
22130.2 -4168.94
22189.8 -4162.68
22268 -4170.15
22336.6 -4168.66
22398.5 -4161.03
22467.6 -4157.76
22929.1 -4438.8
23009 -4435.73
23088.9 -4431.28
23189.2 -4439.54
24865.7 -5510.77
25066.1 -5561.82
25104.5 -5503.38
25142.4 -5444.62
25179.7 -5385.51
25216.5 -5326.09
25252.9 -5266.35
25288.6 -5206.29
22277.1 -3384.28
22275.7 -3338.5
22274.3 -3293.2
22278.4 -3251.35
22281.5 -3209.26
22286 -3168.24
22271.6 -3117.9
22279.2 -3079.19
22268 -3031.56
22278.9 -2995.06
22291.7 -2959.53
22387.5 -2961.97
22483.8 -2962.95
22560 -2953.51
