19798.4 6660.01
19721.3 6659.06
19645.1 6658.12
19569.9 6657.19
19550.2 6736.95
19542.6 6836.87
19494.1 6876.27
19419.7 6875.35
19346.1 6874.44
19063.1 6530.91
18995.3 6530.08
18928.2 6529.25
18861.8 6528.43
18796.1 6527.61
18731.1 6526.81
18670.1 6532.33
18614.2 6546.38
18581.2 6603.79
18518.3 6604.06
18447.6 6587.64
18383.3 6582.51
18321.8 6581.75
18260.7 6581
18200.2 6580.25
18140.2 6579.51
18080.7 6578.77
18021.6 6578.04
17963 6577.32
17904.9 6576.6
17847.1 6575.89
17789.8 6575.18
17732.8 6574.47
17676.3 6573.77
17620.1 6573.08
17564.3 6572.39
17508.8 6571.7
17453.7 6571.02
17398.9 6570.34
17344.4 6569.67
17290.2 6569
17236.3 6568.33
17182.7 6567.67
17129.3 6567.01
17076.2 6566.36
17023.4 6565.7
16970.8 6565.05
16918.5 6564.41
16866.3 6563.76
16801.6 6502.96
16762.7 6562.48
16711.2 6561.84
16659.9 6561.21
16608.7 6560.58
16560 6573.88
16509.6 6576.23
16456.2 6558.69
16405.7 6558.07
16355.3 6557.44
16305 6556.82
16254.9 6556.2
16204.8 6555.58
16154.9 6554.97
16105 6554.35
16055.3 6553.73
16005.6 6553.12
15956 6552.51
15906.5 6551.89
15825.5 5828.39
15782.4 5827.86
15758.6 6567.62
15709.1 6567.01
15659.6 6566.39
15610.1 6565.78
15560.7 6565.17
15511.2 6564.56
15461.8 6563.95
15412.3 6563.34
15362.8 6562.72
15313.3 6562.11
15314 5742.06
15330.5 4902.2
15333.3 4422.2
15342.7 3962.28
15342.8 3682.26
15349.9 3382.32
15350.8 3182.32
15350.4 3022.3
15355.3 2842.35
15355 2722.33
15359.7 2582.38
15357.4 2502.35
15363.2 2382.41
15360.5 2322.37
15362.6 2242.39
15362.2 2182.38
15366.9 2102.43
15364.5 2062.4
15362.8 2022.38
15366.4 1962.42
15366.3 1922.41
15366.9 1882.42
15368.1 1842.43
15370.1 1802.45
15367.2 1782.41
15370.4 1742.45
15368.5 1722.43
15372.9 1682.48
15371.8 1662.46
15371 1642.45
15370.6 1622.44
15370.5 1602.44
15370.7 1582.44
15371.3 1562.45
15372.3 1542.46
15373.6 1522.47
15375.3 1502.49
15369.3 1502.42
15371.5 1482.44
15374 1462.47
15376.9 1442.51
15371.4 1442.44
15374.8 1422.48
15369.4 1422.41
15373.4 1402.46
15377.8 1382.51
15372.6 1382.45
15377.6 1362.51
15372.5 1362.45
15378.1 1342.51
15373.2 1342.45
15379.3 1322.53
15374.5 1322.47
15381.2 1302.55
15376.6 1302.49
15371.9 1302.44
15379.4 1282.53
15374.8 1282.47
15382.9 1262.57
15378.5 1262.51
15374.1 1262.46
15369.6 1262.4
15378.8 1242.52
15374.4 1242.46
15370 1242.41
15380 1222.53
15375.8 1222.48
15371.5 1222.42
15367.2 1222.37
15362.8 1222.32
15358.3 1222.26
15353.8 1222.21
15349.2 1222.15
15344.6 1222.09
15339.9 1222.03
15335.1 1221.97
15330.2 1221.91
15325.3 1221.85
15320.3 1221.79
15315.2 1221.73
15310.1 1221.67
15304.8 1221.6
15299.5 1221.53
15294.1 1221.47
15288.6 1221.4
15246.6 1256.34
15246.7 1250.18
15246.7 1244.12
15246.8 1238.17
15246.9 1232.31
15247 1226.54
15247 1220.87
15247.1 1215.28
15247.2 1209.78
15247.2 1204.35
15247.3 1199.01
15247.4 1193.75
15247.4 1188.56
15247.5 1183.44
15247.6 1178.39
15247.6 1173.41
15247.7 1168.49
15247.7 1163.64
15247.8 1158.85
15247.9 1154.12
15247.9 1149.44
15248 1144.83
15227.9 1153.31
15227.9 1148.55
15207.8 1156.4
15207.9 1151.5
15207.9 1146.65
12280.8 2859.83
12273.3 2825.24
12273.8 2786.35
12274.2 2747.84
12274.7 2709.72
12275.2 2671.97
12275.7 2634.57
12276.1 2597.52
12276.6 2560.81
12277 2524.43
12277.5 2488.36
12277.9 2452.61
12278.3 2417.14
12278.8 2381.97
12279.2 2347.08
12279.6 2312.46
12280.1 2278.11
12280.5 2244.01
12280.9 2210.16
12281.3 2176.54
12291.7 2139.46
12282.1 2110
12282.5 2077.06
12282.9 2044.33
12283.3 2011.81
12283.7 1979.48
12223.9 1966.2
12103.8 1970.24
12003.9 1966.26
11883.9 1966.25
11824.1 1947.58
11824.5 1911.95
11825 1876.49
11825.4 1841.2
11825.9 1806.07
11826.3 1771.09
11826.7 1736.26
11827.1 1701.57
11827.6 1667.02
11828 1632.6
11828.4 1598.3
11828.8 1564.11
11829.3 1530.04
11829.7 1496.07
11847.7 1459.62
11836.1 1427.66
11834 1394.36
11833.2 1360.93
11831.8 1327.63
11832.2 1294.18
11832.6 1260.8
11833 1227.48
11833.4 1194.22
11833.8 1161.01
11834.2 1127.84
11834.7 1094.72
11835.1 1061.63
11835.5 1028.58
11835.9 995.549
11836.3 962.541
11836.7 929.548
11837.1 896.566
11837.5 863.59
11837.9 830.614
11838.3 797.634
11838.7 764.646
11839.1 731.643
11839.5 698.619
11840 665.572
11840.4 632.496
11840.8 599.383
11841.2 566.232
11841.6 533.036
11842 499.79
11842.4 466.488
11842.8 433.126
11843.2 399.698
11843.7 366.198
11844.1 332.623
11844.5 298.964
11844.9 265.219
11845.3 231.382
11845.7 197.445
11846.2 163.404
11846.6 129.254
11847 94.9886
11847.4 60.6011
11847.9 26.0866
11848.3 -8.56233
11866.4 -38.8885
11856.9 -76.2454
11859 -110.83
11855.1 -147.181
11858.8 -181.589
12162.4 -126.41
12270.5 -125.951
12385.2 -121.487
12437.1 -135.594
12448.2 -162.685
12433.2 -198.774
9666.1 -1218.6
9784.88 -1233.76
14655.3 544.986
14675.4 543.167
14695.4 541.686
14715.4 540.544
14755.3 548.052
14775.3 547.798
14795.3 547.892
14815.3 548.335
14835.3 549.13
14835.4 540.936
14855.4 542.233
14875.4 543.89
14895.4 545.909
14915.3 548.294
14935.3 551.049
14935.4 543.536
14955.3 546.819
14975.3 550.482
14975.4 543.211
14995.3 547.416
15015.3 552.011
15015.4 544.99
15035.3 550.144
15035.4 543.215
15055.3 548.939
15055.4 542.102
15075.3 548.409
15095.3 555.137
15095.3 548.568
15115.2 555.9
15115.3 549.433
15115.4 542.885
15135.3 551.02
15135.4 544.575
15155.3 553.35
15155.4 547.01
15175.2 556.444
15175.3 550.214
15175.4 543.896
15195.3 554.209
15195.3 548.004
15195.4 541.707
15215.3 552.936
15215.4 546.756
15235.2 558.724
15235.3 552.666
15235.4 546.511
15255.2 559.471
15255.3 553.445
15255.4 547.317
15255.3 540.936
15261.5 541.013
15267.7 541.089
15273.7 541.164
15279.6 541.237
15285.5 541.309
15291.2 541.38
15296.9 541.45
15302.4 541.519
15307.9 541.586
15313.3 541.653
15318.6 541.719
15323.9 541.784
15329.1 541.848
15318.8 521.719
15324.1 521.785
15329.3 521.85
15319.9 501.732
15325.3 501.799
15330.6 501.864
15322.1 481.758
15327.6 481.825
15332.9 481.891
15338.2 481.957
15343.5 482.022
15348.7 482.086
15353.8 482.149
15358.9 482.212
15363.9 482.274
15368.9 482.335
15373.8 482.396
15378.6 482.456
15383.5 482.516
15388.2 482.575
15382.6 462.504
15387.5 462.564
15382.4 442.5
15387.5 442.562
15383 422.505
15388.1 422.569
15393.3 422.632
15398.3 422.695
15403.4 422.757
15408.4 422.819
15413.4 422.881
15418.3 422.942
15423.2 423.002
15428 423.062
15432.9 423.122
15437.7 423.181
15442.4 423.24
15447.2 423.299
15451.9 423.357
15456.5 423.415
15461.2 423.472
15465.8 423.529
15470.4 423.586
15475 423.643
15479.5 423.699
15484.1 423.755
15488.6 423.811
15493 423.866
15497.5 423.921
15502 423.976
15506.4 424.031
15510.8 424.085
15515.2 424.14
15519.6 424.194
15523.9 424.248
15528.3 424.301
15532.6 424.355
15536.9 424.408
15541.2 424.461
15545.5 424.515
15549.8 424.567
15554.1 424.62
15558.3 424.673
15562.6 424.725
15566.8 424.778
15571 424.83
15575.3 424.883
15579.5 424.935
15583.7 424.987
15587.9 425.039
15592.1 425.091
15596.3 425.143
15600.5 425.195
15604.7 425.247
15608.9 425.299
15613.1 425.351
15617.3 425.402
15621.5 425.454
15625.7 425.506
15629.9 425.558
15634.1 425.61
15638.3 425.662
15642.5 425.714
15646.7 425.766
15650.9 425.818
15655.2 425.87
15659.4 425.922
15663.6 425.975
15667.8 426.027
15672.1 426.079
15676.3 426.132
15680.6 426.185
15684.9 426.238
15689.2 426.291
15693.5 426.344
15697.8 426.397
15702.1 426.45
15706.4 426.504
15710.8 426.558
15715.1 426.612
15719.5 426.666
15723.9 426.72
15728.3 426.774
15732.7 426.829
15737.2 426.884
15741.7 426.939
15746.1 426.995
15750.7 427.051
15755.2 427.107
15759.7 427.163
15764.3 427.22
15768.9 427.277
15773.6 427.334
15778.2 427.391
15782.9 427.449
15787.6 427.507
15792.3 427.566
15797.1 427.625
15801.9 427.684
15806.7 427.744
15811.6 427.804
15816.5 427.865
15821.5 427.926
15826.4 427.987
15831.4 428.049
15836.5 428.112
15841.6 428.175
15846.7 428.238
15851.9 428.302
15857.1 428.367
15862.4 428.432
15867.7 428.498
15873.1 428.564
15878.5 428.631
15883.9 428.698
15889.5 428.767
15895 428.836
15900.7 428.905
15906.4 428.976
15912.1 429.047
15917.9 429.119
15923.8 429.191
15929.7 429.265
15935.8 429.339
15941.8 429.414
15948 429.49
15954.2 429.567
15960.5 429.645
15966.9 429.724
15973.4 429.804
15979.9 429.885
15986.6 429.967
15993.3 430.05
16000.1 430.135
16007 430.22
16014 430.307
16021.2 430.395
16028.4 430.484
16035.7 430.575
16043.2 430.667
16050.7 430.76
16058.4 430.855
16066.2 430.952
16074.1 431.05
16082.2 431.15
16090.4 431.251
16096.8 433.232
16096.7 441.515
16096.6 449.658
16116.8 439.012
16116.7 447.216
16136.8 437.285
16136.7 445.547
16156.8 436.309
16156.7 444.626
16176.8 436.058
16176.7 444.429
17196.9 -363.861
17218.1 -357.94
17244.6 -355.847
17272.1 -354.042
17320.7 -367.544
17343.5 -361.095
17373.5 -359.558
17417 -367.053
17448.7 -365.499
17481.6 -364.193
17506.3 -356.919
17561.2 -369.01
17586.7 -361.198
17623.4 -360.063
17649.9 -351.964
17688.8 -351.016
17729.1 -350.272
17777.6 -353.55
17820.4 -352.726
17870.1 -354.993
17915.5 -354.081
17966.5 -355.348
18014.9 -354.339
18067.4 -354.616
18119 -353.499
18173.2 -352.794
18228.2 -351.56
18284.3 -349.88
18343.3 -348.517
18401.6 -345.866
18484.9 -353.17
18545.6 -349.34
18613.6 -347.476
18677.2 -342.683
18750.6 -340.654
18857.7 -350.444
18916.9 -340.259
19007.8 -340.704
19094 -337.897
19209.4 -343.75
19303.4 -340.333
19404 -337.456
19527.1 -339.997
19633.9 -335.365
19743.3 -329.67
19901.8 -336.294
20019.3 -328.651
20170.9 -328.22
20338.3 -329.289
20485.6 -322.342
20665.1 -320.688
20871.4 -322.168
21066 -317.398
21307.8 -319.424
21529.1 -312.991
21772.1 -306.992
22065.6 -306.257
22356.2 -299.885
22410.3 -248.328
22396.9 -185.14
22403.5 -125.385
22401.9 -64.5215
22407.1 -4.72703
22391.3 57.6343
22400.8 116.639
22386.8 178.221
22386 238.135
22385.3 297.933
22384.6 357.621
22684.1 395.572
23595 400.012
23599.1 469.802
23602.6 539.623
23605.5 609.474
23607.8 679.345
23609.4 749.237
23610.5 819.141
23610.9 889.048
23610.8 958.959
23610 1028.86
23608.6 1098.76
23606.6 1168.64
23604 1238.5
23600.8 1308.34
23597 1378.14
23592.5 1447.91
22371.4 1424.29
22370.6 1483.7
22369.9 1543.18
22369.2 1602.74
22368.4 1662.4
22367.7 1722.17
22367 1782.04
22366.2 1842.04
22365.5 1902.18
22364.7 1962.45
22364 2022.88
22363.2 2083.46
22362.5 2144.23
22361.7 2205.16
22361 2266.3
22360.2 2327.63
22359.5 2389.18
22358.7 2450.95
22357.9 2512.95
22357.2 2575.21
22356.4 2637.71
22355.6 2700.48
22354.8 2763.53
22354 2826.87
22353.3 2890.51
22352.5 2954.46
22351.7 3018.74
22350.9 3083.36
22350.1 3148.33
22349.3 3213.66
22348.4 3279.36
22347.6 3345.46
22346.8 3411.96
22346 3478.88
22345.2 3546.23
22344.3 3614.03
22343.5 3682.29
22342.6 3751.02
22341.8 3820.25
22340.9 3889.98
22340 3960.24
22339.2 4031.05
22338.3 4102.4
22337.4 4174.34
22336.5 4246.87
22335.6 4320.01
22334.7 4393.79
22333.8 4468.22
22332.8 4543.32
22331.9 4619.11
22330.9 4695.61
22330 4772.86
22329 4850.86
22328 4929.64
22437.4 5076.65
22400.7 5136.15
22363.5 5195.32
22325.7 5254.16
22287.5 5312.67
22248.7 5370.85
21548.9 4975.87
21439.8 4976.41
21333 4976.66
21208.5 4962.24
21105.9 4961.61
21005.3 4960.66
20985.9 5020.06
20889 5019.55
20793.9 5018.72
20700.5 5017.56
20608.6 5016.07
20518.4 5014.24
20429.6 5012.07
20342.3 5009.55
20256.3 5006.67
20191.5 5021.21
20126.6 5034.8
20046.6 5033.4
19946.8 5011.87
19906.4 5045.39
19905.5 5117.54
19904.6 5190.91
19903.7 5265.53
19897 5335.53
21039.4 6615.35
20950.7 6621.27
20813.2 6572.55
20719.2 6568.65
20614.5 6551.03
20532 6556.63
20439.8 6549.61
20382.5 6582.28
20385.1 6687.27
20398.2 6807.44
20199.8 6664.97
20117.3 6663.95
20035.9 6662.95
19955.7 6661.96
19876.5 6660.98
19798.4 6660.01
