22518.2 -4248.23
22518.5 -4269.12
22518.7 -4290.06
22518.9 -4311.07
22519.2 -4332.14
22519.4 -4353.28
22519.7 -4374.49
22519.9 -4395.77
22520.1 -4417.14
22528.5 -4436.62
22536.6 -4456.1
22521.5 -4481.57
22620.1 -4476.65
22696.2 -4476.28
22770 -4475.24
22841.7 -4473.51
22899.1 -4474.96
22965.2 -4472.65
23029.7 -4469.65
23073.1 -4472.67
23134.8 -4468.55
23174.1 -4471.36
23212.4 -4473.84
23249.9 -4475.99
23246.7 -4493.25
23254.7 -4506.2
23248.8 -4524.83
23242.2 -4543.93
23255 -4555.01
23254.4 -4571.82
23245.1 -4592.64
23255.4 -4604.84
23245.4 -4626.49
23257.7 -4637.74
23246 -4660.68
23253.9 -4674.17
23261.6 -4687.77
23249.1 -4711.93
23254.6 -4726.88
23260.7 -4741.54
23246.8 -4767.45
23248.6 -4784.87
23253.4 -4800.67
23258.2 -4816.62
23262.7 -4832.74
23260.5 -4853.17
23264.2 -4870.12
23247.9 -4900
23251.4 -4917.56
23265.5 -4928.21
22474.3 -5485.68
22477.1 -5514.24
22479.9 -5543.14
22491 -5566.32
22552.7 -5552.66
22594.4 -5552.57
22623.2 -5561.57
22664.4 -5560.62
22705.5 -5558.96
22752.1 -5552.17
22792.7 -5549.36
22813.5 -5562.25
22858.2 -5554.7
22898.3 -5550.23
22938.5 -5545
22948 -5566.2
22988 -5560.03
23008.1 -5571.32
23048 -5563.87
23087.9 -5555.59
23113.1 -5560.74
23153 -5551.03
23173.1 -5560.37
24256.9 -4479.62
24267.2 -4479.5
24277.4 -4479.38
24287.5 -4479.27
24297.3 -4479.16
24307 -4479.05
24316.6 -4478.94
24326 -4478.83
24335.3 -4478.73
24344.4 -4478.62
24353.4 -4478.52
24362.2 -4478.42
24370.9 -4478.32
24379.5 -4478.23
24388 -4478.13
24396.4 -4478.04
24404.7 -4477.94
24412.8 -4477.85
24420.9 -4477.76
24428.8 -4477.67
24436.7 -4477.58
24444.4 -4477.49
24452.1 -4477.4
24459.7 -4477.32
24467.1 -4477.23
24474.5 -4477.15
24481.9 -4477.07
24489.1 -4476.99
24496.3 -4476.9
24503.4 -4476.82
24510.4 -4476.74
24517.3 -4476.67
24524.2 -4476.59
24531 -4476.51
24537.8 -4476.43
24544.4 -4476.36
24551.1 -4476.28
24557.6 -4476.21
24564.1 -4476.14
24570.6 -4476.06
24577 -4475.99
24583.3 -4475.92
24589.6 -4475.85
24595.9 -4475.78
24602.1 -4475.71
24608.3 -4475.64
24614.4 -4475.57
24620.4 -4475.5
24626.5 -4475.43
24632.5 -4475.36
24638.4 -4475.29
24644.3 -4475.23
24650.2 -4475.16
24656 -4475.09
24661.8 -4475.03
24667.6 -4474.96
24673.4 -4474.9
24679.1 -4474.83
24684.8 -4474.77
24690.4 -4474.71
24696 -4474.64
24701.6 -4474.58
24707.2 -4474.51
24712.8 -4474.45
24718.3 -4474.39
24723.8 -4474.33
24729.3 -4474.26
24734.8 -4474.2
24740.2 -4474.14
24745.6 -4474.08
24751 -4474.02
24756.4 -4473.96
24761.8 -4473.9
24767.2 -4473.84
24772.5 -4473.78
24777.9 -4473.71
24783.2 -4473.65
24788.5 -4473.59
24793.8 -4473.53
24799.1 -4473.47
24804.4 -4473.41
24809.7 -4473.35
24814.9 -4473.29
24820.2 -4473.24
24825.5 -4473.18
24830.7 -4473.12
24836 -4473.06
24841.2 -4473
24846.5 -4472.94
24851.7 -4472.88
24856.9 -4472.82
24862.2 -4472.76
24867.4 -4472.7
24872.7 -4472.64
24877.9 -4472.58
24883.2 -4472.52
24888.4 -4472.46
24893.7 -4472.4
24899 -4472.34
24904.2 -4472.28
24909.5 -4472.22
24914.8 -4472.16
24920.1 -4472.1
24925.4 -4472.04
24930.7 -4471.98
24936.1 -4471.92
24941.4 -4471.86
24946.8 -4471.8
24952.1 -4471.74
24957.5 -4471.68
24962.9 -4471.62
24968.3 -4471.56
25657.8 -7751.93
25693.1 -7751.53
25728.6 -7751.13
25764.2 -7750.73
25799.9 -7750.32
25837.2 -7755.08
25872.2 -7750.69
25910.1 -7756.27
25949 -7764.8
25764.6 -7007.54
25778.8 -6955.64
25806.7 -6950.48
25836.6 -6951.59
25868.6 -6958.45
25896.3 -6951.72
25931.8 -6966.98
25940.7 -6907.13
25935.5 -6811.7
25937.6 -6740.14
25477.5 -5485.86
25477.8 -5445.85
25477.4 -5405.85
25476.3 -5365.86
25474.5 -5325.88
25472 -5285.9
25477.8 -5265.84
25474 -5225.88
25478.9 -5205.82
25473.9 -5165.88
25468.2 -5125.94
25475.8 -5113.82
25479.1 -5093.78
25471.6 -5053.87
25463.4 -5013.96
25465.3 -4993.93
25455.7 -4954.04
25456.8 -4934.03
25457.4 -4914.02
25469.6 -4913.88
25469.9 -4893.88
25469.7 -4873.88
25469.3 -4853.88
25468.5 -4833.89
25467.3 -4813.9
25465.7 -4793.92
25463.8 -4773.94
25461.6 -4753.96
25458.9 -4733.99
25470.2 -4733.86
25452.4 -4694.06
25463.5 -4693.94
25459.5 -4673.98
25470.6 -4673.85
25466.1 -4653.9
25461.2 -4633.96
25472.2 -4633.83
25483.2 -4633.71
25494.5 -4633.58
25505.9 -4633.45
25517.5 -4633.32
25529.2 -4633.19
25541.2 -4633.05
25553.3 -4632.91
25565.6 -4632.77
25578.1 -4632.63
25590.8 -4632.49
25603.8 -4632.34
25616.9 -4632.19
25626.8 -4628.65
25630.4 -4618.97
25634.1 -4609.44
25637.8 -4600.08
25641.6 -4590.86
25625.2 -4563.81
25631.6 -4557.28
25636 -4549.11
25640.5 -4541.07
25624.9 -4516.39
25629.7 -4508.88
25634.5 -4501.47
25639.4 -4494.17
25629.7 -4475.52
25635.3 -4468.97
25620.9 -4447.49
25626.8 -4441.39
25632.8 -4435.36
25639 -4429.4
25625.2 -4409.58
25631.7 -4404.03
25627.6 -4391.37
25635 -4386.45
25622.4 -4368.66
25630.3 -4364.09
25638.3 -4359.58
25626.4 -4342.93
25634.9 -4338.74
25623.6 -4322.89
25632.6 -4319.02
25656.9 -4323.55
25667.2 -4319.97
25677.8 -4316.42
25708.9 -4323.44
25720.3 -4319.72
25732 -4316.03
25764.2 -4322.24
25776.8 -4318.39
25809.9 -4324
25839.3 -4327.31
25839.2 -4316.82
25899.4 -4332.82
25919.4 -4330.46
25919.3 -4319.38
25919.1 -4308.39
25919 -4297.48
25918.9 -4286.65
25918.8 -4275.89
25918.6 -4265.2
25918.5 -4254.59
25918.4 -4244.04
25918.3 -4233.56
25918.2 -4223.15
25918.1 -4212.79
25917.9 -4202.5
25917.8 -4192.26
25917.7 -4182.08
25917.6 -4171.95
25917.5 -4161.87
25917.4 -4151.85
25917.3 -4141.87
25917.1 -4131.94
25917 -4122.05
25916.9 -4112.2
25916.8 -4102.39
25916.7 -4092.63
25916.6 -4082.9
25916.5 -4073.2
25916.4 -4063.54
25916.3 -4053.91
25916.1 -4044.31
25916 -4034.74
25915.9 -4025.2
25915.8 -4015.68
25915.7 -4006.19
25915.6 -3996.72
25915.5 -3987.27
25915.4 -3977.84
25915.3 -3968.43
25915.2 -3959.03
25915.1 -3949.66
25915 -3940.29
25914.9 -3930.94
25914.8 -3921.59
25914.6 -3912.26
25914.5 -3902.93
25914.4 -3893.61
25914.3 -3884.3
25914.2 -3874.99
25914.1 -3865.68
25914 -3856.37
25913.9 -3847.06
25913.8 -3837.75
25913.7 -3828.44
25913.6 -3819.12
25913.5 -3809.8
25913.4 -3800.46
25913.3 -3791.12
25913.2 -3781.77
25913.1 -3772.4
25913 -3763.02
25912.9 -3753.63
25912.7 -3744.22
25912.6 -3734.79
25912.5 -3725.34
25912.4 -3715.87
25912.3 -3706.38
25912.2 -3696.86
25912.1 -3687.32
25912 -3677.75
25911.9 -3668.16
25911.8 -3658.53
25911.7 -3648.87
25911.6 -3639.18
25911.4 -3629.45
25911.3 -3619.68
25911.2 -3609.88
25911.1 -3600.03
25911 -3590.15
25910.9 -3580.22
25910.8 -3570.24
25910.7 -3560.21
25910.5 -3550.14
25910.4 -3540.01
25910.3 -3529.83
25910.2 -3519.6
25910.1 -3509.31
25928.8 -3492.31
25911.3 -3488.01
25914.6 -3476.26
25918.6 -3464.08
25910.7 -3456.43
25917.5 -3442.96
25924.9 -3429.03
25912.9 -3423.06
25921.3 -3408.43
25910.2 -3402.16
25919.5 -3386.8
25909.3 -3380.21
25919.4 -3364.11
25909.9 -3357.19
25919.3 -3341.03
25911.4 -3333.32
25923.6 -3315.23
25916.3 -3307.17
25909.1 -3299.02
25922.1 -3279.82
25915.4 -3271.29
25908.9 -3262.67
25922.5 -3242.3
25922.1 -3229.86
25916.9 -3220.26
25911.8 -3210.55
25906.8 -3200.75
25921.8 -3177.97
25917.1 -3167.69
25912.5 -3157.3
25888.2 -3160.39
25864 -3163.87
25851 -3159.82
25827.5 -3163.55
25824 -3153.03
25800.7 -3157.29
25777.5 -3161.95
25754.4 -3167.02
25751.2 -3156.77
25728.2 -3162.39
25720.3 -3156.12
25697.9 -3162.02
25675.5 -3168.35
25673 -3157.94
25650.8 -3164.86
25648.4 -3154.44
25626.3 -3161.96
25602.2 -3171.78
25600.3 -3161.17
25578.7 -3169.46
25576.9 -3158.84
25555.3 -3167.77
25553.6 -3157.12
25545.4 -3152.91
25533.2 -3153.05
25521.2 -3153.18
25509.4 -3153.32
25497.8 -3153.45
25486.4 -3153.58
25475.1 -3153.7
25464.1 -3153.83
25453.2 -3153.95
25442.4 -3154.08
25431.8 -3154.19
25421.4 -3154.31
25411.1 -3154.43
25401 -3154.54
25391 -3154.66
25372.1 -3166.9
25362.5 -3167.01
25353.1 -3167.12
25343.7 -3167.22
25334.5 -3167.33
25325.4 -3167.43
25316.4 -3167.53
25307.6 -3167.63
25298.8 -3167.73
25290.1 -3167.83
25281.5 -3167.93
25273 -3168.02
25264.6 -3168.12
25256.3 -3168.21
25248.1 -3168.31
25239.9 -3168.4
25231.9 -3168.49
25223.9 -3168.58
25216 -3168.67
25208.1 -3168.76
25200.4 -3168.85
25192.7 -3168.93
25185 -3169.02
25177.5 -3169.11
25170 -3169.19
25162.5 -3169.27
25155.2 -3169.36
25147.9 -3169.44
25140.6 -3169.52
25133.4 -3169.6
25126.2 -3169.69
25119.1 -3169.77
25112.1 -3169.85
25105 -3169.93
25098.1 -3170
25091.2 -3170.08
25084.3 -3170.16
25077.4 -3170.24
25070.7 -3170.31
25063.9 -3170.39
25057.2 -3170.47
25050.5 -3170.54
25043.8 -3170.62
25037.2 -3170.69
25030.7 -3170.77
25024.1 -3170.84
25017.6 -3170.92
25011.1 -3170.99
24955.7 -3391.63
24951.3 -3391.68
24946.9 -3391.73
24942.5 -3391.78
24938.1 -3391.83
24933.8 -3391.88
24929.5 -3391.93
24925.1 -3391.98
24920.8 -3392.03
24916.5 -3392.07
24912.2 -3392.12
24908 -3392.17
24903.7 -3392.22
24899.4 -3392.27
24895.2 -3392.32
24894.5 -3352.32
24893 -3312.34
24892.3 -3252.34
24891.7 -3172.34
24885.6 -3172.41
24879.4 -3172.48
24873.3 -3172.55
24867.2 -3172.62
24861.1 -3172.69
24854.9 -3172.76
24848.8 -3172.83
24842.7 -3172.9
24836.6 -3172.97
24830.5 -3173.04
24824.4 -3173.1
24818.2 -3173.17
24812.1 -3173.24
24806 -3173.31
24799.8 -3173.38
24793.7 -3173.45
24787.6 -3173.52
24781.4 -3173.59
24775.2 -3173.66
24769.1 -3173.73
24762.9 -3173.8
24756.7 -3173.87
24750.5 -3173.94
24744.2 -3174.01
24738 -3174.08
24731.7 -3174.15
24725.5 -3174.22
24719.2 -3174.3
24712.8 -3174.37
24706.5 -3174.44
24700.2 -3174.51
24693.8 -3174.58
24687.4 -3174.66
24681 -3174.73
24674.5 -3174.8
24668 -3174.88
24661.5 -3174.95
24655 -3175.02
24648.4 -3175.1
24641.8 -3175.17
24635.2 -3175.25
24628.5 -3175.32
24621.9 -3175.4
24615.1 -3175.47
24608.3 -3175.55
24601.5 -3175.63
24594.7 -3175.71
24587.8 -3175.78
24580.8 -3175.86
24573.9 -3175.94
24566.8 -3176.02
24559.7 -3176.1
24552.6 -3176.18
24545.4 -3176.26
24538.2 -3176.35
24530.9 -3176.43
24523.6 -3176.51
24516.2 -3176.6
24508.7 -3176.68
24501.2 -3176.77
24493.6 -3176.85
24485.9 -3176.94
24478.2 -3177.03
24470.4 -3177.11
24462.5 -3177.2
24454.6 -3177.29
24446.6 -3177.38
24438.5 -3177.48
24430.3 -3177.57
24422 -3177.66
24413.7 -3177.76
24405.2 -3177.85
24396.7 -3177.95
24388.1 -3178.05
24392.7 -3197.99
24397.8 -3217.94
24389.4 -3218.03
24395.1 -3237.97
24386.7 -3238.07
24392.9 -3258
24399.6 -3277.92
24391.5 -3278.01
24398.7 -3297.93
24390.6 -3298.02
24398.5 -3317.94
24390.5 -3318.03
24399 -3337.93
24391.1 -3338.02
24400.2 -3357.92
24392.3 -3358.01
24402.2 -3377.9
24394.4 -3377.99
24386.4 -3378.08
24397.2 -3397.96
24389.3 -3398.05
24381.2 -3398.14
24373.1 -3398.23
24364.8 -3398.32
24363.6 -3405.43
24363.7 -3413.62
24343.6 -3402.88
24343.7 -3411.14
24323.6 -3401.11
24323.7 -3409.42
23919.8 -3067.4
23899.7 -3064.46
23899.9 -3078.8
23879.9 -3076.33
23859.9 -3074.25
23839.8 -3072.55
23819.8 -3071.23
23799.8 -3070.27
23779.8 -3069.68
23759.8 -3069.45
23739.8 -3069.56
23719.8 -3070.03
23699.8 -3070.84
23679.8 -3071.99
23659.8 -3073.48
23639.9 -3075.3
23619.9 -3077.45
23599.9 -3079.92
23579.9 -3082.72
23539.8 -3073.54
23519.9 -3077.21
23499.9 -3081.2
23459.8 -3073.91
23439.9 -3078.74
23419.9 -3083.88
23379.9 -3078.43
23320.8 -3063.68
23299.7 -3069.73
23258.3 -3065.85
23217.8 -3063.14
23195.6 -3070.07
23153.3 -3067.74
23110.9 -3066.13
23189 -3119.96
23202.9 -3143.53
23199.3 -3159.14
23195.6 -3174.63
23191.8 -3190.01
23139.4 -3185.82
23113.9 -3193.12
23047.9 -3185.38
23001.8 -3186.22
22962.1 -3190.16
22914 -3191.81
22865.5 -3194.16
22796.5 -3190.52
22747.1 -3194.43
22675.7 -3192.3
22623.3 -3197.22
22550.3 -3196.92
22516.6 -3209.09
22512.5 -3229.96
22514.8 -3252.48
22515.9 -3274.56
22515.8 -3296.2
22514.2 -3317.41
22507.9 -3337.49
22499.6 -3357.15
22388.8 -3355.33
22395.9 -3379.15
22400 -3402.22
22358.2 -3416.72
17338.8 -2565.19
17339.6 -2632.83
17340.4 -2700.27
17341.1 -2767.51
17341.9 -2834.56
17342.7 -2901.43
17343.4 -2968.14
17344.2 -3034.7
17344.9 -3101.12
17345.7 -3167.4
17346.4 -3233.56
20750.3 -3559.67
20750.7 -3595.7
20550.7 -3619.88
20091.1 -3634.53
19431.3 -3648.92
17931.1 -3647.45
17351.6 -3694.14
17352.4 -3759.69
17353.1 -3825.21
17353.9 -3890.72
17354.6 -3956.21
17355.3 -4021.7
17356.1 -4087.21
17356.8 -4152.73
17357.6 -4218.28
17358.3 -4283.87
17359.1 -4349.51
17359.8 -4415.22
17360.5 -4480.99
17361.3 -4546.84
17362 -4612.78
21577.9 -4225.03
21917.8 -4214.37
22057.9 -4222.8
22317.8 -4212.7
22517.8 -4206.62
22518 -4227.4
22518.2 -4248.23
