23726.1 -3083.93
23705.6 -3084.32
23685.1 -3084.71
23664.7 -3085.09
23644.3 -3085.48
23623.8 -3085.87
23603.4 -3086.26
23582.9 -3086.65
23562.5 -3087.04
23542 -3087.43
23521.5 -3087.82
23501 -3088.21
23480.5 -3088.6
23460 -3088.99
23439.4 -3089.38
23418.8 -3089.77
23398.2 -3090.17
23377.5 -3090.56
23356.8 -3090.96
23336.1 -3091.35
23315.3 -3091.75
23294.4 -3092.14
23273.5 -3092.54
23252.6 -3092.94
23231.6 -3093.34
23210.5 -3093.74
23189.3 -3094.14
23194.3 -3214.07
23174.1 -3214.45
23153.8 -3214.84
23133.5 -3215.23
23113.1 -3215.62
23092.6 -3216.01
23072 -3216.4
23051.3 -3216.79
23030.5 -3217.19
23009.6 -3217.59
22988.6 -3217.99
22967.5 -3218.39
22946.3 -3218.79
22925.3 -3220.06
22910.3 -3239.03
22887.7 -3236
22864.4 -3231.63
22838.9 -3222.17
22821.7 -3234.77
22801.5 -3239.56
22779.9 -3241.13
22752.7 -3229.74
22728.7 -3226.75
22708.8 -3233.36
22682.6 -3226.31
22661.7 -3231.35
22642.6 -3240.5
23246 -4532.7
23246.3 -4552.7
23256.9 -4592.5
23258.1 -4612.48
23249.1 -4612.65
23250.8 -4632.63
23252.8 -4652.59
23255.2 -4672.55
23258 -4692.5
23249.5 -4692.66
23252.8 -4712.6
23256.5 -4732.54
23260.5 -4752.46
23252.4 -4752.62
23257 -4772.53
23249 -4772.69
23254.1 -4792.59
23259.7 -4812.49
23251.9 -4812.64
23258 -4832.52
23264.6 -4852.4
23257 -4852.55
23249.4 -4852.69
23256.7 -4872.56
23264.4 -4892.41
23257 -4892.55
23265.4 -4912.4
23258.1 -4912.54
23250.7 -4912.68
23259.9 -4932.51
23252.5 -4932.65
23262.4 -4952.46
23255.2 -4952.6
23265.7 -4972.4
23258.6 -4972.54
23269.8 -4992.33
23262.8 -4992.46
23255.6 -4992.6
23248.2 -4992.74
23240.8 -4992.88
23233.2 -4993.03
23230.5 -4997.91
23230.6 -5005.45
23210.4 -4994.14
23210.6 -5001.76
23210.7 -5009.26
23190.5 -4998.9
23190.6 -5006.48
23170.5 -4996.83
23170.6 -5004.48
23170.7 -5012.02
23150.6 -5003.24
23150.7 -5010.86
23130.6 -5002.74
23130.7 -5010.42
23110.6 -5002.95
23110.7 -5010.71
23090.6 -5003.85
23090.7 -5011.68
23070.6 -5005.43
23070.7 -5013.33
23050.6 -5007.67
23030.5 -5002.44
23030.7 -5010.56
23010.6 -5005.9
22990.5 -5001.64
22990.7 -5009.98
22970.6 -5006.27
22950.5 -5002.96
22950.7 -5011.5
22930.6 -5008.72
22910.6 -5006.32
22890.5 -5004.29
22890.7 -5013.19
22870.7 -5011.67
22850.7 -5010.52
22830.6 -5009.74
22810.6 -5009.31
22790.6 -5009.24
22770.6 -5009.51
22750.6 -5010.14
22730.6 -5011.11
22710.7 -5012.43
22690.7 -5014.09
22670.7 -5016.08
22630.6 -5010.45
22610.7 -5013.32
22590.7 -5016.52
22550.6 -5012.7
22530.7 -5016.75
22490.7 -5014.18
22470.7 -5019.08
22471 -5030.86
22471.2 -5042.58
22471.4 -5054.22
22471.6 -5065.8
22471.9 -5077.31
22472.1 -5088.77
22472.3 -5100.16
22472.5 -5111.49
22472.7 -5122.77
22472.9 -5134
22473.1 -5145.17
22473.4 -5156.3
22473.6 -5167.38
22473.8 -5178.41
22474 -5189.4
22474.2 -5200.35
22474.4 -5211.26
22474.6 -5222.14
22474.8 -5232.97
22475 -5243.78
22475.2 -5254.55
22475.4 -5265.29
22475.6 -5276
22475.8 -5286.69
22476 -5297.35
22476.2 -5307.98
22476.5 -5318.6
22476.7 -5329.2
22476.9 -5339.77
22477.1 -5350.33
22477.3 -5360.88
22477.5 -5371.41
22477.7 -5381.93
22477.9 -5392.45
22478.1 -5402.95
22478.3 -5413.44
22478.5 -5423.94
22478.7 -5434.42
22478.9 -5444.91
22479.1 -5455.39
22479.3 -5465.88
22479.5 -5476.37
22479.7 -5486.86
22479.9 -5497.36
22480.1 -5507.87
22480.3 -5518.38
22480.5 -5528.91
22480.7 -5539.45
22480.9 -5550
22481.1 -5560.57
22481.3 -5571.16
22481.5 -5581.76
22481.7 -5592.39
22481.9 -5603.04
22482.1 -5613.71
22522.2 -5617.75
22582.2 -5617.6
22642.1 -5616.39
22702.1 -5614.14
22762.1 -5610.83
22802.1 -5610.7
22842.1 -5609.86
22862.1 -5612.92
22902.1 -5610.87
22942 -5608.11
22962.1 -5609.78
23002 -5605.79
23022 -5606.59
23042 -5607.05
23062 -5607.17
23082 -5606.93
23102 -5606.35
23122 -5605.41
23142 -5604.12
23162 -5602.48
23162.1 -5607.51
23182 -5605.34
23202 -5602.81
23221.9 -5599.92
23222 -5604.48
23242 -5601.05
23242 -5605.47
23262 -5601.5
23262.1 -5605.78
23262.1 -5610.09
23262.2 -5614.43
23262.3 -5618.8
23262.4 -5623.21
23262.5 -5627.65
23262.6 -5632.13
23262.6 -5636.65
23262.7 -5641.21
23262.8 -5645.8
23262.9 -5650.44
23263 -5655.12
23263.1 -5659.84
23263.2 -5664.6
23263.3 -5669.42
23263.4 -5674.28
23263.5 -5679.19
23263.6 -5684.15
23263.6 -5689.16
23263.7 -5694.23
23263.8 -5699.35
23263.9 -5704.53
23264 -5709.77
23264.1 -5715.06
23264.2 -5720.43
23264.3 -5725.85
23264.4 -5731.34
23264.6 -5736.91
23264.7 -5742.54
23264.8 -5748.24
23264.9 -5754.02
23265 -5759.88
23265.1 -5765.82
23265.2 -5771.84
23265.3 -5777.95
23265.5 -5784.15
23265.6 -5790.44
23265.7 -5796.82
23265.8 -5803.3
23265.9 -5809.88
23266.1 -5816.56
23266.2 -5823.35
23266.3 -5830.26
23266.5 -5837.27
23266.6 -5844.41
23266.7 -5851.67
23273.2 -5852.42
23280.3 -5852.28
23268.8 -5872.51
23276 -5872.37
23283.2 -5872.23
23272.5 -5892.44
23279.8 -5892.3
23269.8 -5912.49
23277.2 -5912.36
23284.4 -5912.22
23275.3 -5932.39
23282.6 -5932.25
23274.3 -5952.42
23281.7 -5952.28
23273.9 -5972.43
23281.4 -5972.29
23274.3 -5992.42
23281.9 -5992.28
23275.4 -6012.41
23283 -6012.26
23277.1 -6032.38
23284.8 -6032.23
23279.5 -6052.34
23274.6 -6072.43
23282.6 -6072.28
23278.2 -6092.37
23286.2 -6092.22
23282.5 -6112.29
23279.1 -6132.36
23287.3 -6132.2
23284.5 -6152.26
23282 -6172.31
23280 -6192.35
23288.5 -6192.19
23287 -6212.22
23285.8 -6232.25
23284.9 -6252.27
23284.5 -6272.28
23284.3 -6292.29
23284.6 -6312.29
23285.1 -6332.28
23286.1 -6352.27
23287.3 -6372.25
23289 -6392.22
23290.9 -6412.18
23285.5 -6452.29
23288.3 -6472.24
23291.5 -6492.19
23287.9 -6532.26
23285 -6572.33
23101.6 -7155.92
23118.5 -7155.6
23135.3 -7155.28
23151.9 -7154.96
23168.5 -7154.65
23185 -7154.33
23201.4 -7154.02
23217.7 -7153.71
23233.9 -7153.4
23250.1 -7153.1
23266.1 -7152.79
23282.1 -7152.49
23298.1 -7152.18
23301.2 -7212.13
23301.3 -7292.15
23302.8 -7372.13
23305.8 -7452.09
23306.6 -7552.09
23279.1 -7832.67
23300.8 -7832.25
23322.4 -7831.84
23343.9 -7831.43
23365.4 -7831.02
23386.8 -7830.62
23408.1 -7830.21
23429.5 -7829.8
23450.7 -7829.4
23471.9 -7829
23493.1 -7828.59
23514.3 -7828.19
23535.4 -7827.79
23556.5 -7827.39
23577.5 -7826.99
23598.6 -7826.59
23619.6 -7826.19
23640.6 -7825.79
23661.6 -7825.39
23682.5 -7824.99
23703.5 -7824.59
23724.5 -7824.19
23745.5 -7823.79
23766.4 -7823.39
23787.4 -7822.99
23808.4 -7822.59
23829.4 -7822.19
23849 -7802.44
23869.9 -7802.04
23890.8 -7801.65
23911.7 -7801.25
23932.7 -7800.85
23953.6 -7800.45
23974.6 -7800.05
23995.7 -7799.65
24016.8 -7799.25
24037.9 -7798.85
24059.1 -7798.44
24080.4 -7798.04
24101.6 -7797.63
24123 -7797.23
24160.1 -7876.53
24170 -7816.34
24161.8 -7676.47
24182.3 -7676.07
24203 -7675.68
24223.6 -7675.29
24244.4 -7674.89
24265.3 -7674.5
24286.2 -7674.1
24307.2 -7673.7
24328.3 -7673.3
24349.6 -7672.89
24370.9 -7672.49
24392.3 -7672.08
24413.9 -7671.67
24435.5 -7671.26
24457.3 -7670.84
24479.2 -7670.42
24501.3 -7670
24523.4 -7669.58
24550.8 -7682.33
24568.8 -7670.32
24655.1 -7826.47
24651.5 -7758.98
24647.2 -7692.7
24647.4 -7639.24
24651.2 -7596.13
24643 -7528.25
24646.4 -7488.01
24638.3 -7424.96
24641.4 -7387.23
24644.1 -7350.15
24646.1 -7312.77
24638.4 -7257.97
24642.5 -7227.24
24651.8 -7207.06
24649.8 -7167.09
24635.9 -7107.34
24643.8 -7087.19
24651.3 -7067.04
24634.8 -7007.34
24641.4 -6987.21
24660.1 -6986.86
24679 -6986.5
24698.1 -6986.13
24717.4 -6985.77
25272.6 -7775.34
25302.4 -7774.78
25332.5 -7774.2
25363 -7773.62
25393.8 -7773.04
25425.1 -7772.44
25456.7 -7771.84
25488.7 -7771.23
25521.2 -7770.61
25554 -7769.99
25587.4 -7769.35
25621.1 -7768.71
25655.4 -7768.06
25690.1 -7767.4
25725.4 -7766.73
25761.1 -7766.04
25797.5 -7765.35
25834.3 -7764.65
25871.8 -7763.94
25909.8 -7763.21
25948.5 -7762.48
25968.3 -7742.1
25968.5 -7702.09
25961.2 -7655.46
25976.4 -7631.4
25975.6 -7592.42
25974.9 -7554.1
25974.2 -7516.42
25973.5 -7479.36
25972.8 -7442.9
25972.1 -7407.02
25971.4 -7371.69
25970.8 -7336.91
25970.1 -7302.65
25969.5 -7268.89
25968.8 -7235.63
25785.5 -7060.91
25784.9 -7031.16
25784.4 -7001.82
25783.8 -6972.88
25803.5 -6958.96
25863.8 -6973.63
25883.6 -6958.83
25923.5 -6957.72
25963.5 -6955.91
25963 -6926.78
25962.4 -6897.99
25961.9 -6869.55
25961.3 -6841.42
25960.8 -6813.62
25960.3 -6786.12
25959.8 -6758.92
25959.3 -6732
25958.7 -6705.37
25958.2 -6679.01
25957.7 -6652.91
25957.3 -6627.07
25956.8 -6601.48
25956.3 -6576.13
24284.5 -5724.29
24284.4 -5717.67
24284.2 -5711.11
24284.1 -5704.6
24284 -5698.15
24283.9 -5691.75
24283.8 -5685.4
24283.6 -5679.11
24283.5 -5672.86
24283.4 -5666.66
24283.3 -5660.5
24283.2 -5654.39
24283.1 -5648.32
24282.9 -5642.29
24303 -5643.36
24323 -5644.07
24343 -5644.43
24363 -5644.43
24383 -5644.09
24403 -5643.39
24423 -5642.35
24442.9 -5640.96
24462.9 -5639.23
24503 -5642.47
24522.9 -5639.87
24563 -5641.86
24582.9 -5638.4
24602.8 -5634.6
24662.9 -5639.23
24605.3 -5618.19
24645.4 -5617.77
24685.5 -5616.65
24745 -5618.35
24789.8 -5616.48
24835 -5613.9
24895.6 -5612.91
24968.3 -5612.63
25940.3 -5734.17
25939.9 -5714.01
25939.5 -5693.9
25939.1 -5673.85
25938.7 -5653.83
25938.3 -5633.86
25938 -5613.93
25937.6 -5594.03
25937.2 -5574.17
25936.8 -5554.33
25936.5 -5534.53
25475.6 -5496.36
25475.3 -5480.63
25475 -5464.91
25474.7 -5449.2
25474.5 -5433.51
25474.2 -5417.81
25473.9 -5402.13
25473.6 -5386.44
25473.3 -5370.75
25473 -5355.06
25472.7 -5339.37
25472.4 -5323.67
25472.1 -5307.95
25471.8 -5292.23
25471.5 -5276.49
25471.2 -5260.73
25470.9 -5244.95
25470.6 -5229.15
25470.3 -5213.33
25470 -5197.47
25469.7 -5181.59
25469.4 -5165.68
25469 -5149.73
25468.7 -5133.74
25468.4 -5117.71
25468.1 -5101.64
25467.8 -5085.53
25467.5 -5069.37
25467.2 -5053.15
25466.9 -5036.89
25466.6 -5020.56
25466.3 -5004.18
25466 -4987.74
25465.7 -4971.23
25465.3 -4954.65
25465 -4938.01
25464.7 -4921.29
25464.4 -4904.49
25464.1 -4887.62
25463.7 -4870.66
25463.4 -4853.61
25463.1 -4836.48
25462.8 -4819.25
25462.4 -4801.93
25462.1 -4784.51
25461.8 -4766.98
25461.4 -4749.35
25461.1 -4731.61
25467.3 -4711.13
25471.9 -4691.09
25477.1 -4670.54
25473.9 -4653.37
25461.6 -4640.1
25621.7 -4549.33
25631.3 -4524.4
25621.4 -4508.27
25628.2 -4484.15
25620.1 -4467.09
25630.4 -4440.71
25623.7 -4422.69
25617.2 -4404.5
25631.7 -4374.97
25626.4 -4355.77
25621.3 -4336.39
25916.5 -4145.18
25912.3 -4121.53
25909.1 -4097.15
25908.6 -4070.92
25908.1 -4044.42
25907.6 -4017.65
25907.1 -3990.59
25906.5 -3963.24
25906 -3935.58
24942.5 -4563.63
24902.7 -4574.98
24882.7 -4573.21
24862.7 -4571.75
24842.6 -4570.63
24822.6 -4569.84
24802.6 -4569.39
24782.6 -4569.28
24762.6 -4569.51
24742.6 -4570.09
24722.6 -4571.03
24702.7 -4572.33
24682.7 -4573.99
24662.7 -4576.02
24642.8 -4578.43
24622.8 -4581.22
24602.9 -4584.4
24582.9 -4587.98
24582.7 -4573.45
24562.7 -4577.52
24542.8 -4582
24522.9 -4586.9
24522.6 -4572.4
24502.7 -4577.83
24497 -4568.9
24482.5 -4569.17
24468.3 -4569.44
24454.3 -4569.71
24440.6 -4569.97
24427.1 -4570.23
24413.7 -4570.48
24400.6 -4570.73
24387.7 -4570.98
24375 -4571.22
24362.5 -4571.46
24350.1 -4571.69
24338 -4571.92
24326 -4572.15
24314.1 -4572.38
24302.5 -4572.6
24290.9 -4572.82
24279.6 -4573.04
24268.3 -4573.25
24257.3 -4573.46
24246.3 -4573.67
24248.7 -4553.62
24250.8 -4533.58
24252.5 -4513.54
24928.5 -3401.1
24904 -3401.57
24879.6 -3402.03
24867.4 -3382.26
24877.9 -3322.05
24876 -3282.08
24862.4 -3262.33
24881 -3181.96
24855.7 -3182.45
24830.6 -3182.92
24805.7 -3183.4
24781 -3183.87
24756.6 -3184.33
24732.3 -3184.79
24708.3 -3185.25
24684.5 -3185.7
24660.9 -3186.15
24637.4 -3186.6
24614.2 -3187.04
24591.1 -3187.48
24566.7 -3191.79
24545.5 -3188.35
24522.9 -3188.78
24500.5 -3189.21
24478.3 -3189.63
24379.1 -3411.56
24359.3 -3411.93
24339.6 -3412.31
24320.1 -3412.68
24300.7 -3413.05
24299.4 -3353.06
24297.2 -3293.1
24288.2 -3253.26
24284 -3193.33
24263 -3193.73
24242.2 -3194.12
24250.7 -3073.94
24228.9 -3074.35
24207.2 -3074.77
24185.6 -3075.18
24164 -3075.59
24142.6 -3076
24121.2 -3076.4
24099.9 -3076.81
24078.7 -3077.21
24057.6 -3077.62
24036.5 -3078.02
24015.5 -3078.42
23994.5 -3078.82
23973.6 -3079.21
23952.8 -3079.61
23932 -3080.01
23911.3 -3080.4
23890.6 -3080.8
23869.9 -3081.19
23849.3 -3081.58
23828.7 -3081.97
23808.1 -3082.37
23787.6 -3082.76
23767 -3083.15
23746.5 -3083.54
23726.1 -3083.93
