18184.9 -4465.88
18184.9 -4465.88
18184.9 -4465.88
18184.9 -4465.88
18184.9 -4465.88
18184.9 -4465.88
18184.9 -4465.88
18184.9 -4465.88
18184.9 -4465.88
18184.9 -4465.88
18184.9 -4465.88
18184.9 -4465.88
18184.9 -4465.88
18184.9 -4465.88
18184.9 -4465.88
18184.9 -4465.88
18184.9 -4465.88
18184.9 -4465.88
18184.9 -4465.88
18184.9 -4465.88
18184.9 -4465.88
18184.9 -4465.88
18185 -4464.23
18185 -4464.23
18185 -4464.23
18185 -4464.23
18185 -4464.23
18185 -4464.23
18185 -4464.23
18185 -4464.23
18184.9 -4467.23
18185 -4473.23
18185.4 -4482.22
18186.3 -4494.18
18187.9 -4509.1
18190.3 -4526.94
18193.8 -4547.65
18204.5 -4597.49
18204.5 -4597.49
18211.9 -4626.56
18220.8 -4658.36
18231.2 -4692.83
18257.1 -4769.56
18257.1 -4769.56
18272.9 -4811.71
18290.7 -4856.28
18307.6 -4903.42
18328.2 -4948.96
18349.8 -4994.05
18372.4 -5038.64
18396 -5082.74
18420.5 -5126.31
18444.9 -5167.4
18496.4 -5249.11
18496.4 -5249.11
18523.3 -5289.92
18549.9 -5329.14
18576.6 -5367.39
18603.3 -5404.68
18630.1 -5441.01
18656.8 -5476.39
18681.2 -5513.78
18707.9 -5547.28
18735.1 -5580.43
18761.8 -5612.07
18788.4 -5642.79
18814.9 -5672.6
18841.2 -5701.51
18867.5 -5729.52
18893.5 -5756.64
18919.4 -5782.89
18945.1 -5808.27
18994.4 -5861.29
18994.4 -5861.29
19019.3 -5884.21
19069 -5928.05
19069 -5928.05
19094.2 -5949.48
19142.7 -5988.97
19142.7 -5988.97
19166.4 -6007.54
19190.4 -6025.8
19214.5 -6043.74
19237.8 -6060.49
19261.2 -6076.94
19286.1 -6093.92
19312.3 -6106.94
19336 -6123
19359.1 -6138.53
19382.3 -6153.97
19405.6 -6169.3
19427.7 -6183.71
19472.1 -6212.25
19472.1 -6212.25
19493.1 -6225.56
19514.1 -6238.79
19535.3 -6251.92
19556.5 -6264.97
19578.1 -6288.11
19598.2 -6300.08
19618.3 -6311.97
19637.2 -6323.01
19656.1 -6333.97
19694.1 -6355.63
19694.1 -6355.63
19711.9 -6365.61
19729.7 -6375.51
19747.6 -6385.33
19765.5 -6395.07
19783.4 -6404.73
19800 -6413.61
19816.7 -6422.42
19833.5 -6431.15
19865.7 -6447.72
19865.7 -6447.72
19881.2 -6455.56
19908.9 -6470.66
19908.9 -6470.66
19924.5 -6478.35
19938.8 -6485.31
19967.4 -6499.05
19967.4 -6499.05
19981.8 -6505.82
19996.2 -6512.53
20010.6 -6519.18
20023.7 -6525.15
20049.9 -6536.9
20049.9 -6536.9
20063 -6542.7
20076.2 -6548.43
20089.4 -6554.11
20101.3 -6559.14
20113.2 -6564.12
20137 -6573.93
20148.9 -6578.76
20148.9 -6578.76
20160.9 -6583.53
20171.4 -6587.7
20182 -6591.83
20192.7 -6595.9
20203.3 -6599.94
20214 -6603.92
20224.6 -6607.86
20246 -6615.6
20246 -6615.6
20256.7 -6619.4
20266.1 -6622.66
20284.4 -6625.8
20284.4 -6625.8
20293.8 -6628.89
20303.2 -6631.95
20312.6 -6634.97
20322 -6637.94
20331.5 -6640.88
20340.9 -6643.77
20350.3 -6646.62
20359.8 -6649.43
20378.8 -6654.93
20378.8 -6654.93
20388.3 -6657.62
20397.8 -6660.26
20407.3 -6662.86
20416.9 -6665.43
20426.4 -6667.95
20445.5 -6672.86
20445.5 -6672.86
20455.1 -6675.26
20474.3 -6679.92
20474.3 -6679.92
20483.9 -6682.19
20493.5 -6684.42
20512.8 -6688.74
20512.8 -6688.74
20522.5 -6690.85
20532.1 -6692.91
20541.8 -6694.92
20551.5 -6696.9
20561.1 -6698.83
20570.8 -6700.72
20580.5 -6702.57
20590.2 -6704.37
20597 -6705.6
20600.8 -6706.29
