13117.8 -2871.53
13093 -2872.19
13002.3 -993.917
12961 -995.002
12919.7 -996.087
12878.4 -997.172
12837.1 -998.258
12795.7 -999.344
12754.3 -1000.43
12712.8 -1001.52
12671.3 -1002.61
12629.7 -1003.7
12588.1 -1004.8
12546.4 -1005.89
12504.6 -1006.99
12462.8 -1008.09
12420.8 -1009.19
12378.8 -1010.29
12336.6 -1011.4
12294.4 -1012.51
12252 -1013.62
12209.5 -1014.74
12166.9 -1015.86
12124.1 -1016.98
12081.2 -1018.11
12038.1 -1019.24
11994.9 -1020.38
11951.5 -1021.52
11907.9 -1022.66
11868.7 -1040.11
11820.2 -1024.96
11776 -1026.12
12286.1 -2837.89
12288.2 -2931.69
12287.5 -3012.16
12723.6 -4391.36
12728.9 -4444.17
12726.1 -4471.47
12730.7 -4517.88
12728.1 -4542.75
12733.5 -4587.19
12729.7 -4606.5
12735.7 -4649.04
12748.9 -4707.19
12747.1 -4727.24
12754.2 -4767.07
12753.2 -4787.1
12752.5 -4807.13
12752.3 -4827.14
12742.9 -4827.39
12733.4 -4827.63
12723.9 -4827.89
12714.2 -4828.14
12704.5 -4828.39
12694.8 -4828.65
12684.9 -4828.91
12674.9 -4829.17
12664.9 -4829.43
12654.8 -4829.7
12644.5 -4829.97
12634.2 -4830.24
12623.7 -4830.51
12613.2 -4830.79
12602.5 -4831.07
12591.8 -4831.35
12580.9 -4831.64
12569.9 -4831.93
12558.8 -4832.22
12547.5 -4832.52
12536.1 -4832.82
12524.6 -4833.12
12512.9 -4833.42
12501.1 -4833.73
12489.2 -4834.05
12477.1 -4834.37
12464.8 -4834.69
12452.4 -4835.01
12439.8 -4835.35
12427 -4835.68
12414.1 -4836.02
12401 -4836.37
12387.6 -4836.72
12374.1 -4837.07
12360.4 -4837.43
12346.5 -4837.8
12332.3 -4838.17
12317.9 -4838.55
12303.3 -4838.93
12288.5 -4839.32
12273.4 -4839.72
12258 -4840.12
12244.4 -4842.46
12244.8 -4858.02
12224.7 -4854.57
12204.7 -4851.53
12184.6 -4848.9
12164.5 -4846.67
12164.9 -4862.26
12758.6 -5374.12
12758.7 -5380.29
12758.9 -5386.36
12759.1 -5392.35
12759.2 -5398.25
12759.4 -5404.07
12759.5 -5409.8
12759.7 -5415.45
12759.8 -5421.03
12759.9 -5426.54
12760.1 -5431.97
12760.2 -5437.33
12760.4 -5442.63
12760.5 -5447.86
12760.6 -5453.02
12760.8 -5458.13
12760.9 -5463.17
12761 -5468.16
12761.2 -5473.09
12761.3 -5477.97
12761.4 -5482.79
12761.6 -5487.56
12761.7 -5492.29
12761.8 -5496.96
12761.9 -5501.59
12762 -5506.17
12762.2 -5510.71
12762.3 -5515.21
12762.4 -5519.66
12762.5 -5524.08
12762.6 -5528.45
12762.7 -5532.79
12762.9 -5537.09
12763 -5541.36
12763.1 -5545.59
12763.2 -5549.78
12763.3 -5553.95
12763.4 -5558.08
12763.5 -5562.19
12763.6 -5566.26
12763.7 -5570.3
12763.8 -5574.32
12763.9 -5578.31
12764 -5582.28
12764.1 -5586.22
12764.2 -5590.13
12764.3 -5594.03
12764.4 -5597.9
12764.5 -5601.74
12764.7 -5605.57
12764.8 -5609.38
12764.8 -5613.16
12764.9 -5616.93
12765 -5620.68
12765.1 -5624.42
12765.2 -5628.13
12765.3 -5631.83
12765.4 -5635.52
12765.5 -5639.19
12765.6 -5642.84
12765.7 -5646.49
12765.8 -5650.12
12765.9 -5653.73
12766 -5657.34
12766.1 -5660.93
12766.2 -5664.52
12766.3 -5668.09
12766.4 -5671.66
12766.5 -5675.22
12766.6 -5678.77
12766.7 -5682.31
12766.8 -5685.84
12766.9 -5689.37
12766.9 -5692.89
12767 -5696.41
12767.1 -5699.92
12767.2 -5703.43
12767.3 -5706.94
12767.4 -5710.44
12767.5 -5713.94
12767.6 -5717.43
12767.7 -5720.93
12767.8 -5724.42
12767.9 -5727.92
12768 -5731.41
12768 -5734.91
12768.1 -5738.41
12768.2 -5741.9
12768.3 -5745.4
12768.4 -5748.91
12768.5 -5752.41
12768.6 -5755.92
12768.7 -5759.44
12768.8 -5762.96
12768.9 -5766.48
12769 -5770.02
12769.1 -5773.55
12769.2 -5777.1
12769.2 -5780.65
12769.3 -5784.21
12769.4 -5787.78
12769.5 -5791.36
12769.6 -5794.95
12769.7 -5798.55
12769.8 -5802.17
12769.9 -5805.79
12770 -5809.43
12770.1 -5813.07
12770.2 -5816.74
12770.3 -5820.41
12770.4 -5824.11
12770.5 -5827.82
12770.6 -5831.54
12770.7 -5835.28
12770.8 -5839.04
12770.9 -5842.82
12771 -5846.62
12771.1 -5850.43
12771.2 -5854.27
12771.3 -5858.13
12038.2 -6131.13
12038.5 -6142.26
12038.8 -6153.45
12039.1 -6164.72
12039.4 -6176.05
12039.7 -6187.46
12040 -6198.95
12040.3 -6210.52
12040.6 -6222.18
12040.9 -6233.91
12041.2 -6245.74
12041.5 -6257.65
12041.8 -6269.66
12042.2 -6281.77
12042.5 -6293.98
12042.8 -6306.29
12043.1 -6318.7
12043.5 -6331.23
12043.8 -6343.87
12044.1 -6356.62
12044.5 -6369.49
12044.8 -6382.49
12045.1 -6395.62
12045.5 -6408.87
12045.8 -6422.26
12046.2 -6435.8
12046.6 -6449.47
12046.9 -6463.29
12047.3 -6477.27
12047.7 -6491.4
12048 -6505.7
12048.4 -6520.16
12048.8 -6534.8
12049.2 -6549.61
12049.6 -6564.61
12050 -6579.8
12050.4 -6595.18
12050.8 -6610.77
12051.2 -6626.56
12051.6 -6642.57
12052.1 -6658.79
12052.5 -6675.25
12052.9 -6691.94
12053.4 -6708.88
12053.8 -6726.07
12073.8 -6725.5
12113.3 -6706.25
12113.8 -6723.3
12133.7 -6721.66
12153.7 -6719.64
12173.6 -6717.25
12193.6 -6714.48
12213.5 -6711.31
12220.2 -6721.76
12237.1 -6721.32
12253.6 -6720.88
12269.9 -6720.45
12286 -6720.03
12301.8 -6719.62
12317.3 -6719.21
12332.6 -6718.81
12347.6 -6718.41
12362.5 -6718.02
12377.1 -6717.64
12391.5 -6717.26
12405.7 -6716.89
12419.7 -6716.52
12433.5 -6716.16
12447.1 -6715.8
12460.5 -6715.45
12473.8 -6715.1
12486.9 -6714.76
12499.8 -6714.42
12512.6 -6714.08
12525.2 -6713.75
12537.7 -6713.42
12550 -6713.1
12562.2 -6712.78
12574.3 -6712.46
12586.2 -6712.15
12598 -6711.84
12609.6 -6711.53
12621.2 -6711.23
12632.6 -6710.93
12643.9 -6710.63
12655.1 -6710.34
12666.2 -6710.05
12677.2 -6709.76
12688.1 -6709.47
12698.9 -6709.19
12709.6 -6708.91
12720.2 -6708.63
12730.7 -6708.35
12741.1 -6708.08
12751.4 -6707.81
12761.7 -6707.54
12771.9 -6707.27
12782 -6707.01
12792 -6706.74
12802 -6706.48
12811.9 -6706.22
12821.7 -6705.96
12831.5 -6705.71
12841.2 -6705.45
12850.8 -6705.2
12860.4 -6704.95
12863.8 -6724.86
12867.6 -6744.77
12866 -6784.83
12865.2 -6824.86
12870.3 -6844.74
12865.5 -6904.88
12866.8 -6944.86
12868.7 -6984.83
12871.3 -7024.77
12874.6 -7064.7
12870.3 -7144.84
12815.2 -7486.4
12831.4 -7485.98
12847.5 -7485.56
12863.5 -7485.14
12879.4 -7484.72
12895.3 -7484.3
12911.2 -7483.88
12927 -7483.47
12942.8 -7483.05
12958.5 -7482.64
12974.1 -7482.23
12989.8 -7481.82
13005.4 -7481.41
13021 -7481
13036.5 -7480.59
13052 -7480.18
13067.5 -7479.78
13083 -7479.37
13098.5 -7478.96
13113.9 -7478.56
13129.3 -7478.15
13144.7 -7477.75
13160.1 -7477.35
13175.5 -7476.94
13190.9 -7476.54
13206.2 -7476.13
13221.6 -7475.73
13237 -7475.33
13252.4 -7474.92
13267.8 -7474.52
13283.2 -7474.11
13298.6 -7473.71
13314 -7473.3
13325.7 -7432.98
13340.8 -7432.59
13356 -7432.19
13371.1 -7431.79
13434.5 -7810.26
13453.1 -7809.77
13471.7 -7809.28
13490.3 -7808.79
13509 -7808.3
13527.7 -7807.81
13546.4 -7807.32
13565.2 -7806.82
13584.1 -7806.33
13603 -7805.83
13622 -7805.33
13641 -7804.83
13660.1 -7804.33
13679.3 -7803.83
13602.5 -7425.71
13602.6 -7365.69
13601.7 -7305.69
13599.7 -7245.73
13602.5 -7205.64
13598.6 -7145.72
13593.6 -7085.83
13593.9 -7045.81
13593.5 -7005.8
13592.5 -6965.82
13590.7 -6925.85
13588.2 -6885.9
13592.4 -6865.79
13588.7 -6825.87
13584.3 -6785.97
13587.1 -6765.89
13589.5 -6745.82
13583.3 -6705.97
13584.9 -6685.92
13586.1 -6665.88
13587 -6645.85
13578.5 -6606.06
13578.5 -6586.05
13578.2 -6566.06
13577.5 -6546.07
13576.5 -6526.09
13575.1 -6506.12
13573.3 -6486.16
13581.8 -6485.93
13579.6 -6465.98
13577 -6446.05
13574 -6426.12
13582.1 -6425.9
13578.6 -6405.99
13574.7 -6386.08
13570.5 -6366.19
13578.2 -6365.99
13573.4 -6346.11
13568.2 -6326.24
13575.7 -6326.04
13569.9 -6306.18
13577.4 -6305.99
13571 -6286.15
13578.4 -6285.95
13571.5 -6266.13
13578.8 -6265.94
13571.2 -6246.13
13578.4 -6245.94
13570.3 -6226.15
13577.4 -6225.96
13568.6 -6206.18
13575.6 -6206
13566.2 -6186.24
13573.1 -6186.06
13563 -6166.32
13569.8 -6166.14
13576.8 -6165.95
13565.8 -6146.24
13572.6 -6146.06
13560.9 -6126.36
13567.7 -6126.18
13574.5 -6126
13561.8 -6106.33
13568.6 -6106.15
13575.5 -6105.97
13578 -6101.55
13577.8 -6094.69
13577.6 -6087.95
13577.4 -6081.33
13577.2 -6074.81
13577.1 -6068.39
13576.9 -6062.08
13576.8 -6055.86
13576.6 -6049.74
13576.4 -6043.71
13576.3 -6037.77
13576.1 -6031.91
13576 -6026.14
13575.8 -6020.44
13575.7 -6014.83
13575.5 -6009.29
13575.4 -6003.82
13575.2 -5998.42
13575.1 -5993.09
13575 -5987.83
13574.8 -5982.63
13574.7 -5977.5
13574.6 -5972.42
13574.4 -5967.41
13574.3 -5962.45
13574.2 -5957.54
13574 -5952.69
13573.9 -5947.89
13573.8 -5943.15
13573.7 -5938.45
13573.5 -5933.8
13573.4 -5929.19
13573.3 -5924.63
13573.2 -5920.11
13573.1 -5915.64
13573 -5911.2
13572.8 -5906.81
13572.7 -5902.45
13572.6 -5898.13
13572.5 -5893.85
13572.4 -5889.6
13572.3 -5885.39
13572.2 -5881.21
13572.1 -5877.06
13571.9 -5872.94
13571.8 -5868.85
13571.7 -5864.79
13571.6 -5860.76
13571.5 -5856.76
13571.4 -5852.78
13571.3 -5848.83
13571.2 -5844.9
13571.1 -5841
13571 -5837.12
13570.9 -5833.26
13570.8 -5829.42
13570.7 -5825.6
13570.6 -5821.81
13570.5 -5818.03
13570.4 -5814.27
13570.3 -5810.53
13570.2 -5806.8
13570.1 -5803.09
13570 -5799.4
13569.9 -5795.72
13569.8 -5792.06
13569.7 -5788.41
13569.6 -5784.78
13569.5 -5781.15
13569.4 -5777.54
13569.3 -5773.94
13569.3 -5770.35
13569.2 -5766.77
13569.1 -5763.2
13569 -5759.64
13568.9 -5756.09
13568.8 -5752.54
13568.7 -5749
13568.6 -5745.47
13568.5 -5741.95
13568.4 -5738.43
13568.3 -5734.91
13568.2 -5731.4
13568.1 -5727.89
13568 -5724.39
13568 -5720.89
13567.9 -5717.39
13567.8 -5713.9
13567.7 -5710.4
13567.6 -5706.91
13567.5 -5703.41
13567.4 -5699.92
13567.3 -5696.42
13567.2 -5692.92
13567.1 -5689.43
13567 -5685.92
13566.9 -5682.42
13566.9 -5678.91
13566.8 -5675.4
13566.7 -5671.88
13566.6 -5668.36
13566.5 -5664.83
13566.4 -5661.3
13566.3 -5657.75
13566.2 -5654.2
13566.1 -5650.65
13566 -5647.08
13565.9 -5643.51
13565.8 -5639.92
13565.7 -5636.33
13565.6 -5632.72
13565.5 -5629.1
13565.4 -5625.47
13565.4 -5621.83
13565.3 -5618.17
13565.2 -5614.5
13565.1 -5610.82
13565 -5607.12
13564.9 -5603.4
13564.8 -5599.67
13564.7 -5595.92
13564.6 -5592.15
13564.5 -5588.36
13564.4 -5584.56
13564.3 -5580.73
13564.2 -5576.88
13564.1 -5573.01
13564 -5569.12
13563.9 -5565.2
13563.8 -5561.26
13563.7 -5557.3
13563.6 -5553.31
13563.4 -5549.29
13563.3 -5545.24
13563.2 -5541.17
13563.1 -5537.07
13563 -5532.93
13562.9 -5528.77
13562.8 -5524.57
13562.7 -5520.34
13562.6 -5516.08
13562.5 -5511.77
13562.3 -5507.44
13562.2 -5503.06
13562.1 -5498.65
13562 -5494.19
13561.9 -5489.7
13561.8 -5485.16
13561.6 -5480.58
13561.5 -5475.95
13561.4 -5471.27
13561.3 -5466.55
13561.1 -5461.78
13561 -5456.95
13560.9 -5452.07
13560.8 -5447.14
13560.6 -5442.16
13560.5 -5437.11
13560.4 -5432.01
13560.2 -5426.84
13560.1 -5421.61
13560 -5416.31
13559.8 -5410.95
13559.7 -5405.52
13559.5 -5400.01
13559.4 -5394.44
13559.2 -5388.78
13559.1 -5383.05
13558.9 -5377.23
13558.8 -5371.33
13558.6 -5365.35
13558.5 -5359.27
13558.3 -5353.1
13558.1 -5346.83
13558 -5340.47
13557.8 -5334
13557.6 -5327.43
13557.4 -5320.75
13557.3 -5313.95
13557.1 -5307.04
13551 -5306.34
13544.2 -5306.51
13537.5 -5306.69
13549 -5286.38
13542.2 -5286.56
13553 -5266.27
13546.1 -5266.45
13539.3 -5266.63
13549.1 -5246.36
13542.2 -5246.54
13551.4 -5226.3
13544.4 -5226.48
13537.5 -5226.66
13545.8 -5206.44
13538.8 -5206.62
13546.5 -5186.41
13539.4 -5186.6
13546.4 -5166.41
13539.3 -5166.6
13545.7 -5146.42
13538.4 -5146.61
13544.2 -5126.45
13536.9 -5126.64
13542.1 -5106.5
13547 -5086.37
13539.4 -5086.56
13543.6 -5066.45
13536 -5066.65
13539.7 -5046.54
13543 -5026.45
13535.1 -5026.66
13537.8 -5006.58
13540.2 -4986.51
13542.2 -4966.45
13543.9 -4946.4
13535.5 -4946.62
13536.6 -4926.58
13537.4 -4906.56
13537.8 -4886.54
13537.8 -4866.53
13537.5 -4846.53
13536.9 -4826.54
13535.9 -4806.56
13534.5 -4786.59
13532.8 -4766.63
13530.8 -4746.67
13535.8 -4706.53
13532.9 -4686.6
13529.7 -4666.67
13532.9 -4626.58
13528.8 -4606.68
13530.7 -4566.61
13525.8 -4546.73
13526.5 -4506.7
13526.5 -4466.69
13506.3 -4497.02
13511.1 -4436.55
13506.9 -4406.65
13505.4 -4363.94
13506.6 -4306.44
13504.2 -4260.69
13505.5 -4194.42
13502.2 -4144.65
13498.1 -4094.26
13499.3 -4012.81
13494.2 -3956.83
13495.2 -3861.12
13492.5 -3777.54
13491.9 -3671.67
13485.8 -3590.12
13483.4 -3472.7
13480.2 -3345.07
13475.6 -3211.2
13474.3 -3028.41
13454.5 -2990.64
13431.1 -2983.35
13407 -2983.98
13382.9 -2984.61
13358.8 -2985.24
13334.8 -2985.87
13310.8 -2986.5
13286.9 -2987.13
13263 -2987.76
13239.1 -2988.39
13215.2 -2989.02
13191.4 -2989.64
13167.6 -2990.27
13142.7 -2870.88
13117.8 -2871.53
