-0 -0
-0 -0
-0 -0
-0 -0
-0 -0
-0 -0
-0 -0
-0 -0
-0 -0
-0 -0
-0 -0
-0 -0
-0 -0
-0 -0
-0 -0
-0 -0
-0 -0
-0 -0
-0 -0
-0 -0
-0 -0
-1.71451 -2.49463
-1.69268 -2.5095
-1.66188 -2.51083
-1.62956 -2.5093
-1.59632 -2.50572
-1.56432 -2.50344
-1.54242 -2.51699
-1.51267 -2.5175
-1.49013 -2.52974
-1.4665 -2.54005
-1.43985 -2.54492
-1.4074 -2.53902
-1.38519 -2.55121
-1.36335 -2.56408
-1.33584 -2.56612
-1.30204 -2.55541
-1.28773 -2.58278
-1.26163 -2.58673
-1.23557 -2.59042
-1.19855 -2.57029
-1.17566 -2.57974
-1.15757 -2.59995
-1.13125 -2.6017
-1.09913 -2.58938
-1.08032 -2.60811
-1.05864 -2.62022
-1.0306 -2.61633
-1.0002 -2.60562
-0.977079 -2.61332
-0.95321 -2.61892
-0.925313 -2.613
-0.905079 -2.62854
-0.878299 -2.62496
-0.859685 -2.64584
-0.836864 -2.65419
-0.814548 -2.66426
-0.783314 -2.64442
-0.760208 -2.65116
-0.740518 -2.67022
-0.716152 -2.67272
-0.693302 -2.6808
-0.663834 -2.66249
-0.646644 -2.69346
-0.62064 -2.68829
-0.596508 -2.69067
-0.573004 -2.69577
-0.549259 -2.69969
-0.525106 -2.70144
-0.500966 -2.70297
-0.479269 -2.71807
-0.453551 -2.71031
-0.429256 -2.71022
-0.405589 -2.71386
-0.382726 -2.72324
-0.361166 -2.74333
-0.336603 -2.74141
-0.312667 -2.74425
-0.288081 -2.7409
-0.26463 -2.74829
-0.242293 -2.76942
-0.216782 -2.75448
-0.192598 -2.75427
-0.168738 -2.75884
-0.141202 -2.6943
-0.108482 -2.48463
-0.0833399 -2.38655
-0.0606258 -2.31521
-0.0388317 -2.22466
-0.0190675 -2.18492
1.67605e-07 -2.22
0.0187097 -2.14392
0.0341892 -1.9587
0.049134 -1.87636
0.0616325 -1.76492
0.0765958 -1.75433
0.0908552 -1.73362
0.111047 -1.81561
0.125352 -1.79262
0.119729 -1.5213
0.12472 -1.42555
0.133513 -1.38659
0.143204 -1.3625
0.151126 -1.32642
0.157943 -1.28634
0.166029 -1.26112
0.172853 -1.22991
0.177667 -1.1888
0.183654 -1.15955
0.187659 -1.12141
0.19327 -1.09609
0.197179 -1.06388
0.204356 -1.05132
0.209536 -1.0299
0.213317 -1.00358
0.217089 -0.979225
0.222702 -0.964626
0.226909 -0.945144
0.230068 -0.922751
0.229598 -0.887791
0.236819 -0.883822
0.240782 -0.868231
0.243388 -0.848794
0.245389 -0.82842
0.248516 -0.812859
0.253495 -0.803983
0.257102 -0.791279
0.254161 -0.759607
0.261106 -0.758306
0.265376 -0.7494
0.263356 -0.723563
0.266508 -0.712808
0.274868 -0.716056
0.275975 -0.700604
0.27159 -0.672208
0.275149 -0.664269
0.281326 -0.662764
0.281118 -0.646527
0.278615 -0.625779
0.285724 -0.626963
0.283999 -0.609039
0.288012 -0.60383
0.29327 -0.601293
0.293598 -0.588867
0.297818 -0.5845
0.293672 -0.564139
0.300462 -0.565086
0.295361 -0.543988
0.30543 -0.55101
0.304318 -0.53788
0.3025 -0.523945
0.311121 -0.528179
0.312628 -0.520301
0.333354 -0.543984
0 -0
0 -0
0 -0
0 -0
0 -0
0 -0
0 -0
0 -0
0 -0
0 -0
0 -0
0 -0
0 -0
1.97213 -2.4793
1.96159 -2.42236
1.97757 -2.39898
1.98814 -2.36938
1.98991 -2.32988
1.99376 -2.29356
2.0031 -2.26409
2.01007 -2.23241
2.01529 -2.1993
2.02485 -2.17139
2.04648 -2.15654
0 -0
0 -0
0 -0
0 -0
0 -0
0 -0
0 -0
0 -0
0 -0
0 -0
0 -0
0 -0
0.387619 -0.325251
0.387356 -0.319311
0 -0
0 -0
0 -0
0 -0
0 -0
0 -0
0 -0
0 -0
0 -0
0 -0
0 -0
0 -0
0 -0
0 -0
0 -0
0 -0
0 -0
0 -0
0 -0
0 -0
0 -0
0 -0
0 -0
0 -0
0 -0
0 -0
0 -0
0 -0
0 -0
0 -0
0 -0
0 -0
0 -0
0 -0
0 -0
0 -0
0 -0
0 -0
0 -0
0 -0
0 -0
0 -0
0 -0
0 -0
0 -0
0 -0
0 -0
0 -0
0 -0
0 -0
0 -0
0 -0
0 -0
0 -0
0 -0
0 -0
0 -0
0 -0
0 -0
0 -0
0 -0
0 -0
0 -0
0 -0
0 -0
0 -0
0 -0
0 -0
0 -0
0 -0
0 -0
0 -0
0 -0
0 -0
0 -0
0 -0
0 -0
0 -0
0 0
0 0
0 0
0 0
0 0
0 0
0 0
0 0
0 0
0 0
0 0
0 0
0 0
2.54652 0.29014
2.54886 0.312961
2.54702 0.335322
2.4727 0.347515
0 0
2.34082 0.37075
2.30988 0.386542
0.513085 0.0904707
0 0
0 0
0 0
0 0
0 0
0 0
0 0
0 0
0 0
0 0
0 0
0 0
0 0
0 0
0.47972 0.151255
0 0
0 0
0 0
0.475091 0.168239
0.475484 0.173062
0.473956 0.177205
0.475192 0.182409
0.477304 0.188015
0.48399 0.195545
0.477646 0.197847
0.476822 0.202399
0.485125 0.210938
0.491487 0.218824
0.47864 0.218129
0.483968 0.225678
0.481981 0.229893
0.483551 0.235844
0.487739 0.243178
0.487381 0.248333
0.486082 0.253038
0.484738 0.25774
0.487743 0.264823
0.491536 0.272463
0.492621 0.278712
0.494501 0.2855
0.485097 0.285744
0.492871 0.296147
0.489415 0.299914
0.501197 0.313182
0.494227 0.314858
0.495654 0.321882
0.494494 0.327299
0.506542 0.341667
0.497772 0.342109
0.506236 0.35447
0.494982 0.353067
0.498354 0.362076
0.508038 0.375928
0.500744 0.377338
0.491879 0.377432
0.511419 0.399564
0.503217 0.400277
0.505922 0.409688
0.500013 0.412179
0.515548 0.432596
0.519357 0.443573
0.507165 0.440872
0.510788 0.451907
0.517229 0.465715
0.517569 0.474264
0.516336 0.481491
0.52372 0.496992
0.520083 0.502238
0.534225 0.524981
0.532451 0.532451
0.529887 0.539217
0.52933 0.548137
0.541047 0.570144
0.545599 0.585083
0.547904 0.597932
0.596195 0.662142
0.602984 0.68155
0.588485 0.676974
0.598791 0.701094
0.590722 0.703995
0.585192 0.709895
0.581492 0.718083
0.567733 0.713739
0.560868 0.717878
0.549712 0.716398
0.537421 0.713182
0.531177 0.717844
0.527243 0.725688
0.516245 0.723749
0.503026 0.718396
0.501836 0.730176
0.489294 0.725408
0.476322 0.719643
0.476559 0.733837
0.467451 0.733751
0.465799 0.745434
0.451961 0.737534
0.447053 0.744021
0.438006 0.743586
0.43 0.744782
0.420037 0.742413
0.412088 0.743427
0.405108 0.746116
0.396703 0.746091
0.395257 0.759281
0.380444 0.746663
0.376145 0.75443
0.373492 0.765772
0.359477 0.753659
0.352886 0.756767
0.340048 0.746168
0.339625 0.76281
0.332956 0.765745
0.32587 0.767701
0.312652 0.75481
0.312797 0.774199
0.300531 0.762942
0.293862 0.765536
0.282617 0.755894
0.280115 0.769608
0.27272 0.770138
0.264687 0.768707
0.257334 0.769091
0.254321 0.78272
0.245075 0.777279
0.237698 0.777476
0.229768 0.775685
0.221061 0.770932
0.21486 0.774759
0.209643 0.7824
0.201055 0.777423
0.194747 0.781088
0.189324 0.788592
0.18581 0.80483
0.174234 0.785918
0.168824 0.794256
0.159494 0.78394
0.154555 0.795118
0.147246 0.79447
0.13944 0.790801
0.132203 0.790015
0.126712 0.800028
0.118987 0.796158
0.113148 0.805088
0.104029 0.790182
0.0992017 0.807933
0.0912419 0.800819
0.0856088 0.814513
0.0779226 0.809257
0.0718164 0.820864
0.0646504 0.82146
0.0564329 0.807029
0.049022 0.801502
0.0429678 0.819875
0.0357243 0.81822
0.0286526 0.8205
0.0215697 0.823718
0.0143808 0.823875
0.00724305 0.829968
6.22858e-08 0.825
-0.0071033 0.813969
-0.0144856 0.829874
-0.0216222 0.825717
-0.0288968 0.827496
-0.036204 0.82921
-0.0439621 0.838849
-0.0513419 0.839431
-0.0583862 0.834961
-0.0662981 0.842395
-0.0732981 0.8378
-0.0799354 0.83016
-0.0885356 0.84236
-0.0963359 0.84553
-0.104076 0.847634
-0.111861 0.849668
-0.120524 0.857572
-0.126968 0.849565
-0.136254 0.860277
-0.143096 0.85511
-0.151074 0.856783
-0.158727 0.856415
-0.168484 0.866777
-0.175643 0.863314
-0.18421 0.866639
-0.195445 0.881595
-0.199981 0.866215
-0.207533 0.864437
-0.216278 0.867444
-0.222338 0.859715
-0.234749 0.876095
-0.243721 0.878831
-0.253862 0.885322
-0.260158 0.878279
-0.271028 0.886495
-0.279055 0.885049
-1.73111 5.32782
-1.77564 5.30682
-1.8069 5.24763
-1.84762 5.21752
-1.87598 5.15421
-1.89567 5.07021
-1.93483 5.0404
-1.95162 4.95447
-1.95133 4.8297
-1.96814 4.75151
-1.98452 4.67524
-1.99414 4.58622
-1.98813 4.46541
-1.9897 4.36599
-2.00363 4.29681
-2.01953 4.23403
-2.02703 4.15602
-2.04314 4.0979
-2.0534 4.03002
-2.06725 3.97115
-2.07976 3.91146
-2.08995 3.84922
-2.10941 3.80547
-2.11644 3.74079
-2.126 3.68234
-2.1342 3.62315
-2.14307 3.56667
-2.14851 3.50606
-2.16949 3.47191
-2.17391 3.41236
-2.1889 3.37062
-2.19892 3.3222
-2.20658 3.27138
-2.21295 3.21986
-2.23924 3.19797
-2.21945 3.11155
-0 0
-0 0
-0 0
-0 0
-0 0
-0 0
-0 0
-0 0
-0 0
-0 0
-0 0
-0 0
-0 0
-0 0
-0 0
-0 0
-0 0
-0 0
-0 0
0 0
0 0
0 0
0 0
0 0
0 0
0 0
0 0
0 0
0 0
0 0
0 0
0 0
0 0
0 0
0 0
0 0
0 0
0 0
0 0
0 0
0 0
0 0
0 0
0 0
0 0
0 0
0 0
0 0
30.453 14.1021
-1.55275