20583.2 1561.98
20588.8 1542.06
20529.3 1441.18
20536.6 1421.29
20544.2 1401.4
20536.5 1361.28
20544.8 1341.4
20538.5 1301.3
20547.6 1281.43
20542.5 1241.35
20538.2 1201.29
20534.7 1161.23
20531.9 1121.19
20543.1 1101.35
20541.6 1061.32
20540.7 1021.3
20547.5 992.561
20548 952.563
20549.1 912.575
20550.9 872.597
20553.4 832.629
20556.5 792.671
20159.6 26.8046
20161.5 -33.1743
20150.2 -120.092
20144.7 -198.835
20150 -259.053
20155.5 -320.987
20151.3 -404.87
20157 -471.103
20153.5 -559.799
20159.6 -630.505
20157 -723.616
20155 -819.128
20162.1 -897.059
20166.6 -984.361
20160.7 -1101.46
20160.9 -1208.15
21322.7 1723.94
21336 1724.13
21349.2 1724.32
21362.4 1724.51
21375.4 1724.71
21388.4 1724.89
21401.3 1725.08
21414.1 1725.27
21426.8 1725.46
21439.5 1725.64
21452.1 1725.82
21464.7 1726.01
21477.2 1726.19
21489.6 1726.37
21501.9 1726.55
21514.2 1726.73
21526.5 1726.91
21538.7 1727.09
21550.8 1727.26
21562.9 1727.44
21575 1727.61
21587 1727.79
21598.9 1727.96
21610.9 1728.14
21622.8 1728.31
21634.6 1728.48
21646.4 1728.66
21658.2 1728.83
21670 1729
21681.7 1729.17
21693.4 1729.34
21705.1 1729.51
21716.8 1729.68
21728.4 1729.85
21740 1730.02
21751.6 1730.19
21763.2 1730.36
21774.8 1730.53
21786.3 1730.7
21797.9 1730.86
21809.5 1731.03
21821 1731.2
21832.5 1731.37
21844.1 1731.54
21855.6 1731.7
21867.1 1731.87
21878.7 1732.04
21890.2 1732.21
21901.8 1732.38
21913.3 1732.55
21924.9 1732.71
21936.5 1732.88
21948.1 1733.05
21959.7 1733.22
21971.3 1733.39
21982.9 1733.56
21994.6 1733.73
22006.3 1733.9
22018 1734.07
22029.7 1734.24
22041.5 1734.41
22053.3 1734.59
22065.1 1734.76
22077 1734.93
22088.9 1735.11
22100.8 1735.28
22112.8 1735.45
22124.8 1735.63
22136.9 1735.8
22149 1735.98
22158.9 1744.97
22171 1745.14
22183.2 1745.32
22195.4 1745.5
22207.7 1745.68
22220.1 1745.86
22232.5 1746.04
22245 1746.22
22257.5 1746.4
22270.1 1746.59
22282.8 1746.77
22295.5 1746.96
22308.4 1747.15
22321.3 1747.33
22334.3 1747.52
22347.3 1747.71
22360.5 1747.91
22373.7 1748.1
22387.1 1748.29
22400.5 1748.49
22414.1 1748.69
22427.7 1748.88
22441.5 1749.09
22455.3 1749.29
22469.3 1749.49
22483.4 1749.7
22497.6 1749.9
22511.9 1750.11
22526.4 1750.32
22540.9 1750.54
22555.7 1750.75
22570.5 1750.97
22585.5 1751.19
22600.7 1751.41
22616 1751.63
22631.5 1751.85
22647.1 1752.08
22662.9 1752.31
22678.8 1752.55
22695 1752.78
22711.3 1753.02
22727.8 1753.26
22744.5 1753.5
22761.4 1753.75
22778.6 1754
22795.9 1754.25
22813.5 1754.51
22831.2 1754.77
22849.2 1755.03
22867.5 1755.3
22886 1755.57
22904.8 1755.84
22923.8 1756.12
22943.1 1756.4
22962.7 1756.68
22982.6 1756.97
23002.8 1757.27
23023.3 1757.57
23044.1 1757.87
23065.2 1758.18
23086.7 1758.49
23108.6 1758.81
23130.8 1759.13
23153.4 1759.46
23166.7 1769.14
23197 1762.84
23207.2 1775.78
23237.9 1770.06
23268.7 1764.79
23279.5 1777.76
23310.8 1773.06
23345.2 1766.28
23357.1 1778.99
23389.5 1774.95
23422.1 1771.33
23455 1768.12
23467.9 1781
23501.4 1778.3
23535.1 1776
23575.7 1769.32
23590.3 1782.1
23625.5 1780.42
23661.1 1779.12
23697.1 1778.19
23733.4 1777.64
23770.2 1777.45
23807.4 1777.63
23845.1 1778.16
23874.4 1784.52
23913.6 1785.27
23953.4 1786.39
24013.9 1776.07
24054.9 1778.12
24096.4 1780.5
24138.6 1783.23
24181.5 1786.3
24225.2 1789.7
24289.7 1783.04
24334.9 1787.33
24381 1791.94
24448.1 1787.16
25397.6 1367.04
25397.1 1405.27
25396.5 1443.18
25396 1480.79
25395.4 1518.09
25394.9 1555.11
25394.3 1591.84
25393.8 1628.3
25393.3 1664.5
25392.8 1700.43
25392.2 1736.13
25391.7 1771.58
25451.5 1785.72
25511.3 1800.83
25651.5 1790.37
25751.4 1795.29
25851.3 1801.93
25951.2 1810.29
26131.4 1796.93
26231.3 1809.45
26371.2 1812.7
26551.3 1807.82
26711.3 1811.21
27654.1 1625.76
27653.3 1679.78
27592.3 1747.19
27591.5 1800.2
27731.2 1823.78
27915.4 1840.85
28186.6 1844.57
28489.4 1847.27
29173.6 1789.75
29881.3 1740.5
29871.6 1814.12
30010.8 1865.79
31738.1 1703.78
31271.2 1851.22
31710.8 1882.99
31770 1963.99
31779.1 2050.9
31787.5 2137.88
31795.1 2224.94
31801.9 2312.06
31808 2399.23
31813.3 2486.46
31817.9 2573.73
31821.7 2661.03
31824.7 2748.37
31827 2835.73
31828.5 2923.1
31829.2 3010.48
31829.2 3097.87
31828.4 3185.26
31826.8 3272.63
31824.5 3359.99
31821.4 3447.32
31817.6 3534.62
31813 3621.89
30924.9 3650.93
29685 3638.2
29664 3705.53
27881.8 3610.05
27261.9 3600.75
26761.9 3593.79
26342 3587.56
25982 3581.64
25682 3577.6
25422.1 3574.12
25202.1 3572.25
24982.1 3566.54
24802.1 3563.85
24642.2 3561.62
24502.2 3560.4
24382.1 3560.7
24262.1 3558.91
24142.2 3555.02
24042.2 3553.55
23962.2 3555.03
23862.2 3550.23
23782.2 3548.73
23722.2 3551.1
23642.3 3546.98
23582.2 3547.09
23522.3 3546.14
23462.3 3544.14
23422.2 3547.29
23362.3 3543.36
23322.3 3544.95
23282.2 3545.85
23222.3 3539.09
23182.3 3538.4
23162.2 3544.37
23122.3 3542.47
23082.3 3539.87
23042.3 3536.55
23022.3 3540.66
22982.3 3536.1
22962.3 3539.36
22922.4 3533.54
22902.3 3535.95
22882.3 3538.03
22862.3 3539.77
22822.4 3531.58
22802.4 3532.44
22782.4 3532.96
22762.4 3533.13
22742.4 3532.96
22722.4 3532.44
22702.4 3531.56
22682.4 3530.33
22662.4 3528.73
22662.3 3538.37
22642.3 3536.28
22622.3 3533.82
22602.4 3530.98
22582.4 3527.77
22582.3 3536.95
22562.3 3533.21
22542.4 3529.08
22542.3 3538.07
22522.3 3533.39
22502.4 3528.32
22502.3 3537.11
22482.4 3531.47
22462.4 3525.41
22462.3 3534.01
22442.4 3527.36
22442.3 3535.91
22422.4 3528.66
22422.3 3537.16
22402.4 3529.3
22402.3 3537.75
22382.4 3529.26
22382.3 3537.65
22362.4 3528.51
22362.3 3536.85
22342.4 3527.04
22342.3 3535.33
22322.4 3524.82
22322.3 3533.05
22302.5 3521.82
22302.4 3529.99
22302.3 3538.41
22294 3538.29
22285.8 3538.17
22277.8 3538.05
22269.9 3537.94
22262.1 3537.82
22254.5 3537.71
22246.9 3537.6
22239.5 3537.49
22232.2 3537.39
22225 3537.28
22217.9 3537.18
22210.9 3537.08
22204 3536.97
22197.2 3536.88
22190.5 3536.78
22183.9 3536.68
22177.4 3536.59
22170.9 3536.49
22164.5 3536.4
22158.3 3536.31
22152 3536.22
22145.9 3536.13
22139.8 3536.04
22133.8 3535.95
22127.9 3535.87
22122.1 3535.78
22116.3 3535.7
22110.5 3535.61
22104.8 3535.53
22099.2 3535.45
22093.7 3535.37
22088.2 3535.29
22082.7 3535.21
22077.3 3535.13
22071.9 3535.05
22066.6 3534.97
22061.4 3534.9
22056.2 3534.82
22051 3534.74
22045.9 3534.67
22040.8 3534.6
22035.7 3534.52
22030.7 3534.45
22025.8 3534.38
22020.8 3534.3
22015.9 3534.23
22011.1 3534.16
22006.3 3534.09
22001.5 3534.02
21996.7 3533.95
21992 3533.88
21987.3 3533.82
21982.6 3533.75
21977.9 3533.68
21973.3 3533.61
21968.7 3533.55
21964.2 3533.48
24439.5 12704.8
24355 12727.2
24270.4 12748.9
24185.5 12769.9
24100.5 12790.1
24015.3 12809.6
23930 12828.3
23844.4 12846.3
23758.8 12863.6
23673 12880
23587 12895.8
23500.9 12910.8
23414.7 12925
23328.3 12938.5
23241.9 12951.2
23155.3 12963.2
23068.7 12974.4
22981.9 12984.8
22895 12994.5
22808.1 13003.4
22721.1 13011.6
22634 13019
22546.9 13025.7
22459.7 13031.6
22372.5 13036.7
22285.2 13041.1
22197.9 13044.7
22110.5 13047.5
22023.2 13049.6
21935.8 13050.9
21848.4 13051.4
21761 13051.2
21673.6 13050.2
21586.3 13048.5
21498.9 13046
21411.6 13042.7
21324.3 13038.7
21237 13033.9
21149.8 13028.4
21062.7 13022
20975.6 13015
20888.5 13007.1
20801.6 12998.5
20714.7 12989.2
20627.9 12979
20541.2 12968.2
20454.6 12956.5
20368.1 12944.1
20281.7 12931
20195.4 12917.1
20109.3 12902.4
20023.2 12887
19937.4 12870.9
19851.6 12854
19766 12836.3
19680.6 12817.9
19595.3 12798.7
19510.3 12778.9
19425.3 12758.2
19340.6 12736.8
19256.1 12714.7
19171.7 12691.9
19087.6 12668.3
19003.6 12643.9
18919.9 12618.9
21679.4 3529.33
21674.8 3529.26
21670.2 3529.19
21665.6 3529.13
21660.9 3529.06
21656.3 3528.99
21651.5 3528.92
21646.8 3528.85
21642 3528.78
21637.2 3528.71
21632.4 3528.64
21627.5 3528.57
21622.6 3528.5
21617.7 3528.43
21612.7 3528.36
21607.7 3528.28
21602.6 3528.21
21597.6 3528.13
21592.4 3528.06
21587.2 3527.98
21582 3527.91
21576.7 3527.83
21571.4 3527.75
21566.1 3527.68
21560.7 3527.6
21555.2 3527.52
21549.7 3527.44
21544.1 3527.36
21538.5 3527.27
21532.8 3527.19
21527 3527.11
21521.2 3527.02
21515.3 3526.94
21509.4 3526.85
21503.4 3526.76
21497.3 3526.67
21491.1 3526.58
21484.9 3526.49
21478.6 3526.4
21472.2 3526.31
21465.8 3526.21
21459.2 3526.12
21452.6 3526.02
21445.8 3525.92
21439 3525.82
21432.1 3525.72
21425.1 3525.62
21418 3525.52
21410.7 3525.41
21403.4 3525.3
21396 3525.2
21388.4 3525.09
21380.7 3524.97
21372.9 3524.86
21365 3524.74
21356.9 3524.63
21348.7 3524.51
21342.4 3522.42
21342.5 3514.14
21342.6 3506
21322.5 3516.6
21322.6 3508.4
21302.4 3518.28
21302.5 3510.02
21282.4 3519.21
21282.5 3510.89
21262.4 3519.42
21262.5 3511.05
21242.4 3518.92
21242.5 3510.5
21222.4 3517.74
21222.6 3509.27
21202.5 3515.89
21202.6 3507.37
21182.5 3513.4
21162.4 3518.99
21162.5 3510.27
21142.5 3515.29
21142.6 3506.52
21122.5 3510.98
21102.5 3515.03
21102.6 3506.07
21082.5 3509.58
21062.5 3512.71
21042.4 3515.45
21042.6 3506.15
21022.5 3508.37
21002.5 3510.22
20982.5 3511.7
20962.5 3512.81
20942.5 3513.56
20922.4 3513.96
20922.6 3503.94
20902.6 3503.85
20902.7 3493.8
20902.9 3483.83
20903 3473.94
20903.2 3464.14
20903.3 3454.41
20903.5 3444.77
20903.6 3435.19
20903.7 3425.69
20903.9 3416.26
20904 3406.9
20904.1 3397.6
20904.3 3388.36
20904.4 3379.19
20904.5 3370.07
20904.7 3361.01
20904.8 3352.01
20904.9 3343.06
20905.1 3334.17
20905.2 3325.32
20905.3 3316.52
20905.5 3307.77
20905.6 3299.06
20905.7 3290.4
20905.8 3281.77
20906 3273.19
20906.1 3264.64
20906.2 3256.13
20906.3 3247.66
20906.5 3239.22
20906.6 3230.81
20906.7 3222.44
20906.8 3214.09
20906.9 3205.77
20907.1 3197.48
20907.2 3189.21
20907.3 3180.97
20907.4 3172.74
20907.5 3164.54
20907.7 3156.36
20907.8 3148.2
20907.9 3140.05
20908 3131.92
20868.1 3126.95
16306.5 3436.68
15746.6 3422.35
14726.5 3422.29
14587.3 3366.12
14588.3 3302.71
14589.2 3239.35
14590.1 3176.03
14591 3112.75
14592 3049.49
14592.9 2986.26
14593.8 2923.02
14594.7 2859.79
14595.6 2796.54
14596.6 2733.27
14597.5 2669.96
14598.4 2606.62
14499.4 2536.19
11860.4 2263.07
11867.7 2175.99
11875.7 2088.97
11884.5 2002.03
11894.1 1915.16
11904.4 1828.39
11915.4 1741.7
11927.3 1655.12
11939.8 1568.64
12712.8 1602.98
13252.8 1611.82
13712.8 1615.99
14132.7 1620.8
14512.7 1625.17
14633.3 1583.3
14873.6 1568.88
15230.6 1584.59
15489.9 1583.98
15729.1 1583.07
16035.4 1603.12
16093.8 1564.34
15955.1 1473.47
16135.2 1468.37
16155.9 1420.58
16990.7 1614.67
17133.2 1612.22
17267.4 1609.61
17394 1606.87
17576 1624.91
17687.4 1621.9
17793.1 1618.78
17893.4 1615.55
17988.9 1612.23
18133.8 1629.59
18219.1 1626.06
18300.5 1622.43
18378.3 1618.72
18501.5 1635.64
18571.7 1631.75
18639 1627.79
18703.6 1623.74
18809.9 1640.27
18868.6 1636.06
18925.2 1631.78
18979.7 1627.43
19072.5 1643.6
19122.4 1639.09
19170.5 1634.51
19217 1629.86
19299 1645.68
19341.8 1640.87
19383.3 1635.99
19423.5 1631.04
19496.5 1646.52
19533.6 1641.41
19569.7 1636.23
19636.8 1651.45
19670.3 1646.1
19702.9 1640.68
19734.5 1635.19
19785.1 1643.19
19814 1637
19851 1636.99
19894.5 1642.34
19919.8 1635.07
19978.7 1653.53
20008.5 1650.93
20036.9 1647.66
20058.1 1639.08
20089.4 1639.02
20133.4 1649.96
20156.3 1644.13
20178 1637.55
20221.8 1650.55
20237.6 1639.59
20281.1 1653.81
20295 1641.87
20330.4 1650.05
20346.7 1640.78
20379.7 1647.87
20412.7 1655.6
20423.2 1641.57
20453.7 1647.76
20489.9 1660.63
20513.5 1660.98
20536.6 1661.31
20540.9 1641.37
20545.4 1621.44
20550.2 1601.5
20572.9 1601.84
20577.9 1581.91
20583.2 1561.98
