-764.091 -7844.66
-702.002 -7905.98
-639.379 -7966.76
-576.227 -8026.99
-512.554 -8086.66
-448.363 -8145.78
-383.658 -8204.33
-318.444 -8262.32
-252.725 -8319.73
-186.509 -8376.57
-119.801 -8432.83
-52.6036 -8488.51
15.0774 -8543.6
83.2378 -8598.09
151.871 -8651.99
220.97 -8705.29
290.532 -8757.98
360.553 -8810.06
431.024 -8861.53
5562.26 -1790
5582.14 -1780.77
5598.42 -1776.21
5623.48 -1758.17
5641.57 -1749.78
5654.57 -1748.72
5670.72 -1742.44
5689.35 -1731.71
5696.81 -1738.65
5709.99 -1736.1
5720.05 -1738.57
5737.08 -1728.8
5751.44 -1723.17
5765.66 -1717.36
5777.83 -1714.89
5796.01 -1700.8
5801.47 -1710.43
5816.11 -1702.21
5827.91 -1699.17
5836.99 -1701.4
5847.36 -1700.84
5854.75 -1706.51
5868.39 -1698.47
5885.09 -1682.94
5891.97 -1689.23
5902.42 -1687.17
5914.72 -1680.38
5921.27 -1687.36
5931.92 -1684.06
5941.07 -1684.38
5953.68 -1675.24
5967.8 -1661.25
5978.99 -1654.62
5982.6 -1669.64
5992.44 -1666.62
6002.2 -1663.51
6015.47 -1648.84
6020.04 -1661.76
6031.02 -1653.56
6040.47 -1650.05
6049.57 -1647.41
6057.06 -1650.47
6066.33 -1646.69
6074.31 -1647.67
6086.23 -1632.04
6092.06 -1641.62
6100.83 -1638.46
6108.91 -1638.16
6120.73 -1619.15
6128.42 -1619.64
6134.48 -1628.92
6142.58 -1627.32
6151.45 -1620.72
6159.12 -1620.94
6167.22 -1618.12
6174.3 -1622.17
6183.24 -1612.27
6190.92 -1611.22
6198.9 -1607.11
6205.99 -1610.89
6213.22 -1613.62
6221.18 -1608.31
6229.28 -1599.94
6236.54 -1601.47
6243.76 -1603.93
6251.07 -1605.33
6258.78 -1597.68
6266.19 -1594.95
6273.62 -1589.17
6280.85 -1589.31
6288.07 -1591.39
6295.32 -1590.41
6302.39 -1574.36
6309.53 -1576.26
6316.74 -1579.09
6323.92 -1579.86
6330.84 -1574.57
6338.59 -1586.19
6345.42 -1579.78
6353.57 -1593.27
6358.27 -1560.82
6367.48 -1585.12
6372.23 -1559.57
6380.05 -1566.81
6386.62 -1562.05
6394.36 -1567.16
6399.94 -1555.35
6408.14 -1563.31
6412.15 -1542.5
6419.92 -1547.36
6425.78 -1540.32
6435.21 -1553.9
6440.11 -1541.83
6447.5 -1543.46
6454.53 -1543.07
6461.35 -1541.64
6466.85 -1534.29
6476.32 -1544.44
6481.04 -1534.07
6489.24 -1538.22
6499.05 -1548.1
6510.61 -1563.66
6518.95 -1566.55
6530.42 -1579.93
6533.85 -1565.37
6544.1 -1573.76
6555.42 -1584.89
6559.81 -1574.02
6569.77 -1580.2
6575.28 -1573.03
6588.06 -1586.56
6601.45 -1600.86
6610.88 -1603.76
6629.75 -1630.82
6646.91 -1652.02
6661.83 -1666.51
6681.25 -1690.96
7726.21 -4117.59
7338.17 -3150.16
7308.75 -3028.68
7319.76 -3000.64
7343.51 -3000.66
7354.38 -2973.38
7379.37 -2975.71
7415.23 -2999.24
7485.3 -3088.17
7525.03 -3114.91
7505.02 -3028.21
7530.03 -3027.21
7541.98 -3002.36
7564.46 -2996.6
7576.9 -2973.31
7595.15 -2960.31
7617.39 -2954.01
7629.67 -2931.3
7643.78 -2911.94
7658.2 -2893.34
7681.67 -2888.89
7697.98 -2873.36
7706.83 -2846.95
7823.81 -2977.76
7898.31 -3042.86
7865.19 -2954.78
12186.7 -8839.6
10212.8 -6036.06
10436.1 -6236.12
10879.7 -6713.91
10787.7 -6490.33
10948.6 -6589.99
10803.8 -6308.6
10908.1 -6336.83
10908.3 -6238.99
11018.4 -6271.39
11241.9 -6431.13
11297.1 -6394.47
11533.2 -6557.58
11507.8 -6429.2
11612.4 -6442.62
11686.6 -6422.06
11716.3 -6354.68
11761.4 -6303.59
11738 -6184.38
11883.8 -6233.2
11952.2 -6204.32
11998 -6153.36
12051.5 -6109.5
11850.5 -5833.19
11669 -5582.18
11811.4 -5623.69
12205.9 -5880.43
12113.3 -5711.99
12035 -5559.69
11814.7 -5294.26
11303.8 -4802
11298.1 -4725.84
11235.5 -4606.47
10975.7 -4339.11
10804.4 -4146.24
10578.6 -3918.66
10421.3 -3747.48
10281.7 -3593.77
10134 -3438.73
9984.81 -3287.06
9982.64 -3238.58
10017.5 -3215.11
9828.01 -3046.21
9616.46 -2868.49
9465.77 -2734.27
9380.44 -2644.01
9301.51 -2560.01
9238.6 -2487.65
9162.53 -2409.56
9107.98 -2345.69
9043.79 -2278.07
8990.07 -2217.87
9003.57 -2194.76
9021.31 -2173.82
9042.46 -2154.48
9065.27 -2135.78
9087.96 -2116.78
9107.82 -2096.2
9115.74 -2069.91
9158.94 -2059.69
9161.94 -2030.99
9187.6 -2012.27
9219.61 -1995.92
9240.45 -1974.53
9263.92 -1953.99
9287.26 -1933.13
9307.65 -1910.88
9304.46 -1879.66
9259.57 -1833.61
9215.06 -1788.76
9165.26 -1743.15
9139.56 -1706.7
9106.79 -1668.62
9044.95 -1622.21
9016.96 -1587.42
9005.85 -1558.26
8991.55 -1528.54
9027.07 -1512.93
9039.33 -1490.59
8996.2 -1453.93
8975.94 -1423.84
8942.72 -1391.14
8910.1 -1359.3
8875.18 -1327.64
8853.62 -1299.53
8824.89 -1270.46
7536.96 -999.656
7422.94 -967.51
7395.15 -952.494
7371.13 -938.633
7369.68 -928.76
7352.31 -916.592
7339.77 -905.426
7338.02 -895.906
7319.3 -884.388
7324.32 -875.88
7311.37 -865.445
7309.26 -856.278
7324 -848.607
7309.78 -838.465
7328.38 -830.818
7338.94 -822.378
7320.46 -812.296
7337.86 -804.045
7351.19 -795.361
7353.46 -786.181
7386.64 -777.447
7383.75 -767.889
7396.77 -758.352
7428.71 -748.388
7422.56 -738.601
7436.32 -728.358
7457.98 -717.58
7460.56 -707.286
7488.01 -695.588
7480.42 -685.61
7506.65 -673.323
7535.75 -660.333
7529.85 -649.944
7535.8 -638.477
7533.69 -627.75
7581.16 -611.297
7581.8 -599.82
7595.22 -586.601
7598.6 -574.545
7636.48 -557.18
7655.39 -542.146
7657.38 -529.605
7668.11 -515.433
7691.47 -498.663
7706.8 -483.009
7715.1 -468.475
7600.06 -480.203
7525.35 -484.965
7513.16 -476.496
7502.86 -467.748
7485.71 -460.864
7490.79 -448.456
7477.4 -440.889
7456.27 -435.684
7452.43 -425.829
7454.26 -414.302
7451.19 -404.188
7436.6 -397.731
7435.3 -387.151
7437.68 -375.289
7457.9 -357.138
7494.84 -332.565
7523.93 -310.068
7680.01 -239.166
7722.99 -208.723
7715.33 -197.377
7704.81 -187.251
7694.21 -177.266
7682.63 -167.814
7676.49 -156.117
7676.64 -141.623
7654.82 -137.074
7644.8 -127.342
7641.03 -114.712
7620.08 -110.46
7617.93 -97.1197
7617.44 -82.8557
7607.93 -73.1841
7593.94 -65.9824
7584.32 -56.5778
7585.99 -40.9647
7575.32 -32.1858
7555.07 -29.0559
7546.06 -19.6041
7550.68 -1.98792
7526.13 -2.0543
7514.38 5.48196
7507.65 16.1044
7513.39 34.8611
7501.41 42.1529
7481.94 44.2497
7472.4 52.8838
7463.63 61.9879
7462.1 76.2412
7453.94 85.8153
7440.09 91.1368
7439 105.934
7430.6 115.285
7409.54 114.681
7407.33 128.752
7401.08 139.697
7390.1 146.776
7378.32 153.087
7372.58 164.47
7359.95 169.904
7357.03 183.821
7350.23 194.404
7338.91 200.879
7331.95 211.33
7319.81 216.904
7312.67 227.213
7304.73 236.769
7296.69 246.261
7292.07 259.263
7278.97 263.611
7273.43 275.803
7267.08 287.243
7263.29 301.605
7248.64 304.07
7241.96 315.363
7235.81 327.376
7228.88 338.602
7210.27 335.979
7205.75 350.118
7197.28 359.59
7189.95 370.567
7186.8 387.025
7171.29 387.625
7166.64 402.436
7158.24 412.424
7156.18 431.265
7142.27 433.854
7131.25 440.393
7125.26 454.257
7117.97 466.447
7106.68 472.758
7099.69 485.683
7094.14 501.112
7076.77 497.86
7064.19 502.084
7065.98 530.212
7043.56 517.925
7037.86 533.956
7028.01 543.014
7018.54 552.874
7016.56 576.743
7003.46 580.348
6996.33 595.368
6979.95 592.529
6971.23 604.736
6962.35 616.893
6948.16 618.158
6946.63 646.494
6930.61 643.941
6925.22 664.988
6912.75 670.444
6899.46 673.948
6889.21 684.727
6877.32 691.724
6867.55 704.209
6856.88 714.766
6850.61 737.433
6836.16 738.474
6826.71 753.526
6816.07 765.688
6806.2 780.626
6794.88 791.701
6782.81 800.786
6771.79 813.606
6756.62 812.92
6748.63 837.097
6733.87 838.113
6718.11 835.128
6713.86 876.546
6701 885.974
6692.18 912.812
6695.86 996.158
6687.17 1029.88
6673.79 1044.01
6658.23 1048.23
6643.19 1055.27
6628.6 1065.14
6617.29 1094.59
6601.91 1102.27
6586.57 1110.82
6574.75 1143.97
6559.91 1159.23
6544.69 1173.38
6528.65 1182.44
6512.8 1194.36
6497.58 1214.1
6481.18 1224.76
6465.56 1246.25
6449.04 1260.63
6432.35 1275.88
6416.64 1311.95
6398.5 1311.94
6381.33 1334.76
6363.38 1345.44
6345.51 1366.96
6327.19 1383.33
6308.71 1417.54
6289.69 1425.59
6270.2 1464.46
6250.36 1486.17
6230.31 1501.7
6209.43 1532.04
6189.16 1537.21
6167.87 1559.18
6145.93 1584.93
6123.82 1606.5
6101.49 1625.86
6076.84 1666.92
6052.64 1695.78
6031.85 1687.62
6013.15 1662.39
5994.74 1638.02
5969.05 1671
5946.02 1680.95
5922.18 1694.63
5894.6 1729.8
5862.7 1786.37
5834.88 1814.01
5806.17 1843.33
5777.11 1871.35
5750.54 1884.38
5714.9 1938.2
5681.77 1975.99
5647.93 2013.4
5614.11 2047.5
5580.13 2079.29
5540.74 2129.08
5505.65 2159.08
5465.41 2205.07
5424.86 2248.65
5395.2 2252.45
5437.19 2022.76
5312.51 2331.62
5245.16 2446.5
5197.75 2495.04
5149.75 2542.05
5102.51 2583.75
5041.06 2661.5
4983.8 2723.44
4929.32 2774.39
4865.01 2846.95
4799.34 2918.65
4733.47 2986.71
4660.01 3068.61
4593.42 3130.26
4556.67 3121.66
4564.92 3014.53
4342.8 3403.16
4249.06 3505.91
4160.42 3592.97
4054.89 3709.2
3943.97 3830.13
3833.1 3945.03
5012.33 1638.82
4935.42 1730.26
4886.98 1766.37
3305.28 4498.8
3151.65 4658.52
2984.33 4834.01
2809.58 5013.84
4282.32 2508.28
4614.23 1916.29
4722.96 1695.15
4698.86 1685.54
4681.45 1665.69
4665.95 1643.25
4637.65 1639.66
4615.04 1627.57
4589.61 1619.33
400.835 7318.78
330.556 7267.05
260.732 7214.7
191.367 7161.75
122.467 7108.2
54.0323 7054.04
-13.9228 6999.29
-81.3978 6943.95
-148.387 6888.03
-214.885 6831.52
-280.888 6774.43
-346.391 6716.77
-411.388 6658.54
-475.873 6599.75
-539.844 6540.39
-603.298 6480.48
-666.222 6420.01
-728.618 6359
-790.477 6297.45
