-783.198 -7840.77
-721.219 -7902.2
-658.705 -7963.08
-595.66 -8023.43
-532.094 -8083.21
-468.008 -8142.44
-403.408 -8201.11
-338.297 -8259.22
-272.681 -8316.75
-206.567 -8373.71
-139.959 -8430.09
-72.8608 -8485.88
-5.27817 -8541.09
62.7849 -8595.71
131.322 -8649.73
200.326 -8703.15
269.793 -8755.97
339.722 -8808.17
410.101 -8859.77
480.927 -8910.75
5576.71 -1784.11
5592.39 -1780.38
5607.95 -1776.45
5629.46 -1763.16
5643.61 -1760.48
5669.47 -1739.07
5675.84 -1747.82
5689.63 -1744.59
5705.38 -1737.76
5721.46 -1729.88
5725.37 -1742.58
5742.26 -1732.65
5753.59 -1732.12
5775.38 -1712.13
5780.34 -1722.74
5803.92 -1697.86
5814.76 -1696.69
5817.97 -1710.63
5827.95 -1711.09
5837.91 -1711.45
5849.96 -1707.18
5863.55 -1699.13
5873.31 -1699.14
5887.02 -1689.88
5898.2 -1685.97
5904.3 -1693.95
5913.51 -1694.48
5927.83 -1681.89
5934.01 -1689.66
5946.26 -1681.46
5950.82 -1693.8
5968.91 -1668.42
5978.07 -1667.39
5986.56 -1668.15
5996.27 -1665.04
6005.3 -1663.73
6012.24 -1669.02
6020.39 -1670.43
6026.61 -1678.49
6042.84 -1650.86
6052.61 -1645.23
6060.27 -1647.25
6065.28 -1659.87
6077.26 -1644.27
6082.88 -1654.84
6091.48 -1652.68
6100.66 -1647.51
6111.52 -1633.43
6120.59 -1627.07
6127.36 -1632.43
6134.2 -1637.73
6143.6 -1628.18
6150.79 -1631.38
6161.57 -1610.78
6165.31 -1637.59
6174.19 -1628.71
6182.43 -1623.71
6190.46 -1619.62
6196.73 -1631.38
6206.46 -1609.24
6213.1 -1617.88
6220.43 -1619.49
6228.21 -1615.06
6235.96 -1609.55
6244.13 -1593.99
6250.72 -1608.32
6258.25 -1602.61
6265.58 -1600.83
6272.82 -1601.99
6280.07 -1604.09
6287.36 -1603.12
6294.55 -1593.09
6301.58 -1583.99
6308.95 -1593.83
6316.15 -1593.61
6322.82 -1581.34
6330.43 -1590.99
6337.17 -1583.59
6344.14 -1581.13
6351.3 -1581.6
6359 -1587.98
6364.13 -1566.42
6372.23 -1576.66
6378.82 -1571.92
6385.7 -1570.09
6394 -1579.12
6400.5 -1574.2
6405.01 -1556.37
6412.19 -1557.28
6417.58 -1547.29
6426.97 -1560.89
6432.78 -1553.74
6441.34 -1561.28
6446.65 -1552.06
6452.02 -1543.8
6460.29 -1549.16
6467.09 -1547.63
6476.91 -1558.67
6479.2 -1538.55
6491.16 -1557.17
6501.14 -1566.96
6508.36 -1566.02
6526.89 -1604.43
6527.07 -1578.34
6533.83 -1575.26
6545.36 -1587.39
6550.64 -1579.4
6561.19 -1587.5
6569.62 -1588.86
6582.44 -1602.39
6598.26 -1623.27
6608.85 -1628.96
6618.85 -1632.65
6639.57 -1663.22
6651.86 -1671.24
6673.88 -1702.2
7721.94 -4148.17
7328.62 -3163.48
7303.1 -3050.16
7307.62 -3007.54
7330.07 -3004.89
7346.96 -2990.29
7374.63 -2998.04
7406.09 -3012.63
7478.75 -3107.02
7516.2 -3129.35
7508.1 -3064.68
7515.68 -3031.09
7534.4 -3018.54
7556.45 -3011.92
7569.97 -2990.37
7583.22 -2968.75
7603.91 -2959.93
7615.66 -2936.42
7637.17 -2928.99
7648.98 -2906.16
7667.58 -2894.2
7689.38 -2887.07
7704.46 -2869.78
7808.27 -2981.77
7876.86 -3038.86
7868.73 -2985.82
12165.8 -8858.81
10199.9 -6055.76
10427 -6261.79
10853.5 -6718.89
10785.2 -6525.17
10931.7 -6606.99
10788 -6326.12
10898.7 -6362.25
10885.6 -6248.26
10996.9 -6282.44
11244.3 -6470.54
11283.9 -6415.83
11510.3 -6568.94
11493.9 -6450.15
11590.3 -6454.96
11671.4 -6441.83
11698.4 -6371.61
11747.1 -6324.18
11716.9 -6197.84
11871.1 -6255.38
11931 -6218.25
11971 -6161.91
12036.2 -6129.15
11825.4 -5843.02
11660.6 -5606.49
11806.7 -5651.51
12178.2 -5889.18
12085 -5720.03
12010 -5570.27
11807.9 -5319.17
11284.7 -4815.24
11276.7 -4737.24
11222.9 -4624.6
10969.2 -4361.04
10779.1 -4153.36
10572.9 -3939.77
10413.5 -3766.48
10262 -3603.78
10126.1 -3456.58
9976.29 -3304.05
9973.39 -3254.99
10014.1 -3235.42
9819.96 -3062.85
9612.96 -2887.42
9450.67 -2745.46
9376.56 -2661.88
9288.38 -2572.02
9223 -2498.06
9153.97 -2423.88
9097.8 -2358.92
9024.97 -2286.35
8975.71 -2228.53
8996.29 -2209.23
9008.76 -2185.54
9019.23 -2160.83
9061.7 -2152.1
9087.15 -2134.41
9113.39 -2116.82
9117.8 -2088.72
9132.85 -2065.63
9173.29 -2053.76
9177.97 -2025.74
9209.99 -2009.45
9234.57 -1989.64
9246.03 -1964.25
9259.14 -1939.48
9297.25 -1924.25
9297.85 -1894.44
9248.35 -1846.58
9200.14 -1800.34
9173.09 -1762.52
9139.93 -1723.34
9106.3 -1684.81
9047.42 -1639.13
9013.78 -1602.45
8999.86 -1572.38
8988.5 -1543.44
8999.97 -1521.17
9033.48 -1504.72
8993.32 -1468.71
8952.75 -1433.46
8935.11 -1404.57
8895.73 -1371.1
8867.69 -1340.96
8834.43 -1310.31
8824.36 -1285.07
7532.99 -1011.15
7415.1 -978.05
7388.32 -963.166
7369.26 -950.087
7362.9 -939.387
7347.53 -927.483
7338.97 -916.834
7326.34 -905.824
7315.58 -895.29
7319.62 -886.652
7326.57 -878.265
7325.5 -869
7316.37 -859.066
7310.13 -849.533
7334.74 -842.277
7323.36 -832.402
7320.88 -823.201
7339.29 -814.963
7347.65 -806.06
7352.93 -796.935
7388.12 -788.243
7385.25 -778.61
7386.29 -769.028
7430.25 -759.05
7422.12 -749.217
7444.89 -738.71
7451.58 -728.365
7453.18 -718.119
7461.67 -707.475
7488.04 -695.578
7478.37 -685.731
7523.46 -671.727
7526.55 -660.595
7536.5 -648.729
7546.34 -636.682
7574.95 -622.301
7584.53 -609.728
7606.89 -595.28
7600.37 -584.467
7624.42 -569.17
7627.57 -556.727
7637.5 -543.057
7673.88 -524.508
7689.39 -509.135
7695.9 -495.192
7728.74 -475.73
7624.39 -484.793
7517.4 -496.303
7509.13 -486.929
7511.48 -475.11
7492.37 -468.552
7487.77 -458.548
7479.22 -449.638
7448.44 -447.001
7463.85 -431.641
7461.82 -421.103
7434.83 -418.178
7438.4 -406.072
7425.67 -399.131
7424.3 -388.576
7448.35 -369.225
7475.93 -348.09
7524.83 -318.576
7679.14 -248.596
7714.69 -221.056
7709.85 -208.621
7697.49 -199.226
7691.54 -187.324
7678.12 -178.609
7666.5 -169.286
7657.56 -158.901
7651.27 -147.381
7648.51 -134.234
7635.7 -125.824
7620.15 -118.904
7612.63 -108.19
7606.82 -96.6501
7593.8 -88.8553
7588.7 -77.0105
7592.28 -60.4302
7572.92 -56.3425
7562.3 -47.6131
7553.36 -38.0144
7544.35 -28.5164
7535.26 -19.1202
7533.79 -5.12296
7527.07 5.72549
7506.77 7.91706
7500.78 19.0742
7494.69 30.1857
7478.55 34.5398
7469.84 43.7718
7457.79 50.6185
7448.15 59.0597
7453.01 77.9761
7432.72 78.5982
7426.87 89.7654
7426.47 105.157
7409.35 107.676
7400.87 116.812
7388.43 122.719
7385.24 136.111
7375.76 144.372
7366.23 152.537
7358.15 161.918
7352.23 173.215
7342.48 181.134
7348.15 203.143
7325.73 199.405
7316.52 207.741
7320.18 228.496
7311.44 237.472
7294.83 238.592
7287.4 248.772
7278.48 257.461
7269.49 266.072
7265.87 280.455
7250.6 282.318
7246.74 296.63
7234.09 301.217
7226.02 310.948
7230.2 335.069
7210.89 331.764
7198.06 335.923
7195.31 352.378
7181.75 355.563
7173.75 365.69
7167.46 378.143
7167.05 398.559
7149.69 396.545
7143.6 409.69
7135.02 419.56
7126.91 430.189
7120.37 443.24
7110.32 451.293
7102.95 463.432
7087.81 463.793
7087.76 487.601
7073.59 489.45
7058.39 489.442
7054.08 507.267
7042.4 513.048
7037.68 530.848
7026.31 537.346
7016.82 547.244
7009.6 561.47
7002.65 576.553
6985.34 572.1
6976.79 584.377
6963.61 587.658
6955.26 600.699
6947.58 615.502
6937.16 624.837
6931.61 645.015
6917.62 646.929
6908.42 659.712
6895.15 663.237
6886.84 678.65
6874.18 683.827
6864.41 696.337
6856.62 714.388
6848.55 732.414
6838.16 744.772
6821.59 740.095
6810.35 750.373
6798.98 760.57
6787.15 769.733
6777.31 785.481
6769.57 808.824
6756.07 813.932
6746.92 834.304
6729.17 824.763
6719.13 843.048
6706.79 853.532
6697.45 876.537
6687.28 897.557
6691.16 980.884
6679.55 1000.94
6665.96 1013.1
6657.37 1050.63
6638.8 1040.05
6627.01 1064.68
6612.03 1073.48
6596.93 1082.17
6584.21 1106.53
6572.55 1140.7
6555.04 1137.17
6541.66 1164.22
6525.51 1172.32
6510.03 1187.24
6493.99 1199.06
6479.39 1227.66
6462.66 1237.23
6446 1249.65
6429.64 1268.92
6414.04 1306.01
6396.19 1312.03
6378.5 1323.9
6361.03 1347.6
6343 1365.15
6324.78 1388.56
6306.12 1408.8
6287.11 1428.88
6267.84 1438.8
6247.8 1482.54
6228.02 1487.1
6207.57 1508.49
6186.6 1532.68
6165.68 1547.69
6143.63 1576.49
6121.56 1598.09
6099.03 1620.48
6074.78 1657.6
6051.6 1676.55
6029.53 1681.36
6011.44 1650.21
5990.22 1648.7
5968.87 1648
5943.47 1675.83
5917.12 1706.36
5890.84 1732.66
5862.41 1768.56
5833.86 1801.19
5802.88 1843.35
5778.38 1847.86
5743 1905.05
5711.78 1937.37
5678.65 1975.2
5644.83 2012.66
5611.94 2042.92
5575.81 2083.49
5538.17 2126.55
5500.76 2165.3
5465.82 2192.05
5421.82 2248.21
5396.09 2238.63
5428.66 2038.52
5310.34 2328.47
5245.64 2435.86
5195.5 2493.03
5150.13 2532.54
5101.33 2579.05
5040.69 2655.02
4981.43 2722.69
4922.69 2784.91
4863.14 2845.44
4806.92 2894.06
4728.7 2992.79
4661.14 3060.97
4591.49 3130.08
4552.24 3127.01
4564.76 3009.81
4342.48 3400.64
4253.21 3494.53
4156.45 3598.85
4052.81 3711.64
3944.78 3827.39
3837.33 3936.27
5012.95 1627.1
4939.59 1712.55
4886.95 1756.67
3306.71 4498.03
3151.34 4661.47
2982.76 4839.82
2807.73 5020.76
4275.4 2513.38
4604.58 1923.3
4721.4 1688.4
4695.11 1682.19
4677.09 1663.19
4653.13 1653.2
4639.42 1628.13
4611.68 1623.49
4592.6 1606.33
408.775 7320.57
338.404 7268.96
268.487 7216.74
199.027 7163.92
130.032 7110.49
61.5003 7056.45
-6.5523 7001.82
-74.1259 6946.61
-141.215 6890.8
-207.813 6834.41
-273.919 6777.44
-339.524 6719.9
-404.625 6661.78
-469.215 6603.1
-533.291 6543.86
-596.852 6484.06
-659.884 6423.71
-722.388 6362.81
-784.358 6301.37
