-36.0152 -3839.84
-36.0153 -3839.84
-36.0149 -3839.84
-38.6705 -3840.88
-44.0869 -3843.09
-51.7887 -3846.38
-59.5781 -3849.79
-70.3661 -3854.62
-76.1132 -3857.2
-78.986 -3858.49
-79.1221 -3858.55
-79.1221 -3858.55
-79.1221 -3858.55
-79.1221 -3858.55
-81.7239 -3859.72
-87.0996 -3862.03
-97.4781 -3866.31
-110.835 -3871.56
-124.415 -3876.64
-140.765 -3882.45
-135.187 -3899.34
-143.991 -3902.33
-149.815 -3904.3
-152.796 -3905.31
-155.779 -3906.32
-155.779 -3906.32
-155.779 -3906.32
-155.78 -3906.32
-158.48 -3907.24
-163.992 -3909.2
-172.271 -3912.33
-184.596 -3917.27
-194.966 -3921.29
-202.567 -3924.23
-210.029 -3927.11
-214.832 -3928.97
-216.93 -3929.78
-216.93 -3929.78
-216.93 -3929.78
-216.929 -3929.78
-216.93 -3929.78
-216.93 -3929.78
-216.93 -3929.78
-222.268 -3931.85
-227.868 -3933.94
-235.747 -3936.78
-241.533 -3938.79
-244.652 -3939.86
