-783.198 -7840.77
-721.219 -7902.2
-658.705 -7963.08
-595.66 -8023.43
-532.094 -8083.21
-468.008 -8142.44
-403.408 -8201.11
-338.297 -8259.22
-272.681 -8316.75
-206.567 -8373.71
-139.959 -8430.09
-72.8608 -8485.88
-5.27817 -8541.09
62.7849 -8595.71
131.322 -8649.73
200.326 -8703.15
269.793 -8755.97
339.722 -8808.17
410.101 -8859.77
5551.04 -1801.48
5576.71 -1784.11
5596.92 -1773.78
5620.25 -1758.21
5639.95 -1747.32
5647.42 -1754.61
5668.94 -1739.91
5673.72 -1751.21
5688.59 -1746.29
5702.29 -1742.91
5722.48 -1728.16
5738.37 -1720.06
5756.04 -1708.28
5761.83 -1717.25
5774.42 -1713.89
5790.67 -1703.32
5793.76 -1717.37
5811.13 -1703.82
5824.21 -1698.1
5832.34 -1702.1
5845.66 -1695.21
5857.14 -1691.77
5864.38 -1697.31
5879 -1686.35
5886.62 -1690.8
5897.42 -1687.81
5906.21 -1689.33
5916.5 -1687.06
5930.03 -1676.3
5937.96 -1679.39
5948.71 -1674.91
5959.37 -1670.31
5968.58 -1669.37
5978.4 -1666.44
5986.24 -1669.1
5997.2 -1662.18
6006.5 -1659.91
6018.96 -1647.03
6025.22 -1654.13
6031.85 -1660.23
6043.91 -1647.01
6051.58 -1649.1
6059.77 -1649.18
6068.91 -1645.31
6079.83 -1633.57
6088.05 -1632.43
6096.24 -1631.2
6103.15 -1635.77
6112.71 -1627.55
6120.59 -1627.07
6126.81 -1635.38
6136.63 -1623.94
6143.44 -1629.17
6152.51 -1620.52
6160.69 -1616.71
6167.53 -1621.75
6175.76 -1616.81
6183.16 -1617.75
6190.46 -1619.62
6198.41 -1615.46
6206.75 -1606.25
6214.84 -1597.96
6221.53 -1605.54
6228.69 -1608.07
6236.63 -1598.57
6243.5 -1605.97
6251.37 -1593.34
6258.43 -1597.62
6266.15 -1578.84
6273.03 -1589.99
6280.16 -1594.09
6287.36 -1594.12
6294.44 -1581.09
6301.65 -1587.99
6308.85 -1589.83
6315.76 -1582.62
6322.69 -1578.34
6329.96 -1582
6336.44 -1571.61
6343.86 -1577.14
6350.04 -1565.65
6357.95 -1576.03
6364.8 -1573.39
6372.23 -1576.66
6379.16 -1574.9
6385.95 -1572.08
6391.51 -1560.28
6398.55 -1560.33
6405.16 -1557.35
6411.56 -1553.33
6417.74 -1548.27
6427.14 -1561.88
6431.14 -1544.89
6438.67 -1547.54
6446.85 -1553.04
6449.52 -1532.06
6458.56 -1541.35
6463.04 -1530.09
6472.71 -1541.16
6481.62 -1548.25
6492.67 -1562.98
6498.03 -1555.36
6507.56 -1563.13
6521.1 -1584.25
6526.21 -1575.47
6532.95 -1572.39
6542.35 -1577.85
6554.97 -1592.71
6557.06 -1575.17
6564.41 -1573.73
6575.1 -1581.65
6592.1 -1606.36
6603.95 -1615.84
6616.7 -1627.05
6637.74 -1658.57
6652.61 -1673.09
6674.64 -1704.05
7712.17 -4125.16
7327.02 -3159.81
7295.37 -3032.8
7311.35 -3015.73
7329.23 -3003.08
7343.51 -2983.07
7370.25 -2989.05
7401.18 -3002.78
7475.57 -3100.78
7514.81 -3126.69
7500.12 -3049.67
7514.25 -3028.46
7529.07 -3008.92
7550.54 -3001.48
7561.97 -2976.51
7581.69 -2966.17
7598.24 -2950.5
7617.75 -2939.83
7624.45 -2908.63
7644.68 -2899.41
7667.03 -2893.36
7683.86 -2878.73
7701.66 -2865.64
7799.21 -2968.59
7872.84 -3033.12
7857.11 -2969.54
12165.8 -8858.81
10202.8 -6059.78
10421 -6253.81
10851.1 -6715.72
10781.5 -6520.44
10925.5 -6599.17
10776.7 -6312.13
10881.5 -6341.41
10875.3 -6236
10991.7 -6276.35
11233.1 -6457.71
11272.6 -6403.1
11504.3 -6562.25
11494.5 -6450.89
11591.7 -6456.42
11658.3 -6428.05
11688.7 -6361.54
11749.9 -6327.03
11709.1 -6190.06
11856.8 -6241.36
11927.4 -6214.78
11981.9 -6172.23
12028.9 -6122.33
11822.4 -5840.32
11653.2 -5599.8
11802.3 -5647.54
12195.6 -5904.26
12090.4 -5724.58
12013.9 -5573.49
11820.2 -5329.35
11278.5 -4810.2
11271.3 -4732.88
11218.2 -4620.91
10953.3 -4348.86
10771.9 -4147.94
10570.5 -3937.98
10411.1 -3764.72
10258.8 -3601.46
10119.5 -3451.99
9965.57 -3296.69
9960.96 -3246.6
10004.1 -3228.8
9809.05 -3055.77
9609.58 -2885.27
9450.67 -2745.46
9363.77 -2654.04
9286.67 -2570.99
9225.59 -2499.58
9148.77 -2420.88
9089.09 -2354
9022.35 -2284.89
8977.47 -2229.48
8988.34 -2205.01
9006.09 -2184.15
9031.7 -2167.18
9045.59 -2144.07
9071.87 -2126.96
9094.44 -2107.78
9112.36 -2086.19
9146.5 -2071.85
9157.75 -2046.85
9176.13 -2024.94
9185.14 -1998.9
9226.25 -1986.19
9242.32 -1962.75
9262.86 -1940.95
9291.65 -1922.1
9292.23 -1892.34
9246.47 -1845.9
9202.96 -1801.34
9147.56 -1753.73
9123.8 -1717.94
9081.57 -1676.78
9037.88 -1636.13
8997.53 -1597.48
8999.86 -1572.38
8990.42 -1543.99
8997.08 -1520.37
9022.85 -1501.87
8979.77 -1465.2
8953.72 -1433.7
8919.55 -1400.84
8888.91 -1369.52
8868.66 -1341.17
8839.32 -1311.35
8818.48 -1283.88
7524.16 -1009.44
7409.2 -976.957
7374.53 -960.736
7365.31 -949.427
7355.98 -938.293
7344.56 -927.04
7330.05 -915.582
7327.33 -905.955
7310.62 -894.681
7290.81 -883.371
7327.57 -878.37
7305.59 -867.085
7303.42 -857.934
7320.1 -850.317
7315.78 -840.953
7330.35 -832.828
7303.9 -822.313
7314.31 -813.875
7335.65 -805.642
7362.92 -797.196
7374.13 -788
7379.25 -778.558
7385.29 -769.028
7386.25 -759.438
7416.12 -749.322
7435.89 -738.946
7426.59 -729.239
7455.17 -718.031
7461.67 -707.475
7475.06 -696.373
7493.34 -684.683
7512.49 -672.591
7514.59 -661.642
7530.53 -649.305
7524.46 -638.983
7563.02 -623.66
7569.65 -611.558
7572.19 -599.851
7605.32 -583.771
7614.53 -570.649
7632.5 -555.944
7632.56 -543.883
7667.97 -525.55
7696.27 -507.859
7694.92 -495.383
7710.12 -479.519
7608.74 -488.121
7526.19 -494.355
7483.79 -492.78
7512.45 -474.877
7482.67 -470.972
7472.28 -462.556
7467.63 -452.744
7458.07 -444.328
7449.43 -435.777
7455.1 -423.092
7424.31 -421.395
7421.23 -411.486
7444.69 -392.95
7419.56 -390.163
7441.74 -371.505
7481.58 -346.087
7515.43 -321.997
7654.79 -257.703
7707.22 -223.924
7703.34 -211.187
7690.07 -202.223
7695.23 -185.793
7681.81 -177.046
7660.08 -172.078
7651.16 -161.748
7642.17 -151.529
7636.73 -139.729
7620.36 -133.144
7625.54 -116.274
7619.79 -104.62
7608.6 -95.7419
7588.48 -91.6263
7578.99 -82.1754
7565.91 -74.7472
7561.55 -62.646
7548.38 -55.493
7544.7 -43.0151
7544.35 -28.5164
7531.84 -21.1806
7514.18 -17.142
7509.26 -5.40427
7500.87 4.15547
7499.94 18.5295
7479.68 20.2496
7471.92 30.0657
7468.2 42.6388
7462.71 54.0604
7444.08 56.1558
7436.83 66.219
7427.89 75.029
7426.87 89.7654
7420.13 100.286
7405.41 104.597
7408.69 123.037
7392.32 125.866
7380.61 132.294
7371.17 140.515
7362.43 149.29
7352.86 157.325
7357.47 177.854
7335.79 175.111
7345.2 200.44
7330.85 204.179
7311.44 202.923
7307.23 215.991
7296.46 222.751
7287.06 230.813
7274.79 235.933
7277.79 256.742
7268.11 264.621
7259.05 273.14
7244.52 275.682
7239.38 288.455
7237.4 304.962
7229.96 315.477
7212.66 314.536
7210.24 330.997
7208.24 348.27
7192.16 348.492
7192.33 368.868
7175.6 368.054
7163.81 373.383
7164.04 394.566
7149.09 395.741
7137.72 401.599
7136.76 422.003
7125.19 427.732
7110.18 428.405
7102.49 439.685
7102.4 462.598
7086.72 462.116
7073.8 465.672
7069.35 482.665
7063.1 497.116
7047.9 496.98
7037.83 505.293
7029.18 516.125
7019.42 525.161
7010.52 535.874
7000.06 543.893
6994.2 560.659
6988.11 577.422
6972.71 576.358
6960.05 580.498
6952.19 594.407
6943.71 607.378
6934.63 619.399
6929.53 640.465
6919.65 651.497
6910.02 663.381
6899.45 673.363
6881.86 666.64
6871.93 678.264
6864.78 697.267
6857.33 716.255
6841.55 713.679
6833.03 730.676
6819.59 734.439
6811.98 755.101
6798.03 757.725
6785.61 764.977
6779.42 792.157
6763.73 789.698
6754.08 807.22
6744.72 826.614
6727.03 817.054
6714.99 827.592
6705.04 846.755
6693.34 860.042
6688.45 902.419
6694.76 996.474
6677.39 991.176
6665.75 1012.12
6650.79 1018.29
6642.24 1057.72
6626.28 1060.75
6613.25 1080.38
6597.26 1084.14
6582.8 1097.64
6568.56 1113.99
6553.09 1123.31
6540.87 1158.27
6524.9 1167.36
6510.71 1193.2
6493.57 1195.08
6477.57 1208.75
6463.18 1243.21
6444.83 1234.7
6428.87 1257.94
6412.33 1278.07
6395.56 1300.05
6378.28 1318.9
6360.93 1344.6
6343.08 1368.15
6324.6 1378.56
6306.09 1405.8
6287.11 1399.88
6267.75 1448.8
6248.33 1452.54
6228.39 1473.11
6207.99 1496.49
6186.69 1530.68
6165.47 1551.69
6143.33 1581.48
6122.54 1584.12
6099.34 1616.49
6075.83 1645.64
6052.56 1666.6
6029.84 1678.38
6011.1 1653.19
5991.19 1640.76
5970.44 1636.1
5946.67 1653.05
5920.82 1681.63
5890.84 1732.66
5863.73 1760.67
5834.9 1795.28
5805.79 1827.62
5775.52 1862.58
5748.58 1877.61
5715.1 1921.72
5685.58 1943.96
5649.78 1991.22
5611.7 2043.89
5575.81 2083.49
5543.17 2107.19
5508.26 2137.29
5467.16 2187.23
5424.02 2240.52
5399.5 2227.12
5437.72 2008.88
5312.15 2322.75
5247.19 2431.1
5200.89 2476.9
5149.16 2535.38
5098.66 2586.59
5042.4 2650.32
4994.39 2688.03
4927.71 2771.84
4863.87 2843.58
4806.17 2895.92
4743.24 2957.69
4668.57 3043.48
4589.1 3135.58
4556.31 3117.88
4571.39 2995.25
4349.67 3385.24
4253.21 3494.53
4156.89 3597.95
4060.4 3696.42
3951.13 3814.92
3836.4 3938.05
5012.01 1628.86
4938.16 1715.19
4889.38 1752.3
3306.71 4498.03
3151.34 4661.47
2993.41 4821.72
2809.28 5018.19
4278.01 2509.12
4610.94 1913.12
4720.86 1689.24
4698.92 1676.32
4677.64 1662.36
4662.64 1639.1
4639.42 1628.13
4612.82 1621.85
4594.93 1603.08
408.775 7320.57
338.404 7268.96
268.487 7216.74
199.027 7163.92
130.032 7110.49
61.5003 7056.45
-6.5523 7001.82
-74.1259 6946.61
-141.215 6890.8
-207.813 6834.41
-273.919 6777.44
-339.524 6719.9
-404.625 6661.78
-469.215 6603.1
-533.291 6543.86
-596.852 6484.06
-659.884 6423.71
-722.388 6362.81
-784.358 6301.37
