24967 1408.33
24960.2 1462.34
24953.3 1516.29
24946.5 1570.19
24939.7 1624.05
25291.2 1713.87
25283.9 1770.79
25276.7 1827.7
25269.5 1884.6
25262.3 1941.5
25255 1998.41
25247.8 2055.34
25240.6 2112.29
25233.4 2169.28
25226.1 2226.31
23132.1 1887.52
22498 1801.12
22395.5 1813.86
22391.4 1846.19
20937.1 1550.55
20621.4 1496.3
20502 1484.3
20441.4 1485.1
20361.4 1479.74
20320.6 1483.63
20318.8 1497.82
20317 1512.05
20315.2 1526.32
20313.4 1540.63
20311.5 1554.99
20309.7 1569.39
20307.9 1583.84
20306 1598.34
20304.2 1612.9
20302.3 1627.52
20300.5 1642.19
20298.6 1656.92
20296.7 1671.72
20294.8 1686.59
20293 1701.53
20291 1716.54
20289.1 1731.62
20287.2 1746.78
20285.3 1762.03
20283.3 1777.36
20281.4 1792.77
20279.4 1808.28
20276.1 1823.23
20257.7 1830.44
20265.2 1851.05
20268.5 1869.7
20253.5 1878.55
20249 1893.13
20255 1913.79
20254.9 1931.14
20244 1942.29
20247.7 1962.2
20238.5 1974.39
20245.5 1996.84
20237.7 2010.07
20247.8 2035.09
20204 2024.51
20179.7 2026.38
20137.2 2015.12
20115.6 2017.82
20074.1 2005.85
20055 2009.37
20014.5 1996.67
19997.6 2000.99
19976.3 2001.76
19943.1 1992.66
19922.6 1993.13
19909.2 1999
19889 1999.1
19868.8 1998.89
19848.8 1998.36
19828.7 1997.5
19808.7 1996.31
19770.7 1978.34
19750.8 1976.23
19730.9 1973.76
19711.1 1970.95
19691.4 1967.79
19689.5 1982.04
19652 1960.38
19632.4 1956.12
19630.6 1970.12
19611 1965.4
19591.5 1960.3
19572 1954.82
19552.6 1948.94
19550.9 1962.77
19531.5 1956.39
19512.2 1949.6
19493 1942.4
19491.2 1956.15
19472 1948.42
19452.9 1940.24
19449.5 1951.9
19435.8 1950.16
19422.3 1948.45
19409.1 1946.76
19396 1945.11
19383.2 1943.48
19370.6 1941.88
19358.1 1940.3
19345.9 1938.75
19333.8 1937.22
19321.9 1935.71
19310.2 1934.22
19298.7 1932.76
19287.3 1931.32
19276.1 1929.89
19265 1928.49
19254.1 1927.1
19243.3 1925.73
19232.7 1924.38
19222.2 1923.05
19211.8 1921.73
19201.5 1920.43
19191.4 1919.15
19181.4 1917.88
19171.5 1916.62
19161.7 1915.38
19152 1914.15
19142.5 1912.94
19133 1911.73
19123.6 1910.54
19114.3 1909.37
19105.2 1908.2
19096.1 1907.05
19087.1 1905.91
19078.1 1904.77
19069.3 1903.65
19060.5 1902.54
19051.8 1901.44
19043.2 1900.35
19041.6 1920.3
19039.6 1940.21
19030.8 1939.09
19022.1 1937.98
19013.4 1936.88
19004.8 1935.79
18996.2 1934.7
18987.7 1933.62
18979.3 1932.55
18970.9 1931.49
18962.6 1930.44
18954.4 1929.39
18946.1 1928.35
18938 1927.31
18929.9 1926.28
18921.8 1925.26
18913.8 1924.24
18905.8 1923.23
18897.9 1922.22
18890 1921.22
18882.1 1920.22
18874.3 1919.23
18866.5 1918.25
18858.8 1917.26
18851.1 1916.28
18843.4 1915.31
18835.8 1914.34
18828.1 1913.37
18820.5 1912.41
18813 1911.45
18805.4 1910.49
18797.9 1909.54
18790.4 1908.59
18783 1907.64
18775.5 1906.7
18768.1 1905.75
18760.7 1904.81
18753.3 1903.87
18745.9 1902.94
18738.5 1902
18731.2 1901.07
18723.8 1900.14
18716.5 1899.21
18709.2 1898.28
18701.9 1897.35
18694.6 1896.42
18687.3 1895.5
18680 1894.57
18672.7 1893.65
18665.4 1892.72
18658.1 1891.8
18650.8 1890.88
18643.6 1889.95
18636.3 1889.03
18629 1888.1
18621.7 1887.18
18614.4 1886.25
18607.1 1885.33
18599.8 1884.4
18592.5 1883.47
18585.2 1882.54
18577.8 1881.61
18570.5 1880.68
18563.1 1879.74
18555.7 1878.81
18548.3 1877.87
18540.9 1876.93
18533.5 1875.99
18526.1 1875.05
18518.6 1874.1
18511.1 1873.15
18503.6 1872.2
18496.1 1871.24
18488.6 1870.28
18481 1869.32
18473.4 1868.36
18465.7 1867.39
18458.1 1866.42
18450.4 1865.44
18442.7 1864.46
18434.9 1863.47
18427.1 1862.49
18419.3 1861.49
18411.4 1860.49
18403.5 1859.49
18395.5 1858.48
18387.5 1857.46
18379.5 1856.44
18371.4 1855.42
18363.2 1854.38
18355.1 1853.35
18346.8 1852.3
18338.5 1851.25
18330.2 1850.19
18321.8 1849.12
18313.3 1848.05
18304.8 1846.97
18296.2 1845.88
18287.6 1844.78
18278.9 1843.68
18270.1 1842.56
18261.2 1841.44
18252.3 1840.31
18243.3 1839.16
18234.2 1838.01
18225.1 1836.85
18215.8 1835.68
18206.5 1834.49
18197.1 1833.3
18187.6 1832.09
18178 1830.87
18168.3 1829.64
18158.5 1828.4
18148.6 1827.15
18138.6 1825.88
18128.5 1824.59
18118.3 1823.3
18107.9 1821.99
18097.5 1820.66
18086.9 1819.32
18076.2 1817.96
18065.3 1816.58
18054.4 1815.19
18043.3 1813.78
18032 1812.36
18020.6 1810.91
18009.1 1809.44
17997.4 1807.96
17985.5 1806.45
17973.5 1804.93
17961.3 1803.38
17948.9 1801.81
17955.9 1782.53
17943.4 1780.95
17951 1761.75
17958.9 1742.6
17946.5 1741.02
17955 1721.95
17964 1702.92
17951.6 1701.35
17961.2 1682.41
17954.2 1676.64
17955.7 1664.34
17957.3 1652.26
17958.8 1640.37
17960.3 1628.68
17961.7 1617.18
17963.2 1605.86
17964.6 1594.71
17966 1583.74
17967.3 1572.92
18078.4 1492.21
18079.5 1483.17
18080.7 1474.25
18081.8 1465.47
18082.9 1456.8
18084 1448.25
18085 1439.81
18086.1 1431.48
18087.1 1423.26
18088.2 1415.14
18089.2 1407.12
18090.2 1399.2
18091.2 1391.37
18092.2 1383.64
18093.1 1375.99
18094.1 1368.42
18095 1360.94
18096 1353.54
18096.9 1346.22
18097.8 1338.98
18098.7 1331.81
18099.6 1324.71
18100.5 1317.67
18101.4 1310.71
18102.3 1303.81
18103.2 1296.98
18104 1290.2
18104.9 1283.49
18105.7 1276.83
18106.6 1270.23
18107.4 1263.68
18108.2 1257.19
18109 1250.74
18109.8 1244.35
18110.6 1238
18111.4 1231.7
18112.2 1225.45
18113 1219.24
18113.8 1213.07
18114.6 1206.94
18115.4 1200.85
18116.1 1194.8
18116.9 1188.79
18117.6 1182.81
18118.4 1176.87
18119.1 1170.96
18119.9 1165.08
18120.6 1159.23
18121.4 1153.41
18122.1 1147.62
18122.8 1141.86
18123.6 1136.13
18124.3 1130.42
18125 1124.73
18125.7 1119.07
18126.4 1113.43
18127.2 1107.81
18127.9 1102.21
18128.6 1096.63
18129.3 1091.07
18130 1085.53
18130.7 1080.01
18131.4 1074.5
18132.1 1069
18132.8 1063.52
18133.5 1058.05
18134.2 1052.59
18134.9 1047.15
18135.5 1041.72
18136.2 1036.29
18136.9 1030.87
18137.6 1025.47
18138.3 1020.06
18139 1014.67
18139.7 1009.28
18140.3 1003.89
18141 998.513
18141.7 993.135
18142.4 987.758
18143.1 982.383
18143.8 977.008
18144.4 971.632
18145.1 966.256
18145.8 960.877
18146.5 955.495
18147.2 950.11
18147.9 944.72
18148.5 939.325
18149.2 933.923
18149.9 928.515
18150.6 923.099
18151.3 917.674
18152 912.239
18152.7 906.794
18153.4 901.338
18154.1 895.869
18154.8 890.387
18155.4 884.892
18156.1 879.381
18156.8 873.855
18157.6 868.313
18158.3 862.752
18159 857.173
18159.7 851.575
18160.4 845.956
18161.1 840.316
18161.8 834.654
18162.5 828.968
18163.3 823.257
18164 817.521
18164.7 811.759
18165.5 805.969
18166.2 800.151
18166.9 794.302
18167.7 788.423
18073.3 738.111
18074.1 731.207
18075 724.264
18075.9 717.279
18076.8 710.252
18077.7 703.18
18078.6 696.062
18079.5 688.898
18080.4 681.683
18081.4 674.419
18082.3 667.102
18083.2 659.731
18084.2 652.305
18085.1 644.821
18086.1 637.278
18087 629.674
18088 622.007
18089 614.274
18090 606.475
18091 598.606
18092 590.667
18093 582.653
18094 574.564
18095.1 566.397
18096.1 558.15
18097.2 549.819
18098.2 541.403
18099.3 532.899
18100.4 524.304
18101.5 515.615
18102.6 506.83
18103.7 497.945
18104.9 488.958
18106 479.865
18107.2 470.662
18108.4 461.348
18109.6 451.917
18110.8 442.367
18112 432.693
18113.3 422.892
18132.4 430.871
18133.7 421.083
18152.7 429.634
18154 419.856
18173 428.992
18174.2 419.224
18193.1 428.962
18212 439.158
18213.2 429.557
18232 440.385
18233.2 430.796
18251.9 442.275
18253.1 432.698
18271.8 444.849
18273 435.284
18365.1 544.194
18372.9 545.187
18380.6 546.162
18388.2 547.122
18395.6 548.066
18402.9 548.994
18410.1 549.909
18417.2 550.809
18424.2 551.695
18431.1 552.568
18437.9 553.429
18444.5 554.277
18451.1 555.113
18457.6 555.937
18464 556.75
18470.4 557.553
18476.6 558.344
18482.8 559.126
18488.8 559.897
18494.8 560.659
18500.8 561.412
18506.6 562.155
18512.4 562.89
18518.2 563.616
18523.8 564.335
18529.4 565.045
18534.9 565.747
18540.4 566.442
18545.8 567.129
18551.2 567.809
18556.5 568.483
18561.8 569.15
18567 569.81
18572.1 570.464
18577.2 571.112
18582.3 571.754
18587.3 572.39
18592.3 573.021
18597.2 573.647
18602.1 574.267
18606.9 574.882
18611.7 575.492
18616.5 576.097
18621.3 576.698
18626 577.295
18630.6 577.886
18635.2 578.474
18639.8 579.058
18644.4 579.638
18649 580.214
18653.5 580.786
18657.9 581.355
18662.4 581.92
18666.8 582.482
18671.2 583.041
18675.6 583.596
18680 584.149
18684.3 584.699
18688.6 585.246
18692.9 585.79
18697.2 586.332
18701.4 586.871
18705.7 587.408
18709.9 587.943
18714.1 588.476
18718.2 589.006
18722.4 589.534
18726.6 590.061
18730.7 590.586
18734.8 591.109
18738.9 591.63
18743 592.15
18747.1 592.668
18751.2 593.185
18755.3 593.701
18759.3 594.215
18763.4 594.729
18767.4 595.241
18771.4 595.752
18775.4 596.263
18779.5 596.773
18783.5 597.282
18787.5 597.79
18791.5 598.298
18795.5 598.805
18799.5 599.312
18803.5 599.819
18807.5 600.325
18811.4 600.831
18815.4 601.337
18819.4 601.843
18823.4 602.349
18827.4 602.855
18831.4 603.362
18835.4 603.868
18839.4 604.375
18843.4 604.883
19232.4 -1353.99
19253.8 -1351.28
19275.2 -1348.57
19296.6 -1345.85
19318.1 -1343.12
19339.6 -1340.4
19361.1 -1337.66
19380.2 -1325.06
19404.4 -1332.18
19426.1 -1329.42
19447.8 -1326.66
19469.6 -1323.9
19491.5 -1321.12
19513.4 -1318.34
19535.5 -1315.54
19557.5 -1312.74
19579.7 -1309.93
19601.9 -1307.11
19624.3 -1304.27
19646.7 -1301.43
19669.2 -1298.57
19691.8 -1295.7
19714.5 -1292.82
19737.3 -1289.92
19760.3 -1287.02
19783.3 -1284.09
19806.5 -1281.15
19829.8 -1278.2
19853.2 -1275.23
19876.7 -1272.24
19900.4 -1269.23
19924.2 -1266.21
19948.2 -1263.17
19972.3 -1260.11
19996.6 -1257.03
20021.1 -1253.93
20045.7 -1250.8
20070.5 -1247.66
20095.4 -1244.49
20120.6 -1241.3
20145.9 -1238.08
20171.5 -1234.84
20197.2 -1231.58
20223.1 -1228.28
20249.3 -1224.96
20275.7 -1221.61
20302.3 -1218.24
20329.2 -1214.83
20356.3 -1211.39
20383.7 -1207.92
20411.3 -1204.41
20439.2 -1200.88
20467.3 -1197.3
20495.8 -1193.69
20524.5 -1190.05
20553.5 -1186.36
20582.9 -1182.64
20612.6 -1178.87
20642.6 -1175.06
20672.9 -1171.21
20703.6 -1167.32
20734.7 -1163.38
20766.1 -1159.39
20797.9 -1155.35
20830.2 -1151.26
20862.8 -1147.12
20895.8 -1142.93
20922.5 -1131.8
20963.3 -1134.37
20997.7 -1130
21032.6 -1125.58
21068 -1121.09
21103.9 -1116.53
21140.3 -1111.91
21177.3 -1107.22
21214.8 -1102.45
21252.9 -1097.62
21291.7 -1092.7
21310 -1070.21
21285.8 -1012.81
21303.5 -990.403
21277.2 -933.254
21294.2 -910.936
21294.5 -875.869
21293.1 -840.023
21292.3 -805.063
21292 -770.961
21270.1 -721.992
21271 -689.843
21294.6 -673.539
21340.7 -672.133
21387.3 -670.251
21434.3 -667.898
21460 -651.209
21513.2 -651.374
21562.4 -648.143
21596.5 -635.049
21654 -635.216
21713.1 -635.342
21744.8 -618.965
21807 -619.027
21834.9 -599.523
21906.2 -602.641
21963.9 -597.442
22011.4 -586.09
22071.6 -580.336
22122.9 -569.273
22198 -568.682
22262.8 -561.986
22320.9 -551.19
22388.8 -543.842
22451.4 -533.039
22523.2 -525.105
22591.2 -514.447
22666.7 -505.643
22740.5 -494.929
22820.3 -485.308
22900.4 -474.446
22985.1 -463.941
23072.2 -452.825
23162.4 -441.357
23257.2 -429.872
25592.3 -1136
25583.6 -1067.61
25575 -999.76
24846 -721.805
24847 -664.507
24827.8 -601.92
24822.1 -543.553
24811.5 -484.289
24817 -429.433
24809.9 -371.74
24802.6 -314.37
24795.3 -257.361
24788.2 -200.704
24781 -144.391
24773.9 -88.4031
24766.8 -32.7358
24759.8 22.6282
24752.8 77.6938
24745.9 132.478
24739 186.985
24732.1 241.231
24971.1 263.794
25209.7 290.541
25427.2 323.709
25460.5 379.267
25452.9 439.087
25445.3 498.672
25437.8 558.039
25430.3 617.192
25422.8 676.147
25415.4 734.912
24658.2 823.293
24651.6 875.119
24645.1 926.8
24638.5 978.348
24632 1029.77
24625.5 1081.07
24619 1132.26
24612.5 1183.35
24626.1 1234.96
24980.8 1300.1
24973.9 1354.25
24967 1408.33
