-746.194 -7851.97
-683.937 -7913.12
-621.148 -7973.72
-557.83 -8033.78
-493.993 -8093.28
-429.639 -8152.22
-364.774 -8210.59
-299.401 -8268.4
-233.524 -8325.64
-167.152 -8382.3
-100.289 -8438.37
-32.939 -8493.86
34.8932 -8548.76
103.203 -8603.07
171.984 -8656.78
241.23 -8709.89
310.936 -8762.39
381.101 -8814.28
451.713 -8865.55
5560.6 -1784.02
5586.19 -1766.54
5606.35 -1756.12
5629.61 -1740.45
5649.26 -1729.46
5656.76 -1736.72
5678.21 -1721.93
5683.05 -1733.2
5697.89 -1728.22
5711.58 -1724.77
5731.7 -1709.93
5747.55 -1701.76
5765.17 -1689.89
5771.01 -1698.84
5783.58 -1695.42
5799.77 -1684.78
5802.93 -1698.82
5820.24 -1685.19
5833.3 -1679.41
5841.44 -1683.38
5854.73 -1676.42
5866.2 -1672.93
5873.46 -1678.44
5888.03 -1667.41
5895.67 -1671.82
5906.45 -1668.79
5915.26 -1670.27
5925.54 -1667.95
5939.01 -1657.13
5946.95 -1660.18
5957.69 -1655.65
5968.32 -1651.01
5977.53 -1650.02
5987.34 -1647.05
5995.19 -1649.68
6006.12 -1642.71
6015.41 -1640.4
6027.82 -1627.45
6034.1 -1634.53
6040.76 -1640.6
6052.76 -1627.32
6060.44 -1629.37
6068.63 -1629.42
6077.75 -1625.51
6088.62 -1613.72
6096.84 -1612.54
6105.02 -1611.28
6111.95 -1615.82
6121.48 -1607.55
6129.35 -1607.04
6135.61 -1615.32
6145.38 -1603.84
6152.21 -1609.03
6161.24 -1600.34
6169.4 -1596.5
6176.27 -1601.5
6184.47 -1596.53
6191.88 -1597.44
6199.18 -1599.27
6207.11 -1595.08
6215.42 -1585.83
6223.47 -1577.5
6230.19 -1585.05
6237.37 -1587.55
6245.26 -1578.01
6252.16 -1585.38
6259.98 -1572.71
6267.05 -1576.96
6274.69 -1558.15
6281.62 -1569.27
6288.77 -1573.33
6295.97 -1573.33
6302.99 -1560.27
6310.23 -1567.14
6317.44 -1568.95
6324.32 -1561.7
6331.22 -1557.39
6338.51 -1561.02
6344.94 -1550.6
6352.39 -1556.09
6358.52 -1544.58
6366.48 -1554.92
6373.31 -1552.25
6380.76 -1555.49
6387.68 -1553.69
6394.45 -1550.84
6399.97 -1539.02
6407.01 -1539.04
6413.6 -1536.03
6419.98 -1531.98
6426.14 -1526.89
6435.6 -1540.45
6439.52 -1523.45
6447.06 -1526.06
6455.27 -1531.53
6457.85 -1510.54
6466.92 -1519.79
6471.35 -1508.5
6481.07 -1519.54
6490.01 -1526.58
6501.13 -1541.26
6506.46 -1533.62
6516.02 -1541.34
6529.66 -1562.4
6534.73 -1553.59
6541.45 -1550.49
6550.89 -1555.9
6563.56 -1570.71
6565.58 -1553.16
6572.93 -1551.69
6583.65 -1559.56
6600.76 -1584.19
6612.65 -1593.62
6625.45 -1604.77
6646.63 -1636.19
6661.57 -1650.65
6683.74 -1681.51
7732.24 -4097.89
7342.72 -3134.29
7310.49 -3007.43
7326.39 -2990.28
7344.21 -2977.55
7358.41 -2957.48
7385.17 -2963.34
7416.17 -2976.93
7491 -3074.59
7530.36 -3100.32
7515.32 -3023.37
7529.35 -3002.09
7544.08 -2982.48
7565.52 -2974.95
7576.83 -2949.93
7596.51 -2939.49
7612.99 -2923.75
7632.44 -2913
7639.01 -2881.77
7659.2 -2872.46
7681.52 -2866.3
7698.28 -2851.6
7716.02 -2838.42
7814.03 -2940.93
7887.96 -3005.13
7871.94 -2941.62
12207.3 -8811.29
10231.7 -6021.19
10450.7 -6214.23
10882.8 -6674.19
10812.4 -6479.22
10956.8 -6557.3
10806.6 -6270.94
10911.6 -6299.75
10904.9 -6194.36
11021.5 -6234.18
11263.7 -6414.45
11303 -6359.66
11535.4 -6517.75
11525.1 -6406.44
11622.3 -6411.53
11688.8 -6382.86
11718.9 -6316.21
11779.9 -6281.43
11738.5 -6144.64
11886.4 -6195.27
11956.9 -6168.37
12011.2 -6125.58
12057.9 -6075.47
11850.3 -5794.39
11679.9 -5554.64
11829.2 -5601.7
12223.7 -5856.64
12117.6 -5677.44
12040.5 -5526.69
11845.7 -5283.43
11301.6 -4766.75
11294.1 -4689.46
11240.5 -4577.73
10974.3 -4306.89
10792 -4106.79
10589.7 -3897.75
10429.5 -3725.21
10276.4 -3562.64
10136.5 -3413.81
9981.86 -3259.2
9977.02 -3209.14
10020.1 -3191.14
9824.25 -3019
9624.01 -2849.4
9464.47 -2710.31
9377.15 -2619.29
9299.67 -2536.59
9238.27 -2465.46
9161.1 -2387.11
9101.12 -2320.5
9034.06 -2251.7
8988.93 -2196.49
8999.69 -2171.97
9017.35 -2151.03
9042.88 -2133.95
9056.66 -2110.77
9082.86 -2093.54
9105.35 -2074.25
9123.17 -2052.58
9157.24 -2038.09
9168.39 -2013.04
9186.66 -1991.05
9195.55 -1964.97
9236.61 -1952.07
9252.57 -1928.56
9273.01 -1906.66
9301.71 -1887.69
9302.16 -1857.92
9256.19 -1811.69
9212.48 -1767.33
9156.87 -1719.97
9132.94 -1684.29
9090.52 -1643.32
9046.65 -1602.87
9006.12 -1564.4
9008.34 -1539.29
8998.77 -1510.94
9005.33 -1487.3
9031.01 -1468.68
8987.76 -1432.21
8961.57 -1400.82
8927.25 -1368.12
8896.47 -1336.94
8876.1 -1308.68
8846.62 -1278.99
8825.65 -1251.62
7530.1 -983.045
7415 -951.087
7380.26 -935.024
7370.99 -923.756
7361.61 -912.665
7350.13 -901.464
7335.57 -890.071
7332.8 -880.457
7316.04 -869.26
7296.18 -858.039
7332.92 -852.871
7310.89 -841.686
7308.68 -832.545
7325.33 -824.853
7320.97 -815.508
7335.49 -807.318
7309 -796.922
7319.37 -788.437
7340.68 -780.107
7367.91 -771.538
7379.07 -762.291
7384.15 -752.826
7390.15 -743.269
7391.06 -733.674
7420.88 -723.423
7440.61 -712.958
7431.27 -703.293
7459.8 -691.956
7466.25 -681.37
7479.59 -670.208
7497.81 -658.435
7516.91 -646.256
7518.96 -635.297
7534.84 -622.888
7528.73 -612.594
7567.22 -597.097
7573.79 -584.964
7576.28 -573.246
7609.33 -557.016
7618.49 -543.853
7636.39 -529.066
7636.4 -517.005
7671.72 -498.512
7699.94 -480.693
7698.53 -468.222
7713.66 -452.29
7612.32 -461.352
7529.8 -467.959
7487.4 -466.577
7515.97 -448.544
7486.17 -444.775
7475.74 -436.405
7471.05 -426.615
7461.46 -418.242
7452.77 -409.731
7458.39 -397.019
7427.59 -395.462
7424.46 -385.567
7447.84 -366.925
7422.69 -364.253
7444.79 -345.494
7484.52 -319.895
7518.26 -295.652
7657.32 -230.727
7709.6 -196.711
7705.66 -183.992
7692.36 -175.088
7697.44 -158.635
7683.97 -149.949
7662.23 -145.079
7653.26 -134.79
7644.22 -124.611
7638.73 -112.836
7622.33 -106.326
7627.43 -89.4318
7621.63 -77.8046
7610.4 -68.9771
7590.26 -64.9528
7580.73 -55.545
7567.62 -48.1761
7563.2 -36.0948
7550 -29.0017
7546.26 -16.5405
7545.84 -2.04361
7533.3 5.23536
7515.62 9.19384
7510.66 20.9092
7502.22 30.4308
7501.23 44.8004
7480.96 46.4286
7473.15 56.2095
7469.37 68.7656
7463.83 80.1621
7445.19 82.173
7437.9 92.2033
7428.92 100.973
7427.83 115.704
7421.04 126.194
7406.3 130.439
7409.5 148.894
7393.12 151.648
7381.38 158.023
7371.9 166.201
7363.12 174.936
7353.52 182.927
7358.03 203.477
7336.37 200.636
7345.66 226.008
7331.3 229.682
7311.89 228.337
7307.62 241.386
7296.82 248.097
7287.38 256.117
7275.09 261.181
7277.99 282.003
7268.28 289.838
7259.18 298.317
7244.64 300.793
7239.44 313.542
7237.39 330.04
7229.9 340.521
7212.61 339.502
7210.11 355.952
7208.03 373.215
7191.95 373.364
7192.03 393.741
7175.3 392.851
7163.49 398.126
7163.62 419.31
7148.67 420.417
7137.27 426.224
7136.22 446.623
7124.62 452.299
7109.61 452.904
7101.87 464.15
7101.67 487.062
7086 486.509
7073.06 490.006
7068.53 506.979
7062.21 521.402
7047.02 521.197
7036.92 529.464
7028.22 540.256
7018.41 549.248
7009.46 559.92
6998.96 567.892
6993.04 584.631
6986.87 601.366
6971.46 600.233
6958.79 604.315
6950.87 618.188
6942.33 631.121
6933.19 643.1
6928 664.143
6918.07 675.13
6908.38 686.97
6897.77 696.905
6880.21 690.101
6870.23 701.681
6862.99 720.651
6855.46 739.605
6839.68 736.958
6831.09 753.916
6817.63 757.618
6809.93 778.245
6795.96 780.806
6783.51 788.002
6777.2 815.153
6761.52 812.623
6751.8 830.101
6742.34 849.452
6724.7 839.812
6712.61 850.296
6702.58 869.413
6690.82 882.647
6685.73 925.001
6691.61 1019.08
6674.27 1013.71
6662.54 1034.6
6647.55 1040.7
6638.82 1080.09
6622.85 1083.05
6609.73 1102.62
6593.72 1106.3
6579.2 1119.74
6564.89 1136.03
6549.38 1145.27
6537 1180.18
6520.98 1189.2
6506.67 1214.98
6489.53 1216.78
6473.47 1230.37
6458.92 1264.77
6440.61 1256.17
6424.54 1279.35
6407.92 1299.39
6391.04 1321.3
6373.68 1340.07
6356.21 1365.69
6338.26 1389.17
6319.73 1399.49
6301.1 1426.64
6282.14 1420.64
6262.56 1469.47
6243.12 1473.12
6223.09 1493.6
6202.58 1516.89
6181.13 1550.98
6159.82 1571.89
6137.54 1601.58
6116.74 1604.13
6093.39 1636.39
6069.75 1665.44
6046.38 1686.29
6023.62 1697.97
6004.99 1672.69
5985.14 1660.17
5964.4 1655.42
5940.56 1672.26
5914.58 1700.73
5884.36 1751.62
5857.14 1779.5
5828.14 1813.99
5798.89 1846.19
5768.46 1881.02
5741.45 1895.93
5707.78 1939.88
5678.15 1961.98
5642.14 2009.08
5603.82 2061.58
5567.75 2101.02
5535.01 2124.56
5499.96 2154.51
5458.63 2204.26
5415.25 2257.36
5390.79 2243.85
5430 2025.78
5303.01 2339.08
5237.55 2447.13
5191.05 2492.73
5139.05 2550.96
5088.33 2601.94
5031.77 2665.42
4983.6 2702.92
4916.54 2786.42
4852.37 2857.87
4794.43 2909.95
4731.23 2971.43
4656.17 3056.88
4576.28 3148.63
4543.57 3130.77
4559.21 3008.21
4335.72 3397.19
4238.76 3506.04
4141.97 3609.02
4045.04 3707.06
3935.24 3825.06
3819.95 3947.67
5006.02 1643.84
4931.78 1729.83
4882.83 1766.71
3287.73 4505.24
3131.62 4667.98
2972.97 4827.51
2787.94 5023.14
4268.04 2520.76
4603.66 1926.27
4714.6 1702.89
4692.72 1689.87
4671.5 1675.82
4656.6 1652.49
4633.43 1641.41
4606.87 1635.01
4589.06 1616.16
377.022 7314.61
306.886 7262.69
237.207 7210.15
167.987 7157.01
99.2347 7103.27
30.9492 7048.92
-36.8551 6993.99
-104.178 6938.46
-171.013 6882.35
-237.355 6825.66
-303.201 6768.39
-368.545 6710.55
-433.381 6652.14
-497.705 6593.17
-561.512 6533.64
-624.801 6473.55
-687.559 6412.92
-749.786 6351.74
-811.476 6290.01
