20080.7 -476.349
20081 -504.391
20081.2 -532.224
20081.5 -559.858
20081.8 -587.297
20082.1 -614.548
20082.4 -641.616
20082.7 -668.509
20082.9 -695.23
20083.2 -721.787
20083.5 -748.185
20083.8 -774.428
20084 -800.524
20084.3 -826.475
20084.6 -852.29
20084.8 -877.97
20085.1 -903.522
20085.4 -928.951
20085.6 -954.261
20085.9 -979.456
20086.1 -1004.54
20086.4 -1029.52
20086.7 -1054.41
20086.9 -1079.19
20087.2 -1103.88
20087.4 -1128.49
20087.7 -1153.01
20087.9 -1177.46
20088.2 -1201.82
20088.4 -1226.12
20088.7 -1250.35
20088.9 -1274.52
20089.2 -1298.63
20089.4 -1322.68
20089.7 -1346.68
20089.9 -1370.63
20090.2 -1394.54
20090.4 -1418.41
20090.7 -1442.25
20090.9 -1466.05
20091.2 -1489.82
20091.4 -1513.57
20100.6 -1537.59
20100.9 -1561.22
20101.1 -1584.83
20101.4 -1608.43
20101.6 -1632.03
20101.8 -1655.63
20102.1 -1679.22
20102.3 -1702.82
20922.3 -1695.97
21182.4 -1700.48
21662.3 -1688.44
21862.2 -1685.74
21982.2 -1685.33
22082.2 -1684.43
22162.2 -1683.58
22222.2 -1683.3
22282.2 -1681.97
12868.6 -2781.39
12879.1 -2868.14
12890.3 -2954.81
12902.3 -3041.37
12915.1 -3127.82
12928.6 -3214.16
12942.8 -3300.37
12957.8 -3386.46
12973.6 -3472.42
12990.1 -3558.23
13007.4 -3643.9
13025.4 -3729.41
13044.1 -3814.76
13063.6 -3899.95
13083.9 -3984.96
13104.8 -4069.79
13126.6 -4154.43
13149 -4238.89
13172.2 -4323.14
13196.2 -4407.18
13220.8 -4491.02
13246.2 -4574.63
13272.4 -4658.02
13299.2 -4741.18
13326.8 -4824.1
13355.1 -4906.77
13384.1 -4989.2
13413.9 -5071.37
13444.4 -5153.27
13475.5 -5234.91
13507.4 -5316.27
13540 -5397.35
13573.3 -5478.14
13607.4 -5558.63
13642.1 -5638.83
13677.5 -5718.72
13713.6 -5798.3
13750.4 -5877.55
13787.9 -5956.49
13826.1 -6035.09
13865 -6113.36
13904.5 -6191.28
13944.7 -6268.86
13985.7 -6346.08
14027.2 -6422.94
14069.5 -6499.43
14112.4 -6575.55
14156 -6651.3
14200.2 -6726.66
14245.1 -6801.63
14290.7 -6876.2
14336.9 -6950.38
14383.7 -7024.14
14431.2 -7097.5
14479.4 -7170.44
14528.1 -7242.95
14577.5 -7315.04
14627.6 -7386.69
14678.2 -7457.9
14729.5 -7528.66
14781.4 -7598.98
14833.9 -7668.84
14887 -7738.24
14940.7 -7807.17
14995 -7875.62
15049.9 -7943.6
15105.4 -8011.1
15161.5 -8078.12
15218.2 -8144.63
22425.1 -1955.64
22425.1 -1961.44
22425.2 -1967.33
22425.2 -1973.31
22425.3 -1979.39
22425.4 -1985.57
22425.4 -1991.85
22425.5 -1998.23
22425.6 -2004.72
22426.9 -2010.05
22433.5 -2009.98
22439.9 -2009.91
22427.5 -2030.04
22434.1 -2029.98
22440.6 -2029.91
22287.3 -2211.5
22296.4 -2211.41
22305.3 -2211.32
22314.1 -2211.23
22322.8 -2211.14
22331.3 -2211.05
22339.8 -2210.96
22348.1 -2210.88
22356.3 -2210.79
22364.4 -2210.71
22372.3 -2210.62
22380.2 -2210.54
22388 -2210.46
22395.6 -2210.38
22403.2 -2210.31
22410.7 -2210.23
22418.1 -2210.15
22425.4 -2210.08
22432.7 -2210
22439.8 -2209.93
22446.9 -2209.85
22453.9 -2209.78
22460.8 -2209.71
22467.6 -2209.64
22474.4 -2209.57
22481.1 -2209.5
22487.7 -2209.43
22494.3 -2209.36
22500.8 -2209.29
22507.3 -2209.23
22513.7 -2209.16
22520 -2209.1
22526.3 -2209.03
22532.6 -2208.97
22538.7 -2208.9
22544.9 -2208.84
22551 -2208.78
22557 -2208.71
22563 -2208.65
22568.9 -2208.59
22574.9 -2208.53
22580.7 -2208.47
22586.5 -2208.41
22592.3 -2208.35
22598.1 -2208.29
22603.8 -2208.23
22609.5 -2208.17
22615.1 -2208.11
22620.7 -2208.05
22626.3 -2208
22631.8 -2207.94
22637.4 -2207.88
22642.9 -2207.83
22648.3 -2207.77
22653.8 -2207.71
22659.2 -2207.66
22664.6 -2207.6
22669.9 -2207.55
22675.3 -2207.49
22680.6 -2207.44
22685.9 -2207.38
22691.2 -2207.33
22696.4 -2207.27
22701.7 -2207.22
22706.9 -2207.16
22712.1 -2207.11
22717.3 -2207.06
22722.5 -2207
22727.7 -2206.95
22732.8 -2206.89
22738 -2206.84
22743.1 -2206.79
22748.3 -2206.74
22753.4 -2206.68
22758.5 -2206.63
22763.6 -2206.58
22768.7 -2206.52
22773.8 -2206.47
22778.8 -2206.42
22783.9 -2206.37
22789 -2206.31
22794.1 -2206.26
22799.1 -2206.21
22804.2 -2206.16
22809.3 -2206.1
22814.3 -2206.05
22819.4 -2206
22824.5 -2205.95
22829.6 -2205.89
22834.6 -2205.84
22839.7 -2205.79
22844.8 -2205.74
22849.9 -2205.68
22855 -2205.63
22860.1 -2205.58
22865.2 -2205.53
22870.3 -2205.47
22875.5 -2205.42
22880.6 -2205.37
22885.8 -2205.31
22890.9 -2205.26
22896.1 -2205.21
22901.3 -2205.15
22906.5 -2205.1
22911.7 -2205.04
22917 -2204.99
22922.2 -2204.94
22927.5 -2204.88
22932.8 -2204.83
22938.1 -2204.77
22943.5 -2204.72
22948.8 -2204.66
22954.2 -2204.6
22959.6 -2204.55
23060.8 -2543.52
23063.6 -2523.49
23060.1 -2483.52
23062.1 -2463.5
23057.3 -2423.55
23058.4 -2403.54
23059.2 -2383.53
23059.6 -2363.52
23059.6 -2343.52
23059.3 -2323.52
23058.7 -2303.53
23057.7 -2283.54
23056.4 -2263.55
23054.7 -2243.57
23061 -2243.5
23058.7 -2223.52
23056.1 -2203.55
23062.2 -2203.49
23059 -2183.52
23055.5 -2163.55
23061.3 -2163.49
23057.2 -2143.54
23052.8 -2123.58
23058.3 -2123.52
23053.3 -2103.57
23058.6 -2103.52
23053 -2083.58
23058.2 -2083.52
23052.1 -2063.58
23057.2 -2063.53
27921 -10216.4
27995.8 -10171.4
28070.3 -10125.7
28144.4 -10079.3
28218 -10032.3
28291.3 -9984.62
28364.1 -9936.33
28436.5 -9887.41
28508.5 -9837.85
28580.1 -9787.67
28651.2 -9736.86
28721.8 -9685.43
28792 -9633.39
28861.8 -9580.74
28931 -9527.48
28999.9 -9473.61
29068.2 -9419.15
29136.1 -9364.09
29203.4 -9308.44
29270.3 -9252.2
29336.7 -9195.39
29402.6 -9137.99
29468 -9080.02
29532.9 -9021.48
29597.2 -8962.38
29661.1 -8902.71
29724.4 -8842.49
29787.2 -8781.72
29849.5 -8720.4
29911.2 -8658.54
29972.4 -8596.15
30033 -8533.22
30093.1 -8469.76
30152.6 -8405.78
30211.6 -8341.29
30270 -8276.28
30327.8 -8210.76
30385.1 -8144.74
30441.8 -8078.22
30497.8 -8011.21
30553.3 -7943.71
30608.3 -7875.73
30662.6 -7807.28
30716.3 -7738.35
30769.4 -7668.95
30821.9 -7599.09
30873.8 -7528.78
30925.1 -7458.01
30975.7 -7386.8
31025.7 -7315.15
31075.1 -7243.07
31123.9 -7170.55
31172 -7097.62
31219.5 -7024.26
31266.4 -6950.49
31312.6 -6876.32
31358.1 -6801.75
31403.1 -6726.78
31447.3 -6651.42
31490.9 -6575.68
31533.8 -6499.55
31576.1 -6423.06
31617.6 -6346.2
31658.5 -6268.98
31698.8 -6191.41
31738.3 -6113.48
31777.2 -6035.22
31815.4 -5956.62
31852.9 -5877.68
31889.7 -5798.42
31925.8 -5718.85
31961.2 -5638.96
31995.9 -5558.76
32030 -5478.27
32063.3 -5397.48
32095.9 -5316.4
32127.8 -5235.04
32158.9 -5153.4
32189.4 -5071.5
32219.2 -4989.33
32248.2 -4906.91
32276.5 -4824.23
32304.1 -4741.31
32330.9 -4658.15
32357.1 -4574.76
32382.5 -4491.15
32407.2 -4407.32
32431.1 -4323.27
32454.3 -4239.02
32476.8 -4154.57
32498.5 -4069.93
32519.5 -3985.1
32539.7 -3900.09
32559.2 -3814.9
32578 -3729.55
32596 -3644.04
32613.2 -3558.37
32629.7 -3472.56
32645.5 -3386.6
32660.5 -3300.51
32674.8 -3214.3
32688.3 -3127.96
32701 -3041.51
32713 -2954.95
32724.2 -2868.28
32734.7 -2781.53
32744.4 -2694.68
32753.4 -2607.75
32761.6 -2520.75
32769 -2433.68
32775.7 -2346.55
32781.6 -2259.36
32786.8 -2172.12
32791.2 -2084.85
32794.8 -1997.54
32797.6 -1910.19
32799.7 -1822.83
32801.1 -1735.45
32801.7 -1648.07
32801.5 -1560.68
32800.5 -1473.3
32798.8 -1385.93
32796.3 -1298.58
32793.1 -1211.25
32789.1 -1123.95
32784.3 -1036.7
32778.8 -949.483
32772.5 -862.323
32765.4 -775.221
32757.6 -688.184
32749 -601.219
32739.7 -514.331
32729.6 -427.53
32718.7 -340.817
32707.1 -254.204
32694.8 -167.696
32681.6 -81.2995
32667.8 4.97881
32653.1 91.1327
32637.7 177.155
32621.6 263.04
32604.7 348.782
32587.1 434.373
32568.7 519.806
32549.6 605.075
32529.7 690.173
32509.1 775.094
32487.7 859.832
32465.7 944.38
32442.8 1028.73
32419.3 1112.88
32394.9 1196.82
32369.9 1280.55
32344.1 1364.05
32317.7 1447.32
32290.4 1530.36
32262.5 1613.16
32233.8 1695.71
32204.4 1778.01
32174.3 1860.05
32143.5 1941.82
32112 2023.32
32079.7 2104.54
32046.8 2185.47
32013.1 2266.12
31978.7 2346.47
31943.7 2426.51
31907.9 2506.24
31871.4 2585.66
31834.3 2664.76
31796.4 2743.53
31757.9 2821.96
31718.7 2900.06
31678.8 2977.81
31638.2 3055.21
31597 3132.25
31555.1 3208.93
31512.5 3285.23
31469.2 3361.17
31425.3 3436.72
31380.8 3511.89
31335.5 3586.66
31289.6 3661.04
31243.1 3735.01
31196 3808.57
31148.1 3881.72
31099.7 3954.44
31050.6 4026.75
31000.9 4098.61
30950.5 4170.04
30899.6 4241.04
30848 4311.58
30795.8 4381.66
30743 4451.29
30689.6 4520.46
30635.6 4589.15
30581 4657.37
30525.8 4725.11
30470 4792.37
30413.6 4859.14
30356.6 4925.4
30299.1 4991.18
30241 5056.44
30182.3 5121.19
30123 5185.43
30063.2 5249.15
30002.9 5312.34
29942 5375.01
29880.5 5437.14
29818.5 5498.73
29756 5559.78
29692.9 5620.27
29629.3 5680.22
29565.2 5739.6
29500.6 5798.42
29435.5 5856.68
29369.8 5914.36
29303.7 5971.47
29237 6028
29169.9 6083.95
29102.3 6139.3
29034.2 6194.07
28965.6 6248.23
28896.6 6301.79
28827.1 6354.75
28757.1 6407.1
28686.7 6458.84
28615.8 6509.96
28544.5 6560.45
28472.7 6610.32
28400.5 6659.57
28327.9 6708.18
28254.8 6756.15
28181.4 6803.48
28107.5 6850.17
28033.2 6896.22
27958.6 6941.61
27883.5 6986.34
27808 7030.42
23052.5 -1183.53
23047.4 -1183.59
23042.3 -1183.64
23048 -1163.58
23042.8 -1163.63
23048 -1143.58
23042.6 -1143.63
23047.2 -1123.58
23041.7 -1123.64
23045.7 -1103.6
23049.3 -1083.56
23043.6 -1083.62
23046.7 -1063.59
23049.4 -1043.56
23043.3 -1043.62
23045.5 -1023.6
23047.3 -1003.58
23048.7 -983.561
23042.3 -983.628
23043.2 -963.617
23043.7 -943.61
23044 -923.607
23043.8 -903.608
23043.3 -883.612
23042.5 -863.619
23041.3 -843.631
23045.7 -803.583
23043.6 -783.603
23041.2 -763.627
23043.9 -723.597
22947.1 -1064.62
22941.9 -1064.67
22936.7 -1064.72
22931.5 -1064.78
22926.3 -1064.83
22921.2 -1064.89
22916 -1064.94
22910.9 -1064.99
22905.8 -1065.04
22900.8 -1065.1
22895.7 -1065.15
22890.7 -1065.2
22885.6 -1065.25
22880.6 -1065.3
22875.6 -1065.36
22870.6 -1065.41
22865.7 -1065.46
22860.7 -1065.51
22855.7 -1065.56
22850.8 -1065.61
22845.9 -1065.66
22840.9 -1065.72
22836 -1065.77
22831.1 -1065.82
22826.2 -1065.87
22821.3 -1065.92
22816.4 -1065.97
22811.5 -1066.02
22806.6 -1066.07
22801.7 -1066.12
22796.8 -1066.17
22791.9 -1066.22
22787 -1066.27
22782.1 -1066.32
22777.2 -1066.37
22772.3 -1066.43
22767.4 -1066.48
22762.5 -1066.53
22757.6 -1066.58
22752.7 -1066.63
22747.7 -1066.68
22742.8 -1066.73
22737.9 -1066.78
22732.9 -1066.83
22727.9 -1066.88
22723 -1066.94
22718 -1066.99
22713 -1067.04
22708 -1067.09
22703 -1067.14
22697.9 -1067.19
22692.9 -1067.25
22687.8 -1067.3
22682.7 -1067.35
22677.6 -1067.4
22672.5 -1067.46
22667.4 -1067.51
22662.2 -1067.56
22657 -1067.62
22651.8 -1067.67
22646.6 -1067.73
22641.3 -1067.78
22636.1 -1067.83
22630.8 -1067.89
22625.4 -1067.95
22620.1 -1068
22614.7 -1068.06
22609.2 -1068.11
22603.8 -1068.17
22598.3 -1068.23
22592.8 -1068.28
22587.2 -1068.34
22581.6 -1068.4
22576 -1068.46
22570.3 -1068.51
22564.6 -1068.57
22558.9 -1068.63
22553.1 -1068.69
22547.3 -1068.75
22541.4 -1068.81
22535.5 -1068.88
22529.5 -1068.94
22523.4 -1069
22517.4 -1069.06
22511.2 -1069.13
22505.1 -1069.19
22498.8 -1069.25
22492.5 -1069.32
22486.2 -1069.39
22479.7 -1069.45
22473.2 -1069.52
22466.7 -1069.59
22460.1 -1069.66
22453.4 -1069.72
22446.6 -1069.79
22439.8 -1069.87
22432.9 -1069.94
22425.9 -1070.01
22418.8 -1070.08
22411.7 -1070.16
22404.4 -1070.23
22397.1 -1070.31
22389.7 -1070.38
22382.2 -1070.46
22374.5 -1070.54
22366.8 -1070.62
22359 -1070.7
22351.1 -1070.78
22343 -1070.87
22334.9 -1070.95
22326.6 -1071.04
22318.2 -1071.12
22309.7 -1071.21
22301.1 -1071.3
22292.3 -1071.39
22283.4 -1071.48
22274.3 -1071.58
22265.1 -1071.67
22255.7 -1071.77
22246.2 -1071.87
22236.5 -1071.97
20065.3 1010.49
20065.8 964.307
20066.2 918.898
20066.7 874.237
20067.2 830.299
20067.6 787.059
20068 744.496
20068.5 702.585
20068.9 661.308
20069.3 620.642
20069.7 580.57
20070.1 541.07
20070.5 502.126
20070.9 463.721
20071.3 425.836
20071.7 388.458
20072.1 351.567
20072.5 315.153
20072.9 279.196
20073.2 243.687
20073.6 208.609
20073.9 173.949
20074.3 139.698
20074.6 105.839
20075 72.3642
20075.3 39.2586
20075.7 6.51431
20076 -25.8825
20076.3 -57.9394
20076.7 -89.6691
20077 -121.08
20077.3 -152.18
20077.6 -182.982
20078 -213.492
20078.3 -243.721
20078.6 -273.674
20078.9 -303.363
20079.2 -332.793
20079.5 -361.975
20079.8 -390.914
20080.1 -419.617
20080.4 -448.094
20080.7 -476.348
