420.928 -3647.88
420.928 -3647.88
420.929 -3647.88
420.928 -3647.88
415.603 -3649.91
407.394 -3653.22
396.929 -3657.67
383.798 -3663.46
370.583 -3669.43
354.834 -3676.72
333.86 -3686.64
312.542 -3696.52
285.939 -3708.57
256.356 -3721.65
223.9 -3735.66
188.559 -3750.55
152.95 -3765.19
119.42 -3778.63
88.6451 -3790.95
60.6562 -3802.16
38.0989 -3811.19
15.8151 -3820.11
-3.81596 -3827.97
-18.0211 -3833.65
-10.1795 -3829.73
-21.4924 -3834.16
-27.3566 -3836.45
-32.944 -3838.64
-35.8768 -3839.78
-36.0155 -3839.84
