20236.9 3270.43
20236.9 3270.43
20236.9 3270.43
20236.9 3270.43
20236.9 3270.43
20236.9 3270.43
20236.9 3270.43
20236.9 3270.43
20236.9 3270.43
20236.9 3270.43
20236.9 3270.43
20236.9 3270.43
20236.9 3270.43
20236.9 3270.43
20236.9 3270.43
20236.9 3270.43
20236.9 3270.43
20236.9 3270.43
20236.9 3270.43
20236.9 3270.43
20236.9 3270.43
20236.9 3270.43
20236.9 3270.43
20236.9 3270.43
20236.9 3270.43
20236.9 3270.43
20229.2 3258.81
20229.2 3258.81
20229.2 3258.81
20229.2 3258.81
20229.2 3258.81
20229.2 3258.81
20229.2 3258.81
20229.5 3258.28
20229.5 3258.28
20229.5 3258.28
20229.5 3258.28
20229.5 3258.28
20229.5 3258.28
20229.5 3258.28
20229.5 3258.28
20229.5 3258.28
20229.5 3258.28
20229.5 3258.28
20229.5 3258.28
20229.5 3258.28
20229.7 3261.44
20229.7 3261.44
20229.7 3261.44
20229.7 3261.44
20229.7 3261.44
20229.7 3261.44
20229.7 3261.44
20229.7 3261.44
20229.7 3261.44
20229.7 3261.44
20229.7 3261.44
20230.8 3259.15
20230.8 3259.15
20230.8 3259.15
20230.8 3259.15
20228.1 3257.93
20225.4 3256.61
20225.4 3256.61
20225.4 3256.61
20222.9 3254.98
20217.9 3251.58
20207.8 3248.25
20198.5 3240.76
20189.5 3232.83
20180.8 3224.48
20170.6 3213.53
20158.9 3199.82
20158.9 3199.82
20127.5 3162.49
20117.2 3145.93
20107.7 3128.9
20099 3111.44
20091.2 3093.57
20091.2 3093.57
20079.4 3060.37
20074.6 3043.78
20070.6 3027.01
20067.2 3010.11
20067.2 3010.11
20062.3 2975.95
20061.1 2960.25
20060.4 2944.52
20060.4 2925.77
20061.2 2904.03
20053.5 2874.96
20057 2848.94
20061.7 2823.12
20067 2800.47
20072.4 2780.95
20078.1 2763.08
20083.9 2746.85
20090.3 2730.82
20097.1 2714.98
20104.5 2699.37
20112.3 2683.98
20120.5 2668.84
20123.6 2649.62
20132 2636.28
20140.8 2623.2
20150 2610.4
20159.5 2597.88
20168.5 2586.82
20177.7 2575.96
20187.2 2565.3
20196.9 2554.86
20206.8 2544.63
20216.9 2534.61
20226.2 2525.85
20235.7 2517.3
20245.3 2508.95
20255.1 2500.82
20265.1 2492.9
20273.5 2490.25
20283.7 2482.6
20296.5 2473.42
20296.5 2473.42
20324 2455.09
20338 2446.38
20352.2 2437.98
20366.6 2429.89
20379.8 2422.82
20393.2 2416.04
20406.7 2409.56
20420.4 2403.37
20434.2 2397.48
20448.1 2391.89
20462.1 2386.61
20479.1 2380.64
20505.5 2369.09
20528.4 2362.11
20551.6 2355.83
20574.9 2350.26
20598.4 2345.4
20620.6 2341.53
20642.1 2338.25
20663.7 2335.44
20663.7 2335.44
20707 2331.24
20707 2331.24
20747.4 2329.09
20767.7 2328.68
20787.9 2328.7
20808.2 2329.17
20808.2 2329.17
20862.4 2327.17
20881.1 2328.89
20881.1 2328.89
20916.8 2333.35
20933.9 2336.05
20950.8 2339.13
20964.8 2341.97
20977.2 2344.79
20988.9 2347.59
20988.9 2347.59
21012.1 2353.66
21023.7 2356.92
21035.2 2360.33
21046.6 2363.89
21058 2367.6
21069.4 2371.46
21080.7 2375.47
21092 2379.62
21103.2 2383.92
21114.3 2388.37
21125.4 2392.97
21139.2 2398.89
21153.6 2405.3
21138 2407.01
21150.9 2413.04
21161.7 2418.26
21172.5 2423.53
21183.2 2428.85
21194 2434.21
21204.7 2439.62
21215.4 2445.08
21226 2450.58
21238 2456.83
21249.9 2463.23
21261.7 2469.78
21273.4 2476.49
21285 2483.35
21296.6 2490.37
21306.7 2496.74
21316.8 2503.24
21326.8 2509.87
21336.7 2516.63
21346.6 2523.52
21356.3 2530.54
21365.9 2537.69
21374.3 2544.05
21382.6 2550.52
21390.7 2557.1
21398.8 2563.79
21406.8 2570.58
21414.8 2577.47
21422.6 2584.47
21430.4 2591.5
21438.2 2598.57
21445.9 2605.67
21453.6 2612.8
21461.3 2619.97
21468.9 2627.17
21476.5 2634.41
21470.4 2640.58
21478 2647.85
21485.5 2655.15
21493.1 2662.49
21500.5 2669.86
21508 2677.26
21515.4 2684.7
21522.8 2692.17
21530.1 2699.67
21537.4 2707.2
21544.7 2714.76
21552 2722.36
21559.2 2729.99
21566.4 2737.65
21573.5 2745.34
21580.6 2753.06
21587.7 2760.81
21594.8 2768.59
21601.8 2776.4
21608.8 2784.25
21615.7 2792.12
21621.6 2798.9
21627.5 2805.7
21633.4 2812.53
21639.2 2819.38
21645 2826.26
21650.8 2833.16
21656.6 2840.09
21662.3 2847.04
21668 2854.02
21673.6 2861.02
21679.2 2868.05
21684.8 2875.1
21690.4 2882.18
21695.9 2889.28
21701.4 2896.4
21706.9 2903.5
21712.5 2910.58
21718.1 2917.63
21723.7 2924.66
21729.4 2931.66
21735.1 2938.64
21740.8 2945.59
21746.5 2952.52
21750.4 2957.12
21752.3 2959.42
