-5807.81 9144.52
-5894.94 9139.7
-5982.03 9134.11
-6069.07 9127.76
-6156.04 9120.66
-6242.95 9112.79
-6329.79 9104.17
-6416.55 9094.79
-6503.23 9084.66
-6589.81 9073.76
-6676.3 9062.12
-6762.68 9049.71
-6848.95 9036.56
-6935.1 9022.65
-7021.13 9007.99
-7107.02 8992.58
-7192.78 8976.42
-7278.39 8959.52
-7363.85 8941.86
-5518.35 156.569
-5524.15 141.94
-5532.73 139.932
-5538.89 128.143
-5548.6 130.849
-5555.28 121.864
-5561.29 110.908
-5572.34 118.194
-5580.15 113.847
-5587.9 109.438
-5596.2 106.875
-5603.86 102.336
-5607.98 87.2999
-5619.98 95.9137
-5625.83 86.4693
-5633.58 82.6358
-5641.64 79.6749
-5650.03 77.5777
-5654.39 65.1642
-5667.16 74.0824
-5672.85 65.2824
-5684.65 71.1899
-5684.66 49.4315
-5694.46 50.5966
-5705.13 53.4794
-5712.51 48.9883
-5711.69 27.2762
-5728.01 41.6238
-5736.15 38.736
-5740.66 28.6402
-5750.54 29.1852
-5748.3 6.65003
-5764.26 18.5215
-5775.14 20.5497
-5778.23 8.51647
-5785.64 4.29607
-5793.01 0.011208
-5804.97 3.38304
-5807.12 -9.6042
-5817.54 -8.98325
-5823.19 -16.0784
-5838.53 -8.09882
-5835.88 -27.8686
-5848.54 -24.2924
-5857.36 -26.6504
-5875.33 -15.981
-5870.93 -37.3463
-5872.07 -50.4723
-5885.49 -46.6578
-5897.82 -44.6169
-5915.09 -36.3774
-5911.04 -55.99
-5920.36 -58.233
-5925.93 -65.2473
-5938.4 -63.8011
-5938.76 -77.0858
-5940.87 -88.033
-5961.19 -77.8011
-5966.51 -85.1145
-5980.44 -82.7895
-5978.28 -98.3678
-5992.24 -96.2746
-6009.03 -91.4636
-6001.69 -112.1
-6007.33 -118.98
-6026.33 -112.45
-6041.22 -110.408
-6038.24 -125.962
-6045.92 -131.068
-6046.25 -143.083
-6066.32 -136.781
-6082.1 -134.798
-6077.77 -150.955
-6093.57 -149.241
-6102.63 -153.605
-6111.67 -158.075
-6123.01 -160.739
-6128.93 -167.962
-6130.87 -178.354
-6150.02 -175.159
-6151.05 -186.276
-6163.13 -188.919
-6172.01 -194.107
-6193.8 -189.978
-6193.77 -201.89
-6201.78 -208.005
-6210.58 -213.643
-6219.34 -219.386
-6219.75 -230.766
-6228.4 -236.647
-6238.71 -241.556
-6282.89 -225.355
-6271.2 -244.444
-6290.94 -244.18
-6296.13 -252.865
-6314.21 -254.077
-6343.66 -249.143
-6380.26 -240.791
-6390.74 -247.386
-6411.77 -248.469
-12680 3013.21
-12727.6 2955.92
-12778.4 2899.9
-12803.5 2830.96
-12366.3 2540.81
-12327.6 2447.21
-12833.5 2604.12
-12707.1 2468.47
-12766.9 2417.29
-12477.7 2216.75
-12054.4 1966.99
-11693.2 1751.55
-11687.7 1684.61
-11546.2 1565.82
-11266.5 1398.37
-11089.5 1274.45
-10896.7 1148.77
-10749.5 1042.96
-10590.3 936.371
-10424.1 830.849
-10290.7 739.24
-10130.4 642.16
-10099.1 586.811
-10097.9 540.984
-9999.02 468.162
-9874.13 390.409
-9643.73 287.752
-9465.26 202.594
-9363.41 139.424
-9270.52 80.3774
-9205.22 29.3439
-9139.34 -20.478
-9048.4 -74.1012
-8985.29 -120.5
-8912.81 -167.39
-8912.66 -200.008
-8920.1 -231.24
-8940.11 -260.502
-8963.83 -289.47
-8989.31 -318.526
-8993.74 -350.756
-9037.59 -378.093
-9053.42 -409.367
-9072.97 -440.458
-9068.37 -474.19
-9104.31 -504.182
-9126.06 -535.891
-9144.55 -568.168
-9069.94 -606.55
-9037.91 -641.299
-8985.58 -676.37
-8923.93 -710.84
-8872.96 -743.917
-8814.69 -776.227
-8787.14 -807.198
-8743.31 -837.706
-8758.22 -867.879
-8772.87 -898.312
-8736.26 -927.738
-8693.41 -956.329
-8637.33 -983.629
-8595.03 -1010.67
-8573.47 -1038.24
-8530.73 -1064.01
-8482.81 -1088.67
-8453.64 -1114.13
-8417.31 -1138.44
-7180.22 -1037.64
-7078.08 -1042.76
-7033.58 -1053.11
-7022.75 -1067.08
-6993.98 -1078.4
-6978.01 -1091.14
-6969.85 -1104.86
-6960.59 -1118.29
-6972.9 -1135.37
-6977.16 -1151.23
-6984.22 -1167.77
-6964.66 -1179.1
-6991.99 -1200.03
-7007.36 -1218.89
-7023.5 -1238.26
-7037.49 -1257.47
-7051.27 -1276.97
-7078.41 -1300.22
-7079.18 -1317.02
-7086.54 -1335.73
-7098.51 -1355.98
-7127.53 -1381.57
-7142.85 -1403.62
-7149.33 -1423.29
-7161.32 -1444.96
-7181.61 -1469.72
-7198.77 -1493.92
-7204.33 -1514.47
-7227.54 -1541.64
-7238.23 -1564.73
-7128.17 -1541.99
-7053.11 -1530.91
-7036.83 -1542.09
-7022.34 -1553.8
-7005.01 -1564.14
-6996.82 -1578.22
-6981.19 -1588.95
-6960.04 -1597
-6951.58 -1610.63
-6975.52 -1639.62
-7017.07 -1677.83
-7061.66 -1718.6
-7190.37 -1803.23
-7223.63 -1841.35
-7209.54 -1855.3
-7176.88 -1859.09
-7158.31 -1870.13
-7153.63 -1888.78
-7132.29 -1897.94
-7111.8 -1907.33
-7093.86 -1917.97
-7081.85 -1932.04
-7064.63 -1942.8
-7048.21 -1953.88
-7019.98 -1957.15
-7006.85 -1969.93
-6996.94 -1984.8
-6990.21 -2001.84
-6954.61 -1998.81
-6950.98 -2017.86
-6932.56 -2026.37
-6906.87 -2029.31
-6890.06 -2038.49
-6877.18 -2050.52
-6872.89 -2069.16
-6857.42 -2079.13
-6846.57 -2092.69
-6829.42 -2101.07
-6807.65 -2105.4
-6796.57 -2118.52
-6774.8 -2122.38
-6771.07 -2141.83
-6759.68 -2154.63
-6737.83 -2157.89
-6727.76 -2171.77
-6700.86 -2169.75
-6689.22 -2181.94
-6677.48 -2194.03
-6659.26 -2199.66
-6643.86 -2207.92
-6645.11 -2233.26
-6628.78 -2240.61
-6617.21 -2252.9
-6600.8 -2259.94
-6575.64 -2257.15
-6563.25 -2268.24
-6547.47 -2275.46
-6543.38 -2296.18
-6530 -2306.22
-6517.18 -2316.92
-6499.23 -2321.29
-6492.51 -2339.53
-6476.32 -2345.95
-6460.71 -2353.01
-6439.05 -2351.92
-6420.47 -2354.59
-6413.12 -2372.41
-6403.8 -2387.77
-6393.72 -2402.27
-6373.82 -2402.72
-6359.05 -2410.39
-6342.56 -2415.42
-6344.62 -2448.77
-6329.49 -2456.15
-6305.27 -2448.99
-6294.36 -2462.83
-6277.6 -2467.18
-6266.95 -2481.69
-6244.58 -2476.23
-6230.29 -2484.43
-6218.36 -2496.87
-6213.45 -2522.4
-6187.46 -2509.14
-6178.44 -2527.48
-6168.71 -2544.89
-6148.45 -2541.68
-6137.55 -2557.12
-6118.67 -2556.26
-6106.22 -2568.79
-6089.46 -2572.14
-6083.72 -2599.97
-6070.36 -2611.34
-6054.89 -2618.01
-6033.61 -2610.7
-6023.04 -2629.09
-6008.16 -2637.21
-5989.59 -2635.87
-5973.21 -2639.96
-5964.71 -2665.51
-5953.13 -2683.5
-5940.96 -2700.49
-5951.49 -2785.65
-5932.95 -2786.52
-5914.76 -2788.17
-5898.93 -2797.3
-5887.84 -2822.59
-5867.77 -2818.05
-5850.51 -2822.95
-5842.31 -2861.49
-5824.92 -2867.12
-5808.21 -2875.52
-5786.45 -2863.37
-5771.97 -2881.19
-5757.43 -2899.88
-5741.55 -2913.59
-5724.86 -2924.24
-5705.72 -2922.97
-5688.65 -2932.35
-5672.32 -2946.51
-5656.78 -2966.45
-5638.07 -2968.51
-5621.44 -2984.25
-5604.85 -3001.84
-5587.05 -3012.36
-5568.84 -3020.75
-5551.66 -3038.93
-5535.13 -3065.91
-5514.94 -3059.93
-5495.49 -3060.74
-5478.12 -3087.3
-5458.17 -3083.79
-5439.42 -3098.08
-5420.27 -3109.21
-5400.98 -3121.18
-5382.25 -3153.96
-5362.29 -3162.61
-5342.03 -3162.08
-5321.92 -3176.37
-5301.59 -3203.49
-5280.93 -3211.42
-5259.89 -3234.18
-5239.02 -3233.75
-5217.82 -3243.14
-5195.52 -3274.32
-5174.15 -3276.32
-5152.2 -3287.13
-5129.92 -3299.72
-5109.71 -3282.21
-5089.2 -3271.5
-5068.11 -3268.59
-5047.67 -3259.53
-5025.69 -3265.2
-5000.58 -3295.49
-4978.28 -3299.74
-4953.54 -3320.62
-4928.86 -3338.29
-4901.2 -3372.51
-4876.52 -3384.73
-4848.32 -3415.43
-4827.33 -3403.54
-4800.26 -3423.88
-4770.03 -3457.66
-4742.48 -3475.46
-4716.94 -3482.23
-4684.31 -3518.96
-4655.18 -3537.82
-4626.87 -3551.52
-4592.3 -3588.17
-4568.37 -3581.9
-4537.04 -3602.42
-4501.47 -3636.06
-4469.77 -3653.94
-4438.28 -3669.57
-4453.46 -3535.05
-4414.92 -3574.2
-4332.02 -3743.81
-4293.12 -3774.99
-4258.26 -3792.52
-4223.7 -3807.77
-4181.81 -3841.39
-4138.19 -3877.3
-4096.41 -3906.16
-4054.04 -3934.52
-4012.61 -3958.67
-3965.61 -3994.31
-3924.24 -4014.68
-3880.39 -4039.13
-3829.4 -4077.62
-3786.48 -4096.42
-3725.52 -4151.75
-3670.91 -4190.96
-3622.17 -4216.04
-3570.61 -4244.97
-3521.18 -4267.93
-4092.12 -3118.64
-4086.1 -3082.52
-3409.39 -4261.38
-3829.58 -3446.89
-4001.94 -3095.09
-3987.9 -3074.21
-3954.09 -3086.71
-3956.97 -3038.2
-3946.32 -3012.83
-3935.48 -2988.28
-3921.15 -2969.59
-3911.45 -2944.14
-3900.98 -2920.34
-3893.08 -2893.22
-3878.1 -2876.78
-3867.35 -2854.53
-3851.61 -2839.53
-3838.39 -2821.2
-3831.39 -2794.79
-3822.31 -2771.59
-3812.29 -2749.96
-3790.73 -2743.19
-3785.51 -2715.96
-3767.95 -2704.23
-3758.82 -2682.37
-3744.12 -2667.34
-3736.12 -2644.64
-3699.28 -2654.94
-3617.38 -2714.58
1447.35 -8224.63
1511.51 -8165.49
1015.65 -7514.55
-3263.12 -2955.86
-3167.76 -3016.58
-3118.51 -3028.35
-1845.2 -4245.29
-1818.51 -4212.25
-1781.27 -4189.33
-1763.88 -4147.59
-1735.91 -4115.94
-1712.67 -4080.04
-1683.81 -4049.29
-1654.46 -4018.94
-1625.36 -3988.32
-1598.81 -3955.5
-1581.03 -3915.46
-1545.04 -3890.47
-1442.76 -3918.09
1808.12 -6410.55
1836.63 -6333.08
1868.32 -6258.54
1920.93 -6199.97
1954.47 -6127.35
1997.06 -6061.53
2048.88 -6002.26
2092.8 -5937.38
2132.84 -5869.89
2173.09 -5802.64
1865.01 -5508.56
2057.97 -5543.33
2311.39 -5612.26
2351.02 -5544.62
2393.48 -5478.73
2441.39 -5416.01
2477.54 -5346.29
2525.25 -5283.2
2544.47 -5204.06
2571.7 -5129.71
2542.64 -5025.57
2609.87 -4973.19
2674.11 -4918.59
2694.17 -4841.26
2703.61 -4759.05
2346.92 -4502.12
2408.46 -4449.25
2924.34 -4603.56
2976.93 -4540.64
2862.25 -4404.28
2794.59 -4290.99
3119.84 -4343.1
3165.82 -4275.9
3211.27 -4208.16
3261.78 -4142.04
3308.97 -4074.25
3355.63 -4005.88
3403.63 -3937.61
3388.73 -3847.17
2914.13 -3603.02
2294.34 -3321.15
2282.32 -3244.23
2474.09 -3230.55
3662 -3510.19
-1797.84 -1851.5
-1488.63 -1904.71
-1456.33 -1877.66
-1433.89 -1847.62
-1421.39 -1814.83
-1396.53 -1784.96
-1366.05 -1756.07
-1348.47 -1723.9
-1406.44 -1675.38
-1310.17 -1659.65
-1267.87 -1631.74
4214.18 -2619.19
4314.98 -2551.34
4355.17 -2471.71
4401.6 -2392.61
4462.23 -2315.06
4418.27 -2221.82
4555.83 -2153.73
4613.54 -2073.48
4648.74 -1989.8
4645.44 -1901.58
4654.31 -1814.76
4662.41 -1727.88
4669.76 -1640.92
4676.35 -1553.9
4682.18 -1466.83
4687.24 -1379.71
4691.55 -1292.55
4695.1 -1205.36
4697.88 -1118.13
4699.91 -1030.89
4701.17 -943.635
4701.67 -856.371
4701.41 -769.106
4700.39 -681.846
4698.61 -594.594
4696.07 -507.366
4692.76 -420.162
4688.7 -332.991
