16038.4 -3570.04
16038.3 -3558.25
16038.3 -3546.38
16038.2 -3534.41
16038.1 -3522.36
16038.1 -3510.2
16038 -3497.95
16037.9 -3485.6
16037.9 -3473.14
16037.8 -3460.56
16037.7 -3447.88
16037.7 -3435.08
16037.6 -3422.17
16037.5 -3409.12
16037.5 -3395.96
16037.4 -3382.66
16037.3 -3369.22
16037.3 -3355.65
16037.2 -3341.93
16037.1 -3328.07
16037 -3314.05
16037 -3299.88
16036.9 -3285.54
16036.8 -3271.04
16036.7 -3256.36
16036.6 -3241.51
16036.6 -3226.48
16036.5 -3211.25
16036.4 -3195.83
16036.3 -3180.21
16036.2 -3164.39
16036.2 -3148.35
16036.1 -3132.09
16036 -3115.6
16035.9 -3098.87
16035.8 -3081.91
16035.7 -3064.69
16035.6 -3047.21
16035.5 -3029.47
16035.4 -3011.44
16035.3 -2993.14
16035.2 -2974.53
16035.1 -2955.62
16035 -2936.39
16034.9 -2916.84
16034.2 -2897.52
16025.2 -2886.5
16016.3 -2875.28
16026.4 -2843.76
16017.4 -2832.12
16026.8 -2800.17
16017.8 -2788.08
17263.5 -1340.69
17221.8 -1340.91
17231.6 -1280.86
17190.3 -1281.08
17149.6 -1281.29
17125.5 -1261.42
17117.2 -1221.46
17108.3 -1181.51
17098.8 -1141.56
17103.7 -1081.53
17122.2 -1001.43
17110.2 -961.498
17097.7 -921.564
17096.4 -864.553
17095.2 -806.106
17087.3 -756.127
17087 -693.304
17099.8 -608.373
17099.7 -541.383
17094.9 -480.128
17095.7 -407.958
17088.7 -346.735
17093.1 -264.229
17096.8 -180.447
17088.5 -115.379
18728.6 2969.89
18667.1 3003.13
18605.4 3035.84
18543.3 3068
18480.9 3099.61
18418.3 3130.69
18355.4 3161.21
18292.3 3191.18
18228.8 3220.6
18165.2 3249.47
18101.2 3277.77
18037.1 3305.52
17972.7 3332.7
15334.2 -2968.84
15323.2 -2968.9
15312.3 -2968.96
15301.5 -2969.02
15290.7 -2969.07
15280 -2969.13
15269.3 -2969.19
15258.7 -2969.24
15248.2 -2969.3
15237.8 -2969.35
15227.4 -2969.41
15217 -2969.46
15206.7 -2969.52
15196.5 -2969.57
15186.3 -2969.63
15176.2 -2969.68
15166.1 -2969.74
15156.1 -2969.79
15146.1 -2969.84
15136.1 -2969.9
15126.2 -2969.95
15116.3 -2970
15106.5 -2970.05
15096.7 -2970.11
15086.9 -2970.16
15077.2 -2970.21
15067.4 -2970.26
15057.8 -2970.31
15048.1 -2970.36
15038.5 -2970.42
15028.9 -2970.47
15019.3 -2970.52
15009.7 -2970.57
15000.2 -2970.62
14990.6 -2970.67
14981.1 -2970.72
14971.6 -2970.77
14962.1 -2970.82
14952.7 -2970.87
14943.2 -2970.92
14933.7 -2970.97
14924.3 -2971.02
14914.8 -2971.07
14905.4 -2971.12
14896 -2971.17
14886.5 -2971.22
14878.3 -3051.27
14878.9 -3431.27
14873.5 -3431.3
14868 -3431.33
14862.6 -3431.36
14857.2 -3431.39
14851.7 -3431.42
14846.3 -3431.44
14840.8 -3431.47
14835.4 -3431.5
14829.9 -3431.53
14824.4 -3431.56
14819 -3431.59
14813.5 -3431.62
14808 -3431.65
14802.4 -3431.68
14796.9 -3431.71
14791.4 -3431.74
14785.8 -3431.77
14780.2 -3431.8
14774.6 -3431.83
14769 -3431.86
14763.4 -3431.89
14757.7 -3431.92
14752 -3431.95
14746.3 -3431.98
14740.6 -3432.01
14734.8 -3432.04
14729.1 -3432.07
14718.4 -3414.26
14712.4 -3414.3
14706.3 -3414.33
14700.3 -3414.36
14694.2 -3414.39
14688.1 -3414.43
14681.9 -3414.46
14675.7 -3414.49
14669.5 -3414.52
14663.2 -3414.56
14656.9 -3414.59
14650.6 -3414.63
14644.2 -3414.66
14637.8 -3414.69
14631.3 -3414.73
14624.8 -3414.76
14618.2 -3414.8
14611.6 -3414.83
14604.9 -3414.87
14598.2 -3414.9
14591.5 -3414.94
14584.6 -3414.98
14577.7 -3415.01
14570.8 -3415.05
14563.8 -3415.09
14556.7 -3415.13
14549.6 -3415.16
14542.4 -3415.2
14535.1 -3415.24
14527.8 -3415.28
14520.4 -3415.32
14512.9 -3415.36
14505.3 -3415.4
14497.6 -3415.44
14489.9 -3415.48
14482.1 -3415.52
14474.2 -3415.56
14466.2 -3415.61
14458.1 -3415.65
14449.9 -3415.69
14441.6 -3415.74
14433.3 -3415.78
14424.8 -3415.83
14416.2 -3415.87
14407.4 -3415.92
14398.6 -3415.97
14389.7 -3416.01
14380.6 -3416.06
14371.4 -3416.11
14362 -3416.16
14352.6 -3416.21
14343 -3416.26
14333.2 -3416.31
14323.3 -3416.37
14313.2 -3416.42
14303 -3416.48
14292.6 -3416.53
14282.1 -3416.59
14271.3 -3416.64
14260.4 -3416.7
14250.3 -3417.74
14242.2 -3420.88
14233.9 -3423.98
14225.5 -3427.02
14217 -3430.01
14208.3 -3432.96
14179.3 -3418.07
14170.2 -3421.24
14157.8 -3421.67
14148 -3424.45
14137.9 -3427.19
14127.6 -3429.89
14117.1 -3432.56
14106.4 -3435.19
14075.4 -3422.36
14064.2 -3425.21
14052.7 -3428.01
14057.7 -3442.97
14037.7 -3439.78
14017.7 -3436.98
13997.6 -3434.56
13997.7 -3446.08
13997.8 -3457.45
13997.8 -3468.7
13997.9 -3479.81
13997.9 -3490.8
13998 -3501.67
13998.1 -3512.43
13998.1 -3523.06
13998.2 -3533.59
13998.2 -3544.01
13998.3 -3554.33
13998.3 -3564.55
13998.4 -3574.67
13998.4 -3584.69
13998.5 -3594.62
13998.6 -3604.47
13998.6 -3614.22
13998.7 -3623.89
13998.7 -3633.48
13998.8 -3643
13998.8 -3652.43
13998.9 -3661.79
13998.9 -3671.08
13999 -3680.3
13999 -3689.45
13999.1 -3698.54
13999.1 -3707.56
13999.1 -3716.52
13999.2 -3725.43
13999.2 -3734.27
13999.3 -3743.06
13999.3 -3751.8
13999.4 -3760.48
13999.4 -3769.12
13999.5 -3777.7
13999.5 -3786.24
13999.6 -3794.73
13999.6 -3803.18
13999.7 -3811.59
13999.7 -3819.96
13999.7 -3828.29
13999.8 -3836.59
13999.8 -3844.84
13999.9 -3853.07
13999.9 -3861.26
14000 -3869.42
14000 -3877.55
14000 -3885.65
14000.1 -3893.73
14000.1 -3901.77
14000.2 -3909.8
14000.2 -3917.8
14000.3 -3925.78
14000.3 -3933.74
14000.3 -3941.68
14000.4 -3949.61
14000.4 -3957.51
14000.5 -3965.41
14000.5 -3973.28
14000.6 -3981.15
14000.6 -3989
14000.6 -3996.85
14000.7 -4004.68
14000.7 -4012.51
14000.8 -4020.33
14000.8 -4028.14
14000.8 -4035.95
14000.9 -4043.76
14000.9 -4051.56
14001 -4059.37
14001 -4067.17
14001.1 -4074.98
14001.1 -4082.79
14001.1 -4090.6
14001.2 -4098.42
14001.2 -4106.25
14001.3 -4114.08
14001.3 -4121.92
14001.3 -4129.78
14001.4 -4137.64
14001.4 -4145.52
14001.5 -4153.41
14001.5 -4161.31
14001.6 -4169.23
14001.6 -4177.17
14001.6 -4185.13
14001.7 -4193.11
14001.7 -4201.11
14001.8 -4209.13
14001.8 -4217.17
14001.9 -4225.25
14001.9 -4233.34
14001.9 -4241.47
14002 -4249.63
14002 -4257.81
14002.1 -4266.03
14002.1 -4274.29
14002.2 -4282.58
14002.2 -4290.9
14002.2 -4299.27
14002.3 -4307.67
14002.3 -4316.11
14002.4 -4324.6
14002.4 -4333.14
14002.5 -4341.72
14002.5 -4350.34
14002.6 -4359.02
14002.6 -4367.75
14002.7 -4376.53
14002.7 -4385.37
14002.8 -4394.27
14002.8 -4403.22
14002.9 -4412.24
14002.9 -4421.32
14002.9 -4430.46
14003 -4439.67
14003 -4448.95
14003.1 -4458.3
14003.1 -4467.73
13664.1 -4639.42
13664.1 -4652.65
13664.2 -4665.99
13664.3 -4679.44
13664.3 -4693.02
13664.4 -4706.72
13664.5 -4720.54
13664.6 -4734.49
13664.6 -4748.58
13664.7 -4762.81
13664.8 -4777.18
13664.9 -4791.7
13664.9 -4806.37
13665 -4821.2
13665.1 -4836.18
13665.2 -4851.34
13665.3 -4866.66
13665.3 -4882.16
13665.4 -4897.85
13665.5 -4913.72
13665.6 -4929.79
13665.7 -4946.05
13665.8 -4962.52
13665.9 -4979.21
13666 -4996.11
13666 -5013.24
13666.1 -5030.6
13666.2 -5048.21
13666.3 -5066.06
13666.4 -5084.17
13666.5 -5102.55
13666.6 -5121.2
13679.3 -5128.93
13670.7 -5155.89
13681.7 -5165.33
13672.6 -5193.54
13683.2 -5203.63
13673.7 -5233.15
13683.9 -5243.92
13674.1 -5274.82
13690.4 -5279.76
13692 -5299.75
13693.9 -5319.74
13677.5 -5359.83
13698.7 -5359.72
13683.6 -5399.8
13687.1 -5419.78
13690.9 -5439.76
13677.8 -5479.83
13682.5 -5499.81
13704 -5499.69
13692.7 -5539.75
13698.2 -5559.73
13703.9 -5579.7
13679.3 -5639.83
13686.1 -5659.79
13693.3 -5679.75
13686.1 -5719.79
13694 -5739.75
13688.1 -5779.78
13696.8 -5799.74
13678.7 -5859.83
13688.4 -5879.78
13698.3 -5899.73
13695.7 -5939.74
13681.3 -5999.82
13692.6 -6019.76
13692.2 -6059.76
13692.4 -6099.76
13693.4 -6139.76
13683.7 -6199.81
13708.4 -6199.68
13732.9 -6199.55
13757.1 -6199.42
13781.1 -6199.29
13804.8 -6199.17
13828.4 -6199.04
13851.7 -6198.92
13874.9 -6198.79
13897.8 -6198.67
13920.6 -6198.55
14529.1 -4875.29
14537.7 -4875.25
14546.2 -4875.2
14554.7 -4875.16
14563.1 -4875.11
14571.5 -4875.07
14579.8 -4875.02
14588 -4874.98
14596.2 -4874.94
14604.3 -4874.89
14612.4 -4874.85
14620.4 -4874.81
14628.4 -4874.76
14636.3 -4874.72
14644.2 -4874.68
14652.1 -4874.64
14659.9 -4874.6
14667.7 -4874.56
14675.4 -4874.51
14683.1 -4874.47
14690.7 -4874.43
14698.4 -4874.39
14706 -4874.35
14713.5 -4874.31
14721.1 -4874.27
14725 -4892.11
14732.6 -4892.07
14740.2 -4892.03
14747.8 -4891.99
14755.4 -4891.95
14762.9 -4891.91
14770.4 -4891.87
14777.9 -4891.83
14785.4 -4891.79
14792.9 -4891.75
14800.3 -4891.71
14807.8 -4891.67
14815.2 -4891.63
14822.6 -4891.59
14830 -4891.55
14837.4 -4891.51
14844.8 -4891.47
14852.1 -4891.43
14859.5 -4891.4
14866.8 -4891.36
14874.2 -4891.32
14881.5 -4891.28
14888.9 -4891.24
14896.2 -4891.2
14903.6 -4891.16
14910.9 -4891.12
14918.2 -4891.08
14925.6 -4891.04
14932.9 -4891
14940.3 -4890.97
14947.6 -4890.93
14955 -4890.89
14962.4 -4890.85
14969.8 -4890.81
14977.2 -4890.77
14984.6 -4890.73
14992 -4890.69
14999.5 -4890.65
15006.9 -4890.61
15413 -7670.63
15433.1 -7590.52
15442.2 -7450.47
15462.5 -7390.36
15492.6 -7390.2
15522.7 -7390.04
15608.1 -7669.59
15641 -7669.41
15674 -7669.24
15707.1 -7669.06
15740.3 -7668.88
15773.7 -7668.71
15807.2 -7668.53
15840.9 -7668.35
15874.7 -7668.17
15908.6 -7667.99
15942.8 -7667.81
15977 -7667.62
16011.5 -7667.44
15619.3 -6327.37
15621.5 -6267.36
15616 -6187.39
15616 -6127.39
15615 -6067.39
15620.2 -6027.36
15617.2 -5967.38
15613.2 -5907.4
15616 -5867.38
15610 -5807.41
15611.2 -5767.41
15611.8 -5727.4
15611.6 -5687.4
15610.8 -5647.41
15609.2 -5607.41
15607 -5567.43
15613.6 -5547.39
15610.1 -5507.41
15615.9 -5487.38
15611.2 -5447.4
15616.1 -5427.38
15610.1 -5387.41
15614.3 -5367.38
15607 -5327.42
15610.3 -5307.4
15613.2 -5287.39
15615.9 -5267.37
15606.1 -5227.43
15607.9 -5207.42
15609.3 -5187.41
15610.4 -5167.4
15611.2 -5147.4
15611.6 -5127.4
15611.7 -5107.39
15611.4 -5087.4
15612.3 -5069.53
15611.4 -5049.53
15610 -5029.54
15593.5 -4989.63
15606.3 -4989.56
15603.8 -4969.57
15601 -4949.59
15613.8 -4949.52
15610.5 -4929.54
15606.7 -4909.56
15602.6 -4889.58
15615.2 -4889.51
15610.6 -4869.54
15623.2 -4869.47
15636.1 -4869.4
15649.2 -4869.33
15662.5 -4869.26
15676 -4869.19
15689.7 -4869.11
15703.6 -4869.04
15717.8 -4868.96
15723.7 -4860.47
15727.6 -4850.2
15752.7 -4859.99
15757.1 -4850.05
15781.8 -4858.55
15788.5 -4850.53
15813.7 -4858.7
15821.9 -4851.61
15847.7 -4859.45
15873.6 -4866.82
15883.8 -4860.74
15890.3 -4851.65
15917 -4858.53
15929.4 -4853.7
15956.9 -4860.26
15964.5 -4851.38
15999.4 -4862.46
16007.8 -4853.8
16646.8 -5291.15
16636.2 -5260.88
16645.8 -5245
16635.6 -5215.89
16635.8 -5194.14
16646.8 -5179.56
16638 -5152.47
16626.7 -5124.26
16626.6 -5103.36
16626.5 -5082.68
16626.3 -5062.22
16626.2 -5041.96
16626.1 -5021.91
16626 -5002.06
16625.9 -4982.4
16625.8 -4962.93
16625.7 -4943.63
16625.6 -4924.51
16625.5 -4905.57
16625.4 -4886.78
16625.3 -4868.16
16625.2 -4849.69
16625.1 -4831.37
16625 -4813.2
16624.9 -4795.17
16624.8 -4777.28
16624.7 -4759.52
16624.6 -4741.88
16624.5 -4724.38
16624.5 -4706.99
16624.4 -4689.72
16624.3 -4672.56
16624.2 -4655.51
16624.1 -4638.57
16624 -4621.73
16623.9 -4604.98
16623.8 -4588.34
16623.7 -4571.78
16623.6 -4555.31
16623.6 -4538.93
16623.5 -4522.63
16623.4 -4506.41
16623.3 -4490.27
16623.2 -4474.19
16623.1 -4458.19
16623 -4442.26
16623 -4426.39
16622.9 -4410.58
16622.8 -4394.83
16622.7 -4379.14
16622.6 -4363.5
16622.5 -4347.91
16622.5 -4332.37
16622.4 -4316.87
16622.3 -4301.42
16622.2 -4286.01
16622.1 -4270.64
16622.1 -4255.3
16622 -4239.99
16621.9 -4224.72
16621.8 -4209.47
16621.7 -4194.25
16621.6 -4179.05
16621.6 -4163.88
16621.5 -4148.72
16621.4 -4133.58
16621.3 -4118.45
16621.2 -4103.34
16621.2 -4088.23
16621.1 -4073.14
16621 -4058.04
16620.9 -4042.95
16620.8 -4027.86
16620.8 -4012.77
16620.7 -3997.67
16620.6 -3982.56
16620.5 -3967.45
16620.4 -3952.32
16620.4 -3937.19
16620.3 -3922.03
16620.2 -3906.86
16620.1 -3891.66
16620 -3876.45
16620 -3861.2
16619.9 -3845.93
16619.8 -3830.63
16619.7 -3815.3
16619.6 -3799.93
16619.5 -3784.52
16619.5 -3769.08
16619.4 -3753.59
16619.3 -3738.05
16619.2 -3722.47
16079.7 -3814.52
16059.7 -3807.91
16039.6 -3801.62
16039.6 -3791.13
16039.5 -3780.59
16039.5 -3770.01
16039.4 -3759.39
16039.3 -3748.73
16039.3 -3738.01
16039.2 -3727.24
16039.2 -3716.42
16039.1 -3705.55
16039.1 -3694.62
16039 -3683.63
16038.9 -3672.58
16038.9 -3661.47
16038.8 -3650.3
16038.8 -3639.05
16038.7 -3627.74
16038.6 -3616.35
16038.6 -3604.89
16038.5 -3593.35
16038.5 -3581.74
16038.4 -3570.04
