-5141.62 -462.947
-5141.62 -462.947
-5141.62 -462.947
-5143.55 -465.24
-5147.13 -469.417
-5153.05 -476.199
-5160.94 -485.241
-5170.48 -496.174
-5182.09 -509.238
-5194.2 -522.532
-5207.15 -536.379
-5220.67 -550.477
-5234.33 -564.365
-5246.75 -576.679
-5259.33 -588.842
-5272.07 -600.842
-5284.96 -612.682
-5298.03 -624.38
-5140.56 -718.448
-5323 -645.896
-5333.41 -654.525
-5343.84 -663.121
-5355.02 -672.283
-5424.52 -653.877
-5454.3 -654.087
-5463.34 -661.187
-5470.8 -667.078
-5478.2 -673.026
-5485.61 -679.087
-5485.61 -679.087
-5498.21 -689.664
-5501.25 -692.245
-5502.01 -692.892
-5502.01 -692.892
-5502.01 -692.892
-5502.01 -692.892
-5332.94 -783.045
-5508.52 -698.359
-5515.09 -703.744
-5515.09 -703.744
-5531.46 -716.928
-5536.13 -720.691
-5538.46 -722.573
-5472.34 -732.236
-5451.05 -735.199
-5451.05 -735.199
-5453.35 -737.131
-5457.52 -740.707
-5464.31 -746.619
-5472.98 -754.173
-5483.27 -762.908
-5493.68 -771.515
-5504.2 -779.999
-5514.85 -788.362
-5523.98 -795.348
-5533.17 -802.194
-5542.47 -808.943
-5551.87 -815.579
-5551.87 -815.579
-5561.18 -821.983
-5570.74 -828.379
-5580.38 -834.653
-5590.12 -840.819
-5422.47 -935.488
-5608.08 -851.714
-5617.13 -856.973
-5727.52 -884.295
-5734.95 -888.274
-5742.5 -892.195
-5750.09 -896.016
-5750.09 -896.016
-5757.72 -899.741
-5765.4 -903.368
-5773.12 -906.893
-5780.93 -910.339
-5786.45 -912.691
-5791.97 -915.044
-5791.97 -915.044
-5791.97 -915.044
-5791.97 -915.044
-5791.97 -915.044
-5791.97 -915.044
-5619.49 -1010.13
-5803.87 -920.255
-5808.44 -922.289
-5810.27 -923.101
-5812.1 -923.916
-5812.1 -923.916
-5812.1 -923.916
-5814.83 -925.132
-5742.14 -930.705
-5749.15 -934.514
-5756.18 -938.335
-5768.04 -944.781
-5780.07 -950.916
-5794.96 -958.016
-5810.06 -964.666
-5825.32 -971.019
-5840.65 -977.031
-5850.51 -980.666
-5850.51 -980.666
-5859.97 -983.934
-5869.48 -987.015
-5879.04 -989.907
-5888.68 -992.616
-5714.83 -1084.11
-5908.07 -997.463
-5917.84 -999.601
-5933.05 -1002.62
-5764.51 -1095.58
-5960.66 -1007.26
-5973.05 -1008.93
-5985.47 -1010.35
-5997.22 -1011.45
-5997.22 -1011.45
-5934.32 -1028.53
-5945.8 -1028.92
-5954.8 -1029.11
-5960.8 -1029.24
-5963.8 -1029.3
-5963.8 -1029.3
-5963.8 -1029.3
-5963.8 -1029.3
-5963.8 -1029.3
-5969.32 -1029.42
-5974.8 -1029.49
-5983.3 -1029.52
-5994.81 -1029.37
-6006.29 -1029.03
-6015.28 -1028.61
-6021.28 -1028.34
-6024.27 -1028.2
-6024.27 -1028.2
