22871 2392.06
22872.3 2337.94
22873.9 2285.5
22873.5 2240.36
22875.2 2192.32
22877.1 2145.55
22875.3 2109.77
22877.4 2066.52
22879.7 2024.25
22873.5 2002.75
22878.8 1956.85
22881.6 1918.21
22875.1 1900.12
22879.6 1860.5
22882.8 1824.81
22876.1 1809.52
22879.6 1775.27
22883.2 1742.03
22886.1 1711.22
22878.9 1699.45
22883 1668.25
22884.9 1641.67
22889.3 1611.87
22882 1602.18
22882.9 1579.32
22875.2 1570.83
22854.7 1582.35
22841.2 1582.55
22832.4 1575.33
22817.2 1577.7
22807.7 1571.41
22798.2 1565.27
22780.5 1570.34
22770.2 1565.02
22750.7 1571.9
22739.6 1567.32
22718.1 1575.9
22706.1 1571.98
22694 1568.15
22669.8 1578.84
22656.8 1575.6
22647.2 1568.03
22633.4 1565.34
22605.3 1578.85
22590.5 1576.65
22578 1571.75
22562.4 1570.01
22548.4 1566.33
22532.1 1565.02
22516.6 1562.51
22499.3 1561.58
22496.4 1546.16
22498.3 1526.19
22490.8 1515.7
22491.1 1497.86
22491.4 1480.32
22491.7 1463.07
22492 1446.1
22492.3 1429.41
22492.5 1412.97
22492.8 1396.8
22493.1 1380.86
22493.4 1365.17
22493.6 1349.7
22493.9 1334.46
22494.2 1319.43
22494.4 1304.61
22494.7 1290
22494.9 1275.58
22495.2 1261.35
22495.4 1247.3
22495.6 1233.44
22495.9 1219.74
22496.1 1206.22
22496.3 1192.85
22496.6 1179.65
22496.8 1166.6
22497 1153.69
22497.2 1140.93
22497.5 1128.31
22497.7 1115.83
22497.9 1103.47
22498.1 1091.25
22478.1 1090.2
22437.9 1099.65
22438.2 1087.1
22438.4 1074.66
22438.6 1062.35
22418.6 1060.07
22398.7 1057.47
22378.7 1054.53
16280.2 3846.92
16251.3 3783.28
16222.9 3719.39
16195.1 3655.25
16167.9 3590.87
16141.2 3526.26
16115 3461.41
16089.5 3396.34
16064.5 3331.05
16040.1 3265.54
16016.2 3199.83
15993 3133.9
15970.3 3067.78
15948.2 3001.46
15926.6 2934.95
15905.7 2868.25
15885.3 2801.37
15865.5 2734.32
15846.3 2667.1
15827.7 2599.71
15809.7 2532.16
15792.3 2464.46
15775.4 2396.6
15759.2 2328.61
15743.5 2260.47
15728.5 2192.2
15714 2123.8
15700.2 2055.28
15686.9 1986.63
15674.3 1917.88
15662.2 1849.01
15650.8 1780.05
15639.9 1710.98
15629.7 1641.83
15620 1572.59
15611 1503.26
15602.6 1433.86
15594.8 1364.39
15587.5 1294.86
15580.9 1225.26
15574.9 1155.61
15569.6 1085.9
15564.8 1016.16
15560.6 946.372
15557 876.552
15554.1 806.704
15551.8 736.833
15550 666.945
15548.9 597.044
15548.4 527.135
15548.5 457.225
15549.2 387.319
15550.6 317.422
15552.5 247.538
15555 177.675
15558.2 107.836
15562 38.0279
16161.9 8.24049
16103.1 -61.1039
15576.9 -171.163
15583.1 -240.797
15590 -310.373
15597.4 -379.889
15605.4 -449.336
15614 -518.711
15623.3 -588.007
15633.1 -657.221
15643.6 -726.345
15654.6 -795.376
15896.2 -824.382
15897.4 -893.158
15898.6 -962.132
17298.4 -750.546
17618 -740.397
17878.7 -737.504
18146.2 -728.509
18358.4 -727.892
18589.4 -718.927
18759.5 -721.461
18937.6 -718.926
19129.6 -709.418
19272.7 -710.387
19434.8 -703.298
19564.7 -703.071
19679.7 -705.236
19818.4 -697.741
19931.4 -696.326
20037 -695.453
20141.4 -693.132
20242.6 -690.115
20319.8 -694.238
20397.5 -696.816
20508 -685.229
20575.2 -689.015
22396.4 30.1123
22436.3 35.1337
22456.3 32.3082
22496.2 38.5944
22516.3 36.6332
22536.3 35.0053
22556.3 33.7129
22596.2 42.3785
22616.2 41.9776
22636.2 41.9214
22636.4 31.9476
22676.2 42.8548
22676.4 33.1458
22716.2 45.2031
22716.3 35.7643
22736.3 37.6148
22756.3 39.831
22776.2 42.417
22796.2 45.3769
22796.3 36.4061
22816.3 39.8886
22836.2 43.7559
22856.1 48.0133
22856.3 39.3869
22876.2 44.1906
22896.1 49.3974
22896.3 40.9779
22916.2 46.7506
22916.3 38.3866
22936.2 44.7376
22956.1 51.5169
22956.2 43.3722
22976.1 50.7542
22976.2 42.6698
22996.1 50.6701
22996.3 42.647
23016.1 51.2828
23016.2 43.3229
23036.1 52.6125
23036.2 44.718
23036.4 36.703
23056.2 46.8553
23056.3 38.9051
23076.1 49.7599
23076.3 41.8779
23096.1 53.4596
23096.2 45.6498
23096.4 37.7051
23102.9 36.3972
23110.8 36.5326
23118.5 36.6658
23126.1 36.7968
23133.6 36.9257
23141 37.0526
23148.2 37.1775
23155.3 37.3004
23162.3 37.4215
23169.3 37.5408
23176.1 37.6582
23182.8 37.7741
23189.4 37.8884
23195.9 38.001
23202.4 38.1121
23208.7 38.2218
23215 38.3299
23221.2 38.4367
23227.3 38.5422
23233.4 38.6463
23239.3 38.7491
23245.2 38.8508
23251 38.9512
23256.8 39.0505
23262.5 39.1487
23268.1 39.2457
23273.7 39.3417
23279.2 39.4367
23284.6 39.5307
23290 39.6236
23295.4 39.7158
23300.7 39.8069
23305.9 39.8972
23311.1 39.9867
23316.2 40.0753
23321.3 40.1631
23326.4 40.2501
23331.4 40.3363
23336.3 40.4219
23341.2 40.5067
23346.1 40.5908
23351 40.6743
23355.8 40.7571
23360.5 40.8393
23365.3 40.9209
23370 41.0019
23374.6 41.0823
23379.2 41.1621
23383.8 41.2414
23388.4 41.3202
23393 41.3986
23397.5 41.4764
23402 41.5537
23406.4 41.6306
23410.8 41.7071
23415.3 41.7831
23419.6 41.8587
23424 41.934
23428.3 42.0089
23427.6 21.9936
23427.3 1.98448
23390 -178.685
23391.8 -198.656
23389.7 -238.699
23388.3 -278.729
23391.5 -298.677
23391.3 -338.686
23391.9 -378.683
23393.1 -418.668
23395 -458.641
23394.6 -518.657
23395.2 -578.655
23396.9 -638.634
23397.2 -718.642
23408 -718.455
23418.9 -718.268
23429.7 -718.081
23440.5 -717.895
23451.2 -717.709
23462 -717.524
23472.7 -717.339
23483.4 -717.154
23494.1 -716.969
23504.8 -716.785
23515.5 -716.601
23526.2 -716.417
23536.9 -716.233
23547.5 -716.049
23558.2 -715.865
23568.9 -715.681
23579.5 -715.497
23590.2 -715.313
23600.8 -715.129
23611.5 -714.945
23622.2 -714.761
23632.9 -714.577
23643.6 -714.393
23654.3 -714.208
23665 -714.023
23675.7 -713.838
23686.5 -713.653
23697.2 -713.467
23708 -713.281
23718.8 -713.095
23729.7 -712.908
23740.5 -712.72
23751.4 -712.533
23762.3 -712.345
23773.3 -712.156
23784.2 -711.967
23795.2 -711.777
23806.3 -711.586
23817.4 -711.395
23828.5 -711.204
23839.6 -711.011
23850.9 -710.818
23862.1 -710.624
23873.4 -710.429
23884.7 -710.233
23896.1 -710.037
23907.6 -709.839
23919.1 -709.641
23930.7 -709.441
23942.3 -709.241
23954 -709.039
23965.7 -708.837
23977.6 -708.633
23989.4 -708.428
24001.4 -708.222
23998.2 -668.271
23994.3 -628.333
23997.6 -608.272
24000.7 -588.216
23995 -548.309
23997.1 -528.268
23999 -508.233
23991.5 -468.357
23992.4 -448.338
23993.1 -428.324
23993.3 -408.316
23993.3 -388.314
23992.9 -368.318
23992.1 -348.328
23991 -328.344
23989.5 -308.367
23998.7 -308.209
23996.7 -288.24
23994.4 -268.277
23991.7 -248.321
23988.6 -228.371
23985.1 -208.428
23993.6 -208.281
23989.6 -188.347
23985.3 -168.42
23993.6 -168.276
23988.6 -148.359
23996.9 -148.216
23991.4 -128.308
23985.5 -108.407
23993.5 -108.269
23987 -88.3777
23995 -88.2403
23987.9 -68.3595
23995.8 -68.2234
23988.1 -48.3532
23995.9 -48.2181
23987.6 -28.3587
23995.3 -28.2249
23986.4 -8.37655
23994.1 -8.24385
23984.4 11.5929
23992.1 11.7244
23981.7 31.5493
23989.3 31.6794
23978.2 51.4921
23985.7 51.6208
23993.3 51.7516
24001 51.8846
24008.8 52.0199
24016.2 52.7332
24016.1 60.6922
24016 68.5158
24036.1 57.6026
24036 65.498
24056.2 55.3126
24056.1 63.2759
24055.9 71.115
24076.1 61.8216
24075.9 69.7285
24096.1 61.1095
24096 69.0814
24116.1 61.117
24116 69.1517
24136.1 61.8231
24136 69.919
24156.1 63.2092
24155.9 71.3651
24176 65.2585
24196.1 59.5804
24196 67.9552
24216.1 62.8558
24215.9 71.2858
24236 66.7526
24256.1 62.6229
24255.9 71.2594
24276 67.6764
24296.1 64.4834
24316.1 61.6757
24316 70.6561
24336 68.3711
24356 66.4601
24376.1 64.9192
24396.1 63.7442
24395.9 73.1923
25767.7 -600.028
25763.4 -573.8
25763.3 -549.933
25764.4 -526.798
25767.4 -504.691
25752.2 -474.642
25755.2 -452.992
25763.5 -433.67
25754 -406.983
25759.7 -386.818
25754.1 -362.227
25751.2 -338.955
25760.4 -320.376
25762.2 -299.1
25767.4 -279.087
25760.8 -255.084
25751.6 -230.464
25747.1 -207.681
25746.7 -186.397
25746.3 -165.237
25746 -144.196
25745.6 -123.27
25745.3 -102.456
25744.9 -81.7473
25744.6 -61.143
25744.2 -40.6367
25743.8 -20.2269
25743.5 0.0924832
25743.1 20.3231
25742.8 40.4704
25742.5 60.5371
25742.1 80.5257
25741.8 100.442
25741.4 120.287
25741.1 140.066
25740.7 159.781
25740.4 179.436
25740.1 199.034
25739.7 218.579
25739.4 238.073
25739.1 257.52
25738.7 276.923
25738.4 296.284
25738.1 315.608
25737.7 334.896
25737.4 354.153
25737.1 373.38
25736.7 392.583
25736.4 411.763
25736.1 430.921
25735.7 450.064
25735.4 469.191
25735.1 488.309
25734.7 507.417
25734.4 526.521
25734.1 545.622
25733.8 564.724
25733.4 583.83
25733.1 602.941
25732.8 622.063
25732.4 641.196
25732.1 660.345
25731.8 679.511
25731.4 698.699
25731.1 717.91
25730.8 737.15
25730.5 756.419
25730.1 775.721
25729.8 795.06
25729.5 814.437
25729.1 833.857
25728.8 853.322
25728.4 872.836
25728.1 892.401
25727.8 912.021
25727.4 931.7
25727.1 951.44
25726.7 971.245
25726.4 991.117
25726.1 1011.06
25725.7 1031.08
25725.4 1051.18
25725 1071.36
25724.7 1091.62
25724.3 1111.98
25724 1132.43
25723.6 1152.97
25723.3 1173.62
25722.9 1194.37
25722.5 1215.22
25722.2 1236.19
25733.9 1261.46
25737.3 1284.12
25724.9 1301.22
25733.3 1326.04
25723.4 1344.07
25721.7 1365.3
25735.6 1393.01
25730.8 1413.36
25737.8 1438.8
25696.5 1443.45
25636.2 1438.91
25590.9 1440.16
25553.2 1444.14
25496.2 1438.3
25457.2 1440.17
25402.5 1433.52
25368.1 1436.29
25338.6 1441
25318.4 1450.24
25278.5 1448.41
25218.7 1434.82
25198.5 1442.59
25198.2 1461.58
25197.9 1480.76
25197.5 1500.12
25197.2 1519.69
25196.9 1539.46
25196.5 1559.44
25196.2 1579.63
25195.8 1600.05
25195.5 1620.7
25195.1 1641.58
25194.7 1662.71
25194.4 1684.09
25194 1705.73
25193.6 1727.64
25193.2 1749.83
25192.9 1772.3
25192.5 1795.06
25192.1 1818.13
25191.7 1841.51
25191.3 1865.22
25190.8 1889.25
25190.4 1913.64
25190 1938.38
25189.6 1963.48
25189.1 1988.97
25188.7 2014.85
25188.2 2041.13
25187.8 2067.83
25187.3 2094.97
25186.8 2122.55
25186.3 2150.6
25185.8 2179.13
25179.9 2202.52
25682.9 2765.31
25679.5 2801.57
25675.5 2837.9
25693 2898.77
25690.1 2937.97
25691.6 2983.04
25672.7 3005.02
25674.3 3051.7
25676.8 3100.47
25683.4 3155.42
25684.3 3204.52
25673.5 3239.68
25679.5 3297.49
25671.1 3337.49
25688.5 3413.32
25693 3473.4
25696.3 3533.47
25670.4 3553.03
25630.6 3552.34
25591.3 3551.66
25552.5 3550.99
25514.1 3550.33
25476.2 3549.68
25438.8 3549.03
25401.7 3548.39
25365.1 3547.76
25328.8 3547.14
25292.9 3546.52
25257.4 3545.91
25222.3 3545.3
25187.5 3544.7
25153.1 3544.11
25119 3543.52
25095.4 3563.11
25091.6 3623.06
25086.4 3682.16
25091.7 3765.36
25087.4 3831.3
25082.6 3898.45
25087.8 3990.83
25082.5 4062.65
25085.3 4156.67
25079.1 4232.71
25675.8 5817.78
25676.7 5957.64
25670.7 6085.91
25670.2 6234.69
25662.4 6370.55
25664.9 6542.41
25636.5 6632.39
25570.7 6613.91
25516.4 6628.75
25451.6 6609.71
25392.9 6608.7
25305.2 6507.17
25248.1 6506.18
25191.3 6505.21
25134.8 6504.23
25078.6 6503.26
25022.6 6502.3
24966.9 6501.34
24911.5 6500.38
24856.3 6499.43
24801.3 6498.48
24746.5 6497.54
24692 6496.59
24648.6 6555.86
24600.8 6595.04
24545.9 6594.09
24376.3 5851.05
24328.4 5850.23
24280.6 5849.41
24233 5848.58
24185.5 5847.76
24138.1 5846.95
24090.8 5846.13
24043.6 5845.32
23996.5 5844.5
23949.4 5843.69
23902.5 5842.88
23855.6 5842.08
23808.8 5841.27
23763.6 5880.5
23738.5 6580.17
23685.3 6579.25
23632.2 6578.33
23579.1 6577.42
23526.4 6476.49
23474.2 6475.59
23422 6474.69
23369.9 6473.79
23317.7 6472.89
23265.4 6471.99
23213.2 6471.09
23160.9 6470.19
23108.6 6469.29
23056.2 6468.39
23003.8 6467.48
22951.3 6466.58
22898.7 6465.67
22846.1 6464.76
22780.7 6563.65
22724.3 6582.42
22671.4 6573.66
22618.2 6567.14
22562.3 6576.91
22510.3 6561.56
22456.4 6558.06
22398.2 6576.4
22403.9 6270.52
22408.6 5994.97
22414.3 5737.21
22415 5521.89
22851.4 3469.07
22856.3 3336.83
22856.7 3231.4
22864.7 3104.58
22858 3039.46
22864.1 2933.42
22863 2858.12
22863.4 2782.53
22864 2710.29
22864.9 2641.09
22867.6 2570.28
22868.6 2508.34
22885.1 2404.83
22871 2392.06
