22520.9 -4658.26
22521.4 -4678.42
22521.8 -4698.54
22522.3 -4718.63
22522.7 -4738.68
22523.1 -4758.71
22523.6 -4778.72
22524 -4798.7
22524.4 -4818.67
22524.9 -4838.62
22525.3 -4858.56
22525.7 -4878.49
22526.2 -4898.41
22526.6 -4918.33
22527 -4938.25
22527.5 -4958.17
22527.9 -4978.1
22528.3 -4998.04
22528.8 -5017.99
22529.2 -5037.96
22529.6 -5057.94
22530.1 -5077.95
22530.5 -5097.98
22530.9 -5118.04
22531.4 -5138.13
22531.8 -5158.25
22532.3 -5178.41
22532.7 -5198.61
22533.1 -5218.86
22533.6 -5239.15
22613.7 -5245.76
22713.8 -5247.4
22853.7 -5239.71
22933.7 -5241.47
23033.7 -5237.68
23113.7 -5236.48
23173.7 -5238.38
23253.6 -5234.56
23313.6 -5234.2
23313.9 -5247.98
23314.3 -5261.81
23314.6 -5275.71
23314.9 -5289.66
23315.2 -5303.68
23315.5 -5317.76
23315.8 -5331.91
23316.1 -5346.14
23316.4 -5360.43
23316.7 -5374.81
23317 -5389.26
23317.3 -5403.8
23317.7 -5418.42
23318 -5433.13
23318.3 -5447.93
23318.6 -5462.83
23318.9 -5477.82
23319.3 -5492.91
23319.6 -5508.11
23319.9 -5523.42
23320.3 -5538.84
23320.6 -5554.37
23321 -5570.03
23321.3 -5585.8
23321.6 -5601.7
23322 -5617.74
23322.3 -5633.9
23322.7 -5650.21
23323.1 -5666.66
23323.4 -5683.25
23323.8 -5700
23324.1 -5716.9
23324.5 -5733.97
23324.9 -5751.2
23325.3 -5768.6
23325.7 -5786.18
23326 -5803.95
23326.4 -5821.9
23326.8 -5840.04
23327.2 -5858.39
23327.6 -5876.94
23328 -5895.7
23328.4 -5914.68
23328.9 -5933.89
23329.3 -5953.33
23329.7 -5973.01
23330.2 -5992.93
23330.6 -6013.11
23331 -6033.56
23331.5 -6054.28
23331.9 -6075.27
24334.5 -5261.41
24334.6 -5268.32
24334.8 -5275.32
24354.6 -5265.18
24354.7 -5272.09
24374.5 -5261.25
24374.6 -5268.06
24374.8 -5274.99
24394.5 -5263.22
24394.7 -5270.04
24414.4 -5257.51
24414.6 -5264.23
24414.7 -5271.05
24415.8 -5276.98
24422.8 -5276.83
24429.5 -5276.68
24436.2 -5276.53
24442.8 -5276.39
24449.3 -5276.25
24455.6 -5276.11
24461.9 -5275.98
24468.1 -5275.84
24474.1 -5275.71
24480.1 -5275.58
24486 -5275.45
24491.8 -5275.32
24497.6 -5275.2
24503.2 -5275.08
24508.8 -5274.96
24514.3 -5274.84
24519.7 -5274.72
24525.1 -5274.6
24530.4 -5274.49
24535.6 -5274.37
24540.8 -5274.26
24545.9 -5274.15
24550.9 -5274.04
24555.9 -5273.93
24560.9 -5273.82
24565.7 -5273.72
24570.6 -5273.61
24575.3 -5273.51
24580 -5273.41
24584.7 -5273.3
24589.3 -5273.2
24593.9 -5273.1
24598.5 -5273.01
24603 -5272.91
24607.4 -5272.81
24611.8 -5272.71
24616.2 -5272.62
24620.5 -5272.53
24624.8 -5272.43
24629.1 -5272.34
24633.3 -5272.25
24637.5 -5272.16
24641.7 -5272.06
24645.8 -5271.97
24649.9 -5271.89
24654 -5271.8
24658.1 -5271.71
24662.1 -5271.62
24666.1 -5271.54
24670 -5271.45
24674 -5271.36
24677.9 -5271.28
24681.8 -5271.19
24685.7 -5271.11
24689.5 -5271.03
24693.3 -5270.94
24697.1 -5270.86
24700.9 -5270.78
24704.7 -5270.7
24708.4 -5270.61
24712.2 -5270.53
24715.9 -5270.45
24719.6 -5270.37
24723.3 -5270.29
24726.9 -5270.21
24730.6 -5270.13
24734.2 -5270.05
24737.9 -5269.97
24741.5 -5269.89
24745.1 -5269.82
24748.7 -5269.74
24752.3 -5269.66
24755.9 -5269.58
24759.4 -5269.5
24763 -5269.43
24766.5 -5269.35
24770.1 -5269.27
24773.6 -5269.2
24777.1 -5269.12
24780.7 -5269.04
24784.2 -5268.97
24787.7 -5268.89
24791.2 -5268.81
24794.7 -5268.74
24798.2 -5268.66
24801.7 -5268.59
24805.2 -5268.51
24808.7 -5268.43
24812.2 -5268.36
24815.7 -5268.28
24819.2 -5268.21
24822.7 -5268.13
24826.2 -5268.05
24829.7 -5267.98
24833.2 -5267.9
24836.7 -5267.82
24840.2 -5267.75
24843.7 -5267.67
24847.2 -5267.6
24850.7 -5267.52
24854.3 -5267.44
24857.8 -5267.37
24861.3 -5267.29
24864.9 -5267.21
24868.4 -5267.13
24872 -5267.06
24875.6 -5266.98
24879.1 -5266.9
24882.7 -5266.82
24886.3 -5266.74
24889.9 -5266.67
24893.6 -5266.59
24897.2 -5266.51
24900.8 -5266.43
24904.5 -5266.35
24908.2 -5266.27
24911.9 -5266.19
24915.6 -5266.11
24919.3 -5266.03
24923.1 -5265.95
24926.8 -5265.86
24930.6 -5265.78
24934.4 -5265.7
24938.2 -5265.62
24942.1 -5265.53
24945.9 -5265.45
24949.8 -5265.36
24953.7 -5265.28
24957.6 -5265.19
24961.6 -5265.11
24965.6 -5265.02
24969.6 -5264.93
24973.6 -5264.85
24977.7 -5264.76
24981.7 -5264.67
24985.9 -5264.58
24990 -5264.49
24994.2 -5264.4
24998.4 -5264.31
25002.7 -5264.21
25006.9 -5264.12
25011.3 -5264.03
25015.6 -5263.93
25020 -5263.84
25024.5 -5263.74
25028.9 -5263.64
25033.5 -5263.55
25038 -5263.45
25042.6 -5263.35
25047.3 -5263.24
25052 -5263.14
25056.7 -5263.04
25061.5 -5262.93
25066.4 -5262.83
25071.3 -5262.72
25076.2 -5262.61
25081.3 -5262.51
25086.3 -5262.39
25091.5 -5262.28
26006.6 -6495.12
26001.5 -6458.86
25995.9 -6423.01
26005.3 -6407.22
25999.2 -6372.11
25992.7 -6337.37
26002 -6322.62
25994.9 -6288.53
26004.1 -6274.41
25996.5 -6240.94
25988.4 -6207.77
25997.4 -6194.5
25988.7 -6161.88
25997.8 -6149.13
25988.4 -6117.02
25997.4 -6104.75
25987.4 -6073.11
25995.6 -6060.37
25985.2 -6029.54
25994.6 -6018.47
26000.2 -6003.85
25999.7 -5983.73
25999.3 -5963.96
25998.9 -5944.51
25998.5 -5925.38
25998.1 -5906.56
25997.7 -5888.03
25997.3 -5869.8
25996.9 -5851.84
25996.5 -5834.15
25996.1 -5816.71
25995.7 -5799.54
25995.4 -5782.6
25995 -5765.9
25994.6 -5749.43
25994.3 -5733.19
25993.9 -5717.15
25993.6 -5701.33
25993.3 -5685.7
25992.9 -5670.28
25992.6 -5655.04
25992.3 -5639.99
25991.9 -5625.11
25991.6 -5610.41
25991.3 -5595.87
25991 -5581.5
25990.7 -5567.29
25990.4 -5553.23
25990.1 -5539.31
25989.8 -5525.55
25989.5 -5511.92
25989.2 -5498.42
25988.9 -5485.06
25988.6 -5471.83
25988.3 -5458.72
25988 -5445.73
25987.8 -5432.86
25987.5 -5420.1
25987.2 -5407.45
25986.9 -5394.9
25986.7 -5382.46
25986.4 -5370.12
25986.1 -5357.88
25985.9 -5345.73
25985.6 -5333.67
25532.3 -5147.55
25532.1 -5140.23
25532 -5132.96
25531.8 -5125.75
25531.7 -5118.57
25531.5 -5111.45
25531.4 -5104.37
25531.2 -5097.33
25531 -5090.33
25530.9 -5083.38
25530.7 -5076.46
25530.6 -5069.58
25530.4 -5062.74
25530.3 -5055.93
25530.2 -5049.15
25530 -5042.41
25529.9 -5035.7
25529.7 -5029.02
25529.6 -5022.36
25529.4 -5015.74
25529.3 -5009.14
25529.1 -5002.56
25529 -4996.01
25528.9 -4989.48
25528.7 -4982.98
25528.6 -4976.49
25528.4 -4970.02
25528.3 -4963.57
25528.1 -4957.14
25528 -4950.73
25527.9 -4944.33
25527.7 -4937.94
25527.6 -4931.57
25527.5 -4925.21
25527.3 -4918.86
25527.2 -4912.52
25527 -4906.19
25526.9 -4899.87
25526.8 -4893.56
25526.6 -4887.25
25526.5 -4880.95
25526.4 -4874.65
25526.2 -4868.36
25526.1 -4862.06
25525.9 -4855.77
25525.8 -4849.48
25525.7 -4843.19
25525.5 -4836.9
25525.4 -4830.6
25525.3 -4824.31
25525.1 -4818
25525 -4811.7
25524.8 -4805.38
25524.7 -4799.06
25524.6 -4792.73
25524.4 -4786.39
25524.3 -4780.04
25524.2 -4773.68
25524 -4767.31
25523.9 -4760.92
25523.7 -4754.52
25523.6 -4748.11
25523.5 -4741.68
25523.3 -4735.23
25523.2 -4728.76
25523 -4722.27
25522.9 -4715.76
25522.8 -4709.24
25522.6 -4702.68
25522.5 -4696.11
25522.3 -4689.51
25522.2 -4682.88
25522 -4676.22
25521.9 -4669.54
25521.7 -4662.83
25521.6 -4656.08
25521.5 -4649.31
25521.3 -4642.5
25521.2 -4635.65
25521 -4628.77
25520.9 -4621.85
25520.7 -4614.9
25520.6 -4607.9
25520.4 -4600.86
25520.2 -4593.78
25520.1 -4586.65
25519.9 -4579.48
25519.8 -4572.26
25519.6 -4564.99
25519.5 -4557.66
25519.3 -4550.29
25519.1 -4542.86
25519 -4535.38
25518.8 -4527.83
25518.6 -4520.23
25518.5 -4512.57
25518.3 -4504.84
25518.1 -4497.05
25518 -4489.19
25517.8 -4481.26
25517.6 -4473.26
25517.4 -4465.18
25517.3 -4457.03
25517.1 -4448.8
25516.9 -4440.48
25516.7 -4432.09
25516.5 -4423.61
25516.4 -4415.03
25516.2 -4406.37
25516 -4397.62
25515.8 -4388.76
25515.6 -4379.81
25515.4 -4370.75
25515.2 -4361.58
25515 -4352.31
25514.8 -4342.92
25514.6 -4333.42
25514.4 -4323.79
25514.2 -4314.04
25513.9 -4304.16
25513.7 -4294.15
25513.5 -4284
25670.4 -4141.56
25670.2 -4128.81
25669.9 -4115.87
25669.6 -4102.75
25669.3 -4089.42
25669 -4075.9
25668.7 -4062.16
25668.4 -4048.21
25668.1 -4034.04
25667.8 -4019.63
25667.5 -4004.99
25667.2 -3990.09
25666.8 -3974.94
25946.9 -3663.3
25935.7 -3654.13
25935.3 -3633.02
25934.1 -3612.5
25934 -3590.26
25934.3 -3567.23
25934.8 -3543.39
25933.2 -3521.64
25934 -3496.52
25935 -3470.54
25936.3 -3443.65
25934.2 -3420.45
25935.7 -3392.12
25937.4 -3362.81
25934.9 -3338.48
25936.8 -3307.57
25938.9 -3275.59
25921.8 -3270.28
25924.2 -3236.53
25921.2 -3210.1
25923.8 -3174.47
25926.5 -3137.57
25923 -3109.52
25925.8 -3070.51
25928.8 -3030.08
25924.8 -3000.15
25927.9 -2957.34
25923.5 -2926.2
25926.6 -2880.82
25921.7 -2848.32
25927.1 -2795.96
25903.6 -2796.47
25880.2 -2796.98
25857.1 -2797.48
25834.2 -2797.98
25811.5 -2798.47
25789 -2798.96
25766.7 -2799.45
25744.6 -2799.93
25722.7 -2800.4
25700.9 -2800.88
25679.4 -2801.34
25658 -2801.81
25636.7 -2802.27
25615.6 -2802.73
25594.7 -2803.19
25573.9 -2803.64
25553.3 -2804.09
25532.8 -2804.53
25512.4 -2804.98
25492.2 -2805.41
25472.1 -2805.85
25452.1 -2806.29
25432.2 -2806.72
25412.5 -2807.15
25000.9 -4184
24994.4 -4184.14
24988 -4184.28
24981.6 -4184.42
24975.2 -4184.56
24968.8 -4184.7
24962.5 -4184.83
24956.2 -4184.97
24949.9 -4185.11
24943.6 -4185.24
24937.4 -4185.38
24931.2 -4185.51
24925 -4185.65
24918.9 -4185.78
24912.7 -4185.92
24906.6 -4186.05
24900.5 -4186.18
24894.4 -4186.31
24888.3 -4186.45
24882.3 -4186.58
24876.3 -4186.71
24870.2 -4186.84
24864.2 -4186.97
24858.2 -4187.1
24852.2 -4187.23
24846.2 -4187.36
24840.3 -4187.49
24834.3 -4187.62
24828.3 -4187.75
24822.4 -4187.88
24816.4 -4188.01
24810.5 -4188.14
24804.5 -4188.27
24798.6 -4188.4
24792.6 -4188.53
24786.7 -4188.66
24780.8 -4188.79
24774.8 -4188.91
24768.9 -4189.04
24762.9 -4189.17
24757 -4189.3
24751 -4189.43
24745 -4189.56
24739.1 -4189.69
24733.1 -4189.82
24727.1 -4189.95
24721.1 -4190.08
24715.1 -4190.21
24709.1 -4190.34
24703 -4190.48
24697 -4190.61
24690.9 -4190.74
24684.8 -4190.87
24678.8 -4191
24672.6 -4191.14
24666.5 -4191.27
24660.4 -4191.4
24654.2 -4191.54
24648 -4191.67
24641.8 -4191.81
24635.5 -4191.94
24629.3 -4192.08
24623 -4192.22
24616.7 -4192.35
24610.3 -4192.49
24603.9 -4192.63
24597.5 -4192.77
24591.1 -4192.91
24584.6 -4193.05
24578.1 -4193.19
24571.6 -4193.33
24565 -4193.48
24558.4 -4193.62
24551.7 -4193.77
24545 -4193.91
24538.3 -4194.06
24531.5 -4194.21
24524.6 -4194.36
24517.8 -4194.5
24510.8 -4194.66
24503.9 -4194.81
24496.8 -4194.96
24489.8 -4195.11
24482.6 -4195.27
24475.4 -4195.43
24468.2 -4195.58
24460.9 -4195.74
24453.5 -4195.9
24446 -4196.06
24438.5 -4196.23
24431 -4196.39
24423.3 -4196.56
24415.6 -4196.73
24407.8 -4196.9
24399.9 -4197.07
24392 -4197.24
24384 -4197.42
24375.8 -4197.59
24367.6 -4197.77
24359.3 -4197.95
24351 -4198.13
24342.5 -4198.32
24333.9 -4198.5
24325.2 -4198.69
24316.4 -4198.88
24307.5 -4199.08
24298.5 -4199.27
23235.2 -2834.5
23222.6 -2854.78
23194.4 -2855.39
23165.8 -2856.01
23136.8 -2856.64
23107.5 -2857.28
23077.7 -2857.93
23047.5 -2858.58
23016.8 -2859.25
22985.7 -2859.93
22954.1 -2860.61
22922.1 -2861.31
22889.5 -2862.02
22856.3 -2862.74
22822.7 -2863.47
22788.5 -2864.22
22753.7 -2864.97
22718.3 -2865.74
22684.3 -2868.48
22652.8 -2874.04
22631.7 -2889.46
22612 -2906.37
22551.6 -2887.52
22532 -2905.23
22532.7 -2940.3
22533.5 -2974.83
22534.2 -3008.84
22535 -3042.35
22495 -3043.21
22414.3 -3013.21
22415 -3047.02
22415.8 -3080.36
22416.5 -3113.26
22376.5 -3116.4
18590.8 -468.427
18477.3 -470.577
18350.5 -465.603
18237.5 -472.165
18119.1 -477.023
18080.9 -535.627
18043.3 -594.56
18006.2 -653.821
17969.7 -713.402
17933.6 -773.303
17898.1 -833.513
17863.1 -894.035
18355 -1250.09
18295.9 -1291.36
18203.6 -1315.43
18078.9 -1323.77
17936.8 -1325.23
17765.1 -1314.2
17633.1 -1325.91
17602.4 -1388.73
23290.1 -4152.41
23290.5 -4168.71
23290.8 -4184.87
23291.2 -4200.89
23291.5 -4216.79
23291.9 -4232.56
23292.2 -4248.21
23292.5 -4263.74
23292.9 -4279.15
23293.2 -4294.46
23293.5 -4309.65
23293.9 -4324.74
23294.2 -4339.74
23294.5 -4354.63
23294.8 -4369.43
23295.2 -4384.13
23295.5 -4398.75
23295.8 -4413.28
23296.1 -4427.73
23296.4 -4442.11
23296.7 -4456.4
23297 -4470.62
23297.4 -4484.77
23297.7 -4498.85
23298 -4512.86
23298.3 -4526.82
23298.6 -4540.71
23298.9 -4554.54
23299.2 -4568.32
23299.5 -4582.04
23299.8 -4595.71
23300.1 -4609.34
23300.4 -4622.92
23260.5 -4630.27
23180.5 -4632.47
23080.5 -4633.33
23000.6 -4638.5
22860.6 -4637.92
22740.6 -4642
22560.6 -4642.1
22520.9 -4658.26
