9696.8 -5737.84
9783.94 -5733.02
9871.02 -5727.44
9958.06 -5721.1
10045 -5714
10131.9 -5706.14
10218.8 -5697.53
10305.5 -5688.15
10392.2 -5678.02
10478.8 -5667.14
10565.3 -5655.5
10651.7 -5643.1
10737.9 -5629.95
10824.1 -5616.05
10910.1 -5601.4
10996 -5586
11081.8 -5569.85
11167.4 -5552.95
11252.9 -5535.3
9376.23 3394.68
9381.22 3407.08
9386.94 3415.6
9393.96 3418.34
9403.7 3410.48
9412.81 3405.63
9421.76 3401.84
9433.81 3387.56
9443.29 3383.03
9452.88 3378.59
9460.47 3380.93
9468.65 3381.44
9480.95 3369.69
9488.61 3372.28
9504.57 3351.36
9512.73 3353.21
9523.33 3348.58
9542.6 3321.65
9556.52 3309.88
9569.18 3302
9582.39 3293.35
9604.74 3263.66
9615.31 3262.75
9592.68 3336.9
9594.43 3354.13
9599.7 3363.15
9609.99 3361.35
9615.54 3369.57
9620.08 3379.6
9641.69 3355.76
9667.88 3324.25
9677.34 3325.82
9730.11 3247.45
9895.5 2968.61
10332.5 2219.61
10375.1 2186.33
10422.4 2146.75
10467.9 2112.13
10495.9 2108.02
10512.4 2122.91
10532.5 2132.02
10553.7 2139.63
10555.5 2176.67
10584.2 2172.91
10611.3 2171.98
10618.5 2200.05
10640.9 2206.09
10651.7 2228.57
10653.8 2262.34
10674.1 2271.21
10681.6 2296.96
10693 2317.17
10708 2332.72
10732.2 2336.72
15537.6 -3476.35
15604.7 -3420.65
15671.4 -3364.37
15737.6 -3307.5
15803.3 -3250.06
10802.8 2450.66
10816.4 2467.04
10826.4 2487.17
10853.4 2489.19
10839.6 2534.04
10847.5 2555.66
10877.7 2554.63
10891 2570.84
10899.9 2591.33
10916.4 2604.26
10927.1 2622.82
10940.5 2638.74
10941.8 2665.49
10953.3 2682.84
10969.2 2696.33
10990.3 2705.43
10992.2 2730.87
11006.2 2746.04
11027 2755.66
11029 2780.49
11042.5 2796
11051.2 2815.28
17165.6 -1780.65
17217.9 -1710.8
17269.6 -1640.5
17320.7 -1569.75
17371.2 -1498.56
17421 -1426.93
11160.9 2914.32
11153.3 2944.31
11173 2956.05
11175.8 2978.81
11205.4 2984.52
11205.3 3008.98
11215.2 3027.15
11229.3 3042.85
11247.5 3056.19
11254.3 3076.18
11268.9 3091.83
11279.8 3109.55
11193.5 3179.16
11118.5 3240.69
11200.3 3220.24
11200.2 3242.32
11197.3 3265.63
11208.5 3281.91
11243.1 3287.28
11346 3261.98
11341.7 3286.56
11252 3348.2
11211 3387.03
11145.5 3435.05
11090.5 3477.36
11042.3 3515.69
10995.4 3552.4
10948.1 3588.24
18580 815.23
18609.6 897.32
18638.5 979.664
18666.7 1062.26
18694.1 1145.09
18720.8 1228.17
10664.9 3795.33
10616.1 3823.94
10566.9 3851.65
10544.3 3870.95
10553.4 3881.24
10526.5 3900.98
10507.2 3918.27
10492.6 3934.02
10447.5 3956.51
10432.5 3971.43
10412.4 3987.11
10396 4001.62
10062.5 4077.92
9962.69 4104.48
19033.6 2498.29
19048.5 2584.27
10286.2 4073.65
10275.8 4085.03
10281.1 4093.97
10253.7 4107.34
10246 4117.75
10232.2 4128.71
10205.3 4140.79
10193.3 4150.94
10191.1 4159.98
10158 4171.45
10149.7 4180.56
10141.2 4189.52
10136.7 4198.11
10124.1 4206.97
10094.5 4216.23
10105.7 4223.84
10097.9 4232
10073.1 4240.19
10075.1 4247.91
10048.1 4255.46
10050 4263
10019.8 4269.78
10019.6 4277.03
10012.4 4283.99
10009 4291.03
9996.66 4297.48
9982.24 4303.58
9972.76 4309.81
9982.17 4317.51
9965.61 4322.93
9953 4328.48
9944.33 4334.25
9939.59 4340.37
9923.89 4344.99
9924.02 4351.54
9911.23 4356.2
9919.16 4363.91
9898.4 4367.01
9882.57 4370.62
9876.56 4375.77
9870.52 4380.83
9861.51 4385.19
9873.01 4393.75
9855.13 4396.07
9853.82 4401.88
9849.54 4406.99
9834.55 4409.39
9835.07 4415.52
9834.56 4421.42
9812.78 4421.47
9811.26 4426.92
9801.05 4429.8
9807.1 4437.47
9799.71 4441.07
9784.69 4442.09
9785.84 4448.24
9787.86 4454.75
9770.01 4454.32
9774.78 4461.78
9763.53 4463.4
9765.38 4469.84
9758.77 4473.04
9743.81 4472.79
9753.86 4482.59
9749.03 4486.35
9744.19 4490.04
9725.61 4487.59
9737.17 4498.47
9715.02 4493.98
9718.29 4501.15
9707.07 4501.4
9711.12 4509.03
9703.49 4510.87
9695.86 4512.59
9695.31 4517.95
9685.03 4518.08
9689.66 4526.28
9679.39 4526.22
9684.75 4534.99
9673.61 4534.25
9674.54 4540.53
9662.59 4539.03
9660.89 4543.69
9655.77 4546.19
9654.84 4551.35
9645.51 4551.01
9649.5 4559.45
9639.35 4558.38
9642.37 4566.31
9637.15 4568.53
9625.43 4565.98
9624.26 4570.97
9622.24 4575.37
9613.81 4574.89
9615.69 4582.28
9614.33 4587.24
9602.03 4583.41
9609.91 4595.9
9596.14 4590.58
9595.43 4596.07
9592.38 4599.62
9580.31 4595.19
9580.25 4601.27
9583.07 4610.08
9574.78 4608.74
9569.45 4610.04
9562.69 4609.89
9562.38 4615.94
9562 4622.02
9553.82 4620.28
9558.91 4632.08
9552.11 4631.68
9548.76 4634.84
9539.29 4631.35
9536.61 4635.14
9530.58 4635.18
9535.08 4647.19
9523.79 4641.09
9528.08 4653.19
9522.63 4653.83
9519.09 4656.73
9511.78 4654.92
9511.31 4661.66
9510.75 4668.43
9498.64 4660.06
9502.79 4673.19
9498.49 4675.11
9490.1 4671.3
9484.68 4671.46
9486.66 4682.27
9482.31 4684.03
9481.27 4690.75
9476.32 4691.61
9467.06 4685.68
9469.62 4698.27
9464.11 4698.15
9460.19 4700.54
9455.22 4701.18
9454.27 4708.69
9449.27 4709.25
9443.78 4708.89
9435.93 4704.08
9438.55 4718.58
9433.98 4719.86
9431.23 4724.66
9424.38 4721.4
9422.01 4727.03
9420.43 4734.47
9412.37 4728.32
9406.1 4725.72
9406.01 4736.73
9405.35 4746.86
9397.86 4741.38
9390.87 4736.73
9389.99 4746.82
9387.11 4752.28
9383.08 4754.93
9377.95 4754.74
9374.22 4758.26
9373.12 4769.28
9368.25 4769.93
9364.97 4775.28
9358.83 4772.05
9352.75 4768.75
9351.14 4779.73
9345.08 4776.34
9342.41 4784.41
9338.01 4786.7
9335.13 4794.75
9328.35 4788.27
9325.35 4796.26
9319.86 4794.52
9315.78 4798.57
9312.94 4808.45
9306.17 4800.72
9304.97 4819.36
9300.37 4822.32
9293.53 4813.45
9289.83 4821.24
9285.33 4825.07
9279.67 4821.94
9275.57 4828.65
9270.79 4831.37
9266.1 4835.05
9263.2 4853.57
9257.58 4851.22
9251.9 4847.83
9247.46 4856.32
9243.66 4873.75
9237.41 4864.24
9232.11 4865.65
9226.67 4865.01
9222.21 4882.3
9216.37 4875.58
9210.72 4870.8
9205.71 4885.97
9200.3 4894.1
9194.62 4889.18
9189.06 4904.22
9183.44 4891.2
9177.55 4909.13
9171.47 4922.01
9165.56 4922.84
9160.19 4910.63
9153.25 4933.33
9146.93 4938.99
9140.91 4938.6
9134.28 4946.14
9129.57 4929.7
9121.56 4951.07
9114.2 4962.4
9108.65 4955.76
9100.44 4971.92
9095.17 4963.19
9085.36 4988.11
9079.06 4986.19
9071.24 4994.11
9065.24 4990.1
9055.16 5009.68
9049.25 5004.56
9039.82 5018.05
9030.94 5027.51
9021.47 5038.83
9015.45 5033.44
9004.81 5048.47
8999.93 5038.09
8986.32 5063.59
8980.47 5056.96
8967.51 5077.34
8962.15 5068.63
8949.8 5084.9
8937.99 5098.14
8924.77 5115.06
8919.32 5106.05
8906.63 5119.85
8899.04 5117.36
8885.31 5132.78
8871.96 5146.13
8860.4 5153.68
8846.59 5166.72
8836.81 5168.38
8852.54 5104.76
8826.8 5147.26
8799.14 5192.15
8782.75 5208.06
8766.85 5221.92
8749.87 5237.4
8737.54 5241.74
8718.36 5260.44
8707.41 5260.82
8691.61 5270.98
8668.03 5296.16
8647.14 5314.76
8622.67 5339.3
8607.56 5344.92
8585.17 5363.56
8561.45 5383.64
8540.28 5398.17
8516.31 5416.74
8486.91 5443.6
8476.51 5437.44
8440.63 5473
8410.95 5496.99
8388.83 5507.89
8357.23 5532.76
8331.19 5548
8296.45 5575.33
8263.44 5598.84
8229.37 5622.7
8192.5 5649.33
8152.75 5678.65
8099.36 5725.09
8054.69 5757.91
8016.04 5781.32
7968.31 5815.21
7906.84 5864.84
7842.54 5915.84
7784.23 5957.34
7780.93 5931.22
7876.52 5789.44
7863.79 5777.18
7810.81 5810.57
7768.51 5830.48
7762.86 5809.18
7709.13 5839.89
7685.68 5837.09
7653.85 5842.65
7544.82 5926.34
7107.32 6336.12
7736.59 5679.8
7750.74 5641.34
7649.55 5713.54
7600.31 5734.21
7252.4 6028.19
6974.23 6248.48
6954.62 6231.08
6935.15 6213.48
6923.41 6189.2
7015.98 6077.28
7975.8 5251.55
8027.65 5191.75
7919.41 5261.42
6834.65 6093.5
6833.7 6061.3
6814.79 6043.1
6801.63 6020.53
6775.76 6007.3
7763.26 5268.7
7812.52 5215.42
7790.15 5213.03
7682.4 5268.04
857.35 9780.82
809.395 9707.91
762.077 9634.58
715.401 9560.85
669.373 9486.71
623.992 9412.17
579.264 9337.24
535.191 9261.92
491.777 9186.22
449.026 9110.14
8014.06 4888.9
7998.82 4883.81
8011.94 4863.68
8002.17 4855.67
7996.92 4845.3
8048.35 4807.18
8055.25 4791.6
8059.61 4777.46
8020.49 4783.4
8029.57 4767.07
8033.34 4753.34
8008.75 4751.86
-45.0716 8089.6
-78.2334 8008.88
-110.689 7927.88
-142.437 7846.59
-173.474 7765.03
-203.798 7683.2
-233.407 7601.11
-262.299 7518.77
-290.47 7436.18
7503.63 4799.27
7467.44 4794.52
-370.649 7186.96
-395.921 7103.44
-420.463 7019.69
7885.8 4612.43
7895.23 4597.67
7903.86 4583.36
7900.99 4572.14
7906 4559.01
7900.42 4548.49
7913.47 4533.76
7874.86 4530.37
7883.23 4516.69
7875.06 4506.45
7875.81 4494.43
7862.89 4484.89
7856.94 4473.98
7840.22 4464.73
7808.73 4457.43
3697.21 5029.13
3727.29 4976.3
8251.3 4365.64
8249.33 4357.57
-755.575 5309.09
-764.446 5222.28
-772.558 5135.39
-779.913 5048.44
-786.507 4961.42
-792.343 4874.34
-797.418 4787.23
-801.733 4700.07
-805.287 4612.87
-808.079 4525.65
-810.111 4438.41
-811.381 4351.16
-811.891 4263.89
-811.638 4176.63
-810.623 4089.37
-808.848 4002.11
-806.311 3914.89
-803.013 3827.68
-798.954 3740.51
