19870.9 -3649.4
19846.8 -3641.93
19800 -3646.24
19754.2 -3650.92
19729.2 -3645.5
19686.3 -3650.07
19663.7 -3644.28
19622 -3649.54
19581.1 -3655.19
19564.8 -3647.15
19525.9 -3652.86
19507.3 -3646.92
19475.8 -3649.26
19439.1 -3655.44
19422.7 -3649.26
19387 -3656
19360.5 -3657.24
19346 -3650.81
19312.1 -3658.03
19289.1 -3658.23
19276.2 -3651.53
19243.9 -3659.25
19224 -3658.36
19212.5 -3651.37
19181.6 -3659.59
19164.4 -3657.57
19154.2 -3650.27
19144.2 -3642.85
19149.2 -3622.92
19140.1 -3614.69
19131.1 -3606.35
19138.4 -3583.67
19130.2 -3574.45
21704.9 -1209.77
21640.6 -1210.9
21568.6 -1220.44
21515.3 -1213.46
21444.9 -1224.01
21394.7 -1215.87
21344.6 -1208.42
21276.2 -1220.53
21232 -1208.7
21176.3 -1209.76
21121.5 -1210.8
21067.6 -1211.82
21014.6 -1212.83
20962.4 -1213.83
20900.6 -1226.96
20860.5 -1215.76
20810.7 -1216.71
20761.7 -1217.64
20713.3 -1218.56
20665.7 -1219.47
20618.8 -1220.36
20572.5 -1221.24
20526.8 -1222.11
20481.7 -1222.97
20437.3 -1223.81
20393.4 -1224.65
20350.1 -1225.47
20307.3 -1226.29
20265 -1227.09
20223.3 -1227.88
20182 -1228.67
20128.9 -1249.06
20100.9 -1230.21
20061.1 -1230.97
20021.6 -1231.72
19982.6 -1232.46
19944 -1233.2
19905.8 -1233.92
19868 -1234.64
19830.6 -1235.35
19793.5 -1236.06
19756.8 -1236.76
19720.4 -1237.45
19684.4 -1238.13
19648.6 -1238.81
19613.2 -1239.49
19578.1 -1240.15
19543.3 -1240.82
19508.8 -1241.47
19474.5 -1242.13
19440.5 -1242.77
19406.8 -1243.41
19373.3 -1244.05
19340.1 -1244.71
19301.3 -1260.72
19267.7 -1264.06
19239.7 -1252.61
19206.2 -1256.54
19195.1 -1194.98
19192.2 -1105.27
19188.3 -1013.89
19193.6 -887.404
19194.7 -767.361
19164.7 -747.927
19128.9 -748.608
19093.3 -749.286
19057.9 -749.959
19022.6 -750.63
18987.6 -751.297
18952.6 -751.961
18917.9 -752.622
18883.2 -753.281
18848.8 -753.937
18814.4 -754.59
18780.2 -755.241
18746.1 -755.889
18712.1 -756.536
18678.3 -757.18
18644.5 -757.822
18610.9 -758.462
18577.3 -759.1
18543.8 -759.737
18510.4 -760.372
18477.1 -761.006
18443.9 -761.638
18410.7 -762.269
18377.6 -762.899
18344.6 -763.527
18262.7 -1545.22
18236.7 -1545.72
18207.9 -1606.28
18182.4 -1606.76
18156.9 -1607.25
18131.4 -1607.73
18106 -1608.22
18080.6 -1608.7
18055.1 -1609.18
18029.7 -1609.67
18004.3 -1610.15
17978.9 -1610.63
17953.5 -1611.12
17928 -1611.6
18026.6 -3678.99
18019.2 -3679.13
18011.9 -3679.27
18004.5 -3679.41
17997.1 -3679.55
17989.7 -3679.69
17982.3 -3679.83
17974.9 -3679.98
17967.5 -3680.12
17960.1 -3680.26
17952.6 -3680.4
17945.2 -3680.54
17937.7 -3680.68
17930.2 -3680.83
17922.6 -3680.97
17915.1 -3681.11
17907.5 -3681.26
17899.9 -3681.4
17892.3 -3681.55
17884.6 -3681.69
17877 -3681.84
17869.3 -3681.99
17861.5 -3682.13
17853.8 -3682.28
17845.9 -3682.43
17838.1 -3682.58
17830.2 -3682.73
17822.3 -3682.88
17814.4 -3683.03
17806.4 -3683.18
17798.3 -3683.33
17790.3 -3683.49
17782.1 -3683.64
17774 -3683.8
17765.7 -3683.95
17757.5 -3684.11
17749.2 -3684.27
17740.8 -3684.43
17732.3 -3684.59
17723.8 -3684.75
17715.3 -3684.91
17706.7 -3685.08
17698 -3685.24
17689.3 -3685.41
17680.4 -3685.58
17671.6 -3685.75
17662.6 -3685.92
17653.6 -3686.09
17644.5 -3686.26
17635.3 -3686.44
17626 -3686.61
17616.7 -3686.79
17607.2 -3686.97
17597.7 -3687.15
17588.1 -3687.33
17578.4 -3687.52
17568.6 -3687.7
17558.7 -3687.89
17548.6 -3688.08
17538.5 -3688.28
17528.3 -3688.47
17517.9 -3688.67
17507.5 -3688.87
17496.9 -3689.07
17486.2 -3689.27
17475.3 -3689.48
17464.3 -3689.69
17453.2 -3689.9
17442 -3690.11
17430.6 -3690.33
17419 -3690.55
17407.3 -3690.77
17395.5 -3691
17383.4 -3691.23
17371.2 -3691.46
17358.8 -3691.69
17346.3 -3691.93
17333.5 -3692.18
17320.6 -3692.42
17307.4 -3692.67
17294.1 -3692.93
17299.5 -3712.83
17286 -3713.08
17292 -3732.97
17298.4 -3752.86
17284.9 -3753.11
17282.5 -3764.07
17282.7 -3777.4
17283 -3790.5
17283.2 -3803.39
17283.4 -3816.07
17283.7 -3828.54
17283.9 -3840.82
17284.1 -3852.91
17284.4 -3864.82
17284.6 -3876.55
17284.8 -3888.11
17285 -3899.5
17285.2 -3910.74
17285.5 -3921.81
17285.7 -3932.74
17285.9 -3943.52
17286.1 -3954.16
17286.3 -3964.66
17286.5 -3975.03
17286.7 -3985.27
17286.9 -3995.39
17287 -4005.38
17287.2 -4015.26
17287.4 -4025.02
17287.6 -4034.67
17287.8 -4044.22
17288 -4053.66
17288.1 -4063
17288.3 -4072.24
17288.5 -4081.39
17288.7 -4090.44
17288.8 -4099.41
17289 -4108.29
17289.2 -4117.08
17289.3 -4125.79
17289.5 -4134.43
17289.7 -4142.98
17289.8 -4151.47
17290 -4159.88
17290.1 -4168.22
17290.3 -4176.49
17290.5 -4184.7
17290.6 -4192.84
17290.8 -4200.92
17290.9 -4208.94
17291.1 -4216.91
17291.2 -4224.81
17291.4 -4232.67
17291.5 -4240.47
17291.7 -4248.22
17291.8 -4255.91
17292 -4263.57
17292.1 -4271.17
17292.2 -4278.73
17292.4 -4286.25
17292.5 -4293.73
17292.7 -4301.17
17292.8 -4308.56
17293 -4315.93
17293.1 -4323.25
17293.2 -4330.54
17293.4 -4337.8
17293.5 -4345.03
17293.6 -4352.22
17293.8 -4359.39
17293.9 -4366.53
17294.1 -4373.64
17294.2 -4380.73
17294.3 -4387.79
17294.5 -4394.83
17294.6 -4401.85
17294.7 -4408.85
17294.9 -4415.83
17295 -4422.79
17295.1 -4429.73
17295.3 -4436.66
17295.4 -4443.57
17295.5 -4450.47
17295.6 -4457.35
17295.8 -4464.22
17295.9 -4471.09
17296 -4477.94
17296.2 -4484.79
17296.3 -4491.62
17296.4 -4498.45
17296.6 -4505.28
17296.7 -4512.1
17296.8 -4518.92
17296.9 -4525.74
17297.1 -4532.55
17297.2 -4539.37
17297.3 -4546.18
17297.5 -4553
17297.6 -4559.82
17297.7 -4566.65
17297.9 -4573.48
17298 -4580.31
17298.1 -4587.16
17298.2 -4594.01
17298.4 -4600.87
17298.5 -4607.74
17298.6 -4614.63
17298.8 -4621.52
17298.9 -4628.43
17299 -4635.36
17299.2 -4642.3
17299.3 -4649.26
17299.4 -4656.23
17299.6 -4663.23
17299.7 -4670.24
17299.8 -4677.28
17300 -4684.34
17300.1 -4691.42
17300.2 -4698.53
17300.4 -4705.67
17300.5 -4712.83
17300.6 -4720.02
17300.8 -4727.24
17300.9 -4734.5
17301.1 -4741.79
17301.2 -4749.11
17301.3 -4756.46
17301.5 -4763.86
17301.6 -4771.29
17301.8 -4778.76
17301.9 -4786.27
17302 -4793.83
17302.2 -4801.43
17302.3 -4809.07
17302.5 -4816.76
17302.6 -4824.51
17302.8 -4832.3
17302.9 -4840.14
17303.1 -4848.04
17303.2 -4856
17303.4 -4864.01
17303.5 -4872.08
17303.7 -4880.22
17303.8 -4888.42
17304 -4896.68
17304.2 -4905.01
17304.3 -4913.41
17304.5 -4921.89
17304.6 -4930.43
17304.8 -4939.06
17305 -4947.76
17305.1 -4956.54
17305.3 -4965.41
17305.5 -4974.36
17305.7 -4983.4
17305.8 -4992.54
17306 -5001.77
17306.2 -5011.09
17306.4 -5020.52
17306.5 -5030.05
17306.7 -5039.69
17306.9 -5049.44
17307.1 -5059.3
17307.3 -5069.27
17307.5 -5079.37
17307.7 -5089.6
17307.9 -5099.95
17308.1 -5110.43
17308.3 -5121.05
17308.5 -5131.81
17308.7 -5142.72
17308.9 -5153.77
17309.1 -5164.98
17309.3 -5176.36
17309.5 -5187.89
17309.8 -5199.6
17310 -5211.48
17310.2 -5223.55
17310.5 -5235.8
17310.7 -5248.25
17310.9 -5260.9
17311.2 -5273.75
17311.4 -5286.83
17311.7 -5300.12
17312.7 -5312.86
17326.2 -5312.61
17320.5 -5332.72
17315.3 -5352.82
17328.8 -5352.56
17324.2 -5372.66
17320 -5392.74
17316.2 -5412.82
17329.8 -5412.56
17326.5 -5432.62
17323.6 -5452.68
17321.1 -5472.73
17319 -5492.78
17317.2 -5512.81
17331.1 -5512.55
17329.8 -5532.58
17329 -5552.6
17328.4 -5572.61
17328.3 -5592.62
17328.4 -5612.62
17329 -5632.61
17329.9 -5652.6
17331.1 -5672.58
17332.6 -5692.55
17334.5 -5712.52
17324.4 -5752.72
17327.2 -5772.67
17330.3 -5792.62
17333.8 -5812.55
17326.1 -5852.71
17330.4 -5872.63
17335.1 -5892.54
17329.3 -5932.66
17334.7 -5952.56
17330.2 -5992.65
17336.5 -6012.54
17333.3 -6052.61
17340.4 -6072.48
17338.4 -6112.52
17337.1 -6152.55
17336.6 -6192.57
17336.7 -6232.57
17337.6 -6272.57
17339.1 -6312.54
17341.4 -6352.51
17344.3 -6392.46
17340.2 -6452.55
17344.7 -6492.47
17342.6 -6552.52
17341.5 -6612.55
17348.4 -6652.43
17349.3 -6712.42
17344.7 -6792.52
17347.9 -6852.47
17352.1 -6912.41
17351.4 -6992.43
17347 -7090.44
17348.4 -7173.59
17345.9 -7277.01
17350.3 -7360.51
17351.1 -7464.31
17349.5 -7586.15
17353.3 -7693.36
17354.5 -7821.14
17383 -7828.98
17413.3 -7828.21
17440.8 -7841.41
17471.9 -7835.72
17502.6 -7831.38
17531.4 -7837.34
17563.5 -7821.9
17592 -7829.18
17622.8 -7819.5
17650.4 -7833.53
17679.6 -7835.63
17709.7 -7828.98
17738.8 -7830.11
17768.9 -7820.79
17797.8 -7823.5
17827.5 -7814.64
17855.3 -7832.13
17884.9 -7823.49
17914.1 -7818.75
17942.4 -7832.45
17972.1 -7811.89
18000.9 -7811.34
18029.7 -7810.79
18058.5 -7810.24
18087.2 -7809.69
18116 -7809.15
18144.7 -7808.6
18173.5 -7808.05
18202.3 -7807.51
18231 -7806.96
18259.8 -7806.41
18288.6 -7805.86
18317.4 -7805.32
18346.3 -7804.77
18375.2 -7804.22
18404.1 -7803.67
18433.1 -7803.12
18462.1 -7802.57
18491.1 -7802.01
18520.2 -7801.46
18549.4 -7800.9
18578.6 -7800.35
18608 -7799.79
18637.3 -7799.23
18666.8 -7798.67
18696.3 -7798.11
18702.3 -7677.97
18730.9 -7677.43
18759.6 -7676.88
18788.5 -7676.34
18817.4 -7675.79
18846.4 -7675.23
18875.6 -7674.68
18904.8 -7674.12
18934.2 -7673.56
18963.8 -7673
18993.4 -7672.44
19023.2 -7671.87
19053.2 -7671.3
19083.3 -7670.73
19113.5 -7670.15
19184.3 -7788.83
19216 -7788.22
19248 -7787.62
19280.1 -7787.01
19312.4 -7786.39
19344.9 -7785.77
19377.6 -7785.15
19410.6 -7784.53
19443.7 -7783.89
19477.1 -7783.26
19510.7 -7782.62
19544.6 -7781.98
19578.7 -7781.33
19613.1 -7780.67
19647.8 -7780.01
19682.7 -7779.35
19717.9 -7778.68
19753.5 -7778
19789.3 -7777.32
19825.4 -7776.63
19861.9 -7775.94
19898.7 -7775.24
19935.8 -7774.53
19973.3 -7773.82
20011.2 -7773.1
20049.5 -7772.37
20088.1 -7771.64
20127.1 -7770.9
20166.6 -7770.14
20206.5 -7769.39
20246.8 -7768.62
20287.6 -7767.84
20328.8 -7767.06
20370.6 -7766.26
20412.8 -7765.46
20455.5 -7764.65
20498.8 -7763.83
20512.6 -7723.56
20510.7 -7663.58
20538.8 -7643.04
20582.7 -7642.21
20627.2 -7641.36
20672.3 -7640.5
20718 -7639.64
20764.4 -7638.75
20811.5 -7637.86
20859.2 -7636.95
21014.9 -7754.01
21066 -7753.04
21117.9 -7752.05
21170.6 -7751.05
21224.2 -7750.03
21278.7 -7748.99
21334 -7747.94
21390.4 -7746.87
21428.8 -7727.65
21427.7 -7670.96
21426.6 -7615.22
21425.6 -7560.41
21424.6 -7506.5
21423.6 -7453.46
21422.6 -7401.25
21421.6 -7349.85
21420.6 -7299.24
21419.7 -7249.39
21418.7 -7200.27
21417.8 -7151.86
21437.2 -7119.86
21497.2 -7118.83
21557.2 -7116.75
21637.4 -7128.51
21717.6 -7138.71
21757.3 -7118.71
21817.1 -7112.32
21897.3 -7118.76
21957.1 -7110.17
22037.2 -7113.9
22137.5 -7129.21
22177.1 -7104.27
22277.3 -7116.47
22316.8 -7089.95
22315.8 -7038.96
22314.9 -6988.51
22313.9 -6938.6
22313 -6889.21
22312.1 -6840.32
22311.1 -6791.92
21401 -6265.91
21400.3 -6228.64
21399.6 -6191.71
21398.9 -6155.13
21398.2 -6118.87
21397.5 -6082.93
21396.8 -6047.31
21396.1 -6011.98
21395.5 -5976.94
21394.8 -5942.18
21394.2 -5907.7
21393.5 -5873.48
21392.9 -5839.52
21392.2 -5805.81
21391.6 -5772.34
21391 -5739.1
21410.5 -5713.31
21449.4 -5694.1
21540 -5691.86
21634.1 -5689.2
21750.8 -5692.15
21854.6 -5689.01
21962.8 -5685.45
22076 -5681.45
22250.2 -5692.66
22289.7 -5664.14
22288.9 -5624.49
22288.2 -5585.04
22287.4 -5545.79
22286.7 -5506.71
22286 -5467.8
22285.2 -5429.06
22284.5 -5390.49
22283.8 -5352.06
22283 -5313.78
22282.3 -5275.64
22281.6 -5237.63
22280.9 -5199.75
22280.1 -5161.99
22279.4 -5124.35
22278.7 -5086.81
22278 -5049.37
22277.3 -5012.03
22056.1 -4950.8
22055.4 -4915.58
22054.7 -4880.44
22054.1 -4845.36
22273.8 -4826.53
22273.1 -4789.64
22272.4 -4752.8
22271.7 -4716.01
22271 -4679.25
22270.3 -4642.54
22269.6 -4605.86
22268.9 -4569.2
22268.2 -4532.56
22267.5 -4495.94
22266.8 -4459.33
22266.1 -4422.71
22265.4 -4386.1
22264.7 -4349.48
22264 -4312.84
22063.5 -4287.74
21707.7 -4276.46
21422.9 -4266.03
21422.4 -4236.65
25834.8 -3796.99
25833.5 -3728.68
25832.2 -3660.28
25830.9 -3591.77
25832.2 -3522.8
25828.3 -3454.37
25830.6 -3384.93
25838.9 -3314.35
25824.4 -3247.18
24820 -3351.35
24246.9 -3394.9
24225.9 -3343.12
24224.8 -3287.54
24223.8 -3231.78
24222.7 -3175.85
24161.9 -3133.31
24260.4 -3053.94
24040.3 -3050.91
23780.5 -3061.87
22246.9 -3414.54
22246.2 -3375.66
22245.4 -3336.6
22244.7 -3297.37
22243.9 -3257.95
22243.2 -3218.33
22242.4 -3178.51
22241.7 -3138.48
20688.8 -3627.52
20551.1 -3650.27
20530.8 -3633.25
20462.2 -3634.34
20392.9 -3636.93
20345.8 -3632.09
20281 -3635.12
20218.2 -3638.48
20167.1 -3638.04
20109.2 -3641.43
20052.9 -3645.15
20018 -3640.24
19959.2 -3646.95
19891.1 -3659.12
19870.9 -3649.4
