18426.7 306.865
18426.7 306.865
18426.7 306.865
18426.7 306.865
18426.7 306.865
18426.7 306.865
18426.7 306.865
18426.7 306.865
18426.7 306.865
18426.7 306.865
18426.7 306.865
18426.7 306.865
18426.7 306.865
18426.7 306.865
18426.7 306.865
18426.7 306.865
18426.7 306.865
18426.7 306.865
18426.7 306.865
18426.7 306.865
18426.7 306.865
18426.7 306.865
18426.7 306.865
18426.7 306.865
18426.7 306.865
18426.7 306.865
18426.7 306.865
18426.7 306.865
18426.7 306.865
18426.7 306.865
18426.7 306.865
18426.7 306.865
18426.7 306.865
18426.7 306.865
18426.7 306.865
18420.8 304.15
18420.8 304.15
18420.8 304.15
18420.8 304.15
18420.8 304.15
18420.8 304.15
18420.8 304.15
18420.8 304.15
18420.8 304.15
18420.8 304.15
18420.8 304.15
18420.8 304.15
18420.8 304.15
18420.8 304.15
18420.8 304.15
18420.8 304.15
18420.8 304.15
18425.1 299.43
18425.1 299.43
18425.1 299.43
18423.4 301.891
18419.8 306.691
18414.1 313.698
18406.3 322.772
18396.1 333.766
18383.4 346.522
18368 360.879
18351.8 377.439
18332.1 393.691
18312.1 409.423
18292.7 423.561
18274 436.173
18257.6 446.677
18240.9 456.748
18222.6 467.118
18204.1 477.007
18187.9 484.783
18174.1 490.666
18162.9 494.887
18151.5 498.713
18125.1 520.066
18107.8 525.193
18089 530.338
18070.1 535.071
18052.5 539.059
18034.9 542.662
18017.2 546.035
17984.7 551.58
17968.4 554.032
17952 556.271
17944 561.105
17933.5 562.081
17923 562.738
17912.6 563.165
17902.1 563.364
17891.6 563.333
17881.1 563.074
17870.6 562.677
17860.1 562.143
17849.6 561.472
17839.1 560.663
17828.7 559.718
17818.2 558.635
17807.8 557.417
17797.4 556.061
17787 554.57
17776.6 552.943
17766.3 551.18
17755.9 549.281
17728.8 548.777
17728.8 548.777
17718.5 546.978
17708.2 545.134
17697.8 543.245
17687.5 541.31
17677.2 539.331
17665.4 537.017
17653.7 534.653
17643.4 532.538
17633.1 530.379
17622.8 528.176
17612.6 525.927
17602.3 523.634
17592.1 521.296
17581.9 518.913
17571.6 516.486
17561.4 514.014
17551.2 511.587
17541 509.204
17530.8 506.866
17520.5 504.573
17510.3 502.324
17500 500.21
17489.7 498.231
17479.3 496.387
17469 494.678
17458.6 493.105
17448.2 491.668
17437.8 490.367
17427.3 489.203
17416.9 488.176
17406.4 487.285
17395.9 486.531
17385.5 485.915
17375 485.436
17343.5 499.624
17343.5 499.624
17343.5 499.624
17336 499.876
17330 500.078
17330 500.078
17330 500.078
17330 500.078
17327 500.179
17321 500.328
17312 500.474
17302.2 500.717
17291.7 501.116
17281.3 501.698
17270.8 502.463
17260.3 503.41
17249.9 504.54
17239.5 505.852
17229.1 507.345
17218.7 509.02
17208.4 510.875
17198.1 512.911
17187.8 515.126
17177.6 517.519
17164.5 520.826
17151.5 524.36
17138.5 528.121
17125.6 532.108
17114.2 535.852
17102.9 539.794
17091.6 543.933
17080.4 548.17
17069.2 552.505
17058 556.938
17048.3 560.901
17038.6 564.949
17029 569.082
17019.4 573.299
17009.8 577.599
17000.2 581.983
16990.7 586.45
16981.3 591
16971.8 595.632
16959.8 601.693
16945.2 609.484
16928.9 618.767
16912.9 628.474
16900.2 637.2
16889.5 644.243
16880.9 650.195
16872.4 656.297
16861.5 664.334
16848.4 674.386
16834.9 685.132
16821.6 696.112
16808.5 707.322
16795.6 718.76
16782.9 730.421
16772.6 740.236
16762.4 750.229
16750.3 762.54
16738.4 775.059
16726.8 787.784
16715.4 800.71
16705.2 812.692
16695.1 824.851
16685.3 837.182
16675.8 849.683
16666.4 862.349
16657.3 875.177
16648.3 888.162
16639.7 901.3
16631.2 914.588
16623 928.022
16615 941.597
16607.4 956.215
16600 970.143
16592.9 984.197
16586 998.373
16579.4 1012.67
16573.1 1027.07
16566.9 1041.59
16561.1 1056.21
16555.5 1070.93
16550.1 1085.75
16544.6 1102.07
16539.3 1118.49
16534.3 1135
16529.6 1151.6
16524.4 1171.17
16519.4 1191.56
16514.7 1212.04
16510.4 1232.59
16506.7 1251.75
16503.4 1270.96
16503.4 1270.96
16497.3 1312.51
16494.8 1333.37
16492.7 1354.26
16496.2 1377.68
16496.2 1377.68
16494.9 1397.13
16494 1416.61
16493 1452.59
16492.7 1470.59
16492.6 1488.59
16492.6 1505.09
16492.8 1521.59
16493.2 1538.09
16493.2 1538.09
16493.6 1554.58
16495 1587.55
16495.9 1604.03
16496.9 1619
16498 1633.96
16499.2 1648.91
16500.5 1663.85
16502 1678.77
16502 1678.77
16505 1705.6
16505 1705.6
16508.5 1732.38
16510.4 1745.74
16512.5 1759.09
16514.4 1770.93
16514.4 1770.93
16514.4 1770.93
16516.4 1782.76
16520.7 1806.37
16523.1 1818.14
16525.5 1829.89
16528 1841.63
16528 1841.63
16532.7 1862.09
16532.7 1862.09
16537.7 1882.48
16540.4 1892.64
16543.2 1902.77
16546 1912.88
16546 1912.88
16548.8 1922.99
16554.6 1943.19
16557.6 1953.25
16560.7 1963.28
16563.9 1973.28
16567.1 1983.26
16567.1 1983.26
16577.7 2012.92
16577.7 2012.92
16581.6 2022.68
16581.6 2022.68
16585.7 2032.37
16585.7 2032.37
16594.3 2051.53
16598.8 2061
16603.5 2070.38
16608.4 2079.68
16613.4 2088.89
16618.6 2098.02
16624 2107.05
16629.5 2115.99
16635.1 2124.83
16641 2133.57
16646.9 2142.2
16653.1 2150.73
16659.3 2159.16
16665.7 2167.47
16672.3 2175.67
16679 2183.75
16685.8 2191.72
16685.8 2191.72
16692.8 2199.56
16707.2 2214.88
16714.6 2222.35
16722.1 2229.69
16729.7 2236.89
16737.5 2243.97
16745.4 2250.9
16745.4 2250.9
16761.5 2264.36
16769.7 2270.87
16778.1 2277.24
16786.5 2283.46
16795.1 2289.53
16803.8 2295.46
16812.5 2301.23
16821.4 2306.84
16830.4 2312.31
16830.4 2312.31
16856.4 2327.21
16873.6 2336.47
16893.6 2346.8
16916.4 2358.12
16942.2 2370.31
16970.9 2383.3
17002.5 2396.97
17037.2 2411.22
17074.9 2425.96
17114.9 2441.17
17157.8 2457.07
17201.5 2472.85
17268.4 2520.69
17268.4 2520.69
17310.8 2535.64
17353.4 2550.21
17396.1 2564.42
17438.9 2578.25
17480.4 2591.25
17521.3 2603.68
17561.6 2615.54
17601.3 2626.84
17641.1 2637.79
17641.1 2637.79
17727.4 2660.36
17771.1 2671.17
17812 2680.91
17851.4 2689.95
17890.3 2698.48
17928.4 2706.52
17966.7 2714.23
18003.5 2721.32
18037.4 2727.55
18071.3 2733.78
18105.3 2740.01
18140.7 2746.5
18176.1 2753
18176.1 2753
18210 2759.23
18275.7 2771.28
18308.1 2777.24
18308.1 2777.24
18371.6 2788.88
18401.8 2794.43
18432.1 2799.98
18460.8 2805.26
18526.5 2802.29
18526.5 2802.29
18581.1 2812.31
18604.8 2816.43
18628.4 2820.35
18650.7 2823.83
18650.7 2823.83
18695.2 2830.2
18717.5 2833.1
18739.9 2835.8
18760.7 2838.14
18781.6 2840.3
18802.5 2842.27
18822 2843.93
18841.4 2845.43
18860.9 2846.75
18880.3 2847.91
18884.9 2864.34
18884.9 2864.34
18920.9 2866.04
18938.9 2866.65
18938.9 2866.65
18974.8 2867.41
18991.3 2867.54
18991.3 2867.54
19024.3 2867.37
19040.8 2867.06
19040.8 2867.06
19072.3 2866.08
19087.3 2865.42
19102.3 2864.75
19102.3 2864.75
19117.3 2864.08
19137.5 2840.59
19151 2839.86
19164.4 2839.14
19177.9 2838.41
19177.9 2838.41
19191.4 2837.68
19218.4 2836.23
19231.8 2835.5
19243.8 2834.85
19255.8 2834.21
19267.8 2833.56
19279.8 2832.91
19291.8 2832.27
19303.7 2831.62
19314.2 2831.06
19324.7 2830.49
19335.2 2829.92
19345.7 2829.36
19356.2 2828.79
19366.6 2828.23
19377.1 2827.66
19387.6 2827.1
19398.1 2826.53
19408.6 2825.96
19419.1 2825.4
19419.1 2825.4
19440 2824.27
19440 2824.27
19461 2823.14
19471.5 2822.57
19482 2822.01
19483.9 2826.07
19494.4 2825.68
19504.9 2825.43
19515.4 2825.32
19525.9 2825.34
19536.4 2825.5
19536.4 2825.5
19557.4 2826.23
19567.8 2826.8
19578.3 2827.51
19578.3 2827.51
19599.2 2829.34
19609.7 2830.46
19620.1 2831.72
19630.5 2833.11
19640.9 2834.64
19651.3 2836.31
19661.6 2838.11
19671.9 2840.04
19682.2 2842.11
19692.5 2844.32
19702.7 2846.66
19712.9 2849.13
19712.9 2849.13
19723.1 2851.74
19746.2 2858.15
19757.7 2861.58
19767.8 2864.72
19777.7 2867.98
19787.7 2871.38
19797.6 2874.91
19807.4 2878.56
19817.2 2882.35
19826.9 2886.34
19836.5 2890.55
19846.1 2894.97
19855.5 2899.59
19864.8 2904.42
19874.1 2909.37
19883.3 2914.44
19892.4 2919.63
19901.4 2924.94
19910.4 2930.36
19919.4 2935.91
19928.2 2941.57
19956 2944.52
19956 2944.52
19973 2956.83
19981.4 2963.16
19989.7 2969.59
19997.9 2976.13
20006.1 2982.77
20014.1 2989.53
20022 2996.38
20029.9 3003.34
20037.7 3010.41
20045.4 3017.57
20052.9 3024.83
20060.4 3032.19
20067.8 3039.65
20075.1 3047.21
20082.3 3054.86
20089.4 3062.6
20096.4 3070.44
20103.3 3078.37
20103.3 3078.37
20116.7 3094.49
20123.3 3102.68
20123.3 3102.68
20136.3 3119.15
20142.8 3127.42
20142.8 3127.42
20155.6 3144.06
20161.9 3152.42
20168.2 3160.86
20174.3 3169.39
20174.3 3169.39
20180.3 3177.99
20192.5 3195.66
20198.3 3204.42
20204 3213.26
20209.5 3222.18
20215 3231.16
20220.3 3240.21
20225.5 3249.34
20230.6 3258.53
20234.1 3265.14
20236.2 3269.11
