22691.1 -1579.44
22691.1 -1579.44
22691.1 -1579.44
22691.1 -1579.44
22691.1 -1579.44
22691.1 -1579.44
22691.1 -1579.44
22691.1 -1579.44
22691.1 -1579.44
22691.1 -1579.44
22691.1 -1579.44
22691.1 -1579.44
22691.1 -1579.44
22691.1 -1579.44
22691.1 -1579.44
22691.1 -1579.44
22691.1 -1579.44
22691.1 -1579.44
22691.1 -1579.44
22691.1 -1579.44
22691.1 -1579.44
22691.1 -1579.44
22689 -1577.32
22685.5 -1573.75
22682 -1570.19
22678.5 -1566.63
22675 -1563.07
22671.5 -1559.51
22670.1 -1558.09
22670.1 -1558.09
22670.1 -1558.09
22656.2 -1565.88
22656.2 -1565.88
22656.2 -1565.88
22656.2 -1565.88
22656.2 -1565.88
22656.2 -1565.88
22656.2 -1565.88
22656.2 -1565.88
22656.2 -1565.88
22656.2 -1565.88
22656.2 -1565.88
22656.2 -1565.88
22656.2 -1565.88
22656.2 -1565.88
22656.2 -1565.88
22656.2 -1565.88
22656.2 -1565.88
22656.2 -1565.88
22656.2 -1565.88
22648 -1561.32
22648 -1561.32
22648 -1561.32
22648 -1561.32
22648 -1561.32
22648 -1561.32
22648 -1561.32
22648 -1561.32
22648 -1561.32
22648 -1561.32
22648 -1561.32
22648 -1561.32
22648 -1561.32
22648 -1561.32
22648 -1561.32
22648 -1561.32
22648 -1561.32
22648 -1561.32
22648 -1561.32
22648 -1561.32
22648 -1561.32
22648 -1561.32
22648 -1561.32
22648 -1561.32
22648 -1561.32
22648 -1561.32
22648 -1561.32
22648 -1561.32
22648 -1561.32
22648 -1561.32
22648 -1561.32
22648 -1561.32
22659.8 -1562.75
22659.8 -1562.75
22659.8 -1562.75
22659.8 -1562.75
22659.8 -1562.75
22659.8 -1562.75
22659.8 -1562.75
22659.8 -1562.75
22659.8 -1562.75
22659.8 -1562.75
22659.8 -1562.75
22659.8 -1562.75
22659.8 -1562.75
22659.8 -1562.75
22659.8 -1562.75
22659.8 -1562.75
22659.8 -1562.75
22659.8 -1562.75
22657.6 -1560.72
22653.9 -1557.35
22645.4 -1557.58
22641.7 -1554.2
22638.1 -1550.82
22634.4 -1547.44
22632.9 -1546.09
22632.9 -1546.09
22632.9 -1546.09
22632.9 -1546.09
22632.9 -1546.09
22632.9 -1546.09
22632.9 -1546.09
22632.9 -1546.09
22633.9 -1527.9
22633.9 -1527.9
22633.9 -1527.9
22633.9 -1527.9
22633.9 -1527.9
22633.9 -1527.9
22633.9 -1527.9
22633.9 -1527.9
22633.9 -1527.9
22633.9 -1527.9
22633.9 -1527.9
22633.9 -1527.9
22633.9 -1527.9
22631.9 -1525.72
22628.5 -1522.06
22618.2 -1511.09
22618.2 -1511.09
22608 -1500.13
22608 -1500.13
22606.6 -1498.66
22606.6 -1498.66
22606.6 -1498.66
22606.6 -1498.66
22606.6 -1498.66
22606.6 -1498.66
22606.6 -1498.66
22606.6 -1498.66
22606.6 -1498.66
22606.6 -1498.66
22606.6 -1498.66
22610.3 -1507.29
22610.3 -1507.29
22610.3 -1507.29
22610.3 -1507.29
22610.3 -1507.29
22610.3 -1507.29
22610.3 -1507.29
22610.3 -1507.29
22610.3 -1507.29
22610.3 -1507.29
22610.3 -1507.29
22610.3 -1507.29
22610.3 -1507.29
22610.3 -1507.29
22610.3 -1507.29
22610.3 -1507.29
22610.3 -1507.29
22610.3 -1507.29
22610.3 -1507.29
22610.3 -1507.29
22610.3 -1507.29
22610.3 -1507.29
22610 -1511.8
22610 -1511.8
22610 -1511.8
22610 -1511.8
22610 -1511.8
22610 -1511.8
22610 -1511.8
22610 -1511.8
22608 -1509.52
22606.1 -1507.23
22596.4 -1495.75
22596.4 -1495.75
22593.2 -1491.92
22590 -1488.09
22586.8 -1484.27
22585.5 -1482.73
22585.5 -1482.73
22585.5 -1482.73
22585.5 -1482.73
22585.5 -1482.73
22585.5 -1482.73
22585.5 -1482.73
22585.5 -1482.73
22585.5 -1482.73
22585.5 -1482.73
22585.5 -1482.73
22585.5 -1482.73
22583.2 -1480.82
22579.3 -1477.64
22575.4 -1474.46
22571.6 -1471.29
22567.7 -1468.11
22563.9 -1464.93
22558.1 -1459.79
22558.1 -1459.79
22558.1 -1459.79
22558.1 -1459.79
22555.4 -1458.34
22551 -1456.04
22546.5 -1453.78
22542.1 -1451.51
22537.6 -1449.25
22533.2 -1446.98
22531.4 -1446.08
22531.4 -1446.08
22531.4 -1446.08
22531.4 -1446.08
22531.4 -1446.08
22531.4 -1446.08
22528.6 -1445.01
22523.9 -1443.22
22519.2 -1441.44
22514.6 -1439.65
22509.9 -1437.87
22505.2 -1436.08
22503.4 -1435.37
22503.4 -1435.37
22497.5 -1434.1
22497.5 -1434.1
22492.5 -1433.37
22487.6 -1432.77
22482.6 -1432.21
22469.2 -1440.55
22464.2 -1440.02
22462.2 -1439.81
22462.2 -1439.81
22462.2 -1439.81
22462.2 -1439.81
22462.2 -1439.81
22462.2 -1439.81
22462.2 -1439.81
22462.2 -1439.81
22462.2 -1439.81
22459.4 -1438.87
22454.6 -1437.28
22449.9 -1435.69
22445.2 -1434.1
22440.4 -1432.51
22435.7 -1430.92
22430.9 -1429.33
22426.2 -1427.74
22421.5 -1426.15
22416.7 -1424.56
22412 -1422.97
22407.2 -1421.38
22402.5 -1419.79
22397.8 -1418.2
22395.9 -1417.56
22395.9 -1417.56
22395.9 -1417.56
22395.9 -1417.56
22395.9 -1417.56
22395.9 -1417.56
22395.9 -1417.56
22395.9 -1417.56
22395.9 -1417.56
22395.9 -1417.56
22410.7 -1402.77
22410.7 -1402.77
22410.7 -1402.77
22410.7 -1402.77
22410.7 -1402.77
22410.7 -1402.77
22410.7 -1402.77
22410.7 -1402.77
22398.6 -1397.96
22398.6 -1397.96
22394 -1396.11
22389.3 -1394.26
22384.7 -1392.41
22380 -1390.56
22378.2 -1389.82
22378.2 -1389.82
22378.2 -1389.82
22378.2 -1389.82
22378.2 -1389.82
22378.2 -1389.82
22378.2 -1389.82
22378.2 -1389.82
22378.2 -1389.82
22378.2 -1389.82
22378.2 -1389.82
22378.2 -1389.82
22378.2 -1389.82
22378.2 -1389.82
22378.2 -1389.82
22364.5 -1397.75
22364.5 -1397.75
22364.5 -1397.75
22364.5 -1397.75
22364.5 -1397.75
22364.5 -1397.75
22376.3 -1398.99
22376.3 -1398.99
22376.3 -1398.99
22376.3 -1398.99
22376.3 -1398.99
22376.3 -1398.99
22376.3 -1398.99
22376.3 -1398.99
22376.3 -1398.99
22376.3 -1398.99
22376.3 -1398.99
22376.3 -1398.99
22376.3 -1398.99
22366.2 -1383.25
22366.2 -1383.25
22366.2 -1383.25
22366.2 -1383.25
22366.2 -1383.25
22366.2 -1383.25
22366.2 -1383.25
22366.2 -1383.25
22366.2 -1383.25
22366.2 -1383.25
22366.2 -1383.25
22366.2 -1383.25
22366.2 -1383.25
22366.2 -1383.25
22366.2 -1383.25
22366.2 -1383.25
22366.2 -1383.25
22366.2 -1383.25
22366.2 -1383.25
22366.2 -1383.25
22366.2 -1383.25
22366.2 -1383.25
22379.6 -1393.39
22379.6 -1393.39
22379.6 -1393.39
22379.6 -1393.39
22379.6 -1393.39
22379.6 -1393.39
22379.6 -1393.39
22379.6 -1393.39
22379.6 -1393.39
22379.6 -1393.39
22379.6 -1393.39
22379.6 -1393.39
22379.6 -1393.39
22379.6 -1393.39
22379.6 -1393.39
22379.6 -1393.39
22379.6 -1393.39
22379.6 -1393.39
22379.6 -1393.39
22379.6 -1393.39
22379.6 -1393.39
22372.1 -1396.85
22372.1 -1396.85
22372.1 -1396.85
22372.1 -1396.85
22369.2 -1395.94
22364.5 -1394.39
22359.7 -1392.84
22354.9 -1391.29
22350.2 -1389.74
22345.4 -1388.19
22343.5 -1387.57
22343.5 -1387.57
22343.5 -1387.57
22343.5 -1387.57
22343.5 -1387.57
22343.5 -1387.57
22343.5 -1387.57
22343.5 -1387.57
22343.5 -1387.57
22343.5 -1387.57
22343.5 -1387.57
22343.5 -1387.57
22343.5 -1387.57
22343.5 -1387.57
22343.5 -1387.57
22343.5 -1387.57
22344.1 -1373.49
22344.1 -1373.49
22344.1 -1373.49
22344.1 -1373.49
22344.1 -1373.49
22344.1 -1373.49
22344.1 -1373.49
22344.1 -1373.49
22340.7 -1375.96
22340.7 -1375.96
22340.7 -1375.96
22340.7 -1375.96
22340.7 -1375.96
22340.7 -1375.96
22340.7 -1375.96
22340.7 -1375.96
22340.7 -1375.96
22340.7 -1375.96
22340.7 -1375.96
22338.5 -1386.75
22338.5 -1386.75
22338.5 -1386.75
22338.5 -1386.75
22338.5 -1386.75
22338.5 -1386.75
22338.5 -1386.75
22338.5 -1386.75
22338.5 -1386.75
22338.5 -1386.75
22338.5 -1386.75
22338.5 -1386.75
22338.5 -1386.75
22338.5 -1386.75
22338.5 -1386.75
22338.5 -1386.75
22338.5 -1386.75
22338.5 -1386.75
22338.5 -1386.75
22338.5 -1386.75
22338.5 -1386.75
22338.5 -1386.75
22338.5 -1386.75
22337.6 -1376.85
22337.6 -1376.85
22337.6 -1376.85
22337.6 -1376.85
22337.6 -1376.85
22337.6 -1376.85
22337.6 -1376.85
22337.6 -1376.85
22337.6 -1376.85
22337.6 -1376.85
22337.6 -1376.85
22337.6 -1376.85
22337.6 -1376.85
22337.6 -1376.85
22337.6 -1376.85
22337.6 -1376.85
22337.6 -1376.85
22337.6 -1376.85
22337.6 -1376.85
22337.6 -1376.85
22337.6 -1376.85
22350.9 -1383.73
22350.9 -1383.73
22350.9 -1383.73
22350.9 -1383.73
22350.9 -1383.73
22350.9 -1383.73
22350.9 -1383.73
22350.9 -1383.73
22350.9 -1383.73
22350.9 -1383.73
22347.9 -1383.03
22343.1 -1381.85
22338.2 -1380.67
22333.4 -1379.49
22328.5 -1378.3
22323.6 -1377.12
22321.7 -1376.65
22321.7 -1376.65
22321.7 -1376.65
22321.7 -1376.65
22321.7 -1376.65
22321.7 -1376.65
22321.7 -1376.65
22321.7 -1376.65
22321.7 -1376.65
22321.7 -1376.65
22321.7 -1376.65
22321.7 -1376.65
22321.7 -1376.65
22321.7 -1376.65
22321.7 -1376.65
22316.6 -1370.64
22316.6 -1370.64
22316.6 -1370.64
22316.6 -1370.64
22316.6 -1370.64
22316.6 -1370.64
22316.6 -1370.64
22316.6 -1370.64
22316.6 -1370.64
22316.6 -1370.64
22308 -1368.08
22308 -1368.08
22308 -1368.08
22308 -1368.08
22308 -1368.08
22308 -1368.08
22308 -1368.08
22308 -1368.08
22311.7 -1361.37
22311.7 -1361.37
22311.7 -1361.37
22311.7 -1361.37
22311.7 -1361.37
22311.7 -1361.37
22311.7 -1361.37
22311.7 -1361.37
22311.7 -1361.37
22311.7 -1361.37
22311.7 -1361.37
22311.7 -1361.37
22311.7 -1361.37
22311.7 -1361.37
22311.7 -1361.37
22311.7 -1361.37
22311.7 -1361.37
22311.7 -1361.37
22311.7 -1361.37
22311.7 -1361.37
22311.7 -1361.37
22311.7 -1361.37
22311.7 -1361.37
22311.7 -1361.37
22311.7 -1361.37
22311.7 -1361.37
22311.7 -1361.37
22309.2 -1365.09
22309.2 -1365.09
22309.2 -1365.09
22309.2 -1365.09
22309.2 -1365.09
22309.2 -1365.09
22309.2 -1365.09
22309.2 -1365.09
22309.2 -1365.09
22309.2 -1365.09
22309.2 -1365.09
22309.2 -1365.09
22309.2 -1365.09
22309.2 -1365.09
22309.2 -1365.09
22309.2 -1365.09
22309.2 -1365.09
22309.2 -1365.09
22309.2 -1365.09
22309.2 -1365.09
22317.7 -1366.69
22317.7 -1366.69
22317.7 -1366.69
22317.7 -1366.69
22317.7 -1366.69
22317.7 -1366.69
22317.7 -1366.69
22317.7 -1366.69
22317.7 -1366.69
22317.7 -1366.69
22317.7 -1366.69
22317.7 -1366.69
22317.7 -1366.69
22317.7 -1366.69
22317.7 -1366.69
22309.8 -1365.09
22304.9 -1364.07
22300 -1363.06
22295.1 -1362.05
22290.2 -1361.04
22285.3 -1360.03
22280.4 -1359.01
22275.5 -1358
22270.7 -1356.99
22256.3 -1357.29
22254.4 -1356.83
22254.4 -1356.83
22254.4 -1356.83
22254.4 -1356.83
22254.4 -1356.83
22254.4 -1356.83
22254.4 -1356.83
22254.4 -1356.83
22254.4 -1356.83
22254.4 -1356.83
22254.4 -1356.83
22254.4 -1356.83
22254.4 -1356.83
22254.4 -1356.83
22254.4 -1356.83
22254.4 -1356.83
22254.4 -1356.83
22254.4 -1356.83
22254.4 -1356.83
22254.4 -1356.83
22254.4 -1356.83
22254.4 -1356.83
22254.4 -1356.83
22254.4 -1356.83
22254.4 -1356.83
22251.7 -1355.54
22247.2 -1353.36
22247.2 -1353.36
22232.7 -1352.38
22228.2 -1350.21
22220.1 -1346.34
22220.1 -1346.34
22220.1 -1346.34
22220.1 -1346.34
22220.1 -1346.34
22220.1 -1346.34
22220.1 -1346.34
22220.1 -1346.34
22220.1 -1346.34
22220.1 -1346.34
22220.1 -1346.34
22220.1 -1346.34
22220.1 -1346.34
22220.1 -1346.34
22220.1 -1346.34
22220.1 -1346.34
22220.1 -1346.34
22226.9 -1344.66
22226.9 -1344.66
22226.9 -1344.66
22226.9 -1344.66
22226.9 -1344.66
22226.9 -1344.66
22226.9 -1344.66
22226.9 -1344.66
22226.9 -1344.66
22226.9 -1344.66
22226.9 -1344.66
22226.9 -1344.66
22226.9 -1344.66
22226.9 -1344.66
22226.9 -1344.66
22224.3 -1343.21
22220 -1340.77
22215.6 -1338.33
22211.2 -1335.89
22206.9 -1333.46
22202.5 -1331.02
22200.7 -1330.04
22200.7 -1330.04
22200.7 -1330.04
22200.7 -1330.04
22200.7 -1330.04
22200.7 -1330.04
22200.7 -1330.04
22200.7 -1330.04
22200.7 -1330.04
22200.7 -1330.04
22200.7 -1330.04
22200.7 -1330.04
22200.7 -1330.04
22200.7 -1330.04
22200.7 -1330.04
22200.7 -1330.04
22192.8 -1324.47
22192.8 -1324.47
22192.8 -1324.47
22192.8 -1324.47
22192.8 -1324.47
22192.8 -1324.47
22192.8 -1324.47
22193.4 -1330.45
22193.7 -1333.43
22192 -1338.92
22192 -1338.92
22192 -1338.92
22192 -1338.92
22192 -1338.92
22192 -1338.92
22192 -1338.92
22192 -1338.92
22192 -1338.92
22192 -1338.92
22192 -1338.92
22192 -1338.92
22192 -1338.92
22192 -1338.92
22192 -1338.92
22192 -1338.92
22199.5 -1337.43
22199.5 -1337.43
22199.5 -1337.43
22199.5 -1337.43
22199.5 -1337.43
22199.5 -1337.43
22199.5 -1337.43
22199.5 -1337.43
22199.5 -1337.43
22199.5 -1337.43
22199.5 -1337.43
22199.5 -1337.43
22199.5 -1337.43
22199.5 -1337.43
22199.5 -1337.43
22199.5 -1337.43
22199.5 -1337.43
22199.5 -1337.43
22199.5 -1337.43
22193.3 -1341.5
22193.3 -1341.5
22193.3 -1341.5
22193.3 -1341.5
22193.3 -1341.5
22193.3 -1341.5
22193.3 -1341.5
22193.3 -1341.5
22193.3 -1341.5
22193.3 -1341.5
22193.3 -1341.5
22193.3 -1341.5
22193.3 -1341.5
22193.3 -1341.5
22193.3 -1341.5
22193.3 -1341.5
22193.3 -1341.5
22193.3 -1341.5
22193.3 -1341.5
22200.4 -1339.05
22200.4 -1339.05
22200.4 -1339.05
22200.4 -1339.05
22200.4 -1339.05
22200.4 -1339.05
22200.4 -1339.05
22200.4 -1339.05
22200.4 -1339.05
22200.4 -1339.05
22200.4 -1339.05
22200.4 -1339.05
22200.4 -1339.05
22200.4 -1339.05
22200.4 -1339.05
22200.4 -1339.05
22200.4 -1339.05
22200.4 -1339.05
22200.4 -1339.05
22200.4 -1339.05
22200.4 -1339.05
22207 -1329.13
22207 -1329.13
22207 -1329.13
22207 -1329.13
22207 -1329.13
22207 -1329.13
22207 -1329.13
22207 -1329.13
22207 -1329.13
22207 -1329.13
22207 -1329.13
22207 -1329.13
22207 -1329.13
22207 -1329.13
22207 -1329.13
22204.4 -1327.66
22200.1 -1325.18
22195.8 -1322.7
22191.4 -1320.22
22187.1 -1317.74
22182.7 -1315.26
22181 -1314.27
22181 -1314.27
22181 -1314.27
22181 -1314.27
22181 -1314.27
22178.1 -1321.59
22178.1 -1321.59
22178.1 -1321.59
22178.1 -1321.59
22178.1 -1321.59
22178.1 -1321.59
22178.1 -1321.59
22178.1 -1321.59
22178.1 -1321.59
22178.1 -1321.59
22178.1 -1321.59
22178.1 -1321.59
22178.1 -1321.59
22178.1 -1321.59
22178.1 -1321.59
22178.1 -1321.59
22178.1 -1321.59
22178.1 -1321.59
22181.2 -1317.58
22181.2 -1317.58
22181.2 -1317.58
22181.2 -1317.58
22181.2 -1317.58
22181.2 -1317.58
22181.2 -1317.58
22169.8 -1324.51
22169.8 -1324.51
22169.8 -1324.51
22169.8 -1324.51
22169.8 -1324.51
22169.8 -1324.51
22169.8 -1324.51
22169.8 -1324.51
22169.8 -1324.51
22169.8 -1324.51
22169.8 -1324.51
22169.8 -1324.51
22169.8 -1324.51
22169.8 -1324.51
22169.8 -1324.51
22169.8 -1324.51
22169.8 -1324.51
22169.8 -1324.51
22169.8 -1324.51
22169.8 -1324.51
22169.8 -1324.51
22169.8 -1324.51
22169.8 -1324.51
22169.8 -1324.51
22169.8 -1324.51
22169.8 -1324.51
22169.8 -1324.51
22175.1 -1319.89
22175.1 -1319.89
22175.1 -1319.89
22175.1 -1319.89
22175.1 -1319.89
22175.1 -1319.89
22175.1 -1319.89
22175.1 -1319.89
22175.1 -1319.89
22175.1 -1319.89
22175.1 -1319.89
22175.1 -1319.89
22175.1 -1319.89
22175.1 -1319.89
22175.1 -1319.89
22175.1 -1319.89
22175.1 -1319.89
22175.1 -1319.89
22175.1 -1319.89
22179.7 -1321.4
22179.7 -1321.4
22179.7 -1321.4
22179.7 -1321.4
22179.7 -1321.4
22179.7 -1321.4
22179.7 -1321.4
22179.7 -1321.4
22179.7 -1321.4
22179.7 -1321.4
22179.7 -1321.4
22179.7 -1321.4
22179.7 -1321.4
22179.7 -1321.4
22179.7 -1321.4
22179.7 -1321.4
22179.7 -1321.4
22179.7 -1321.4
22179.7 -1321.4
22179.7 -1321.4
22179.7 -1321.4
22168.9 -1326.4
22168.9 -1326.4
22168.9 -1326.4
22168.9 -1326.4
22168.9 -1326.4
22168.9 -1326.4
22168.9 -1326.4
22168.9 -1326.4
22168.9 -1326.4
22168.9 -1326.4
22168.9 -1326.4
22168.9 -1326.4
22168.9 -1326.4
22166.2 -1325
22161.8 -1322.65
22157.4 -1320.3
22153 -1317.95
22148.6 -1315.59
22144.1 -1313.24
22142.4 -1312.3
22142.4 -1312.3
22142.4 -1312.3
22142.4 -1312.3
22142.4 -1312.3
22142.4 -1312.3
22142.4 -1312.3
22142.4 -1312.3
22142.4 -1312.3
22142.4 -1312.3
22142.4 -1312.3
22142.4 -1312.3
22146.2 -1309.2
22146.2 -1309.2
22146.2 -1309.2
22146.2 -1309.2
22146.2 -1309.2
22146.2 -1309.2
22146.2 -1309.2
22146.2 -1309.2
22143.2 -1312.04
22143.2 -1312.04
22143.2 -1312.04
22143.2 -1312.04
22143.2 -1312.04
22143.2 -1312.04
22143.2 -1312.04
22143.2 -1312.04
22143.2 -1312.04
22143.2 -1312.04
22143.2 -1312.04
22143.2 -1312.04
22143.2 -1312.04
22143.2 -1312.04
22143.2 -1312.04
22143.2 -1312.04
22143.2 -1312.04
22143.2 -1312.04
22143.2 -1312.04
22143.2 -1312.04
22143.2 -1312.04
22143.2 -1312.04
22143.2 -1312.04
22143.2 -1312.04
22143.2 -1312.04
22143.2 -1312.04
22143.2 -1312.04
22143.2 -1312.04
22143.2 -1312.04
22143.2 -1312.04
22146 -1311.14
22146 -1311.14
22146 -1311.14
22146 -1311.14
22146 -1311.14
22146 -1311.14
22146 -1311.14
22146 -1311.14
22138.1 -1309.8
22133.1 -1308.97
22133.1 -1308.97
22133.1 -1308.97
22133.1 -1308.97
22130.2 -1308.48
22125.2 -1307.65
22120.3 -1306.82
22115.4 -1305.99
22113.4 -1305.66
22113.4 -1305.66
22113.4 -1305.66
22113.4 -1305.66
22113.4 -1305.66
22113.4 -1305.66
22113.4 -1305.66
22113.4 -1305.66
22113.4 -1305.66
22113.4 -1305.66
22109 -1298.73
22109 -1298.73
22109 -1298.73
22109 -1298.73
22109 -1298.73
22109 -1298.73
22109 -1298.73
22109 -1298.73
22109 -1298.73
22109 -1298.73
22109 -1298.73
22109 -1298.73
22109 -1298.73
22109 -1298.73
22109 -1298.73
22109 -1298.73
22109 -1298.73
22109 -1298.73
22109 -1298.73
22109 -1298.73
22109 -1298.73
22109 -1298.73
22109 -1298.73
22109 -1298.73
22109.7 -1294.64
22109.7 -1294.64
22107 -1293.35
22102.5 -1291.18
22098 -1289.01
22089 -1284.67
22084.5 -1282.5
22084.5 -1282.5
22084.5 -1282.5
22084.5 -1282.5
22081.8 -1281.2
22079.1 -1279.9
22079.1 -1279.9
22079.1 -1279.9
22079.1 -1279.9
22079.1 -1279.9
22079.1 -1279.9
22079.1 -1279.9
22079.1 -1279.9
22079.1 -1279.9
22079.1 -1279.9
22079.1 -1279.9
22079.1 -1279.9
22079.1 -1279.9
22079.1 -1279.9
22079.1 -1279.9
22079.1 -1279.9
22090.6 -1281.45
22090.6 -1281.45
22090.6 -1281.45
22090.6 -1281.45
22090.6 -1281.45
22090.6 -1281.45
22090.6 -1281.45
22090.6 -1281.45
22090.6 -1281.45
22090.6 -1281.45
22082.1 -1292.51
22082.1 -1292.51
22082.1 -1292.51
22082.1 -1292.51
22082.1 -1292.51
22082.1 -1292.51
22082.1 -1292.51
22082.1 -1292.51
22082.1 -1292.51
22082.1 -1292.51
22082.1 -1292.51
22082.1 -1292.51
22082.1 -1292.51
22082.1 -1292.51
22082.1 -1292.51
22082.1 -1292.51
22082.1 -1292.51
22082.1 -1292.51
22082.1 -1292.51
22082.1 -1292.51
22082.1 -1292.51
22082.1 -1292.51
22077 -1286.57
22072.3 -1284.76
22072.3 -1284.76
22072.3 -1284.76
22072.3 -1284.76
22069.6 -1283.67
22064.9 -1281.86
22060.2 -1280.05
22055.6 -1278.24
22053.7 -1277.52
22053.7 -1277.52
22053.7 -1277.52
22053.7 -1277.52
22053.7 -1277.52
22053.7 -1277.52
22053.7 -1277.52
22053.7 -1277.52
22053.7 -1277.52
22053.7 -1277.52
22053.7 -1277.52
22053.7 -1277.52
22053.7 -1277.52
22053.7 -1277.52
22053.7 -1277.52
22053.7 -1277.52
22053.7 -1277.52
22053.7 -1277.52
22053.7 -1277.52
22050 -1275.84
22050 -1275.84
22050 -1275.84
22050 -1275.84
22050 -1275.84
22050 -1275.84
22050 -1275.84
22050 -1275.84
22050 -1275.84
22050 -1275.84
22050 -1275.84
22050 -1275.84
22050 -1275.84
22050 -1275.84
22050 -1275.84
22050 -1275.84
22050 -1275.84
22050 -1275.84
22050 -1275.84
22050 -1275.84
22050 -1275.84
22050 -1275.84
22050 -1275.84
22050 -1275.84
22050 -1275.84
22050 -1275.84
22048.5 -1267.59
22048.5 -1267.59
22048.5 -1267.59
22048.5 -1267.59
22048.5 -1267.59
22048.5 -1267.59
22048.5 -1267.59
22048.5 -1267.59
22048.5 -1267.59
22048.5 -1267.59
22048.5 -1267.59
22048.5 -1267.59
22048.5 -1267.59
22048.5 -1267.59
22048.5 -1267.59
22048.5 -1267.59
22048.5 -1267.59
22048.5 -1267.59
22048.5 -1267.59
22045.9 -1266.11
22045.8 -1270.93
22041.5 -1268.43
22037.1 -1265.94
22032.8 -1263.45
22028.5 -1260.96
22026.7 -1259.96
22026.7 -1259.96
22026.7 -1259.96
22026.7 -1259.96
22026.7 -1259.96
22026.7 -1259.96
22026.7 -1259.96
22026.7 -1259.96
22026.7 -1259.96
22026.7 -1259.96
22026.7 -1259.96
22026.7 -1259.96
22026.7 -1259.96
22026.7 -1259.96
22026.7 -1259.96
22026.7 -1259.96
22026.7 -1259.96
22026.7 -1259.96
22024.7 -1264.96
22024.7 -1264.96
22024.7 -1264.96
22024.7 -1264.96
22024.7 -1264.96
22024.7 -1264.96
22024.7 -1264.96
22024.7 -1264.96
22024.7 -1264.96
22024.7 -1264.96
22024.7 -1264.96
22024.7 -1264.96
22024.7 -1264.96
22024.7 -1264.96
22024.7 -1264.96
22024.7 -1264.96
22024.7 -1264.96
22024.7 -1264.96
22021.6 -1254.52
22021.6 -1254.52
22021.6 -1254.52
22021.6 -1254.52
22021.6 -1254.52
22021.6 -1254.52
22021.6 -1254.52
22021.6 -1254.52
22021.6 -1254.52
22021.6 -1254.52
22021.6 -1254.52
22021.6 -1254.52
22018.9 -1253.16
22014.5 -1250.92
22014.5 -1250.92
22014.5 -1250.92
22017.9 -1251.75
22015.2 -1250.4
22010.8 -1248.15
22006.3 -1245.9
22001.9 -1243.64
22000.1 -1242.74
22000.1 -1242.74
22000.1 -1242.74
22000.1 -1242.74
22000.1 -1242.74
22000.1 -1242.74
22000.1 -1242.74
22000.1 -1242.74
22000.1 -1242.74
22000.1 -1242.74
22000.1 -1242.74
22000.1 -1242.74
22000.1 -1242.74
22000.1 -1242.74
22000.1 -1242.74
22000.1 -1242.74
22000.1 -1242.74
22000.1 -1242.74
22000.1 -1242.74
22000.1 -1242.74
22008.3 -1238.85
22008.3 -1238.85
22008.3 -1238.85
22008.3 -1238.85
22008.3 -1238.85
22008.3 -1238.85
22008.3 -1238.85
22008.3 -1238.85
22008.3 -1238.85
22008.3 -1238.85
22008.3 -1238.85
22008.3 -1238.85
22008.3 -1238.85
22008.3 -1238.85
22008.3 -1238.85
21996.6 -1252.32
21996.6 -1252.32
21996.6 -1252.32
21996.6 -1252.32
21996.6 -1252.32
21996.6 -1252.32
21996.6 -1252.32
21996.6 -1252.32
21996.6 -1252.32
21996.6 -1252.32
21996.6 -1252.32
21996.6 -1252.32
21996.6 -1252.32
21996.6 -1252.32
21996.6 -1252.32
21996.6 -1252.32
21996.6 -1252.32
21996.6 -1252.32
21996.6 -1252.32
21996.6 -1252.32
21996.6 -1252.32
21996.6 -1252.32
21996.6 -1252.32
21996.6 -1252.32
21996.6 -1252.32
21996.6 -1252.32
21996.6 -1252.32
21996.6 -1252.32
21996.6 -1252.32
22008.3 -1237.41
22008.3 -1237.41
22008.3 -1237.41
22008.3 -1237.41
22008.3 -1237.41
22008.3 -1237.41
22008.3 -1237.41
22008.3 -1237.41
22008.3 -1237.41
22005.7 -1235.8
21993.1 -1227.7
21993.1 -1227.7
21988.9 -1225
21984.7 -1222.3
21980.5 -1219.6
21980.5 -1219.6
21974.7 -1229.9
21974.7 -1229.9
21974.7 -1229.9
21974.7 -1229.9
21974.7 -1229.9
21974.7 -1229.9
21974.7 -1229.9
21974.7 -1229.9
21974.7 -1229.9
21974.7 -1229.9
21974.7 -1229.9
21974.7 -1229.9
21974.7 -1229.9
21974.7 -1229.9
21974.7 -1229.9
21974.7 -1229.9
21974.7 -1229.9
21974.7 -1229.9
21974.7 -1229.9
21974.7 -1229.9
21974.7 -1229.9
21968.6 -1227.7
21968.6 -1227.7
21968.6 -1227.7
21968.6 -1227.7
21968.6 -1227.7
21968.6 -1227.7
21968.6 -1227.7
21968.6 -1227.7
21968.6 -1227.7
21968.6 -1227.7
21968.6 -1227.7
21968.6 -1227.7
21968.6 -1227.7
21968.6 -1227.7
21968.6 -1227.7
21968.6 -1227.7
21968.6 -1227.7
21968.6 -1227.7
21968.6 -1227.7
21977 -1232.78
21977 -1232.78
21977 -1232.78
21977 -1232.78
21977 -1232.78
21977 -1232.78
21977 -1232.78
21977 -1232.78
21977 -1232.78
21977 -1232.78
21977 -1232.78
21977 -1232.78
21977 -1232.78
21977 -1232.78
21977 -1232.78
21977 -1232.78
21971.1 -1234.17
21971.1 -1234.17
21971.1 -1234.17
21971.1 -1234.17
21971.1 -1234.17
21971.1 -1234.17
21971.1 -1234.17
21971.1 -1234.17
21971.1 -1234.17
21971.1 -1234.17
21971.1 -1234.17
21971.1 -1234.17
21971.1 -1234.17
21971.1 -1234.17
21971.1 -1234.17
21971.1 -1234.17
21971.1 -1234.17
21971.1 -1234.17
21971.1 -1234.17
21971.1 -1234.17
21977.6 -1222.65
21977.6 -1222.65
21977.6 -1222.65
21977.6 -1222.65
21977.6 -1222.65
21977.6 -1222.65
21977.6 -1222.65
21974.6 -1222.45
21971.7 -1222.27
21971.7 -1222.27
21971.7 -1222.27
21971.7 -1222.27
21968.7 -1222.09
21963.7 -1221.8
21958.7 -1221.51
21953.7 -1221.22
21948.7 -1220.93
21946.7 -1220.81
21946.7 -1220.81
21946.7 -1220.81
21946.7 -1220.81
21946.7 -1220.81
21946.7 -1220.81
21946.7 -1220.81
21946.7 -1220.81
21946.7 -1220.81
21946.7 -1220.81
21946.7 -1220.81
21946.7 -1220.81
21947.6 -1229.77
21947.6 -1229.77
21947.6 -1229.77
21947.6 -1229.77
21947.6 -1229.77
21947.6 -1229.77
21947.6 -1229.77
21947.6 -1229.77
21947.6 -1229.77
21947.6 -1229.77
21947.6 -1229.77
21947.6 -1229.77
21947.6 -1229.77
21947.6 -1229.77
21947.6 -1229.77
21947.6 -1229.77
21947.6 -1229.77
21947.6 -1229.77
21947.6 -1229.77
21947.6 -1229.77
21947.6 -1229.77
21947.6 -1229.77
21947.6 -1229.77
21947.6 -1229.77
21947.6 -1229.77
21947.6 -1229.77
21947.6 -1229.77
21947.6 -1229.77
21939.2 -1235.51
21939.2 -1235.51
21939.2 -1235.51
21939.2 -1235.51
21939.2 -1235.51
21939.2 -1235.51
21939.2 -1235.51
21939.2 -1235.51
21939.2 -1235.51
21939.2 -1235.51
21939.2 -1235.51
21939.2 -1235.51
21939.2 -1235.51
21939.2 -1235.51
21939.2 -1235.51
21939.2 -1235.51
21939.2 -1235.51
21939.2 -1235.51
21939.2 -1235.51
21939.2 -1235.51
21939.2 -1235.51
21939.2 -1235.51
21939.2 -1235.51
21939.2 -1235.51
21939.2 -1235.51
21933.8 -1227.34
21933.8 -1227.34
21933.8 -1227.34
21933.8 -1227.34
21933.8 -1227.34
21933.8 -1227.34
21933.8 -1227.34
21933.8 -1227.34
21933.8 -1227.34
21933.8 -1227.34
21933.8 -1227.34
21938.9 -1228.47
21938.9 -1228.47
21938.9 -1228.47
21937.6 -1225.74
21935.6 -1221.7
21933.5 -1217.71
21931.4 -1213.78
21928.3 -1208.62
21923.9 -1201.64
21918.9 -1194.15
21918.9 -1194.15
21924.3 -1187.71
21917.9 -1179.35
21917.5 -1178.76
21917.5 -1178.76
21917.5 -1178.76
21917.5 -1178.76
21915.6 -1176.38
21911.9 -1171.69
21906.1 -1164.78
21898.2 -1155.77
21888 -1144.77
21876 -1132.43
21862.5 -1119.37
21848.7 -1106.66
21831.4 -1088.61
21819.7 -1078.11
21807.8 -1067.72
21786 -1049.39
21786 -1049.39
21774.8 -1040.65
21765.7 -1033.99
21754.7 -1026.1
21752.9 -1024.78
21752.9 -1024.78
21752.9 -1024.78
21752.9 -1024.78
21750.5 -1023.03
21750.5 -1023.03
21750.5 -1023.03
21750.5 -1023.03
21748 -1021.32
21748 -1021.32
21748 -1021.32
21748 -1021.32
21745.5 -1019.65
21740.5 -1016.4
21740.5 -1016.4
21740.5 -1016.4
21727.7 -1008.59
21727.7 -1008.59
21727.7 -1008.59
21727.7 -1008.59
21725.1 -1007.05
21719.9 -1004.07
21712 -999.737
21701.4 -994.142
21688.7 -987.72
21675.2 -981.194
21661.5 -974.904
21645.1 -967.644
21628.4 -960.816
21610.2 -953.895
21610.2 -953.895
21571.8 -940.982
21571.8 -940.982
21548.3 -928.918
21548.3 -928.918
21538.9 -926.106
21532.5 -924.159
21528.2 -922.861
21528.2 -922.861
21528.2 -922.861
21528.2 -922.861
21525.3 -921.996
21519.5 -920.367
21510.8 -918.073
21499.2 -915.219
21499.2 -915.219
21472.9 -909.127
21472.9 -909.127
21458.2 -905.814
21455.3 -905.151
21455.3 -905.151
21455.3 -905.151
21455.3 -905.151
21452.4 -904.489
21446.5 -903.266
21437.7 -901.585
21437.7 -901.585
21417 -897.922
21411.1 -896.904
21408.1 -896.396
