23356.5 5027.56
23415.9 5027.74
23476.2 5027.92
23537.4 5028.11
23599.5 5028.3
23662.7 5028.49
23726.8 5028.68
23792.1 5028.88
23858.4 5029.07
23925.8 5029.28
23994.4 5029.48
24062.7 5031.12
24133 5032.1
24203.8 5033.77
24277 5034.41
24350 5036.4
24426.4 5036.72
24488.8 5050.61
24581.6 5039.05
24663.3 5038.78
24743.2 5041.44
24828.6 5040.91
24490.4 5382.57
24499.7 5439.12
24585.8 5435.38
24659.5 5442.67
24727.6 5455.36
24827.6 5445.57
24907.6 5452.12
25188 5318.02
24947.3 5552.71
24947.1 5616.29
25027.1 5625.43
25127.1 5622.69
25247.1 5608.8
25347.1 5609.84
25447.1 5612.6
25567.1 5604.89
25687.1 5599.35
25767.1 5619.38
23983.8 6707.66
23983.7 6753.47
24063.7 6754.78
24166.2 6745.34
24837.4 6437.97
24828.3 6496.16
24844.2 6541.11
24842.6 6594.51
24824.9 6655.24
24823.8 6707.32
24823.6 6758.5
24823.5 6809.27
24823.3 6859.63
24823.2 6909.61
24823 6959.2
24822.9 7008.43
24822.7 7057.31
24822.6 7105.84
24822.5 7154.05
24822.3 7201.92
24822.2 7249.49
24822 7296.76
24821.9 7343.73
24821.7 7390.43
24821.6 7436.85
24821.5 7483.01
24821.3 7528.92
24821.2 7574.59
24821.1 7620.01
24820.9 7665.22
24820.8 7710.2
23459.6 8101.35
23459.5 8133.28
23459.4 8165.07
23459.3 8196.73
23459.2 8228.26
23459.1 8259.67
23459 8290.96
23458.9 8322.14
23458.8 8353.22
23458.7 8384.2
23458.7 8415.08
23458.6 8445.87
23458.5 8476.58
23458.4 8507.21
23458.3 8537.76
23458.2 8568.25
23458.1 8598.67
23458 8629.03
23457.9 8659.33
23457.8 8689.59
23457.7 8719.79
23457.6 8749.96
23457.6 8780.09
24817.7 8744.57
24817.5 8786.55
24817.4 8828.5
24817.3 8870.43
24817.2 8912.34
24817 8954.24
24816.9 8996.13
24816.8 9038.02
24816.7 9079.92
24816.5 9121.84
24816.4 9163.77
24816.3 9205.73
24816.2 9247.72
24816 9289.76
24815.9 9331.84
24815.8 9373.97
23576 9302.27
23575.9 9333.6
23575.8 9364.98
23575.7 9396.41
23575.6 9427.92
23575.5 9459.48
23575.4 9491.13
23575.3 9522.85
23575.2 9554.65
23575.1 9586.55
23575 9618.54
23574.9 9650.62
23574.8 9682.82
23574.7 9715.12
23574.6 9747.54
23574.5 9780.08
23574.4 9812.75
23574.4 9845.55
23574.3 9878.49
23574.2 9911.57
23574.1 9944.81
23574 9978.2
24812.8 10373.2
24812.6 10418.7
24812.5 10464.4
24812.4 10510.4
20962.3 9285.86
20942.3 9288.19
20922.3 9290.18
20922.2 9299.01
20922.2 9307.9
20922.2 9316.85
20922.2 9325.85
20922.1 9334.92
20922.1 9344.05
20922.1 9353.24
20922 9362.51
20922 9371.84
20922 9381.24
20922 9390.72
20921.9 9400.27
20921.9 9409.9
20921.9 9419.61
20921.8 9429.41
20921.8 9439.29
20921.8 9449.26
20921.8 9459.32
20921.7 9469.48
20921.7 9479.73
20921.7 9490.09
20915.4 9496.9
20915.4 9507.39
20915.3 9517.99
20915.3 9528.7
20915.3 9539.53
20915.2 9550.47
20915.2 9561.54
20915.2 9572.74
20915.1 9584.07
20915.1 9595.53
20915.1 9607.13
20915 9618.88
20915 9630.77
20914.9 9642.82
20914.9 9655.02
20914.9 9667.39
20914.8 9679.92
20914.8 9692.63
20914.8 9705.52
20914.7 9718.59
20914.7 9731.85
20914.6 9745.31
20914.6 9758.97
20914.6 9772.84
20914.5 9786.93
20914.5 9801.24
20914.4 9815.78
20914.4 9830.57
20914.3 9845.6
20914.3 9860.89
20911.6 9873.76
20901.6 9879.29
20910.9 9904.97
20902 9911.88
20910.9 9938.15
20901.2 9944.49
20911.6 9973.32
20902.2 9980.3
20910.2 10007.5
20903.8 10018.3
20911.4 10046.2
20902.3 10054.2
21983.2 11423.5
21960.7 11439.2
20864.5 10065
20856.4 10074.2
20838.5 10070.3
20816.5 10060.4
20809.5 10070.8
20788.4 10061.4
20773.2 10059.8
20759.3 10059.8
20745.5 10059.7
20731.9 10059.7
20718.4 10059.7
20705.1 10059.6
20691.9 10059.6
20678.9 10059.5
20666 10059.5
20653.2 10059.5
20640.6 10059.4
20628.1 10059.4
20615.7 10059.3
20603.5 10059.3
20591.3 10059.3
20579.3 10059.2
20567.4 10059.2
20555.5 10059.2
20543.8 10059.1
20532.2 10059.1
20520.7 10059.1
20509.2 10059
20497.9 10059
20486.6 10059
20475.5 10058.9
20464.4 10058.9
20453.4 10058.9
20442.4 10058.8
20431.6 10058.8
20420.8 10058.8
20410.1 10058.7
20399.4 10058.7
20388.8 10058.7
20378.3 10058.6
20367.9 10058.6
20357.5 10058.6
20347.1 10058.5
20336.8 10058.5
20326.6 10058.5
20316.4 10058.4
20306.3 10058.4
20296.2 10058.4
20286.1 10058.4
20276.1 10058.3
20266.2 10058.3
20256.2 10058.3
20246.4 10058.2
20236.5 10058.2
20226.7 10058.2
20216.9 10058.1
20207.2 10058.1
20197.4 10058.1
20187.7 10058.1
20178.1 10058
20168.4 10058
20158.8 10058
20149.2 10057.9
20139.6 10057.9
20130.1 10057.9
20120.5 10057.9
20111 10057.8
20101.5 10057.8
20092 10057.8
20082.5 10057.7
20073 10057.7
20064.2 10076
20054.6 10076
20045 10076
20035.4 10075.9
20025.8 10075.9
20016.2 10075.9
20006.5 10075.8
19996.9 10075.8
19942.9 11435.7
19921.4 11435.6
19899.9 11435.5
19885.4 11315.5
19867.6 11275.4
19847.4 11275.4
19827.2 11275.3
19806.9 11275.2
19786.6 11275.2
19766.3 11275.1
19745.9 11275.1
19725.6 11275
19705.1 11274.9
19684.6 11274.9
19664.1 11274.8
19643.5 11274.8
19622.8 11274.7
19602.1 11274.6
19581.3 11274.6
19560.5 11274.5
19539.5 11274.4
19518.5 11274.4
19497.5 11274.3
19476.3 11274.3
19455 11274.2
19433.7 11274.1
19412.3 11274.1
19390.7 11274
19369.1 11273.9
19347.3 11273.9
19276.9 11433.7
19253.4 11433.6
19229.8 11433.5
19206.1 11433.4
19182.2 11433.4
19158.1 11433.3
19133.9 11433.2
19109.6 11433.2
19085.1 11433.1
19060.5 11433
19035.6 11432.9
19010.6 11432.9
18985.5 11432.8
18960.1 11432.7
18934.5 11432.6
18908.8 11432.5
18882.8 11432.5
18866.2 11412.4
18869.1 11352.4
18863.2 11312.4
18868.1 11252.4
18863.7 11212.4
18870.5 11152.4
18867.7 11112.4
18865.5 11072.4
18864.1 11032.4
18863.3 10992.4
18863.2 10952.4
18863.8 10912.4
18865.1 10872.4
18867.1 10832.4
18869.9 10792.4
18873.4 10752.4
18864.4 10732.4
18869.1 10692.4
18874.6 10652.4
18866.9 10632.4
18873.7 10592.4
18866.8 10572.4
18874.9 10532.4
18868.8 10512.4
18863 10492.4
19556.9 9574.49
19548.4 9574.46
19556 9554.49
19547.6 9554.46
19555.8 9534.49
19547.4 9534.46
19556.3 9514.49
19548 9514.46
19539.6 9514.44
19531 9514.41
19522.3 9514.39
19513.5 9514.36
19504.6 9514.33
19495.4 9514.3
19486.2 9514.28
19481.6 9509.43
19481.6 9500.16
19461.6 9510.12
19461.6 9500.83
19441.6 9510.1
19441.6 9500.78
19421.6 9509.39
19421.6 9500.04
19401.6 9508.01
19401.6 9498.64
19381.6 9505.98
19381.6 9496.59
19361.6 9503.31
19341.6 9509.6
19341.6 9500.03
19321.6 9505.73
19301.6 9511.01
19301.6 9501.28
19281.6 9506
19261.6 9510.31
19261.6 9500.42
19241.6 9504.19
19221.6 9507.57
19221.6 9497.52
19201.6 9500.38
19181.6 9502.86
19161.6 9504.96
19141.6 9506.69
19121.6 9508.05
19121.6 9497.47
19101.6 9498.34
19081.6 9498.86
19061.6 9499.03
19041.6 9498.85
19021.6 9498.32
19021.7 9487.21
19021.7 9476.21
19021.7 9465.31
19021.8 9454.5
19021.8 9443.78
19021.8 9433.14
19021.9 9422.6
19021.9 9412.13
19021.9 9401.74
19022 9391.44
19022 9381.2
19022 9371.04
19022 9360.96
19022.1 9350.93
19022.1 9340.98
19022.1 9331.09
19022.2 9321.26
19022.2 9311.49
19022.2 9301.78
19022.3 9292.12
19022.3 9282.52
19022.3 9272.97
19022.3 9263.47
19022.4 9254.01
19022.4 9244.61
19022.4 9235.24
19022.5 9225.92
19022.5 9216.65
19022.5 9207.41
19022.5 9198.21
19022.6 9189.04
19022.6 9179.91
19022.6 9170.82
19022.6 9161.75
19022.7 9152.71
19022.7 9143.71
19022.7 9134.73
19022.8 9125.77
19022.8 9116.84
19022.8 9107.93
19022.8 9099.04
19022.9 9090.17
19022.9 9081.32
19022.9 9072.49
19022.9 9063.67
19023 9054.87
19023 9046.08
19023 9037.3
19023 9028.53
19023.1 9019.77
19023.1 9011.01
19023.1 9002.26
19023.2 8993.52
19023.2 8984.78
19023.2 8976.04
19023.2 8967.3
19023.3 8958.56
19023.3 8949.82
19023.3 8941.07
19023.3 8932.32
19023.4 8923.56
19023.4 8914.8
19023.4 8906.03
19023.4 8897.24
19023.5 8888.45
19023.5 8879.64
19023.5 8870.82
19023.5 8861.98
19023.6 8853.13
19023.6 8844.25
19023.6 8835.36
19023.7 8826.45
19023.7 8817.51
19023.7 8808.55
19023.7 8799.56
19023.8 8790.54
19023.8 8781.5
19023.8 8772.42
19023.8 8763.32
19023.9 8754.18
19023.9 8745
19023.9 8735.79
19024 8726.54
19024 8717.25
19024 8707.92
19024 8698.55
19024.1 8689.13
19024.1 8679.66
19024.1 8670.15
19024.2 8660.58
19024.2 8650.97
19024.2 8641.29
19024.2 8631.57
19024.3 8621.78
19024.3 8611.93
19024.3 8602.03
19024.4 8592.05
19024.4 8582.01
19024.4 8571.9
19024.4 8561.72
19024.5 8551.47
19024.5 8541.14
19024.5 8530.73
19024.6 8520.25
19024.6 8509.68
19024.6 8499.02
19024.7 8488.27
19024.7 8477.44
19024.7 8466.5
19024.8 8455.48
19024.8 8444.35
19024.8 8433.11
19024.9 8421.78
19024.9 8410.33
19024.9 8398.77
19025 8387.09
19045 8387.3
19065 8387.87
19085 8388.79
19085 8377.34
19105 8378.75
19125 8380.52
19145 8382.66
19165 8385.17
19185 8388.07
19185 8377.1
19205 8380.51
19225 8384.32
19245 8388.53
19245 8377.81
19265 8382.56
19285 8387.72
19285 8377.13
19305 8382.86
19325 8389.02
19325 8378.56
19345 8385.31
19365 8392.51
19365 8382.19
19385 8390.01
19385 8379.68
19405 8388.14
19405 8377.8
19425 8386.91
19425 8376.56
19433 8374.11
19443.2 8374.14
19453.3 8374.17
19463.2 8374.2
19473 8374.23
19482.6 8374.26
19492.1 8374.29
19501.4 8374.32
19510.5 8374.34
19519.6 8374.37
19528.5 8374.4
19537.2 8374.43
19545.9 8374.45
19554.4 8374.48
19562.8 8374.5
19571.1 8374.53
19579.3 8374.55
19587.4 8374.58
19595.4 8374.6
19603.3 8374.62
19611 8374.65
19618.7 8374.67
19613.1 8354.65
19620.9 8354.68
19615.8 8334.66
19611.2 8314.65
19619.2 8314.67
18631.7 6653.36
18659.2 6653.44
18686.4 6653.52
18724.5 6673.36
18740 6653.68
18766.4 6653.76
18792.6 6653.84
18818.5 6653.92
18844.2 6654
18869.6 6654.07
18894.9 6654.15
18919.9 6654.23
18944.7 6654.3
18969.3 6654.37
18993.7 6654.45
19017.9 6654.52
19041.9 6654.59
19065.8 6654.66
19089.5 6654.74
19105.1 6634.78
19098.1 6554.76
19114.8 6534.81
19102.8 6434.77
19099.6 6354.76
19111.6 6314.8
19104.2 6214.78
19098.6 6114.76
19113.6 6074.81
19104.9 5954.78
19116 5894.81
19111 5774.8
19102.6 5634.77
19116.1 5567.76
19116.3 5444.62
19116.4 5312.33
19117.9 5176.26
19119.3 5029.86
19118.5 4861.3
19116.6 4673.65
19118.6 4489.03
18987 3594.41
19035.8 3594.56
19084.3 3594.71
19132.7 3594.85
19181 3595
19229.1 3595.14
19277.1 3595.29
19325 3595.43
19488.9 4555.93
19528 4556.05
19565.1 4536.16
19585.4 4336.22
19626.3 4336.34
19667.1 4336.46
19707.8 4336.59
19748.6 4336.71
19789.2 4336.83
19829.9 4336.95
19870.5 4337.07
19911 4337.2
19910.5 1677.18
19974.3 1677.38
20038.1 1677.57
20101.9 1677.76
20165.6 1677.95
20229.4 1678.14
20293.3 1678.33
20357.2 1678.53
20421.1 1678.72
20485.1 1678.91
20549.1 1679.1
20829.2 -991.576
20916.3 -984.153
21003.3 -975.967
21090.2 -967.024
21177 -957.32
21263.8 -946.858
21350.5 -935.637
21437 -923.66
20865.6 3424.68
20861.7 3758.19
20861.7 4034.17
20861.5 4284.53
20882.4 4398.74
20923.8 4399.07
20968.1 4385.96
21006.9 4400.49
21048.8 4400.62
21058.2 4540.65
21040.9 4780.6
21059.6 4860.65
21056.2 5020.64
21093.2 5020.76
21130.3 5020.87
21167.7 5020.98
21205.2 5021.09
21242.9 5021.21
21280.8 5021.32
21318.9 5021.43
21357.3 5021.55
21395.8 5021.67
21434.6 5021.78
21473.6 5021.9
21512.9 5022.02
21552.5 5022.14
21591.7 5023.66
21632.4 5022.38
21672.7 5022.5
21713.4 5022.62
21754.4 5022.74
21795.6 5022.87
21837.2 5022.99
21879.2 5023.12
21921.4 5023.25
21964.1 5023.38
22007 5023.5
22050.4 5023.64
22094.2 5023.77
22138.3 5023.9
22182.9 5024.03
22227.9 5024.17
22273.3 5024.31
22319.2 5024.44
22365.5 5024.58
22412.3 5024.72
22459.7 5024.87
22507.5 5025.01
22555.8 5025.16
22604.7 5025.3
22654.2 5025.45
22704.2 5025.6
22754.8 5025.75
22806 5025.91
22857.9 5026.06
22910.4 5026.22
22963.6 5026.38
23017.5 5026.54
23067.6 5032.47
23127.4 5026.88
23183.5 5027.04
23240.3 5027.21
23298 5027.39
23356.5 5027.56
