8276.58 3383.26
8276.58 3383.26
8276.58 3383.26
8276.58 3383.26
8276.58 3383.26
8276.58 3383.26
8276.58 3383.26
8276.58 3383.26
8276.58 3383.26
8276.58 3383.26
8276.58 3383.26
8276.58 3383.26
8276.58 3383.26
8276.58 3383.26
8276.58 3383.26
8276.58 3383.26
8276.58 3383.26
8276.58 3383.26
8276.58 3383.26
8276.58 3383.26
8276.58 3383.26
8276.58 3383.26
8276.58 3383.26
8275.18 3385.91
8273.72 3388.53
8273.72 3388.53
8273.72 3388.53
8271.97 3390.97
8268.35 3395.75
8244.01 3412.42
8236.91 3422.09
8229.26 3431.83
8218.33 3444.78
8204.72 3460.11
8190.02 3475.8
8174.92 3491.1
8159.41 3506
8143.39 3520.59
8127.25 3534.53
8114.87 3544.67
8103.75 3553.19
8092.36 3561.31
8080.7 3569.06
8070.49 3575.37
8060.13 3581.41
8049.6 3587.2
8038.83 3592.77
8028.16 3597.95
7896.14 3553.75
7884.99 3558.19
7884.99 3558.19
7874.2 3562.18
7863.37 3566.03
7852.48 3569.74
7841.55 3573.31
7831.53 3576.44
7821.34 3579.49
7811.37 3582.33
7811.37 3582.33
7801.24 3585.08
7791.07 3587.7
7780.87 3590.19
7770.64 3592.55
7743.31 3562.16
7719.71 3535.74
7711.39 3537.5
7703.03 3539.16
7694.71 3540.78
7686.36 3542.38
7678.01 3543.96
7669.65 3545.51
7661.29 3547.04
7652.92 3548.54
7644.55 3550.02
7636.18 3551.48
7627.8 3552.91
7619.42 3554.31
7611.03 3555.69
7602.64 3557.05
7594.25 3558.38
7585.84 3559.69
7577.44 3560.97
7569.04 3562.23
7560.63 3563.46
7552.21 3564.67
7543.8 3565.85
7535.38 3567.01
7526.95 3568.15
7518.53 3569.31
7510.11 3570.49
7501.7 3571.7
7493.29 3572.93
7484.88 3574.19
7476.48 3575.47
7476.48 3575.47
7468.1 3576.78
7459.71 3578.11
7451.32 3579.47
7442.93 3580.85
7434.55 3582.25
7426.17 3583.68
7417.8 3585.14
7409.42 3586.62
7401.06 3588.12
7392.7 3589.65
7384.34 3591.2
7373.04 3593.33
7358.8 3596.07
7344.59 3598.98
7330.43 3602.07
7330.43 3602.07
7318.73 3604.78
7309.97 3606.81
7301.2 3608.84
7292.43 3610.88
7292.43 3610.88
7283.66 3612.91
7274.9 3614.94
7274.9 3614.94
7266.13 3616.97
7257.36 3619
7248.59 3621.03
7239.79 3623.07
7231.5 3624.99
7223.21 3626.99
7191.35 3598.73
7154.9 3570.75
7143.59 3572.87
7129.31 3575.67
7111.74 3579.28
7091.17 3583.51
7067.67 3588.34
7041.2 3593.77
7013.79 3599.4
6986.36 3605.04
6959.92 3610.47
6933.47 3615.91
6907.01 3621.34
6880.57 3626.78
6854.05 3632.23
6829.63 3637.24
6805.13 3642.28
6780.66 3647.31
6755.9 3652.39
6731.69 3657.37
6708.17 3662.2
6684.66 3667.03
6661.15 3671.86
6637.55 3676.71
6616.09 3681.12
6594.54 3685.55
6572.99 3689.97
6551.44 3694.4
6529.49 3698.91
6538.88 3703.83
6518.5 3708.1
6497.95 3712.41
6477.39 3716.73
6456.85 3721.04
6436.76 3725.25
6416.65 3729.29
6396.53 3733.14
6376.38 3736.82
6356.19 3740.32
6337.44 3743.4
6318.69 3746.48
6299.94 3749.56
6281.19 3752.64
6262.43 3755.73
6244.19 3758.72
6222.89 3762.03
6198.71 3765.57
6174.43 3768.9
6150.13 3772.03
6126.8 3774.81
6103.44 3777.4
6126.45 3796.82
6125.04 3816.41
6103.15 3818.71
6079.29 3821.22
6055.42 3823.73
6031.55 3826.23
6009.66 3828.54
5987.63 3830.85
5963.94 3833.34
5940.07 3835.85
5916.2 3838.36
5894.32 3840.66
5872.44 3842.96
5848.58 3845.47
5848.58 3845.47
5824.48 3848
5801.82 3850.38
5778.96 3852.79
5755.08 3855.3
5730.23 3857.91
5705.36 3860.52
5681 3863.08
5657.6 3865.34
5633.69 3867.42
5609.79 3869.51
5587.85 3871.43
5584.35 3855.81
5580.2 3839.51
5564.16 3840.61
5536.3 3842.51
5514.35 3844.01
5493.39 3845.44
5472.45 3846.87
5450.79 3848.35
5430.54 3849.73
5411.59 3851.03
5411.59 3851.03
5392.65 3852.32
5373.69 3853.62
5354.73 3854.91
5336.78 3856.14
5318.82 3857.36
5300.85 3858.59
5282.9 3859.82
5264.94 3861.04
5248.98 3862.13
5213.92 3860.02
5182.38 3858.42
5166.13 3859.53
5151.42 3860.54
5136.46 3861.56
5121.5 3862.58
5106.53 3863.61
5091.56 3864.63
5078.59 3865.52
5065.63 3866.41
5052.66 3867.29
5039.69 3868.18
5026.72 3869.07
5013.75 3869.95
5000.78 3870.84
4988.81 3871.66
4976.84 3872.48
4964.86 3873.3
4952.89 3874.12
4940.91 3874.94
4928.93 3875.76
4917.47 3876.54
4906 3877.22
4896.01 3877.73
4886.02 3878.24
4876.03 3878.75
4866.05 3879.25
4856.06 3879.76
4856.06 3879.76
4846.07 3880.27
4836.09 3880.77
4826.1 3881.28
4868 3877.85
4858.01 3878.3
4848.02 3878.75
4838.03 3879.2
4828.04 3879.65
4818.05 3880.1
4808.06 3880.55
4798.06 3881
4787.95 3881.46
4787.95 3881.46
4777.97 3881.91
4767.98 3882.36
4757.99 3882.81
4748 3883.26
4738.01 3883.71
4728.02 3884.16
4718.03 3884.61
4718.03 3884.61
4708.04 3885.06
4698.05 3885.51
4688.06 3885.97
4678.07 3886.42
4668.08 3886.87
4658.09 3887.32
4648.09 3887.77
4648.09 3887.77
4638.09 3888.22
4628.11 3888.67
4618.12 3889.12
4608.13 3889.57
4598.64 3890
4589.14 3890.34
4589.14 3890.34
4580.15 3890.59
4571.15 3890.84
4562.15 3891.08
4553.16 3891.33
4544.13 3891.58
4535.11 3891.83
4526.66 3892.06
4518.17 3892.22
4509.17 3892.31
4509.17 3892.31
