20325.4 -900.478
20301.8 -900.88
20278 -901.286
20254 -901.696
20229.7 -902.109
20205.1 -902.527
20180.4 -902.949
20155.4 -903.376
20142.5 -923.45
20104.5 -904.242
20078.7 -904.681
20052.6 -905.126
20026.1 -905.576
19999.4 -906.032
19972.4 -906.492
19945 -906.958
19917.3 -907.43
19889.3 -907.908
19860.9 -908.391
19832.2 -908.881
19803 -909.377
19773.5 -909.88
19743.6 -910.39
19713.2 -910.907
19682.5 -911.432
19651.2 -911.963
19619.6 -912.503
19587.4 -913.05
19554.8 -913.606
19521.7 -914.17
19488 -914.744
19453.8 -915.327
19419 -915.919
19383.7 -916.52
19347.8 -917.132
19311.2 -917.755
19293.8 -937.276
18728.9 -441.804
18682.3 -443.324
18633.8 -443.855
18583.3 -443.427
18532.7 -443.884
18478.4 -441.929
18421.9 -439.091
18363.1 -435.393
18326 -450.456
18262.9 -445.106
18201.8 -442.568
18154.4 -451.634
18084 -443.974
18025.2 -446.298
17965.3 -448.737
17905.3 -452.198
17845.4 -456.67
17785.5 -462.14
17725.6 -468.595
17645.5 -462.515
17585.6 -471.169
17505.5 -467.775
17425.5 -465.825
17345.5 -465.303
17265.5 -466.193
17266.3 -516.53
17267.2 -566.326
18298.2 -1203.9
18298.8 -1240.67
18238.9 -1243.87
18239.5 -1280.6
18199.7 -1295.75
18108.5 -1284.95
18037.3 -1285.97
17964.5 -1287.36
17889.8 -1289.13
17813.1 -1291.28
17734.5 -1293.81
17653.6 -1296.7
17570.5 -1299.98
17499.9 -1310.04
17376.6 -1299.22
17285.7 -1303.82
15790.1 -750.478
15791.1 -808.034
15792.1 -865.181
15793 -921.934
15693.4 -942.24
15513.2 -936.114
15353.3 -939.997
15193.4 -946.66
14993.3 -943.24
14793.2 -943.345
14713.9 -983.172
14715 -1047.56
14716.1 -1111.6
13736.7 -908.725
13718.6 -976.267
13701.2 -1043.96
13684.3 -1111.81
13668 -1179.8
13652.4 -1247.93
13637.3 -1316.19
13622.8 -1384.59
13608.9 -1453.11
13595.6 -1521.74
13582.9 -1590.49
17296.6 -2296.33
17297.3 -2333.79
17297.9 -2371.13
17298.6 -2408.37
17299.2 -2445.5
17299.8 -2482.53
17300.5 -2519.47
17301.1 -2556.32
17301.7 -2593.09
17302.3 -2629.78
17303 -2666.4
17303.6 -2702.97
17311.3 -2739.93
17311.9 -2776.32
17312.5 -2812.66
17313.2 -2848.96
17313.8 -2885.23
17314.4 -2921.47
17315 -2957.68
17315.6 -2993.88
17596.3 -3028.54
17596.8 -3062.26
17597.4 -3095.99
17598 -3129.72
17598.5 -3163.46
17599.1 -3197.21
17599.7 -3230.99
17600.3 -3264.78
17820.6 -3282.02
18060.8 -3293.74
18061.3 -3323.6
18061.9 -3353.5
19200.4 -3257.39
19380.4 -3255.84
19560.3 -3251.14
19680.4 -3251.51
19820.3 -3246.87
19920.3 -3245.97
20020.3 -3243.32
20100.3 -3242.38
20160.3 -3243.67
20240.2 -3240.1
20300.2 -3239.12
20360.2 -3237.08
20400.2 -3238.35
20460.2 -3234.39
20500.2 -3234.09
20540.2 -3233.09
20580.1 -3231.39
20600.2 -3234.25
20640.1 -3231.33
20660.2 -3233.33
20700.1 -3229.16
20720.1 -3230.3
20720.3 -3237.31
20720.4 -3244.35
20720.5 -3251.43
20720.6 -3258.54
20720.7 -3265.7
20720.9 -3272.9
20721 -3280.14
20721.1 -3287.43
20721.2 -3294.76
20721.4 -3302.14
20721.5 -3309.57
17338.3 -4742.29
17339 -4784.51
17339.8 -4827.03
17340.5 -4869.87
17341.2 -4913.04
17342 -4956.54
17342.7 -5000.38
17343.5 -5044.59
17344.2 -5089.16
17345 -5134.11
17345.8 -5179.45
17346.5 -5225.19
17347.3 -5271.35
17348.1 -5317.94
17348.9 -5364.98
17349.7 -5412.46
17350.5 -5460.42
17351.4 -5508.86
17352.2 -5557.8
17353.1 -5607.25
17353.9 -5657.24
17354.8 -5707.76
17355.6 -5758.86
17356.5 -5810.53
17357.4 -5862.8
17358.3 -5915.69
17359.2 -5969.22
17360.1 -6023.4
17361.1 -6078.26
17362 -6133.82
17363 -6190.09
17364 -6247.11
17364.9 -6304.9
17365.9 -6363.48
17366.9 -6422.88
17384.6 -6468.97
17369 -6544.22
17370.1 -6606.23
17371.1 -6669.17
17372.2 -6733.07
17373.3 -6797.96
17374.5 -6863.87
17375.6 -6930.85
17376.8 -6998.92
17377.9 -7068.13
17379.1 -7138.51
17380.4 -7210.11
17394.4 -7269.51
17392.4 -7346.92
17390.8 -7425.35
17389.7 -7504.87
17461.1 -7504.25
17530.4 -7504.84
17597.5 -7506.67
17679.7 -7489.49
17742.5 -7493.95
17803.4 -7499.79
17881.5 -7483.06
17946 -7481.96
18009.6 -7480.88
18072.3 -7479.81
18134.1 -7478.76
18195.1 -7477.72
18255.3 -7476.69
18314.8 -7475.68
18373.5 -7474.68
18431.4 -7473.69
18488.7 -7472.72
18545.2 -7471.75
18601.1 -7470.8
18732.5 -7348.55
18785.6 -7347.64
18838.2 -7346.74
18890.2 -7345.86
18941.6 -7344.98
18992.5 -7344.12
19042.8 -7343.26
19092.7 -7342.41
19142.1 -7341.57
19169.8 -7381.1
19177.4 -7460.98
19226.7 -7460.14
19275.6 -7459.31
19324 -7458.49
19372 -7457.67
19419.6 -7456.86
19466.8 -7456.05
19513.6 -7455.26
19560.1 -7454.46
19606.2 -7453.68
19651.9 -7452.9
19697.3 -7452.13
19742.4 -7451.36
19787.1 -7450.6
19831.6 -7449.84
19875.7 -7449.09
19919.6 -7448.34
19963.1 -7447.6
20006.4 -7446.86
20049.5 -7446.13
20092.3 -7445.4
20134.8 -7444.67
20177.1 -7443.95
20219.2 -7443.24
20261.1 -7442.52
20302.8 -7441.81
20344.2 -7441.11
20385.5 -7440.4
20426.6 -7439.7
20467.5 -7439.01
20508.2 -7438.31
20573.4 -7317.19
20612.7 -7316.52
20651.9 -7315.85
20690.9 -7315.18
20729.8 -7314.52
20768.5 -7313.86
20807.2 -7313.2
20845.7 -7312.55
20884.1 -7311.89
20907.5 -7431.51
20946.8 -7430.84
20986 -7430.17
21025.1 -7429.51
21064.2 -7428.84
21103.1 -7428.18
21142 -7427.52
21180.9 -7426.85
21219.7 -7426.19
21258.4 -7425.53
21297.1 -7424.87
21335.7 -7424.22
21374.4 -7423.56
21433.1 -5382.26
21453.8 -5381.91
21463.3 -3907.52
21471.2 -3907.38
21479.1 -3907.25
21486.9 -3907.12
21494.8 -3906.98
21502.7 -3906.85
21510.5 -3906.71
21518.4 -3906.58
21526.3 -3906.44
21534.2 -3906.31
21542.1 -3906.18
21550 -3906.04
21558 -3905.91
21565.9 -3905.77
21573.9 -3905.63
21581.8 -3905.5
21589.8 -3905.36
21597.8 -3905.23
21605.8 -3905.09
21613.9 -3904.95
21622 -3904.81
21630.1 -3904.68
21638.2 -3904.54
21646.3 -3904.4
21654.5 -3904.26
21662.7 -3904.12
21670.9 -3903.98
21679.2 -3903.84
21687.5 -3903.7
21695.8 -3903.56
21704.2 -3903.41
21712.6 -3903.27
21721.1 -3903.13
21729.5 -3902.98
21738.1 -3902.84
21746.7 -3902.69
21755.3 -3902.54
21763.9 -3902.4
21772.7 -3902.25
21781.4 -3902.1
21790.3 -3901.95
21799.1 -3901.8
21808.1 -3901.64
21817.1 -3901.49
21826.1 -3901.34
21835.2 -3901.18
21844.4 -3901.03
21853.6 -3900.87
21863 -3900.71
21872.3 -3900.55
21881.8 -3900.39
21891.3 -3900.23
21901 -3900.06
21910.6 -3899.9
21920.4 -3899.73
21930.3 -3899.56
21940.2 -3899.39
21950.3 -3899.22
21960.4 -3899.05
21970.6 -3898.88
21981 -3898.7
21991.4 -3898.52
22001.9 -3898.34
22012.6 -3898.16
22023.4 -3897.98
22034.2 -3897.79
22045.2 -3897.6
22056.3 -3897.42
22067.6 -3897.22
22079 -3897.03
22090.5 -3896.83
22102.1 -3896.64
22113.9 -3896.43
22125.9 -3896.23
22138 -3896.02
22150.2 -3895.82
22162.6 -3895.6
22175.2 -3895.39
22188 -3895.17
22200.9 -3894.95
22214 -3894.73
22227.3 -3894.5
22240.8 -3894.27
22254.6 -3894.04
22268.5 -3893.8
22282.6 -3893.56
22297 -3893.32
22311.6 -3893.07
22326.4 -3892.81
22341.5 -3892.56
22356.8 -3892.3
22372.4 -3892.03
22371.4 -3875.69
22391.4 -3879.33
22411.5 -3882.56
22431.5 -3885.38
22451.6 -3887.8
22451.3 -3872.19
22471.4 -3874.15
22491.4 -3875.73
22856.3 -4161.17
22876.2 -4156.91
22896.2 -4152.36
22916.1 -4147.52
22956.3 -4157.95
22976.2 -4152.26
22996.1 -4146.3
23036.2 -4154.78
23056.1 -4148
23096.2 -4155.13
23116.1 -4147.57
23156.2 -4153.38
23176.1 -4145.04
23216.2 -4149.58
24974.5 -5247.3
25917.5 -5793.18
25916.5 -5738.72
25915.6 -5684.86
25914.7 -5631.58
25913.8 -5578.88
25912.9 -5526.72
25912 -5475.09
25911.2 -5423.99
25446 -5126.76
25445.3 -5081.87
25444.5 -5037.4
25443.8 -4993.34
25443 -4949.67
25442.3 -4906.4
25441.6 -4863.5
25440.8 -4820.96
25440.1 -4778.77
25445.3 -4739.49
24249 -4191.15
24248.4 -4162.21
24230.4 -4126.51
24296.1 -4124.24
24364.9 -4122.07
24446.3 -4123.4
24520.9 -4120.81
24599.3 -4118.31
24681.9 -4115.87
24768.8 -4113.49
24880.7 -4117.68
25520.6 -4286
25601.1 -4271.63
25607.1 -4233.92
25599.5 -4192.42
25591.2 -4151.04
25596.2 -4113.57
25589.4 -4073.16
25591.8 -4035.32
25606.6 -4000.57
25687.6 -3980.93
25861 -3980.39
25886 -3945.38
25885.3 -3904.87
25884.6 -3864.52
25883.9 -3824.31
25883.2 -3784.25
25882.6 -3744.32
25881.9 -3704.52
25881.2 -3664.84
25880.5 -3625.28
25879.9 -3585.82
25879.2 -3546.47
22298.2 -3102.62
22298.1 -3095.17
22297.9 -3087.73
22297.8 -3080.3
22297.7 -3072.89
22297.6 -3065.49
22297.4 -3058.1
22297.3 -3050.72
22297.2 -3043.35
22297.1 -3035.99
22296.9 -3028.64
22296.8 -3021.29
22296.7 -3013.94
22296.6 -3006.6
22296.4 -2999.26
22296.3 -2991.92
22296.2 -2984.58
22296.1 -2977.24
22295.9 -2969.89
22295.8 -2962.55
22295.7 -2955.19
22295.6 -2947.84
22295.4 -2940.47
22295.3 -2933.1
22295.2 -2925.72
22295.1 -2918.32
22294.9 -2910.92
22294.8 -2903.5
22294.7 -2896.07
22294.5 -2888.63
22294.4 -2881.17
22294.3 -2873.69
22294.2 -2866.19
22294 -2858.67
22293.9 -2851.13
22293.8 -2843.57
22293.7 -2835.99
22293.5 -2828.38
22293.4 -2820.74
22293.3 -2813.08
22293.1 -2805.39
22293 -2797.67
22292.9 -2789.91
22292.7 -2782.13
22292.6 -2774.31
22292.5 -2766.45
22292.3 -2758.56
22292.2 -2750.63
22292.1 -2742.65
22291.9 -2734.64
22291.8 -2726.58
22291.7 -2718.48
22291.5 -2710.33
22291.4 -2702.14
22291.2 -2693.89
22291.1 -2685.59
25840.5 -1272.49
25856.5 -1221.5
25851.1 -1178.8
25849.4 -1134.34
25851 -1088.09
25855.7 -1040.06
25843.6 -999.294
25716 -1012.49
25648.9 -999.054
25565.3 -994.778
25464.2 -1000.7
25167 -1108.79
25090 -1107.94
25015 -1107.38
24941.8 -1107.12
24850.5 -1118.21
24777.7 -1120.55
24712.6 -1119.71
24705.3 -1085.8
24699.4 -1050.82
24714.7 -1002.58
24698.4 -973.331
24466.9 -1081.69
24416 -1077.64
24347.5 -1086.06
24301 -1080.91
24236.9 -1088.72
24194.5 -1082.44
24143.1 -1083.27
24084.2 -1090.51
24037.1 -1090.08
24003.8 -1080.02
23950.6 -1085.82
23905.2 -1086.44
23848.7 -1096.75
23819.7 -1085.82
23772.4 -1090.41
23726.5 -1094.75
23681.9 -1098.83
23654.6 -1088.64
23612.9 -1091.57
23572.4 -1094.21
23530.6 -1098.82
23494.8 -1098.6
23455.9 -1101.94
23418.8 -1104.28
23385.4 -1103.73
23351 -1104.71
23318.5 -1104.38
23300.2 -1089.84
23267.7 -1090.39
23235.7 -1090.94
23204.3 -1091.47
23173.4 -1092
23143 -1092.52
23113.1 -1093.03
23083.6 -1093.53
22478.4 -1783.94
22460.1 -1784.25
22442.1 -1784.55
22424.3 -1784.86
22406.9 -1785.15
22389.6 -1785.45
22372.6 -1785.74
22355.8 -1786.02
22339.3 -1786.31
22322.9 -1786.58
22306.8 -1786.86
22290.8 -1787.13
22275.1 -1787.4
22259.6 -1787.66
22244.2 -1787.93
22229 -1788.18
22214 -1788.44
22199.2 -1788.69
22184.5 -1788.94
22170 -1789.19
22155.6 -1789.43
22141.4 -1789.68
22127.3 -1789.92
22113.4 -1790.15
22099.6 -1790.39
22085.9 -1790.62
22072.4 -1790.85
22059 -1791.08
22045.7 -1791.31
22032.5 -1791.53
22019.4 -1791.75
22006.5 -1791.97
21993.6 -1792.19
21980.9 -1792.41
21968.3 -1792.63
21955.7 -1792.84
21943.3 -1793.05
21930.9 -1793.26
21918.6 -1793.47
21906.5 -1793.68
21894.4 -1793.88
21882.3 -1794.09
21870.4 -1794.29
21858.5 -1794.5
21844.8 -1800.71
21833.1 -1800.91
21821.5 -1801.11
21810 -1801.31
21798.5 -1801.5
21787.1 -1801.7
21775.8 -1801.89
21764.5 -1802.08
21753.2 -1802.27
21742 -1802.46
21730.9 -1802.65
21719.8 -1802.84
21708.7 -1803.03
21697.7 -1803.22
21686.8 -1803.41
21675.8 -1803.59
21665 -1803.78
21654.1 -1803.96
21643.3 -1804.15
21632.5 -1804.33
21621.8 -1804.51
21611 -1804.7
21600.3 -1804.88
21589.7 -1805.06
21579 -1805.24
21568.4 -1805.42
21557.8 -1805.6
21547.2 -1805.78
21536.6 -1805.96
21526.1 -1806.14
21515.6 -1806.32
21505 -1806.5
21494.5 -1806.68
21484 -1806.86
21473.5 -1807.04
21463 -1807.22
21452.5 -1807.4
21442 -1807.57
21431.6 -1807.75
21421.1 -1807.93
21410.6 -1808.11
21400.1 -1808.29
21389.6 -1808.47
21379.1 -1808.65
21368.6 -1808.83
21282.6 -890.157
21264 -890.474
21245.4 -890.792
21226.7 -891.11
21208 -891.428
21189.3 -891.747
21170.5 -892.067
21151.7 -892.387
21132.9 -892.708
21114 -893.03
21095.1 -893.352
21076.1 -893.676
21057 -894
21037.9 -894.325
21018.8 -894.652
20998.3 -889.016
20978.9 -889.345
20959.5 -889.676
20940 -890.008
20920.5 -890.341
20900.8 -890.676
20881.1 -891.012
20861.3 -891.35
20841.4 -891.689
20821.4 -892.029
20801.3 -892.372
20781.1 -892.716
20760.8 -893.062
20740.3 -893.41
20719.8 -893.76
20699.2 -894.112
20678.4 -894.466
20657.5 -894.822
20636.4 -895.18
20615.3 -895.54
20594 -895.904
20572.5 -896.269
20550.9 -896.637
20529.1 -897.007
20507.2 -897.381
20485.1 -897.757
20462.9 -898.137
20440.4 -898.518
20417.8 -898.904
20395 -899.293
20372 -899.684
20348.8 -900.079
20325.4 -900.478
