17318.7 -5060.17
17314.5 -5133
17321.4 -5186.06
17319.5 -5258.98
17327.5 -5313.8
17326.7 -5389.32
17327.1 -5465.39
17327.2 -5544.95
17320.4 -5643.38
17330.2 -5707.16
17350.2 -5748.54
17330.6 -5889.73
17336.6 -5972.25
17332.3 -6085.46
17332.6 -6191.38
17341.8 -6278.31
17347.1 -6380.1
17344 -6511.34
17342.8 -6644.09
17353 -6748.65
17345.7 -6914.4
17348.8 -7055.84
17358.5 -7183.14
17357 -7357.14
17358.7 -7530.56
17365.4 -7696.98
17389.1 -7808.18
17440.7 -7814.44
17494.7 -7810.09
17547.1 -7811.46
17601.1 -7804.98
17651.9 -7812.13
17705.6 -7804.02
17754.5 -7819.57
17809.9 -7800.62
17860.3 -7806.85
17912.5 -7802.4
17964.4 -7797.85
18015.6 -7796.93
18066.6 -7796.02
18117.5 -7795.1
18168.3 -7794.19
18218.9 -7793.28
18269.4 -7792.38
18319.8 -7791.47
18370.1 -7790.57
18420.4 -7789.67
18470.5 -7788.77
18520.5 -7787.87
18570.5 -7786.97
18620.5 -7786.08
18670.3 -7785.18
18723.2 -7664.21
18771.9 -7663.34
18820.7 -7662.46
18869.3 -7661.59
18918 -7660.72
18966.7 -7659.84
19015.4 -7658.97
19064.1 -7658.1
19112.7 -7657.22
19167.9 -7776.25
19217.7 -7775.36
19267.5 -7774.46
19317.4 -7773.57
19367.4 -7772.67
19417.4 -7771.77
19467.4 -7770.88
19517.6 -7769.98
19567.8 -7769.07
19618.1 -7768.17
19668.6 -7767.27
19719.1 -7766.36
19769.8 -7765.45
19820.5 -7764.54
19871.5 -7763.62
19142.2 -3585.51
19155.7 -3585.26
19169.2 -3585.02
19182.8 -3584.78
19196.4 -3584.53
19210.1 -3584.29
19223.9 -3584.04
19237.6 -3583.79
19251.5 -3583.55
19265.4 -3583.3
19279.3 -3583.05
19293.4 -3582.79
19307.4 -3582.54
19321.6 -3582.29
19335.8 -3582.03
19350.1 -3581.78
19364.5 -3581.52
19375.7 -3571.85
19390.2 -3571.59
19404.7 -3571.32
19419.3 -3571.06
19434 -3570.8
19448.8 -3570.53
19463.8 -3570.27
19478.8 -3570
19493.9 -3569.72
19509.1 -3569.45
19524.4 -3569.18
19539.9 -3568.9
19555.4 -3568.62
19571.1 -3568.34
19586.9 -3568.05
19602.9 -3567.77
19618.9 -3567.48
19635.1 -3567.19
19651.5 -3566.9
19668 -3566.6
19684.7 -3566.3
19701.5 -3566
19718.4 -3565.69
19735.6 -3565.39
19752.9 -3565.08
19770.4 -3564.76
19788 -3564.45
19805.9 -3564.13
19823.9 -3563.8
19842.2 -3563.47
19860.6 -3563.14
19879.3 -3562.81
19898.1 -3562.47
19917.2 -3562.13
19936.6 -3561.78
19956.1 -3561.43
19976 -3561.07
19996 -3560.71
20016.4 -3560.35
20037 -3559.98
20057.9 -3559.6
20079 -3559.22
20100.5 -3558.84
20122.3 -3558.45
20144.4 -3558.05
20166.8 -3557.65
20189.5 -3557.24
20212.6 -3556.82
20236.1 -3556.4
20260 -3555.98
20284.2 -3555.54
20308.8 -3555.1
20333.9 -3554.65
20359.3 -3554.19
20382.3 -3550.86
20393.9 -3536.49
20426 -3541.24
20458.4 -3545.55
20492.6 -3550.82
20505.5 -3536.7
20539 -3540.37
20572.7 -3543.62
20609.8 -3549.09
20624.2 -3535.17
20659.2 -3537.8
20694.5 -3540.03
21574.4 -4198.23
21634.6 -4206.4
21694.7 -4213.39
21734.6 -4204.32
21794.7 -4209.31
21834.5 -4198.8
21914.8 -4215.94
21954.3 -4203.57
22003.8 -4197.34
22075.1 -4204.7
22127.4 -4198.47
22183 -4193.52
22240.5 -4188.81
22311.6 -4191.44
22373.7 -4187.42
22443.5 -4186.91
22996.4 -4462.36
23066.4 -4453.95
23153.9 -4454.03
25903.5 -5888.89
25883.9 -5799.44
25968.8 -5765.26
25416.8 -5407.48
25415.5 -5335.21
25414.2 -5263.59
25412.9 -5192.6
25411.6 -5122.22
24201.6 -4505.56
24215.4 -4455.68
24296.4 -4434.93
24424.8 -4432.9
24560.7 -4431.73
24697.1 -4428.41
24831 -4421.75
22259.9 -3383.25
22259.3 -3349.15
22258.7 -3315.28
22258.1 -3281.63
22257.5 -3248.21
22256.9 -3214.99
22256.3 -3181.98
22265.4 -3152.17
22263.5 -3119.06
22266.1 -3087.46
22273.5 -3057.34
22266 -3023.17
22335 -3009.55
22442.5 -3004.61
22557 -2999.55
22679.4 -2994.37
22810.4 -2989.04
22951 -2983.56
23102.4 -2977.89
23357.5 -2990.38
23538.5 -2984.21
23735.3 -2977.76
23949.9 -2971
24185.1 -2963.89
24443.9 -2956.36
24730.2 -2948.34
25177.4 -2957.45
25424.9 -2933.08
25872.4 -2928.36
25871.2 -2866.17
25870.1 -2804.11
25869 -2742.19
25867.9 -2680.39
25866.8 -2618.7
25865.7 -2557.12
25864.6 -2495.62
25863.5 -2434.2
25862.4 -2372.86
25861.3 -2311.58
25860.2 -2250.35
21337.2 -2125.25
21336.8 -2103.62
21336.4 -2082.01
21336 -2060.39
22235.5 -2020.04
22234.9 -1990.57
22234.4 -1961.09
22233.9 -1931.6
22233.4 -1902.09
22232.8 -1872.56
22232.3 -1843.01
22231.8 -1813.43
22231.2 -1783.82
22230.7 -1754.17
22230.2 -1724.48
22229.6 -1694.74
22229.1 -1664.95
22228.6 -1635.1
22228 -1605.19
22227.5 -1575.22
22226.9 -1545.17
22230 -1514.44
22244.2 -1481.54
22232.1 -1453.28
22232.3 -1422.69
22239.8 -1390.48
22223.7 -1363.14
22223.1 -1332.46
22237.5 -1298.16
22226.2 -1269.75
22233.2 -1236.77
22232.2 -1205.62
22154.4 -1195.23
22059.2 -1191.04
21946.4 -1193.63
21835.7 -1197.58
21746.7 -1196.74
21652.8 -1199.05
21569.2 -1199.63
21486.8 -1201.23
21405.7 -1203.86
21281 -1223.57
21240.9 -1214.44
21192.7 -1208.97
21137 -1207.27
21081.9 -1206.25
21007.7 -1214.02
20954 -1214.55
20900.9 -1215.78
20848.4 -1217.7
20809.6 -1214.36
20759.2 -1217.04
20729 -1211.09
20679.4 -1214.98
20630.2 -1219.59
20601.1 -1214.94
20552 -1221.13
20524.4 -1216.85
20477.3 -1223.52
20450.3 -1220.08
20403.7 -1228.04
20380.5 -1223.48
20354.9 -1220.74
20309.7 -1230.08
20284.4 -1228.21
20259.3 -1226.66
20234.3 -1225.44
20197.3 -1232.41
20173.2 -1231.6
20149.3 -1231.13
20125.4 -1230.99
20101.7 -1231.2
20088.5 -1224.37
20065.6 -1224.76
20042.7 -1225.49
20019.8 -1226.58
19997.1 -1228.03
19967.7 -1235.05
19945.5 -1236.94
19943.2 -1223.39
19921.2 -1225.75
19899.2 -1228.5
19872.8 -1235.38
19851.4 -1238.6
19849.7 -1224.94
19828.3 -1228.65
19804.2 -1235.28
19783.2 -1239.48
19782 -1225.59
19761.2 -1230.3
19739.1 -1236.66
19718.6 -1241.89
19717.8 -1227.72
19697.4 -1233.48
19674.6 -1242.17
19660.5 -1242.18
19646.7 -1242.19
19633 -1242.19
19621.1 -1240.54
19608.2 -1240.13
19595.5 -1239.71
19583 -1239.27
19573.5 -1235.57
19561.6 -1234.68
19550 -1233.76
19538.5 -1232.81
19515.4 -1247.15
19504.8 -1245.69
19494.3 -1244.18
19484 -1242.64
19473.9 -1241.06
19469 -1232.07
19445.3 -1250.14
19436 -1247.89
19426.9 -1245.57
19417.8 -1243.19
19402.3 -1250.94
19394 -1247.84
19385.7 -1244.65
19377.5 -1241.37
19369.5 -1237.99
19357.3 -1241.63
19349.9 -1237.37
19342.5 -1232.98
19324.1 -1248.65
19317.1 -1243.97
19310.2 -1239.14
19301.8 -1236.95
19285.3 -1251.17
19279.2 -1245
19273.1 -1238.6
19257.6 -1252.15
19252.5 -1243.8
19247.2 -1235.72
19233.1 -1247.49
19228.1 -1238.77
19214.7 -1249.85
19210 -1240.4
19208.3 -1222.79
19211.9 -1191.17
19207.4 -1179.21
19210.3 -1146.56
19212.9 -1113.34
19208.1 -1099.63
19210.1 -1065.13
19210.8 -1032.62
19206.2 -1015.09
19207.8 -976.511
19221.9 -894.174
19216.3 -874.271
19204.8 -874.479
19220.6 -774.179
19213.5 -754.303
19206 -734.433
19193.4 -734.66
19180.8 -734.885
19168.3 -735.11
19155.8 -735.334
19143.4 -735.557
19131.1 -735.779
19118.7 -736
19106.5 -736.22
19094.2 -736.44
19082 -736.658
19069.9 -736.877
19057.8 -737.094
19045.7 -737.311
19033.6 -737.528
19021.6 -737.743
19009.6 -737.958
18997.6 -738.173
18985.7 -738.388
18973.8 -738.602
18961.9 -738.815
18950 -739.028
18938.1 -739.241
18926.3 -739.454
18914.5 -739.666
18902.6 -739.878
18890.8 -740.09
18879 -740.302
18867.2 -740.514
18855.4 -740.726
18843.6 -740.937
18831.8 -741.149
18820 -741.361
18808.3 -741.572
18796.5 -741.784
18784.6 -741.996
18772.8 -742.208
18761 -742.42
18749.2 -742.633
18737.3 -742.845
18725.5 -743.058
18713.6 -743.271
18701.7 -743.485
18689.7 -743.699
18677.8 -743.913
18665.8 -744.128
18653.8 -744.344
18641.8 -744.56
18629.7 -744.776
18617.7 -744.993
18605.5 -745.21
18593.4 -745.429
18581.2 -745.648
18568.9 -745.868
18556.6 -746.088
18544.3 -746.309
18531.9 -746.531
18519.5 -746.754
18507 -746.978
18494.5 -747.203
18481.9 -747.429
18469.3 -747.656
18456.6 -747.884
18443.8 -748.113
18431 -748.343
18418.1 -748.575
18405.1 -748.808
18392.1 -749.042
18378.9 -749.277
18365.7 -749.514
18352.6 -750.13
18345.8 -767.084
18330.9 -763.403
18315.6 -759.008
18299.8 -753.951
18292.1 -768.125
18278.9 -769.339
18261.5 -761.414
18243.5 -753.03
18234.5 -764.052
18215.8 -754.831
18206.4 -765.06
18186.9 -755.102
18177.3 -765.046
18156.5 -753.569
18145.8 -761.636
18135.1 -769.444
18113 -757.202
18099.8 -760.906
18088 -767.286
18076.1 -773.479
18052 -759.708
18039.6 -765.559
18027.1 -771.251
18009.4 -769.092
17996.1 -773.875
17969.4 -758.773
17955.5 -763.324
17941.5 -767.766
17919.8 -761.514
17904.9 -765.218
17889.8 -768.84
17874.5 -772.384
17859.1 -775.853
17833.2 -766.127
17816.8 -768.986
17800.1 -771.791
17783.2 -774.544
17766.1 -777.248
17735.7 -764.534
17717.5 -766.726
17699 -768.885
17680.2 -771.011
17663.6 -775.791
17644 -777.466
17624 -779.122
17603.7 -780.758
18276.7 -1491.23
18267.4 -1492.26
18277.8 -1512.92
18268.5 -1513.91
18265.9 -1521.38
18266.1 -1531.42
18266.2 -1541.29
18261.6 -1546.64
18240.9 -1537.71
18240.5 -1547.01
18219.7 -1538.75
18216.4 -1545.6
18215.5 -1554.48
18214.7 -1563.24
18213.8 -1571.87
18208.2 -1576.73
18227.1 -1600.46
18225.7 -1608.17
18203.9 -1600.71
18202.4 -1608.49
18173.6 -1596.65
18171.5 -1604.24
18149.1 -1597.76
18146.9 -1605.43
18135.6 -1606.98
18112.5 -1601.02
18109.6 -1608.43
18086.3 -1603.06
18083.2 -1610.55
18068 -1610.74
18043.9 -1605.88
18019.6 -1601.43
18015.4 -1608.86
17990.9 -1604.98
17971.2 -1604.14
17965.9 -1611.37
17940.2 -1607.98
17914.4 -1604.98
17908.5 -1612.47
17883.3 -1610.48
17856 -1607.97
17828.4 -1605.85
17800.6 -1604.09
17792.7 -1611.73
17764.3 -1610.51
17730.9 -1607.64
17720.9 -1615.14
17690.3 -1614.41
17659.3 -1614.04
17627.9 -1614.04
17596 -1614.4
17551.6 -1610.78
17517.2 -1611.48
17482.1 -1612.54
17446.3 -1613.96
17409.6 -1615.74
17372.1 -1617.87
17387.8 -1636.98
17271.2 -1616.32
17228.7 -1619.18
15760.2 -1225.13
15760.7 -1254.43
15680.8 -1262.67
15540.7 -1257.15
15420.7 -1258.96
15320.9 -1267.53
15140.7 -1259.9
15000.7 -1264.04
14880.9 -1274.73
14680.8 -1271.76
14681.5 -1309.77
14682.2 -1347.64
14682.9 -1385.39
14683.5 -1423.01
14644.1 -1454.46
13341.2 -1307.4
12860.9 -1292.73
12541.1 -1306.39
12101.1 -1311.77
11681.3 -1326.97
11081.3 -1331.9
10894.1 -1383.9
10888.3 -1453.56
10883 -1523.27
10878.4 -1593.03
10874.3 -1662.82
10870.9 -1732.65
10868.1 -1802.5
10865.9 -1872.37
10864.3 -1942.27
10863.3 -2012.17
10862.9 -2082.08
10863.1 -2151.99
10864 -2221.89
10865.4 -2291.79
10867.5 -2361.67
10870.2 -2431.52
10873.5 -2501.36
10877.3 -2571.16
10881.9 -2640.92
10887 -2710.65
10892.7 -2780.32
10899 -2849.95
10906 -2919.51
10913.5 -2989.01
10921.7 -3058.44
10930.4 -3127.8
11293.9 -3147.61
11873.7 -3128.97
12313.6 -3122.16
12334.6 -3177.4
13133.3 -3095.94
13373.5 -3103.31
13613.6 -3106.51
13973.2 -3081.3
14173.3 -3083.49
14353.3 -3086.61
14513.4 -3091.17
14773.1 -3069.14
14913.2 -3072.18
15013.4 -3083.06
15233 -3060.33
15233.6 -3094.23
15234.2 -3128.28
15115.5 -3197.77
17244.2 -2584.09
17270.2 -2591.39
17274.9 -2605.21
17278.2 -2619.48
17280.3 -2634.2
17281.3 -2649.37
17266.3 -2670.4
17266.6 -2686.14
17266.9 -2701.97
17267.2 -2717.91
17267.5 -2733.95
17267.8 -2750.1
17268.1 -2766.36
17268.4 -2782.74
17268.6 -2799.23
17268.9 -2815.85
17269.2 -2832.59
17269.6 -2849.46
17269.9 -2866.47
17270.2 -2883.62
17270.5 -2900.91
17270.8 -2918.35
17271.1 -2935.94
17271.4 -2953.68
17271.7 -2971.59
17272.1 -2989.67
17272.4 -3007.92
17272.7 -3026.34
17273.1 -3044.95
17273.4 -3063.75
17273.7 -3082.74
17274.1 -3101.93
17274.4 -3121.33
17274.8 -3140.94
17275.1 -3160.76
17275.5 -3180.82
17275.9 -3201.11
17276.2 -3221.64
17276.6 -3242.41
17277 -3263.44
17277.4 -3284.74
17277.7 -3306.3
17278.1 -3328.15
17318 -3318.92
17338.1 -3324.83
17358.2 -3330.48
17378.3 -3335.86
17418.1 -3324.14
17438.2 -3328.68
17477.9 -3315.52
17498 -3319.2
17518.1 -3322.58
17538.1 -3325.67
17558.2 -3328.46
17558.6 -3349.94
17559 -3371.77
17559.4 -3393.97
17559.8 -3416.54
17575 -3424.13
17578.4 -3444.08
17582.2 -3464.01
17586.2 -3483.94
17590.4 -3503.87
17577 -3544.12
17582.2 -3564.03
17570.3 -3604.25
17593.3 -3603.83
17616.1 -3603.43
17638.4 -3603.02
17660.5 -3602.63
17682.2 -3602.24
17703.6 -3601.85
17724.7 -3601.48
17745.6 -3601.1
17766.1 -3600.73
17786.4 -3600.37
17806.5 -3600.01
17826.2 -3599.65
17845.8 -3599.3
17865.1 -3598.96
17884.1 -3598.62
17903 -3598.28
17921.6 -3597.94
17940 -3597.61
17958.2 -3597.29
17976.2 -3596.96
17994 -3596.64
18011.7 -3596.33
18029.1 -3596.01
18035.5 -3615.9
18031.3 -3655.98
17318.7 -5060.17
