-763.478 -7845.69
-701.373 -7907
-638.736 -7967.76
-575.569 -8027.97
-511.88 -8087.63
-447.674 -8146.73
-382.955 -8205.27
-317.726 -8263.24
-251.993 -8320.64
-185.763 -8377.46
-119.04 -8433.71
-51.8287 -8489.36
15.8662 -8544.43
84.0403 -8598.91
152.687 -8652.79
221.8 -8706.07
291.374 -8758.75
361.409 -8810.81
431.893 -8862.27
5558.46 -1793.52
5584.09 -1776.1
5604.28 -1765.74
5627.58 -1750.12
5647.25 -1739.18
5654.74 -1746.46
5676.23 -1731.72
5681.04 -1743
5695.89 -1738.06
5709.58 -1734.65
5729.74 -1719.85
5745.62 -1711.72
5763.27 -1699.9
5769.08 -1708.87
5781.66 -1705.48
5797.88 -1694.87
5801 -1708.92
5818.34 -1695.34
5831.42 -1689.59
5839.55 -1693.58
5852.86 -1686.65
5864.33 -1683.2
5871.58 -1688.72
5886.18 -1677.73
5893.81 -1682.16
5904.6 -1679.15
5913.4 -1680.66
5923.68 -1678.36
5937.18 -1667.58
5945.12 -1670.65
5955.87 -1666.14
5966.51 -1661.52
5975.72 -1660.56
5985.54 -1657.62
5993.38 -1660.26
6004.33 -1653.32
6013.63 -1651.03
6026.06 -1638.12
6032.33 -1645.21
6038.97 -1651.3
6051.01 -1638.05
6058.68 -1640.12
6066.87 -1640.19
6076 -1636.3
6086.9 -1624.54
6095.12 -1623.38
6103.31 -1622.14
6110.23 -1626.69
6119.77 -1618.45
6127.65 -1617.96
6133.89 -1626.25
6143.68 -1614.8
6150.5 -1620.01
6159.56 -1611.34
6167.72 -1607.52
6174.58 -1612.54
6182.8 -1607.59
6190.2 -1608.51
6197.5 -1610.37
6205.44 -1606.19
6213.77 -1596.96
6221.84 -1588.65
6228.54 -1596.22
6235.71 -1598.74
6243.63 -1589.22
6250.52 -1596.61
6258.36 -1583.96
6265.42 -1588.22
6273.11 -1569.43
6280.01 -1580.57
6287.15 -1584.65
6294.35 -1584.66
6301.41 -1571.62
6308.63 -1578.51
6315.83 -1580.34
6322.73 -1573.11
6329.65 -1568.82
6336.92 -1572.46
6343.38 -1562.06
6350.81 -1567.57
6356.98 -1556.07
6364.91 -1566.43
6371.75 -1563.78
6379.19 -1567.04
6386.11 -1565.26
6392.89 -1562.43
6398.44 -1550.62
6405.48 -1550.65
6412.07 -1547.66
6418.47 -1543.63
6424.64 -1538.55
6434.07 -1552.14
6438.03 -1535.15
6445.56 -1537.77
6453.75 -1543.27
6456.39 -1522.28
6465.44 -1531.55
6469.9 -1520.28
6479.59 -1531.33
6488.51 -1538.4
6499.59 -1553.11
6504.94 -1545.48
6514.49 -1553.23
6528.07 -1574.32
6533.16 -1565.53
6539.89 -1562.44
6549.31 -1567.88
6561.95 -1582.71
6564.02 -1565.17
6571.36 -1563.71
6582.06 -1571.61
6599.11 -1596.29
6610.98 -1605.75
6623.76 -1616.93
6644.86 -1648.4
6659.76 -1662.9
6681.86 -1693.81
7724.31 -4112.8
7337.2 -3148.24
7305.29 -3021.29
7321.23 -3004.19
7339.08 -2991.5
7353.33 -2971.47
7380.08 -2977.39
7411.04 -2991.06
7485.63 -3088.91
7524.92 -3114.74
7510.07 -3037.75
7524.16 -3016.5
7538.94 -2996.93
7560.39 -2989.45
7571.77 -2964.46
7591.47 -2954.08
7607.99 -2938.38
7627.48 -2927.67
7634.11 -2896.46
7654.33 -2887.19
7676.67 -2881.09
7693.47 -2866.44
7711.24 -2853.3
7808.99 -2956.05
7882.76 -3020.44
7866.9 -2956.89
12187.6 -8837.37
10218.9 -6042.35
10437.5 -6235.93
10868.5 -6696.97
10798.5 -6501.83
10942.7 -6580.26
10793.3 -6293.53
10898.1 -6322.6
10891.7 -6217.2
11008.2 -6257.31
11250 -6438.18
11289.4 -6383.49
11521.4 -6542.17
11511.4 -6430.83
11608.5 -6436.16
11675.1 -6407.65
11705.4 -6341.08
11766.5 -6306.45
11725.5 -6169.56
11873.2 -6220.56
11943.7 -6193.83
11998.2 -6151.18
12045.1 -6101.19
11838.1 -5819.59
11668.3 -5579.42
11817.5 -5626.85
12211.3 -5882.78
12105.7 -5703.31
12028.9 -5552.37
11834.8 -5308.62
11292 -4790.58
11284.6 -4713.28
11231.3 -4601.41
10965.9 -4329.9
10784.1 -4129.35
10582.3 -3919.81
10422.5 -3746.87
10269.8 -3583.92
10130.3 -3434.74
9976.02 -3279.74
9971.31 -3229.67
10014.4 -3211.77
9819.01 -3039.14
9619.19 -2869.05
9460 -2729.56
9372.91 -2638.32
9295.64 -2555.43
9234.41 -2484.15
9157.44 -2405.6
9097.63 -2338.84
9030.74 -2269.87
8985.75 -2214.55
8996.57 -2190.06
9014.28 -2169.17
9039.86 -2152.14
9053.69 -2129
9079.93 -2111.84
9102.47 -2092.61
9120.35 -2070.98
9154.45 -2056.58
9165.66 -2031.55
9183.99 -2009.61
9192.95 -1983.55
9234.03 -1970.76
9250.06 -1947.28
9270.55 -1925.43
9299.3 -1906.53
9299.82 -1876.77
9253.97 -1830.42
9210.37 -1785.96
9154.87 -1738.45
9131.04 -1702.72
9088.72 -1661.64
9044.95 -1621.08
9004.52 -1582.51
9006.8 -1557.4
8997.3 -1529.03
9003.91 -1505.4
9029.65 -1486.85
8986.49 -1450.27
8960.37 -1418.82
8926.14 -1386.03
8895.43 -1354.78
8875.13 -1326.47
8845.73 -1296.7
8824.83 -1269.27
7529.96 -997.467
7414.93 -965.221
7380.23 -949.072
7370.99 -937.781
7361.64 -926.666
7350.19 -915.436
7335.66 -904.008
7332.91 -894.386
7316.18 -883.147
7296.35 -871.877
7333.1 -866.801
7311.1 -855.56
7308.91 -846.414
7325.58 -838.763
7321.24 -829.408
7335.78 -821.254
7309.32 -810.792
7319.71 -802.333
7341.04 -794.056
7368.29 -785.556
7379.47 -776.336
7384.58 -766.884
7390.6 -757.342
7391.54 -747.749
7421.38 -737.573
7441.14 -727.157
7431.82 -717.469
7460.38 -706.203
7466.86 -695.633
7480.22 -684.504
7498.47 -672.777
7517.61 -660.646
7519.68 -649.692
7535.59 -637.323
7529.51 -627.014
7568.04 -611.613
7574.63 -599.496
7577.15 -587.784
7610.25 -571.637
7619.44 -558.497
7637.38 -543.755
7637.41 -531.694
7672.78 -513.289
7701.05 -495.54
7699.67 -483.067
7714.84 -467.172
7613.48 -475.98
7530.94 -482.382
7488.54 -480.894
7517.16 -462.932
7487.37 -459.088
7476.96 -450.693
7472.29 -440.891
7462.72 -432.494
7454.06 -423.961
7459.71 -411.264
7428.91 -409.63
7425.81 -399.727
7449.24 -381.143
7424.09 -378.408
7446.23 -359.704
7486.03 -334.205
7519.83 -310.047
7659.06 -245.469
7711.42 -211.583
7707.51 -198.854
7694.23 -189.918
7699.35 -173.477
7685.91 -164.758
7664.17 -159.834
7655.24 -149.522
7646.22 -139.321
7640.76 -127.532
7624.37 -120.981
7629.52 -104.1
7623.75 -92.458
7612.53 -83.6024
7592.41 -79.5278
7582.9 -70.0962
7569.81 -62.6946
7565.42 -50.6023
7552.23 -43.4762
7548.53 -31.0058
7548.15 -16.5078
7535.62 -9.19755
7517.95 -5.19491
7513.02 6.53282
7504.6 16.0754
7503.65 30.4475
7483.38 32.1264
7475.6 41.9267
7471.85 54.4922
7466.34 65.9025
7447.71 67.96
7440.44 78.0085
7431.48 86.8003
7430.43 101.535
7423.67 112.041
7408.94 116.323
7412.19 134.769
7395.8 137.565
7384.08 143.969
7374.63 152.171
7365.87 160.928
7356.29 168.943
7360.85 189.481
7339.18 186.695
7348.54 212.043
7334.18 215.753
7314.77 214.456
7310.54 227.516
7299.75 234.255
7290.33 242.297
7278.05 247.392
7281.01 268.207
7271.31 276.066
7262.24 284.568
7247.7 287.08
7242.53 299.842
7240.52 316.345
7233.06 326.845
7215.77 325.869
7213.31 342.325
7211.27 359.593
7195.19 359.783
7195.33 380.16
7178.59 379.311
7166.8 384.616
7166.98 405.799
7152.03 406.944
7140.65 412.779
7139.65 433.181
7128.06 438.886
7113.05 439.529
7105.34 450.794
7105.2 473.706
7089.52 473.192
7076.59 476.721
7072.11 493.706
7065.83 508.144
7050.63 507.977
7040.55 516.27
7031.88 527.083
7022.09 536.1
7013.17 546.794
7002.69 554.792
6996.81 571.547
6990.68 588.297
6975.28 587.202
6962.61 591.316
6954.72 605.209
6946.21 618.163
6937.11 630.165
6931.97 651.22
6922.07 662.232
6912.41 674.097
6901.82 684.058
6884.25 677.298
6874.3 688.902
6867.1 707.891
6859.62 726.864
6843.84 724.256
6835.29 741.235
6821.84 744.97
6814.19 765.617
6800.23 768.213
6787.8 775.44
6781.55 802.607
6765.86 800.116
6756.18 817.618
6746.78 836.993
6729.12 827.397
6717.05 837.911
6707.06 857.053
6695.34 870.316
6690.35 912.683
6696.47 1006.75
6679.11 1001.42
6667.44 1022.34
6652.46 1028.48
6643.83 1067.89
6627.87 1070.88
6614.79 1090.49
6598.8 1094.22
6584.31 1107.69
6570.04 1124.01
6554.55 1133.29
6542.26 1168.23
6526.27 1177.29
6512.02 1203.11
6494.88 1204.95
6478.86 1218.58
6464.39 1253.01
6446.06 1244.47
6430.05 1267.68
6413.48 1287.77
6396.66 1309.72
6379.34 1328.53
6361.94 1354.2
6344.04 1377.71
6325.54 1388.08
6306.98 1415.29
6288.01 1409.33
6268.55 1458.2
6249.12 1461.91
6229.14 1482.44
6208.69 1505.78
6187.32 1539.92
6166.06 1560.89
6143.85 1590.63
6123.06 1593.23
6099.8 1625.55
6076.22 1654.66
6052.91 1675.57
6030.17 1687.3
6011.48 1662.07
5991.6 1649.6
5970.85 1644.9
5947.06 1661.8
5921.14 1690.33
5891.06 1741.3
5863.9 1769.25
5834.99 1803.81
5805.82 1836.08
5775.47 1870.99
5748.5 1885.96
5714.94 1930
5685.37 1952.18
5649.47 1999.37
5611.29 2051.96
5575.31 2091.49
5542.63 2115.12
5507.66 2145.15
5466.45 2195.01
5423.21 2248.21
5398.71 2234.76
5437.38 2016.59
5311.17 2330.21
5245.98 2438.43
5199.6 2484.14
5147.74 2542.5
5097.14 2593.61
5040.75 2657.23
4992.67 2694.85
4925.82 2778.52
4861.83 2850.12
4804.02 2902.35
4740.97 2963.99
4666.12 3049.63
4586.46 3141.57
4553.71 3123.8
4569.05 3001.2
4346.53 3390.74
4249.84 3499.83
4153.31 3603.05
4056.62 3701.33
3947.12 3819.61
3832.14 3942.5
5012.44 1635.71
4938.42 1721.89
4889.56 1758.9
3301.31 4501.4
3145.61 4664.53
2987.35 4824.46
2802.82 5020.55
4276.66 2514.47
4610.79 1919.15
4721.17 1695.5
4699.26 1682.53
4678.01 1668.53
4663.05 1645.24
4639.85 1634.22
4613.27 1627.89
4595.41 1609.08
397.63 7318.04
327.365 7266.29
257.554 7213.93
188.202 7160.96
119.316 7107.39
50.8945 7053.21
-17.0468 6998.45
-84.5079 6943.09
-151.483 6887.15
-217.967 6830.62
-283.956 6773.52
-349.444 6715.84
-414.426 6657.6
-478.897 6598.79
-542.852 6539.41
-606.291 6479.48
-669.201 6419
-731.58 6357.98
-793.425 6296.41
