20145.8 10052.5
20102.9 10051.7
20060.1 10050.8
20017.3 10050
19974.6 10049.1
19932 10048.3
19891.2 10087.5
19871.1 10707.2
19842.3 11406.7
19788 11405.7
19732 11244.5
19679.1 11243.4
19626.2 11242.4
19573.3 11241.3
19520.5 11240.3
19467.6 11239.2
19539.1 8280.05
19512.1 8279.51
19485.1 8278.97
19458 8278.43
19431 8277.89
19403.9 8277.35
19376.7 8276.8
19349.6 8276.26
19322.4 8275.72
19295.1 8275.17
19267.8 8274.62
19240.5 8274.08
19213 8273.53
19185.6 8272.98
19158 8272.43
19130.4 8271.88
19102.8 8271.32
19075 8270.77
19047.2 8270.21
19019.2 8269.65
18991.2 8269.09
18963.1 8268.53
18963.4 8148.51
18946 8108.15
18919 8107.61
18892 8107.07
18864.8 8106.53
18837.4 8105.98
18810 8105.43
18782.4 8104.88
18754.7 8104.32
18726.9 8103.77
18698.9 8103.21
18670.7 8102.64
18642.4 8102.08
18613.9 8101.51
18585.3 8100.93
18556.4 8100.36
18527.4 8099.78
18498.2 8099.19
19068.4 6646.49
19069.5 6608.74
19074.8 6562.68
19072 6536.71
19069.6 6510.99
19076.7 6465.68
19075.1 6440.42
19075.5 6412.09
19074.1 6388.19
19073.1 6364.44
19072.4 6340.83
19082.6 6297.55
19082.1 6275.43
19082.2 6253.01
19082.6 6230.67
19083.4 6208.41
19084.6 6186.23
19074.2 6183.89
19084.5 6147.8
19086.2 6126.5
19075.8 6125
19078 6103.79
19080.6 6082.61
19077.6 6070.34
19080.5 6049.82
19083.7 6029.33
19087.3 6008.86
19077 6008.13
19086.5 5980.55
19075.9 5980.34
19080.3 5960.42
19085.1 5940.51
19090.3 5920.61
19080 5920.41
19085.8 5900.52
19092 5880.64
19081.8 5880.44
19088.6 5860.57
19078.5 5860.36
19085.8 5840.51
19093.7 5820.66
19083.7 5820.46
19092.1 5800.63
19082.2 5800.43
19091.3 5780.6
19081.3 5780.4
19091.1 5760.6
19081.1 5760.4
19077.6 5753.84
19077.8 5743.9
19078 5734.13
19078.2 5724.52
19078.4 5715.07
19078.6 5705.77
19078.7 5696.62
19078.9 5687.6
19079.1 5678.73
19079.3 5669.98
19079.4 5661.37
19079.6 5652.88
19079.8 5644.51
19079.9 5636.25
19080.1 5628.11
19080.3 5620.07
19080.4 5612.15
19080.6 5604.32
19080.7 5596.59
19080.9 5588.96
19081 5581.43
19081.2 5573.98
19081.3 5566.62
19081.5 5559.35
19081.6 5552.16
19081.8 5545.05
19081.9 5538.02
19082.1 5531.06
19082.2 5524.18
19082.3 5517.37
19082.5 5510.62
19082.6 5503.94
19082.7 5497.33
19082.9 5490.78
19083 5484.29
19083.1 5477.86
19083.2 5471.49
19083.4 5465.17
19083.5 5458.91
19083.6 5452.7
19083.7 5446.54
19083.9 5440.43
19084 5434.37
19084.1 5428.35
19084.2 5422.38
19084.3 5416.45
19084.5 5410.57
19084.6 5404.72
19084.7 5398.92
19084.8 5393.15
19084.9 5387.42
19085 5381.72
19085.2 5376.06
19085.3 5370.43
19085.4 5364.84
19085.5 5359.27
19085.6 5353.74
19085.7 5348.23
19085.8 5342.75
19085.9 5337.3
19086 5331.88
19086.1 5326.48
19086.3 5321.1
19086.4 5315.74
19086.5 5310.41
19086.6 5305.1
19086.7 5299.81
19086.8 5294.54
19086.9 5289.28
19087 5284.04
19087.1 5278.82
19087.2 5273.62
19087.3 5268.43
19087.4 5263.25
19087.5 5258.08
19087.6 5252.93
19087.7 5247.79
19087.8 5242.66
19087.9 5237.54
19088 5232.43
19088.1 5227.32
19088.2 5222.22
19088.3 5217.13
19088.4 5212.05
19088.5 5206.97
19088.6 5201.89
19088.7 5196.82
19088.8 5191.75
19088.9 5186.68
19089 5181.61
19089.1 5176.54
19089.2 5171.48
19089.3 5166.41
19089.5 5161.34
19089.6 5156.26
19089.7 5151.18
19089.8 5146.1
19089.9 5141.01
19090 5135.92
19090.1 5130.82
19090.2 5125.71
19090.3 5120.59
19090.4 5115.46
19090.5 5110.33
19090.6 5105.18
19090.7 5100.02
19090.8 5094.85
19090.9 5089.67
19091 5084.47
19091.1 5079.25
19091.2 5074.02
19091.3 5068.78
19091.4 5063.51
19091.5 5058.23
19091.6 5052.93
19091.7 5047.6
19091.8 5042.26
19091.9 5036.89
19092 5031.5
19092.2 5026.09
19092.3 5020.65
19092.4 5015.19
19092.5 5009.69
19092.6 5004.17
19092.7 4998.62
19092.8 4993.04
19092.9 4987.43
19093 4981.78
19093.2 4976.1
19093.3 4970.39
19093.4 4964.64
19093.5 4958.85
19093.6 4953.02
19093.7 4947.15
19093.9 4941.25
19094 4935.29
19094.1 4929.3
19094.2 4923.26
19094.3 4917.17
19094.5 4911.03
19094.6 4904.85
19094.7 4898.61
19094.8 4892.32
19095 4885.97
19095.1 4879.57
19095.2 4873.11
19095.3 4866.59
19095.5 4860
19095.6 4853.36
19095.7 4846.64
19095.9 4839.86
19096 4833.01
19096.2 4826.09
19096.3 4819.09
19096.4 4812.02
19096.6 4804.86
17287 3550.23
17325 3546.02
17362.5 3542.09
17419.3 3552.82
17456 3549.73
17492.2 3546.93
17528.1 3544.44
17583.2 3557.68
17618.3 3556.07
17653.1 3554.77
17687.5 3553.79
17721.6 3553.14
19039.6 4652.91
19039.8 4643.47
19059.6 4651.33
19059.8 4641.91
19079.7 4650.39
19099.5 4659.36
19099.7 4650.13
19099.9 4640.75
19100.1 4631.21
19100.3 4621.52
19100.5 4611.66
19100.7 4601.63
19109.7 4600.74
19119.6 4600.93
19110.7 4580.75
19102.3 4560.58
19112.4 4560.78
19104.6 4540.62
19114.7 4540.82
19107.6 4520.68
19117.6 4520.88
19111.1 4500.75
19121.2 4500.95
19115.3 4480.83
19109.9 4460.71
19120.1 4460.92
19115.2 4440.81
19110.7 4420.72
19121.1 4420.93
19117.1 4400.85
19113.6 4380.77
19110.5 4360.7
19121.1 4360.92
19118.5 4340.86
19116.2 4320.81
19114.4 4300.77
18674.3 3561.81
18693.9 3562.2
18713.4 3562.59
18732.7 3562.98
18751.7 3563.36
18770.6 3563.73
18789.3 3564.11
18807.8 3564.48
18826.1 3564.84
18844.2 3565.21
18862.2 3565.57
18880 3565.92
18897.6 3566.28
18915.1 3566.63
18932.5 3566.97
18949.7 3567.32
18966.7 3567.66
18983.7 3568
19000.5 3568.33
19017.1 3568.67
19033.7 3569
19050.1 3569.33
19066.4 3569.65
19082.6 3569.98
19098.7 3570.3
19114.7 3570.62
19130.6 3570.94
19146.4 3571.25
19162.1 3571.57
19177.7 3571.88
19193.2 3572.19
19208.6 3572.5
19223.9 3572.81
19492.8 4528.39
19499 4528.51
19505.2 4528.64
19511.4 4528.76
19517.5 4528.88
19523.6 4529
19529.7 4529.13
19535.8 4529.25
19541.8 4529.37
19547.8 4529.49
19553.8 4529.61
19559.8 4529.73
19565.8 4529.85
19571.7 4529.97
19572.1 4489.97
19573.2 4449.98
19574.9 4410.01
19575.2 4350
19578.5 4310.06
19586.3 4310.21
19594.1 4310.37
19601.9 4310.53
19609.6 4310.68
19617.4 4310.84
19625.1 4310.99
19632.8 4311.14
19640.5 4311.3
19648.2 4311.45
19655.9 4311.61
19663.6 4311.76
19671.3 4311.92
19679 4312.07
19686.7 4312.22
19694.4 4312.38
19702.1 4312.53
19709.8 4312.68
19717.5 4312.84
19725.2 4312.99
19732.9 4313.15
19740.6 4313.3
19748.3 4313.46
19756 4313.61
19763.8 4313.77
19771.5 4313.92
19779.3 4314.08
19787.1 4314.23
19794.9 4314.39
19802.7 4314.54
19810.5 4314.7
19818.4 4314.86
19826.3 4315.02
19834.1 4315.17
19842.1 4315.33
19850 4315.49
19858 4315.65
19866 4315.81
19874 4315.97
19882 4316.13
19890.1 4316.29
19898.2 4316.46
19906.4 4316.62
19914.6 4316.78
21789.2 -2117.01
21780.8 -1857.13
21780.1 -1637.1
21845.2 -1635.79
21910.7 -1634.48
21976.5 -1633.17
22042.7 -1631.84
22109.3 -1630.51
22176.3 -1629.17
22244.7 -1630.68
21834.5 -395.759
21819.4 -216.026
21817.2 -76.0409
21804.3 83.7325
21814 183.947
21848.2 224.638
22389.4 -864.751
22379.8 -704.911
22376.7 -564.946
22409.2 -504.284
21388.6 1695.74
21396.5 1755.91
21433.9 1756.66
21471.6 1757.41
21509.7 1758.17
21548.1 1758.94
21586.8 1759.72
21625.9 1760.5
21665.4 1761.29
21705.3 1762.09
20882.2 3188.48
20880.4 3230.45
20878.2 3271.77
20875.6 3312.46
20872.7 3352.57
20882.6 3372.38
20879.2 3411.4
20875.4 3449.9
20871.2 3487.91
20880.9 3505.73
20876.2 3542.83
20871.1 3579.5
20865.7 3615.75
20875 3631.91
20869 3667.39
20862.6 3702.51
20871.9 3717.6
20864.9 3752.03
20874.1 3766.47
20866.5 3800.27
20858.5 3833.78
20867.6 3847.34
20858.9 3880.28
20868 3893.3
20858.7 3925.72
20867.7 3938.26
20857.8 3970.18
20866.8 3982.26
20856.2 4013.74
20865.2 4025.39
20873 4038.17
20872.6 4058.57
20872.2 4078.63
20871.8 4098.35
20871.4 4117.75
20871 4136.83
20870.6 4155.61
20870.3 4174.1
20869.9 4192.31
20869.5 4210.24
20869.2 4227.91
20868.8 4245.32
20868.5 4262.49
20868.1 4279.41
20867.8 4296.1
20867.5 4312.56
20867.2 4328.81
20866.8 4344.84
20866.5 4360.67
20866.2 4376.3
20865.9 4391.73
20865.6 4406.98
20885.6 4409.01
20925.8 4398.57
20925.5 4414.04
20965.7 4404.74
20985.6 4408.3
21005.5 4412.18
21045.7 4404.79
21045.4 4420.86
21045 4436.76
21044.7 4452.51
21044.4 4468.09
21044.1 4483.53
21043.8 4498.83
21043.5 4513.98
21043.2 4529
21042.9 4543.88
21042.6 4558.63
21042.3 4573.26
21042 4587.77
21041.7 4602.17
21041.4 4616.44
21041.2 4630.61
21040.9 4644.67
21040.6 4658.63
21040.3 4672.49
21040 4686.25
21039.8 4699.92
21039.5 4713.49
21039.2 4726.98
21039 4740.39
21038.7 4753.71
21038.4 4766.95
21038.2 4780.11
21037.9 4793.2
21037.6 4806.22
21037.4 4819.17
21037.1 4832.06
21036.9 4844.88
21036.6 4857.64
21056.5 4865.61
21096.4 4869.35
21116.2 4878.13
21236.5 4866.37
21276.4 4872.71
21316.2 4879.72
21456.5 4869.29
21516.4 4875.12
21034.4 4970.07
21034.1 4982.34
21033.9 4994.57
21033.6 5006.77
21033.4 5018.93
21033.1 5031.06
21032.9 5043.16
21052.7 5053.23
21112.6 5059.95
21392.8 5049.48
21492.7 5057.26
21612.6 5065.47
22012.8 5059.97
22232.6 5070.04
22532.4 5080.84
22912.3 5094.47
23932.3 5101.06
24992.1 5124.98
25111.2 5171.04
25110.2 5218.59
25109.3 5266.13
25108.3 5313.67
25107.4 5361.21
28544.3 5545.78
28542.8 5623.41
24465.1 5467.22
24464.3 5509.24
25601.9 5636.6
24921.9 5631.84
24921 5678.01
29618 6200.39
29608.8 6287.29
29598.8 6374.11
29588.1 6460.84
29576.7 6547.47
29564.4 6634
28524 6561.52
28522.4 6640.6
28520.9 6719.88
28519.3 6799.38
28517.7 6879.09
28516.1 6959.05
28516 7039.58
28526.8 7122.75
28513.9 7201.06
28525.3 7285.22
24814.8 6455.83
24784.6 6495.91
24783.6 6543.38
24782.7 6591.04
24781.7 6638.92
24780.8 6687.02
24779.8 6735.34
24778.8 6783.91
24777.8 6832.71
24776.9 6881.78
24775.9 6931.11
24059.8 6730.2
23939.7 6730.18
23938.9 6772.17
24771.9 7131.29
24770.9 7182.09
24769.8 7233.23
24768.8 7284.7
24767.8 7336.52
24766.7 7388.71
24765.7 7441.27
24764.6 7494.21
24763.5 7547.55
24762.5 7601.3
24761.4 7655.47
24760.3 7710.08
24759.2 7765.14
24758.1 7820.66
24757 7876.66
24755.8 7933.16
24754.7 7990.17
24753.5 8047.7
24752.4 8105.77
24751.2 8164.4
24750 8223.61
24748.8 8283.4
24747.6 8343.81
24746.4 8404.85
24745.2 8466.54
24743.9 8528.89
24742.6 8591.94
24741.4 8655.7
24740.1 8720.18
24738.8 8785.43
24737.5 8851.45
24736.1 8918.28
24734.8 8985.93
24733.4 9054.44
24732 9123.84
23411.2 8150.93
23390.5 8187.75
23389.4 8240.86
23388.3 8294.7
23387.2 8349.3
23386.1 8404.68
23385 8460.87
23383.9 8517.9
23382.7 8575.79
23381.5 8634.57
23380.3 8694.28
23379.1 8754.94
23377.9 8816.58
24710.4 10205.6
24708.6 10292.3
24706.9 10380.4
24697 10461.6
24694.1 10551.5
23501 9351.3
23470.7 9391.47
23478.8 9475.14
23467.6 9538.39
23474 9623.23
23465 9691.8
23471 9779.63
23459.9 9848.51
23465.2 9939.16
23457.7 10015.5
24457.3 11399.1
24447 11498.9
24359.5 11497.1
24273.2 11495.4
24188 11493.7
24104 11492
24021 11490.4
23939.1 11488.7
23858.1 11487.1
23778.2 11485.5
23699.2 11483.9
23621.1 11482.4
23543.9 11480.8
23467.5 11479.3
23392 11477.8
23317.3 11476.3
23243.4 11474.8
23080.1 11311.5
23009.6 11310.1
22939.7 11308.7
22870.6 11307.3
22810.3 11321.9
22757.9 11351.7
22747 11466.1
22687.4 11483.1
22611.6 11465.2
22543 11460.8
22476.4 11459.5
22410.3 11458.1
22344.7 11456.8
22279.7 11455.5
22215.1 11454.2
22151.1 11452.9
22087.5 11451.7
22024.4 11450.4
21961.7 11449.2
21899.4 11447.9
21837.6 11446.7
21776.1 11445.4
21715 11444.2
21654.3 11443
21594 11441.8
20891.3 9287.31
20852.2 9286.53
20818.9 9305.86
20813.5 9428.96
20813.1 9579.34
20810.1 9730.01
20803.8 9877.7
20801.7 10054.2
20762.7 10079.7
20717.1 10075.9
20670.1 10064.2
20625.4 10062.1
20581.1 10061.3
20537 10060.4
20493 10059.5
20449.2 10058.6
20405.5 10057.7
20361.9 10056.9
20318.5 10056
20275.2 10055.1
20232 10054.3
20188.9 10053.4
20145.8 10052.5
