4151.06 -4885.67
4151.06 -4885.67
4151.06 -4885.67
4151.06 -4885.67
4151.06 -4885.67
4151.06 -4885.67
4151.06 -4885.67
4151.06 -4885.67
4151.06 -4885.67
4151.06 -4885.67
4151.06 -4885.67
4151.06 -4885.67
4151.06 -4885.67
4151.06 -4885.67
4151.06 -4885.67
4151.06 -4885.67
4151.06 -4885.67
4151.06 -4885.67
4151.06 -4885.67
4151.06 -4885.67
4151.06 -4885.67
4151.06 -4885.67
4151.06 -4885.67
4151.06 -4885.67
4151.06 -4885.67
4151.06 -4885.67
4151.06 -4885.67
4151.06 -4885.67
4151.06 -4885.67
4151.06 -4885.67
4151.06 -4885.67
4151.06 -4885.67
4151.06 -4885.67
4151.06 -4885.67
4151.06 -4885.67
4142.59 -4883.89
4142.59 -4883.89
4142.59 -4883.89
4142.59 -4883.89
4145.36 -4882.73
4154.58 -4878.88
4154.58 -4878.88
4159.2 -4876.95
4163.81 -4875.02
4168.43 -4873.1
4173.04 -4871.17
4177.66 -4869.25
4182.27 -4867.32
4186.88 -4865.4
4191.5 -4863.47
4196.11 -4861.55
4200.73 -4859.62
4205.34 -4857.69
4209.96 -4855.77
4214.57 -4853.84
4216.42 -4853.07
4216.42 -4853.07
4216.42 -4853.07
4216.42 -4853.07
4216.42 -4853.07
4216.42 -4853.07
4216.42 -4853.07
4216.42 -4853.07
4216.42 -4853.07
4216.42 -4853.07
4216.42 -4853.07
4216.42 -4853.07
4216.42 -4853.07
4216.42 -4853.07
4216.42 -4853.07
4216.42 -4853.07
4216.42 -4853.07
4216.42 -4853.07
4216.42 -4853.07
4216.42 -4853.07
4226.18 -4864.42
4226.18 -4864.42
4226.18 -4864.42
4226.18 -4864.42
4226.18 -4864.42
4226.18 -4864.42
4226.18 -4864.42
4226.18 -4864.42
4226.18 -4864.42
4226.18 -4864.42
4226.18 -4864.42
4227.24 -4868.33
4227.24 -4868.33
4227.24 -4868.33
4227.24 -4868.33
4227.24 -4868.33
4227.24 -4868.33
4227.24 -4868.33
4227.24 -4868.33
4227.24 -4868.33
4227.24 -4868.33
4227.24 -4868.33
4227.24 -4868.33
4227.24 -4868.33
4215.71 -4860.06
4215.71 -4860.06
4215.71 -4860.06
4215.71 -4860.06
4215.71 -4860.06
4215.71 -4860.06
4215.71 -4860.06
4215.71 -4860.06
4215.71 -4860.06
4218.46 -4861.26
4218.46 -4861.26
4221.95 -4862.64
4221.95 -4862.64
4233.86 -4869.36
4235.98 -4870.12
4238.11 -4870.83
4241.7 -4871.91
4247.52 -4873.37
4247.52 -4873.37
4249.73 -4873.79
4251.95 -4874.15
4260.14 -4875.15
4260.14 -4875.15
4260.14 -4875.15
4260.14 -4875.15
4259.42 -4875.22
4263.17 -4875.44
4266.91 -4875.57
4270.66 -4875.58
4275.91 -4875.43
4287.87 -4874.5
4287.87 -4874.5
4301.21 -4872.43
4301.21 -4872.43
4309.3 -4870.81
4317.34 -4868.94
4328.21 -4866.06
4338.99 -4862.85
4351.06 -4858.74
4367.98 -4854.96
4383.12 -4848.4
4398.67 -4840.92
4430.13 -4823.43
4430.13 -4823.43
4444.05 -4814.58
4457.08 -4805.73
4482.29 -4786.85
4482.29 -4786.85
4494.45 -4776.85
4506.31 -4766.47
4517.84 -4755.74
4527.32 -4744.4
4553.86 -4715.82
4553.86 -4715.82
4567.15 -4700.54
4579.14 -4686.13
4590.82 -4671.46
4602.17 -4656.54
4613.2 -4641.37
4623.03 -4627.2
4632.56 -4612.82
4641.77 -4598.23
4650.66 -4583.45
4659.22 -4568.48
4666.74 -4554.64
4680.99 -4526.54
4680.99 -4526.54
4682.5 -4507.73
4688.55 -4494.83
4694.42 -4481.84
4706.82 -4452.89
4706.82 -4452.89
4713.31 -4436.9
4725.66 -4404.69
4725.66 -4404.69
4731.51 -4388.47
4737.16 -4372.16
4742.59 -4355.79
4747.8 -4339.35
4751.93 -4325.71
4760.44 -4296.94
4760.44 -4296.94
4764.8 -4281.81
4768.69 -4268.1
4772.53 -4254.37
4776.69 -4239.19
4784.45 -4210.21
4784.45 -4210.21
4788.04 -4196.42
4795.04 -4168.79
4795.04 -4168.79
4801.45 -4142.56
4801.45 -4142.56
4804.39 -4130.15
4807.28 -4117.74
4810.12 -4105.31
4812.9 -4092.86
4815.62 -4080.41
4835 -4056.3
4835 -4056.3
4839.78 -4032.78
4841.95 -4021.74
4844.07 -4010.69
4844.07 -4010.69
4846.14 -3999.63
4848.16 -3988.56
4850.14 -3977.49
4852.32 -3964.93
4854.7 -3950.88
4859.52 -3921.27
4861.83 -3906.45
4861.83 -3906.45
4864.07 -3891.61
4866.04 -3878.26
4869.79 -3851.52
4871.57 -3838.14
4873.3 -3824.75
4873.3 -3824.75
4874.98 -3811.35
4878.14 -3784.54
4878.14 -3784.54
4879.64 -3771.12
4881.07 -3757.7
4882.45 -3744.27
4883.77 -3730.84
4885.03 -3717.39
4886.1 -3705.44
4887.12 -3693.49
4889.1 -3669.57
4890.17 -3657.62
4890.17 -3657.62
4891.15 -3647.16
4892.02 -3637.45
4892.85 -3627.73
4893.87 -3615.03
4894.84 -3602.31
4882.99 -3575.76
4882.99 -3575.76
4883.65 -3564.53
4884.82 -3542.06
4884.82 -3542.06
4885.8 -3519.58
4885.8 -3519.58
4886.21 -3508.34
4886.58 -3497.1
4886.89 -3485.85
4887.16 -3474.6
4887.37 -3463.36
4887.54 -3452.11
4887.66 -3440.86
4887.85 -3428.11
4888.1 -3415.36
4888.4 -3402.61
4888.76 -3389.87
4889.64 -3364.39
4890.16 -3351.65
4890.16 -3351.65
4890.74 -3338.91
4891.45 -3324.68
4893.06 -3296.22
4893.06 -3296.22
4895.02 -3266.29
4895.02 -3266.29
4896.93 -3234.84
4896.93 -3234.84
4897.78 -3219.12
4898.42 -3206.38
4899.11 -3193.65
4899.94 -3179.43
4900.84 -3165.2
4902.82 -3136.77
4902.82 -3136.77
4903.9 -3122.56
4905.04 -3108.36
4907.52 -3079.97
4907.52 -3079.97
4908.71 -3067.27
4909.96 -3054.59
4911.37 -3041.91
4913.07 -3015.06
4913.07 -3015.06
4914.86 -3000.93
4916.71 -2986.8
4918.63 -2972.68
4922.22 -2947.43
4924.32 -2933.34
4924.32 -2933.34
4926.48 -2919.25
4928.7 -2905.17
4933.08 -2878.53
4935.23 -2865.97
4935.23 -2865.97
4937.44 -2853.41
4939.7 -2840.86
4942.02 -2828.32
4944.39 -2815.79
4946.82 -2803.28
4949.01 -2792.24
4951.24 -2781.22
4953.53 -2770.2
4958.24 -2748.2
4958.24 -2748.2
4960.67 -2737.22
4962.82 -2727.71
4965.01 -2718.2
4967.24 -2708.71
4969.51 -2699.23
4971.82 -2689.76
4974.17 -2680.3
4976.57 -2670.85
4979 -2661.41
4981.48 -2651.98
4984.08 -2642.58
4986.81 -2633.22
4992.62 -2614.6
4992.62 -2614.6
4995.71 -2605.36
5000.96 -2591.68
5004.28 -2582.51
5011.27 -2564.31
5011.27 -2564.31
5014.94 -2555.28
5022.65 -2537.36
5026.67 -2528.48
5026.67 -2528.48
5030.89 -2519.69
5039.9 -2502.4
5039.9 -2502.4
5049.65 -2485.51
5049.65 -2485.51
5054.8 -2477.24
5065.57 -2460.98
5065.57 -2460.98
5076.76 -2445.01
5082.51 -2437.13
5082.51 -2437.13
5088.36 -2429.34
5094.31 -2421.61
5100.37 -2413.97
5112.84 -2398.98
5112.84 -2398.98
5119.32 -2391.7
5125.95 -2384.55
5132.68 -2377.5
5139.5 -2370.53
5146.41 -2363.65
5153.41 -2356.87
5160.5 -2350.17
5167.68 -2343.57
5174.94 -2337.06
5182.29 -2330.65
5189.71 -2324.34
5197.49 -2307.67
5212.78 -2295.58
5222.94 -2287.87
5222.94 -2287.87
5235.69 -2278.62
5251.1 -2267.94
5269.14 -2255.79
5289.84 -2242.23
5313.39 -2227.54
5339.82 -2211.83
5369.21 -2195.23
5398.95 -2179.28
5426.35 -2165.33
5451.25 -2153.08
5474.27 -2142.11
5520.74 -2121.09
5520.74 -2121.09
5545.55 -2110.45
5594.19 -2090.7
5618.09 -2081.78
5618.09 -2081.78
5669.19 -2064.35
5669.19 -2064.35
5694.91 -2056.13
5745.22 -2041.13
5745.22 -2041.13
5769.08 -2034.53
5792.29 -2028.44
5838.94 -2017.16
5838.94 -2017.16
5862.38 -2011.98
5884.41 -2007.41
5906.5 -2003.13
5928.64 -1999.14
5952.32 -1995.19
5976.04 -1991.56
5996.84 -1988.65
6017.67 -1986.01
6040.03 -1983.48
6062.42 -1981.24
6083.34 -1979.42
6104.28 -1977.88
6125.24 -1976.61
6172.85 -1982.12
6192.34 -1981.64
6211.84 -1981.41
6247.84 -1981.7
6247.84 -1981.7
6265.83 -1982.2
6283.82 -1982.94
6301.79 -1983.91
6318.25 -1985.01
6334.7 -1986.33
6351.13 -1987.86
6367.55 -1989.47
6383.96 -1991.15
6398.88 -1992.74
6413.79 -1994.39
6421.46 -1990.3
6436.37 -1991.94
6451.27 -1993.65
6466.17 -1995.42
6479.57 -1997.08
6492.96 -1998.79
6506.34 -2000.56
6519.72 -2002.39
6533.08 -2004.28
6546.44 -2006.22
6571.65 -2010.06
6571.65 -2010.06
6583.5 -2011.95
6607.18 -2015.87
6607.18 -2015.87
6619.01 -2017.91
6630.82 -2020
6642.63 -2022.15
6652.95 -2024.07
6663.27 -2026.03
6673.57 -2028.04
6683.87 -2030.1
6694.16 -2032.2
6704.43 -2034.35
6714.7 -2036.54
6724.96 -2038.77
6735.21 -2041.05
6745.43 -2043.46
6765.77 -2048.69
6765.77 -2048.69
6775.89 -2051.5
6785.96 -2054.45
6796 -2057.53
6806 -2060.73
6815.96 -2064.07
6805.74 -2075.83
6825.47 -2083.02
6825.47 -2083.02
6835.22 -2086.9
6844.9 -2090.99
6854.51 -2095.21
6873.58 -2104.01
6873.58 -2104.01
6883.02 -2108.6
6892.36 -2113.39
6901.6 -2118.39
6910.72 -2123.59
6919.73 -2128.98
6928.62 -2134.57
6937.38 -2140.36
6946.02 -2146.33
6960.48 -2157.04
6968.7 -2163.57
6968.7 -2163.57
6976.79 -2170.27
6983.59 -2176.17
6990.26 -2182.21
6996.8 -2188.39
7003.2 -2194.72
7009.46 -2201.19
7015.58 -2207.79
7021.55 -2214.52
7027.44 -2221.33
7033.23 -2228.21
7042.23 -2238.51
7047.84 -2245.55
7053.36 -2252.66
7058.78 -2259.85
7064.11 -2267.1
7069.34 -2274.42
7079.51 -2289.27
7079.51 -2289.27
7089.3 -2304.38
7094.04 -2312.03
7094.04 -2312.03
7098.68 -2319.74
7103.22 -2327.51
7107.66 -2335.34
7111.99 -2343.23
7116.22 -2351.17
7124.37 -2367.22
7124.37 -2367.22
7128.29 -2375.32
7132.1 -2383.48
7135.8 -2391.68
7139.4 -2399.93
7142.88 -2408.23
7146.26 -2416.57
7149.53 -2424.96
7152.69 -2433.38
7155.74 -2441.85
7156.4 -2450.05
7158.73 -2457.17
7160.97 -2464.33
7163.53 -2472.96
7166.19 -2482.34
7168.73 -2491.75
7171.14 -2501.2
7173.43 -2510.68
7177.64 -2529.72
7177.64 -2529.72
7180.36 -2543.71
7180.36 -2543.71
7181.44 -2549.61
7182.49 -2555.52
7183.51 -2561.43
7184.51 -2567.34
7185.49 -2573.26
7187.35 -2585.12
7188.25 -2591.05
7188.25 -2591.05
7189.96 -2602.93
7189.96 -2602.93
7190.78 -2608.87
7191.57 -2614.82
7192.34 -2620.77
7193.08 -2626.73
7193.79 -2632.68
7194.48 -2638.64
7195.14 -2644.61
7195.78 -2650.57
7196.38 -2656.54
7196.97 -2662.51
7197.53 -2668.49
7198.06 -2674.46
7199.04 -2686.42
7199.04 -2686.42
7199.5 -2692.41
7200.03 -2699.89
7200.93 -2714.86
7201.18 -2720.85
7201.18 -2720.85
7201.4 -2726.85
7201.64 -2734.35
7201.84 -2741.84
7201.95 -2749.34
7201.96 -2755.34
7201.94 -2761.34
7201.92 -2767.34
7201.91 -2773.34
7201.89 -2779.34
7201.87 -2785.34
7201.85 -2791.34
7213.14 -2806.47
7213.1 -2812.47
7213.06 -2818.47
7213.03 -2824.47
7212.99 -2830.47
7212.91 -2842.47
7212.91 -2842.47
7212.87 -2848.47
7212.64 -2860.46
7212.46 -2867.96
7212.46 -2867.96
7212.32 -2875.46
7212.2 -2882.96
7212.12 -2890.46
7212.06 -2905.46
7212.06 -2905.46
7212.08 -2912.96
7212.14 -2924.96
7212.14 -2924.96
7212.13 -2929.46
7212.14 -2933.96
7212.27 -2948.96
7212.36 -2954.96
7212.36 -2954.96
7212.66 -2968.45
7212.66 -2968.45
7212.66 -2968.45
7212.66 -2968.45
7212.66 -2975.95
7212.66 -2975.95
7212.59 -2990.95
7212.59 -2990.95
7212.61 -2998.45
7212.66 -3005.95
7212.75 -3013.45
7212.86 -3020.95
7213.01 -3028.45
7213.19 -3035.95
7213.41 -3043.44
7213.65 -3050.94
7213.93 -3058.43
7214.25 -3065.93
7214.66 -3074.92
7215.61 -3092.89
7215.61 -3092.89
7216.14 -3101.88
7216.61 -3109.36
7217.55 -3125.84
7217.55 -3125.84
7218.17 -3136.32
7218.84 -3146.8
7219.45 -3155.78
7220.1 -3164.75
7220.78 -3173.73
7222.28 -3191.66
7222.28 -3191.66
7223.08 -3200.63
7223.93 -3209.59
7224.73 -3218.55
7226.23 -3236.49
7226.23 -3236.49
7226.92 -3245.46
7227.65 -3254.43
7228.41 -3263.4
7229.22 -3272.37
7229.98 -3281.33
7230.83 -3291.8
7231.64 -3302.27
7232.39 -3312.74
7233.11 -3323.22
7233.68 -3332.2
7234.21 -3341.18
7225.44 -3343.27
7225.44 -3343.27
7225.98 -3353.75
7226.57 -3364.24
7227.2 -3374.72
7227.79 -3385.2
7228.33 -3395.69
7228.82 -3406.17
7229.27 -3416.66
7229.68 -3427.16
7230.04 -3437.65
7230.71 -3458.64
7230.71 -3458.64
7231.11 -3469.13
7231.56 -3479.62
7231.97 -3490.11
7232.64 -3511.1
7232.64 -3511.1
7232.9 -3521.6
7233.57 -3542.59
7233.57 -3542.59
7233.98 -3553.08
7234.34 -3563.58
7234.65 -3574.07
7234.92 -3584.57
7235.4 -3605.56
7235.72 -3616.06
7235.72 -3616.06
7236.08 -3626.55
7236.39 -3637.05
7236.65 -3647.54
7236.84 -3656.54
7237.07 -3665.54
7237.34 -3674.53
7238.01 -3695.52
7238.01 -3695.52
7238.28 -3706.02
7238.65 -3725.52
7238.65 -3725.52
7238.84 -3734.51
7239.07 -3743.51
7239.69 -3763
7239.69 -3763
7240.27 -3783.99
7240.27 -3783.99
7240.49 -3794.49
7240.64 -3803.49
7240.83 -3812.49
7227.51 -3840.45
7228.1 -3859.94
7228.1 -3859.94
7228.4 -3870.43
7228.85 -3891.43
7228.85 -3891.43
7228.98 -3900.43
7229.16 -3909.43
7229.37 -3918.42
7229.62 -3927.42
7229.96 -3937.91
7230.28 -3949.16
7230.55 -3960.41
7230.93 -3982.9
7230.93 -3982.9
7231.04 -3992.65
7231.09 -4001.65
7231.19 -4010.65
7231.5 -4028.65
7231.71 -4037.65
7231.71 -4037.65
7231.96 -4046.64
7232.64 -4066.13
7232.64 -4066.13
7233 -4077.37
7233.32 -4088.62
7233.59 -4099.87
7233.8 -4111.12
7234.39 -4133.61
7234.75 -4144.85
7235.07 -4156.1
7235.07 -4156.1
7235.33 -4167.34
7235.55 -4178.59
7235.74 -4191.34
7236 -4204.84
7236.34 -4219.08
7236.74 -4233.33
7237.1 -4244.57
7237.52 -4255.81
7237.98 -4267.06
7239.05 -4289.53
7239.05 -4289.53
7239.66 -4300.76
7240.32 -4311.99
7241.03 -4323.22
7241.79 -4334.45
7242.59 -4345.67
7243.45 -4356.88
7257 -4371.21
7257 -4371.21
7257.92 -4382.43
7258.89 -4393.63
7259.91 -4404.84
7260.98 -4416.04
7262.1 -4427.23
7263.27 -4438.42
7264.48 -4449.6
7266.96 -4471.97
7266.96 -4471.97
7269.34 -4494.34
7269.34 -4494.34
7270.6 -4505.52
7271.92 -4516.69
7273.28 -4527.86
7274.59 -4539.03
7275.85 -4550.21
7277.07 -4561.4
7278.24 -4572.59
7279.35 -4583.78
7280.42 -4594.98
7281.44 -4606.18
7282.51 -4617.38
7283.63 -4628.58
7284.79 -4639.77
7285.91 -4650.96
7286.98 -4662.16
7288 -4673.36
7289.07 -4684.56
7290.04 -4694.26
7291.05 -4703.96
7293.19 -4723.34
7294.33 -4733.03
7294.33 -4733.03
7296.48 -4752.41
7296.48 -4752.41
7297.49 -4762.11
7298.46 -4771.81
7299.47 -4781.5
7301.29 -4797.9
7302.07 -4804.61
7302.07 -4804.61
7302.83 -4811.32
7294.03 -4871.78
7294.69 -4878.5
7295.39 -4885.21
7295.39 -4885.21
7296.11 -4891.92
7296.86 -4898.63
7297.65 -4905.34
7298.4 -4912.04
7299.12 -4918.75
7299.87 -4925.46
7300.83 -4933.66
7301.75 -4941.86
7303.48 -4958.26
7303.48 -4958.26
7304.29 -4966.47
7305.07 -4974.69
7306.52 -4991.12
7306.52 -4991.12
7307.58 -5004.58
7308.07 -5011.31
7308.53 -5018.05
7308.53 -5018.05
7308.96 -5024.78
7309.36 -5031.52
7309.73 -5038.26
7310.07 -5045
7310.39 -5051.75
7310.92 -5065.24
7311.15 -5071.98
7311.15 -5071.98
7311.34 -5078.73
7311.51 -5085.48
7311.64 -5092.23
7311.81 -5098.97
7312 -5105.72
7312.42 -5119.21
7312.42 -5119.21
7312.72 -5132.71
7312.72 -5132.71
7312.83 -5139.46
7313.13 -5152.96
7313.13 -5152.96
7313.32 -5159.7
7313.49 -5166.45
7313.62 -5173.2
7313.73 -5179.95
7313.81 -5186.7
7313.91 -5193.45
7314.21 -5206.95
7314.21 -5206.95
7314.38 -5215.19
7314.59 -5230.19
7314.59 -5230.19
7314.68 -5236.19
7314.8 -5242.19
7315.2 -5260.19
7315.2 -5260.19
7315.43 -5276.68
7315.43 -5276.68
7315.52 -5282.68
7315.79 -5297.68
7315.79 -5297.68
7315.79 -5297.68
7315.86 -5300.68
7315.86 -5300.68
7316.38 -5315.67
7316.38 -5315.67
7316.74 -5333.67
7316.74 -5333.67
7313.55 -5371.08
7313.62 -5378.58
7313.68 -5386.08
7313.75 -5393.58
7313.82 -5401.08
7313.89 -5408.58
7313.96 -5416.08
7314.02 -5423.58
7314.09 -5431.08
7314.23 -5446.08
7314.23 -5446.08
7314.3 -5453.57
7314.36 -5461.07
7314.5 -5476.07
7314.5 -5476.07
7314.57 -5483.57
7314.64 -5491.07
7314.7 -5498.57
7314.77 -5506.07
7314.84 -5513.57
7314.91 -5521.07
7314.98 -5528.57
7315.04 -5536.07
7315.13 -5545.07
7315.13 -5554.07
7315.05 -5563.07
7314.98 -5572.07
7314.9 -5581.07
7314.83 -5590.07
7314.75 -5599.07
7314.66 -5609.57
7314.57 -5620.07
7314.49 -5630.57
7314.31 -5651.57
7314.22 -5662.07
7314.22 -5662.07
7314.13 -5672.57
7314.05 -5683.07
7313.96 -5693.57
7313.87 -5704.07
7313.78 -5714.57
7313.69 -5725.07
7313.61 -5735.56
7313.52 -5746.06
7313.43 -5756.56
7313.34 -5767.06
7313.25 -5777.56
7313.17 -5788.06
7313.08 -5798.56
7312.99 -5809.06
7312.9 -5819.56
7312.81 -5830.06
7312.73 -5840.56
7312.64 -5851.06
7312.55 -5861.56
7312.46 -5872.06
7312.29 -5893.06
7312.2 -5903.56
7312.2 -5903.56
7312.11 -5914.06
7314.17 -5931.64
7313.88 -5942.13
7313.56 -5954.13
7313.23 -5966.12
7313.23 -5966.12
7312.91 -5978.12
7312.59 -5990.12
7312.26 -6002.11
7311.94 -6014.11
7311.61 -6026.1
7311.29 -6038.1
7310.64 -6062.09
7310.64 -6062.09
7310.31 -6074.09
7309.99 -6086.08
7309.67 -6098.08
7309.34 -6110.07
7309.06 -6120.57
7308.77 -6131.06
7308.49 -6141.56
7308.21 -6152.06
7307.92 -6162.55
7307.64 -6173.05
7307.35 -6183.54
7307.07 -6194.04
7306.83 -6203.04
7306.5 -6212.03
7306.1 -6221.02
7305.63 -6230.01
7305.07 -6238.99
7304.43 -6247.97
7302.93 -6265.91
7302.93 -6265.91
7301.91 -6276.36
7300.9 -6286.81
7299.88 -6297.26
7298.87 -6307.71
7297.85 -6318.16
7296.83 -6328.61
7295.96 -6337.57
7295.09 -6346.53
7294.22 -6355.49
7293.35 -6364.44
7291.61 -6382.36
7290.74 -6391.32
7290.74 -6391.32
7289.87 -6400.27
7289 -6409.23
7276.88 -6417.09
7276.88 -6417.09
7276.06 -6426.05
7275.24 -6435.01
7274.42 -6443.98
7273.59 -6452.94
7272.77 -6461.9
7271.95 -6470.86
7271.13 -6479.83
7270.31 -6488.79
7269.48 -6497.75
7268.66 -6506.71
7268.11 -6512.69
