-0 -0
-0 -0
-0 -0
-0 -0
-0 -0
-0 -0
-0 -0
-0 -0
-0 -0
-0 -0
-0 -0
-0 -0
-0 -0
-0 -0
-0 -0
-0 -0
-0 -0
-0 -0
-0 -0
-0 -0
-0 -0
-0 -0
-2.47555 -3.67015
-2.4644 -3.7233
-2.46013 -3.78828
-2.44471 -3.83743
-2.43657 -3.89932
-2.43328 -3.97075
-2.43407 -4.05097
-2.43212 -4.12893
-2.4205 -4.19243
-2.405 -4.25082
-2.3906 -4.31275
-2.3815 -4.38618
-2.3713 -4.45977
-2.35307 -4.52021
-2.34214 -4.5967
-2.33317 -4.67961
-2.31504 -4.74653
-2.30022 -4.82251
-2.28298 -4.89587
-2.26837 -4.97749
-2.25251 -5.05922
-2.23579 -5.14196
-2.22326 -5.23767
-2.20043 -5.31231
-2.18546 -5.40919
-2.17225 -5.51459
-2.14017 -5.57534
-2.13451 -5.70902
-2.10069 -5.77159
-1.96679 -5.55404
-1.90718 -5.53885
-1.85465 -5.54295
-1.79323 -5.51898
-1.7453 -5.53537
-1.70862 -5.58864
-1.69642 -5.72703
-1.97549 -6.88936
-1.93481 -6.97668
-1.90646 -7.11501
-1.4144 -5.46907
-1.35742 -5.44433
-1.30753 -5.44624
-1.2559 -5.43991
-1.20643 -5.44187
-1.1562 -5.43948
-1.10888 -5.45034
-0 -0
-0 -0
-0 -0
-0 -0
-0.853037 -5.38586
-0.804083 -5.38025
-0.755154 -5.37319
-0.707191 -5.37165
-0.657119 -5.35181
-0.609146 -5.34641
-0.560377 -5.33163
-0.513255 -5.33035
-0.466458 -5.33163
-0.418971 -5.32354
-0.371523 -5.31303
-0.324717 -5.30908
-0.277904 -5.30272
-0.230267 -5.27398
-0.184199 -5.27478
-0.137429 -5.2482
-0.0919745 -5.2692
-0.0458056 -5.2488
3.96137e-07 -5.247
0.0457883 -5.2468
0.0917472 -5.2562
0 -0
0 -0
0 -0
0 -0
0.318856 -5.21326
0.364826 -5.21726
0.409949 -5.20889
0.455651 -5.20811
0.500507 -5.19796
0.545116 -5.18643
0.589109 -5.17055
0.642739 -5.23469
0.719983 -5.46881
0.72704 -5.17316
0.769791 -5.15079
0.812677 -5.13104
0.860228 -5.14052
0.904186 -5.12789
0.948718 -5.11882
0.991825 -5.1025
1.03911 -5.10737
1.08093 -5.08539
1.12787 -5.08748
1.17447 -5.08719
1.22209 -5.09036
1.26719 -5.08241
1.315 -5.08471
1.35569 -5.05952
1.39017 -5.01281
1.352 -4.71499
1.2545 -4.23511
1.28176 -4.19244
1.31439 -4.1687
1.35442 -4.16848
1.39678 -4.17452
1.43413 -4.16501
1.47009 -4.15139
1.51036 -4.14968
1.54582 -4.13447
1.58614 -4.13203
1.6258 -4.12733
1.68985 -4.18253
1.78866 -4.31821
1.82706 -4.30428
1.87013 -4.30101
1.90841 -4.28636
1.95362 -4.28683
1.99898 -4.28684
2.04364 -4.28457
2.08314 -4.27107
2.13015 -4.27242
2.17371 -4.26614
2.21593 -4.25676
2.2591 -4.24874
2.30372 -4.24293
2.34502 -4.23054
2.38136 -4.20904
2.432 -4.21235
2.48186 -4.21337
2.51133 -4.17955
2.49598 -4.07306
2.49804 -3.9977
2.52907 -3.96984
2.58268 -3.97698
2.63053 -3.9743
2.67965 -3.97275
2.69949 -3.92779
2.73481 -3.90572
2.80944 -3.93869
2.86016 -3.93668
2.96043 -4.0008
3.35753 -4.45559
3.41515 -4.45071
3.46987 -4.44123
3.5116 -4.41469
3.57076 -4.40953
3.6301 -4.40366
3.6896 -4.3971
3.74472 -4.3845
3.80252 -4.3743
3.85777 -4.36042
3.92579 -4.36003
3.97382 -4.33667
4.03743 -4.32961
4.09777 -4.31815
4.15961 -4.30741
4.21807 -4.29234
4.27588 -4.27587
4.34298 -4.26784
4.40164 -4.25061
4.45235 -4.22512
4.57023 -4.26181
4.70088 -4.30756
4.83936 -4.35738
4.97232 -4.39914
5.13504 -4.46383
5.28254 -4.51172
0 -0
0 -0
0 -0
0 -0
2.15206 -1.68137
2.14126 -1.64305
2.13236 -1.60685
2.13344 -1.57866
2.1083 -1.53177
2.09879 -1.49705
2.09539 -1.46721
2.09163 -1.43754
2.08917 -1.40917
2.07888 -1.37598
2.08242 -1.35234
2.07559 -1.32229
2.04973 -1.28082
2.06765 -1.26706
2.05977 -1.23764
2.04551 -1.2049
2.04036 -1.178
2.02532 -1.14587
0.904357 -0.501293
0.816421 -0.443281
0.817609 -0.434731
0.80718 -0.420191
0.810816 -0.413131
0.801861 -0.399793
0.81251 -0.396288
0.802398 -0.382724
0.804801 -0.375285
0.791666 -0.360783
0.786563 -0.3502
0.788672 -0.342924
0.779668 -0.330949
0.777907 -0.322219
0.784398 -0.316917
0.774107 -0.304929
0.773938 -0.297087
0.760578 -0.284368
0.769608 -0.280114
0.761654 -0.269716
0.75736 -0.26078
0.759607 -0.254161
0.759894 -0.246905
0.75439 -0.237858
0.742093 -0.22688
0.735415 -0.21784
0.75459 -0.216375
0.74585 -0.206843
0.740865 -0.198514
0.746442 -0.193043
0.743246 -0.185312
0.737056 -0.176952
0.722983 -0.166914
0.731246 -0.162113
0.723829 -0.153855
0.727104 -0.147931
0.723459 -0.140626
0.710893 -0.131756
0.725803 -0.127979
0.706181 -0.118174
0.707185 -0.112007
0.698245 -0.104354
0.708042 -0.0995087
0.701943 -0.0924125
0.695775 -0.0854304
0.722327 -0.0822988
0.713072 -0.074947
0.704741 -0.0678587
0.70431 -0.0616191
0.687873 -0.0541368
0.684329 -0.047853
0.6957 -0.0425509
0.689054 -0.0361118
0.696337 -0.0304027
0.692578 -0.0241854
0.688764 -0.018036
0.684896 -0.011955
0.683974 -0.00596892
0.669 0
0.686974 0.0059951
0.680896 0.011885
0.663772 0.0173816
0.667593 0.0233129
0.676356 0.0295303
0.680067 0.0356407
0.673741 0.0412077
0.654402 0.0457603
0.670925 0.052803
0.669443 0.0585686
0.658952 0.0634498
0.669313 0.0703476
0.668674 0.0761858
0.663021 0.0814087
0.66526 0.0875831
0.649616 0.0912975
0.650772 0.0972585
0.659776 0.104498
0.652921 0.109262
0.655882 0.11565
0.641082 0.118818
0.653764 0.127079
0.640871 0.130387
0.64949 0.138053
0.627758 0.139171
0.646007 0.149142
0.643709 0.154541
0.634573 0.158217
0.638977 0.165251
0.638477 0.171079
0.637923 0.176912
0.641162 0.18385
0.624192 0.184894
0.621598 0.190042
0.6285 0.198165
0.629599 0.204569
0.615462 0.205931
0.626879 0.215852
0.615545 0.217976
0.607041 0.220945
0.608837 0.227635
0.616163 0.236523
0.614076 0.241891
0.61565 0.248739
0.598674 0.247979
0.610295 0.259055
0.606177 0.263573
0.611162 0.272107
0.601484 0.274112
0.596351 0.278083
0.601122 0.28672
0.596799 0.291078
0.593341 0.295829
0.60232 0.306898
0.597845 0.311219
0.599522 0.318771
0.586171 0.318265
0.579873 0.321429
0.576176 0.325984
0.587165 0.339
0.574707 0.338528
0.572588 0.344045
0.581501 0.356344
0.578369 0.361405
0.570976 0.363752
0.579521 0.376346
0.55787 0.369246
0.563746 0.380251
0.566999 0.389687
0.563577 0.394621
0.558483 0.398362
0.568739 0.413213
0.563504 0.416971
0.558246 0.420669
0.542654 0.416393
0.559488 0.43712
0.551739 0.438873
0.544779 0.441154
0.539366 0.444619
0.552318 0.46345
0.557378 0.476045
0.541127 0.470394
0.539997 0.477749
0.534321 0.481105
0.532314 0.487776
0.536082 0.499905
0.532425 0.505252
0.535189 0.516826
0.532085 0.522878
0.534573 0.534573
0.534794 0.54421
0.51891 0.537347
0.516954 0.544756
0.529231 0.56753
0.5148 0.561805
0.521253 0.57891
0.511543 0.578194
0.511726 0.588673
0.512415 0.59996
0.514873 0.613602
0.500594 0.607269
0.501568 0.619385
0.501747 0.630782
0.49807 0.637501
0.499793 0.651343
0.496497 0.658874
0.492513 0.665594
0.497854 0.685237
0.485468 0.680601
0.484672 0.692184
0.481445 0.700507
0.481465 0.713801
0.469146 0.708803
0.473836 0.729643
0.467988 0.734594
0.472688 0.756459
0.468159 0.763966
0.463534 0.771451
0.454247 0.771158
0.459 0.795011
0.453522 0.801598
0.451843 0.815145
0.445189 0.819936
0.450223 0.846747
0.439123 0.843547
0.442641 0.868731
0.435043 0.872561
0.427412 0.876324
0.425775 0.892657
0.422618 0.906308
0.418425 0.918151
0.415278 0.93273
0.411509 0.946406
0.408314 0.961928
0.404496 0.976541
0.398956 0.987451
0.39179 0.994616
0.389188 1.01387
0.392232 1.04907
0.382379 1.05058
0.379538 1.07178
0.375055 1.08924
0.368391 1.101
0.35846 1.10323
0.351525 1.1149
0.347045 1.13513
0.347351 1.17264
0.3462 1.20734
0.336186 1.21225
0.3287 1.22673
0.324493 1.25472
0.319821 1.28273
0.309082 1.28742
0.299635 1.29786
0.283536 1.27895
0.269662 1.26866
0.266356 1.30918
0.252249 1.29771
0.238182 1.28511
0.224006 1.2704
0.215222 1.28612
0.203678 1.28597
0.191117 1.2788
0.177307 1.2616
0.165899 1.26013
0.157577 1.28336
0.146146 1.2827
0.133483 1.27
0.122299 1.27013
0.109991 1.2572
0.100585 1.27805
0.0883116 1.26292
0.0788136 1.28859
0.0667807 1.27425
0.055702 1.27578
0.0440433 1.26123
0.0330352 1.26157
0.0218329 1.25081
0.0109518 1.25495
9.33154e-08 1.236
-0.0107248 1.22895
-0.0218679 1.25281
-0.0330877 1.26357
-0.0435545 1.24724
-0.0548731 1.2568
-0.0654721 1.24929
-0.0758834 1.24068
-0.0865678 1.23798
-0.0977603 1.24216
-0.108073 1.23528
-0.117411 1.21936
-0.130765 1.24415
-0.14173 1.24395
-0.149046 1.21388
-0.160025 1.21551
-0.171739 1.22199
-0.183283 1.22638
-0.193978 1.22473
-0.204329 1.22102
-0.216539 1.22806
-0.229252 1.23693
-0.236985 1.21918
-0.249011 1.22393
-0.258642 1.21682
-0.270549 1.22037
-0.281863 1.22089
-0.292974 1.22032
-0.305305 1.22451
-0.311223 1.20341
-0.323783 1.20837
-0.338591 1.22092
-0.345649 1.20542
-0.359847 1.21482
-0.368973 1.20686
-0.380393 1.20645
-0.389979 1.20023
-0.397582 1.18825
-0.413797 1.20175
-0.427607 1.20752
-0.43334 1.19059
-0.448616 1.19988
-0.460144 1.19872
-0.469855 1.1928
-0.481744 1.19236
-0.494044 1.19273
-0.500136 1.17825
-0.524355 1.20593
-0.52469 1.17847
-0.539931 1.18477
-0.556588 1.19361
-0.572149 1.19954
-0.575143 1.17922
-0.592997 1.18937
-0.596089 1.16989
-0.608123 1.16819
-0.628622 1.18227
-0.642733 1.18377
-0.658856 1.18861
-0.66428 1.17411
-0.678 1.17433
-0.694313 1.17871
-0.696846 1.15975
-0.716345 1.16897
-4.18742 6.70128
-4.25219 6.6746
-4.30374 6.62718
-4.36251 6.59103
-4.41147 6.54028
-4.47064 6.50483
-4.52208 6.45819
-4.52832 6.34847
-0 0
-0 0
-0 0
-0 0
-0 0
-0 0
-0 0
-0 0
-0 0
-0 0
-0 0
-0 0
-0 0
-0 0
-0 0
-0 0
-0 0
-0 0
-0 0
0 0
0 0
0 0
0 0
0 0
0 0
0 0
0 0
0 0
0 0
0 0
0 0
0 0
0 0
0 0
0 0
0 0
0 0
0 0
0 0
0 0
0 0
0 0
0 0
0 0
0 0
0 0
0 0
0 0
31.6459 18.9157
-0.372941