24514.1 -3186.26
24500.9 -3186.72
24487.5 -3187.18
24474 -3187.64
24460.3 -3188.11
24446.4 -3188.59
24432.3 -3189.08
24418.1 -3189.57
24403.6 -3190.07
24389 -3190.57
24374.1 -3191.09
24359.1 -3191.61
24343.8 -3192.13
24346.3 -3212.06
24349.2 -3231.97
24352.5 -3251.87
24356.2 -3271.75
24341 -3272.28
24345.2 -3292.14
24349.8 -3312
24354.8 -3331.84
24339.6 -3332.36
24340.6 -3348.02
24341.1 -3363
24341.6 -3377.72
24342.1 -3392.2
24342.6 -3406.44
24343 -3420.46
24322.9 -3417.28
24323.4 -3431.17
24303.3 -3428.49
24283.2 -3426.21
23831.5 -3093.05
23811.6 -3097.65
23791.8 -3102.54
23771.9 -3107.72
23731.6 -3098.56
23711.8 -3104.59
23671.5 -3096.8
23651.7 -3103.65
23632 -3110.77
23591.7 -3104.86
23572 -3112.77
23531.8 -3108.17
23491.6 -3104.33
23433.8 -3090.61
23413 -3099.84
23359.5 -3090.44
23338 -3100.2
23302.9 -3102.68
23260.2 -3101.67
23222.9 -3104.25
23179.4 -3104.24
23139.8 -3106.94
23095.4 -3107.92
23155 -3160.37
23170.5 -3190.32
23166.1 -3210.49
23160 -3229.77
23111.8 -3230.32
23043.3 -3222.84
23012.1 -3232.45
22942 -3226.42
22907 -3235.85
22855.4 -3239.24
22795.9 -3240.53
22721.9 -3237.39
22667.5 -3242.72
22615.6 -3249.81
22576 -3262.01
22493.2 -3260.4
22493.8 -3287.3
22496.8 -3314.79
22493.6 -3340.2
22489.3 -3365.17
22481.7 -3389.16
22452.3 -3407.13
22375.1 -3412.74
22380.3 -3440.96
22373.3 -3465.89
22303.2 -3475.73
17453.9 -2386.15
17438.5 -2454.35
17423.7 -2522.68
17409.5 -2591.13
17395.9 -2659.7
17382.9 -2728.39
17370.5 -2797.2
17358.7 -2866.1
17347.5 -2935.11
17336.9 -3004.21
17326.9 -3073.41
17317.5 -3142.69
17308.8 -3212.04
20728.9 -3669.63
20712.5 -3707.89
20393 -3717.41
20056.1 -3730.98
19691 -3748.22
17614 -3653.42
18083.8 -3748.8
17931.4 -3803.75
17257.2 -3838.95
17254.5 -3908.81
17337.6 -3980.85
17340 -4050.06
17250.1 -4118.49
17249.8 -4188.4
17347.2 -4257.38
17251.2 -4328.21
22510.2 -4255.7
22511 -4279.64
22511.8 -4303.57
22512.6 -4327.51
22513.5 -4351.46
22526.5 -4374.56
22529.3 -4398.26
22532.6 -4421.92
22532.2 -4445.9
22518.7 -4471.34
22523.8 -4494.9
22519.8 -4519.56
22520.7 -4543.69
22700.7 -4542.49
22880.7 -4538.15
23080.5 -4527.49
23200.5 -4526.74
23240.9 -4538.01
23241.5 -4556.03
23242.2 -4574.1
23242.8 -4592.22
23243.4 -4610.39
23244 -4628.62
23244.7 -4646.91
23245.3 -4665.26
23245.9 -4683.68
23246.6 -4702.17
23247.2 -4720.73
23247.9 -4739.36
23248.5 -4758.07
23249.1 -4776.87
24259.7 -4485.58
24279.8 -4488.7
24319.7 -4485.04
24359.6 -4480.66
24379.7 -4482.4
24399.7 -4483.8
24439.5 -4477.65
24459.6 -4478.18
24479.6 -4478.37
24499.6 -4478.21
24519.6 -4477.71
24539.6 -4476.86
24559.5 -4475.66
24579.5 -4474.1
24599.4 -4472.18
24599.7 -4478.92
24619.6 -4476.49
24639.5 -4473.7
24659.4 -4470.54
24659.6 -4476.85
24679.5 -4473.16
24699.4 -4469.09
24699.6 -4475.13
24719.5 -4470.52
24739.3 -4465.52
24739.5 -4471.28
24759.3 -4465.72
24759.5 -4471.36
24779.3 -4465.24
24779.5 -4470.75
24799.3 -4464.04
24799.5 -4469.44
24819.2 -4462.14
24819.4 -4467.41
24819.6 -4472.74
24839.3 -4464.64
24839.5 -4469.84
24859.2 -4461.12
24859.4 -4466.19
24859.6 -4471.32
24879.3 -4461.76
24879.4 -4466.75
24879.6 -4471.8
24899.3 -4461.37
24899.4 -4466.29
24919.1 -4455.17
24919.2 -4459.94
24919.4 -4464.77
24919.6 -4469.67
24939.1 -4457.39
24939.3 -4462.14
24939.5 -4466.96
24939.6 -4471.85
24939.8 -4476.81
24940 -4481.85
24940.2 -4486.98
24940.3 -4492.18
24940.5 -4497.47
24940.7 -4502.86
24940.9 -4508.33
24942.6 -4512.28
24948.1 -4512.09
24953.5 -4511.9
24958.9 -4511.72
24946.2 -4532.16
24951.7 -4531.98
24957.1 -4531.79
23337.2 -6511.62
22857.5 -7148.53
22901.1 -7147.02
22944.2 -7145.54
22986.6 -7144.07
23028.4 -7142.63
23069.6 -7141.21
23110.3 -7139.81
23150.4 -7138.43
23181.5 -7149.16
23225.8 -7140.43
23263.9 -7139.91
24303.8 -5617.77
24322.1 -5617.14
24340.2 -5616.52
24358 -5615.9
24375.7 -5615.29
24393.1 -5614.69
24410.4 -5614.1
24427.5 -5613.51
24444.4 -5612.93
24461.1 -5612.35
24477.6 -5611.78
24494 -5611.21
24510.2 -5610.66
24526.2 -5610.1
24542.1 -5609.55
24557.8 -5609.01
24573.4 -5608.47
24588.9 -5607.94
24604.2 -5607.41
24619.4 -5606.89
24634.5 -5606.37
24649.4 -5605.85
24664.2 -5605.34
24678.9 -5604.84
24693.5 -5604.33
24708 -5603.83
24722.3 -5603.34
24736.6 -5602.85
24750.8 -5602.36
24764.8 -5601.87
24778.8 -5601.39
24792.7 -5600.91
24806.5 -5600.44
24820.2 -5599.96
24833.9 -5599.49
24847.4 -5599.03
24860.9 -5598.56
24874.3 -5598.1
24887.6 -5597.64
24900.9 -5597.18
24914.1 -5596.73
24927.3 -5596.27
24940.3 -5595.82
24953.4 -5595.37
24966.3 -5594.93
24979.2 -5594.48
24992.1 -5594.04
25004.9 -5593.59
25017.7 -5593.15
25030.4 -5592.72
25043.1 -5592.28
25050.2 -5632.06
24791.4 -7742.23
24820.7 -7761.23
24852.6 -7760.13
24884.3 -7759.04
24916 -7757.95
24947.6 -7756.86
24979.1 -7755.77
25010.5 -7754.68
25042 -7753.6
25073.3 -7752.52
25104.4 -7756.51
25135.9 -7750.36
25167.1 -7749.28
25198.3 -7748.21
25229.5 -7747.13
25260.7 -7746.06
25291.8 -7744.98
25322.9 -7743.91
25354.1 -7742.84
25385.2 -7741.77
25416.3 -7740.69
25447.4 -7739.62
25478.6 -7738.55
25509.7 -7737.47
25540.9 -7736.4
25572.1 -7735.32
25603.3 -7734.24
25634.6 -7733.16
25665.9 -7732.09
25697.2 -7731
25728.6 -7729.92
25760.1 -7728.84
25791.6 -7727.75
25824.7 -7735.83
25855.7 -7730.58
25889.7 -7741.73
25486.3 -5434.09
25477.9 -5334.32
25480.1 -5294.22
25477.3 -5234.28
25473.4 -5174.38
25473.2 -5134.36
25472.2 -5094.37
25470.6 -5054.4
25468.3 -5014.46
25470.6 -4994.37
25467 -4954.47
25468.5 -4934.4
25463.7 -4894.55
25464.3 -4874.51
25464.6 -4854.49
25464.5 -4834.48
25464.1 -4814.49
25463.3 -4794.5
25462.2 -4774.53
25460.7 -4754.57
25458.9 -4734.62
25456.7 -4714.68
25454.1 -4694.76
25459.3 -4694.58
25456.2 -4674.68
25461.2 -4674.5
25457.6 -4654.62
25453.6 -4634.74
25458.3 -4634.58
25463 -4634.41
25467.8 -4634.25
25472.6 -4634.08
25477.5 -4633.92
25482.4 -4633.75
25487.3 -4633.58
25492.3 -4633.41
25497.3 -4633.23
25502.3 -4633.06
25507.4 -4632.88
25512.6 -4632.71
25517.8 -4632.53
25523.1 -4632.35
25528.4 -4632.16
25533.7 -4631.98
25539.1 -4631.79
25544.6 -4631.6
25550.1 -4631.41
25555.7 -4631.22
25561.3 -4631.02
25567.1 -4630.83
25572.8 -4630.63
25578.7 -4630.43
25584.6 -4630.22
25590.6 -4630.02
25596.6 -4629.81
25602.8 -4629.6
25609 -4629.38
25615.3 -4629.16
25621.7 -4628.94
25611.7 -4609.28
25618 -4609.06
25607.3 -4589.42
25613.5 -4589.2
25619.7 -4588.99
25608.2 -4569.37
25614.3 -4569.16
25620.5 -4568.95
25608 -4549.37
25614.1 -4549.16
25620.3 -4548.94
25606.8 -4529.4
25612.9 -4529.19
25619.1 -4528.97
25621.9 -4525.56
25621.7 -4519.38
25621.5 -4513.31
25621.3 -4507.34
25621.1 -4501.46
25620.9 -4495.68
25620.7 -4489.99
25620.5 -4484.39
25620.3 -4478.87
25620.1 -4473.44
25619.9 -4468.09
25619.7 -4462.81
25619.6 -4457.61
25619.4 -4452.48
25619.2 -4447.42
25619 -4442.42
25618.9 -4437.5
25618.7 -4432.63
25618.5 -4427.83
25618.4 -4423.09
25618.2 -4418.41
25618 -4413.79
25617.9 -4409.21
25617.7 -4404.7
25617.6 -4400.23
25617.4 -4395.81
25617.3 -4391.44
25617.1 -4387.12
25617 -4382.84
25616.8 -4378.61
25616.7 -4374.42
25616.5 -4370.28
25616.4 -4366.17
25616.3 -4362.1
25616.1 -4358.07
25616 -4354.08
25615.8 -4350.12
25615.7 -4346.2
25615.6 -4342.31
25615.4 -4338.45
25615.3 -4334.63
25615.2 -4330.83
25615.1 -4327.07
25614.9 -4323.33
25614.8 -4319.62
25614.7 -4315.94
25634.8 -4319.55
25634.7 -4315.72
25654.8 -4318.78
25654.7 -4314.8
25674.7 -4317.31
25694.8 -4319.46
25694.7 -4315.16
25714.8 -4316.78
25734.8 -4318.02
25734.7 -4313.42
25754.7 -4314.14
25774.7 -4314.51
25794.7 -4314.53
25814.7 -4314.19
25834.7 -4313.5
25854.7 -4312.47
25874.7 -4311.08
25894.6 -4309.36
25914.5 -4307.28
25914.3 -4301.24
25914.1 -4295.22
25913.9 -4289.22
25913.7 -4283.24
25913.5 -4277.28
25913.3 -4271.34
25913.1 -4265.41
25912.9 -4259.51
25912.7 -4253.61
25912.5 -4247.74
25912.3 -4241.88
25912.1 -4236.03
25911.9 -4230.19
25911.7 -4224.36
25911.5 -4218.55
25911.3 -4212.74
25911.1 -4206.94
25910.9 -4201.15
25910.7 -4195.36
25910.5 -4189.58
25910.3 -4183.81
25910.1 -4178.04
25909.9 -4172.27
25909.7 -4166.51
25909.5 -4160.74
25909.3 -4154.98
25909.1 -4149.21
25908.9 -4143.45
25908.7 -4137.68
25908.5 -4131.91
25908.3 -4126.13
25908.1 -4120.35
25907.9 -4114.56
25907.7 -4108.77
25907.5 -4102.97
25907.3 -4097.16
25907.1 -4091.34
25906.9 -4085.51
25906.7 -4079.67
25906.5 -4073.81
25906.3 -4067.95
25906.1 -4062.07
25905.9 -4056.17
25905.7 -4050.26
25905.5 -4044.33
25905.3 -4038.38
25905.1 -4032.42
25904.9 -4026.43
25904.7 -4020.43
25904.4 -4014.4
25904.2 -4008.34
25904 -4002.27
25903.8 -3996.17
25903.6 -3990.04
25903.4 -3983.88
25903.2 -3977.7
25903 -3971.49
25902.8 -3965.24
25902.5 -3958.97
25902.3 -3952.66
25902.1 -3946.31
25901.9 -3939.93
25901.7 -3933.51
25901.4 -3927.06
25901.2 -3920.56
25901 -3914.03
25900.8 -3907.45
25900.5 -3900.82
25900.3 -3894.16
25900.1 -3887.44
25899.8 -3880.68
25899.6 -3873.86
25899.4 -3867
25899.1 -3860.08
25898.9 -3853.11
25898.6 -3846.07
25898.4 -3838.99
25898.2 -3831.84
25897.9 -3824.62
25897.7 -3817.35
25897.4 -3810.01
25897.1 -3802.6
25896.9 -3795.12
25896.6 -3787.57
25896.4 -3779.94
25896.1 -3772.23
25895.8 -3764.45
25895.6 -3756.59
25895.3 -3748.64
25895 -3740.6
25894.7 -3732.47
25894.4 -3724.26
25894.2 -3715.94
25893.9 -3707.53
25893.6 -3699.02
25893.3 -3690.4
25893 -3681.68
25892.7 -3672.84
25892.4 -3663.89
25892 -3654.82
25891.7 -3645.63
25891.4 -3636.32
25891.1 -3626.87
25890.8 -3617.29
25890.4 -3607.57
25890.1 -3597.71
25889.7 -3587.7
25889.4 -3577.54
25889 -3567.22
25888.7 -3556.74
25888.3 -3546.09
25887.9 -3535.26
25887.5 -3524.26
25887.2 -3513.07
25886.8 -3501.68
25877.8 -3499.45
25885.2 -3479.18
25873.7 -3479.57
25880.5 -3459.33
25869.2 -3459.72
25875.3 -3439.5
25881.1 -3419.29
25869.6 -3419.68
25874.7 -3399.49
25879.4 -3379.32
25867.9 -3379.72
25872.1 -3359.56
25875.8 -3339.42
25864.2 -3339.82
25867.4 -3319.7
25870.2 -3299.59
25872.6 -3279.49
25874.7 -3259.41
25876.3 -3239.34
25864.2 -3239.76
25865.4 -3219.71
25866.2 -3199.67
25866.6 -3179.64
25866.7 -3159.63
25866.4 -3139.62
25853.9 -3140.06
25841.6 -3140.48
25829.4 -3140.9
25817.3 -3141.32
25805.3 -3141.73
25793.5 -3142.14
25781.8 -3142.54
25770.2 -3142.94
25758.7 -3143.34
25747.3 -3143.73
25736 -3144.12
25724.8 -3144.51
25713.7 -3144.89
25702.7 -3145.27
25691.8 -3145.65
25681 -3146.02
25670.3 -3146.39
25659.6 -3146.76
25649.1 -3147.12
25638.6 -3147.48
25628.2 -3147.84
25617.8 -3148.2
25607.5 -3148.55
25597.4 -3148.9
25587.2 -3149.25
25577.2 -3149.6
25567.1 -3149.94
25557.2 -3150.29
25547.3 -3150.63
25537.5 -3150.97
25527.7 -3151.3
25518 -3151.64
25508.3 -3151.97
25498.7 -3152.31
25489.1 -3152.64
25479.6 -3152.96
25470.1 -3153.29
25460.7 -3153.62
25451.2 -3153.94
25441.9 -3154.26
25432.5 -3154.59
25423.2 -3154.91
25414 -3155.23
25404.7 -3155.55
25395.5 -3155.86
25386.4 -3156.18
25377.2 -3156.49
25368.1 -3156.81
25359 -3157.12
25349.9 -3157.44
25340.9 -3157.75
25331.8 -3158.06
25322.8 -3158.37
25313.8 -3158.68
25304.8 -3158.99
25295.9 -3159.3
25286.9 -3159.61
25278 -3159.92
25269 -3160.23
25260.1 -3160.53
25251.2 -3160.84
25242.2 -3161.15
25233.3 -3161.46
25224.4 -3161.76
25215.5 -3162.07
25206.6 -3162.38
25197.7 -3162.69
25188.8 -3162.99
25179.9 -3163.3
25170.9 -3163.61
25162 -3163.92
25153.1 -3164.22
25144.1 -3164.53
25135.2 -3164.84
25126.2 -3165.15
25117.2 -3165.46
25108.2 -3165.77
25099.2 -3166.08
25090.2 -3166.39
25081.1 -3166.7
25072.1 -3167.02
25063 -3167.33
25053.9 -3167.65
25044.7 -3167.96
25035.5 -3168.28
25026.3 -3168.59
25017.1 -3168.91
25007.9 -3169.23
24998.6 -3169.55
24989.2 -3169.87
24979.9 -3170.2
24970.5 -3170.52
24961 -3170.85
24951.6 -3171.17
24942 -3171.5
24932.5 -3171.83
24922.9 -3172.16
24913.2 -3172.5
24903.5 -3172.83
24907.7 -3212.71
24905.4 -3232.8
24903.5 -3252.88
24909.5 -3292.7
24908.4 -3312.74
24907.7 -3332.78
24907.3 -3352.81
24915.6 -3392.54
24907.6 -3392.82
24899.5 -3393.1
24891.3 -3393.38
24883.1 -3393.66
24874.9 -3393.95
24866.5 -3394.24
24858.1 -3394.53
24849.6 -3394.82
24728.7 -3178.86
24717.7 -3179.24
24706.7 -3179.62
24695.5 -3180
24684.2 -3180.39
24672.8 -3180.78
24661.4 -3181.18
24649.8 -3181.58
24638.1 -3181.98
24626.3 -3182.39
24614.3 -3182.8
24602.3 -3183.22
24590.1 -3183.64
24577.8 -3184.06
24565.3 -3184.49
24552.7 -3184.93
24540 -3185.37
24527.1 -3185.81
24514.1 -3186.26
