20497.9 -1266.48
20497.9 -1266.48
20497.9 -1266.48
20497.9 -1266.48
20497.9 -1266.48
20497.9 -1266.48
20497.9 -1266.48
20497.9 -1266.48
20497.9 -1266.48
20497.9 -1266.48
20497.9 -1266.48
20497.9 -1266.48
20497.9 -1266.48
20497.9 -1266.48
20497.9 -1266.48
20497.9 -1266.48
20497.9 -1266.48
20497.9 -1266.48
20497.9 -1266.48
20497.9 -1266.48
20497.9 -1266.48
20497.9 -1266.48
20497.9 -1266.48
20497.9 -1266.48
20497.9 -1266.48
20500.1 -1262.61
20500.1 -1262.61
20500.1 -1262.61
20500.1 -1262.61
20500.1 -1262.61
20500.1 -1262.61
20500.1 -1262.61
20500.1 -1262.61
20500.1 -1262.61
20500.1 -1262.61
20500.1 -1262.61
20498.9 -1272.7
20498.9 -1272.7
20498.9 -1272.7
20498.9 -1272.7
20498.9 -1272.7
20498.9 -1272.7
20498.9 -1272.7
20498.9 -1272.7
20498.9 -1272.7
20498.9 -1272.7
20498.9 -1272.7
20498.9 -1272.7
20498.9 -1272.7
20498.9 -1272.7
20501.4 -1290.73
20501.4 -1290.73
20501.4 -1290.73
20501.4 -1290.73
20501.4 -1290.73
20501.4 -1290.73
20501.4 -1290.73
20501.4 -1290.73
20501.4 -1290.73
20501.4 -1290.73
20501.4 -1290.73
20501.4 -1290.73
20501.4 -1290.73
20501.4 -1290.73
20501.4 -1290.73
20494.3 -1274.87
20494.3 -1274.87
20494.3 -1274.87
20494.3 -1274.87
20494.3 -1274.87
20494.3 -1274.87
20494.3 -1274.87
20494.3 -1274.87
20494.3 -1274.87
20494.3 -1274.87
20494.3 -1274.87
20494.3 -1274.87
20494.3 -1274.87
20494.3 -1274.87
20494.3 -1274.87
20494.3 -1274.87
20494.3 -1274.87
20494.3 -1274.87
20494.3 -1274.87
20494.3 -1274.87
20499 -1276.37
20499 -1276.37
20499 -1276.37
20499 -1276.37
20499 -1276.37
20499 -1276.37
20500.3 -1273.66
20502.4 -1269.13
20504.5 -1264.6
20506.6 -1260.07
20508.7 -1255.54
20510.9 -1251.01
20511.7 -1249.2
20511.7 -1249.2
20511.7 -1249.2
20511.7 -1249.2
20511.7 -1249.2
20511.7 -1249.2
20511.7 -1249.2
20511.7 -1249.2
20511.7 -1249.2
20511.7 -1249.2
20511.7 -1249.2
20511.7 -1249.2
20511.7 -1249.2
20509.4 -1247.06
20509.4 -1247.06
20509.4 -1247.06
20509.4 -1247.06
20509.4 -1247.06
20509.4 -1247.06
20509.4 -1247.06
20509.4 -1247.06
20509.4 -1247.06
20509.4 -1247.06
20509.4 -1247.06
20502 -1243.19
20502 -1243.19
20502 -1243.19
20502 -1243.19
20502 -1243.19
20502 -1243.19
20502 -1243.19
20502 -1243.19
20502 -1243.19
20502 -1243.19
20502 -1243.19
20502 -1243.19
20502 -1243.19
20502 -1243.19
20502 -1243.19
20502 -1243.19
20502 -1243.19
20502 -1243.19
20502 -1243.19
20502 -1243.19
20502 -1243.19
20511.9 -1247.7
20511.9 -1247.7
20511.9 -1247.7
20511.9 -1247.7
20511.9 -1247.7
20511.9 -1247.7
20511.9 -1247.7
20511.9 -1247.7
20511.9 -1247.7
20511.9 -1247.7
20511.9 -1247.7
20511.9 -1247.7
20511.9 -1247.7
20511.9 -1247.7
20511.9 -1247.7
20511.9 -1247.7
20511.9 -1247.7
20511.9 -1247.7
20506.7 -1262.6
20506.7 -1262.6
20506.7 -1262.6
20506.7 -1262.6
20506.7 -1262.6
20506.7 -1262.6
20506.7 -1262.6
20506.7 -1262.6
20506.7 -1262.6
20506.7 -1262.6
20508.3 -1260.09
20511 -1255.9
20513.8 -1251.72
20516.5 -1247.53
20519.3 -1243.35
20522 -1239.16
20523.1 -1237.49
20523.1 -1237.49
20523.1 -1237.49
20529.1 -1236.55
20529.1 -1236.55
20529.1 -1236.55
20529.1 -1236.55
20529.1 -1236.55
20529.1 -1236.55
20529.1 -1236.55
20529.1 -1236.55
20529.1 -1236.55
20529.1 -1236.55
20529.1 -1236.55
20529.1 -1236.55
20529.1 -1236.55
20529.1 -1236.55
20529.1 -1236.55
20529.1 -1236.55
20529.1 -1236.55
20529.1 -1236.55
20529.1 -1236.55
20529.1 -1236.55
20518.2 -1216.02
20518.2 -1216.02
20518.2 -1216.02
20518.2 -1216.02
20518.2 -1216.02
20518.2 -1216.02
20518.2 -1216.02
20518.2 -1216.02
20518.2 -1216.02
20518.2 -1216.02
20518.2 -1216.02
20529.1 -1224.92
20529.1 -1224.92
20529.1 -1224.92
20529.1 -1224.92
20529.1 -1224.92
20529.1 -1224.92
20529.1 -1224.92
20529.1 -1224.92
20529.1 -1224.92
20529.1 -1224.92
20529.1 -1224.92
20526.2 -1240.6
20526.2 -1240.6
20526.2 -1240.6
20526.2 -1240.6
20526.2 -1240.6
20526.2 -1240.6
20526.2 -1240.6
20526.2 -1240.6
20526.2 -1240.6
20526.2 -1240.6
20526.2 -1240.6
20525.3 -1241.65
20524.9 -1237.18
20524.4 -1231.94
20524 -1224.46
20523.7 -1216.21
20523.7 -1207.21
20523.9 -1196.71
20524.4 -1186.22
20525.2 -1175.75
20526.2 -1165.31
20527.6 -1154.89
20529.2 -1144.51
20534.4 -1125.73
20536.6 -1115.45
20539 -1105.24
20541.7 -1095.1
20544.8 -1085.05
20548.2 -1075.12
20550.9 -1068.12
20552.5 -1063.94
