-769.803 -7839.98
-707.743 -7901.33
-645.151 -7962.14
-582.028 -8022.4
-518.384 -8082.1
-454.222 -8141.25
-389.546 -8199.84
-324.361 -8257.86
-258.67 -8315.31
-192.482 -8372.18
-125.801 -8428.47
-58.6311 -8484.18
9.02291 -8539.3
77.1566 -8593.83
145.763 -8647.76
214.836 -8701.09
284.372 -8753.82
354.368 -8805.94
424.814 -8857.44
5558.36 -1790.06
5578.26 -1780.84
5605.86 -1759.8
5625.78 -1749.15
5633.34 -1756.59
5649.68 -1750.55
5670.15 -1737.54
5681.88 -1737.83
5700.35 -1726.9
5708.82 -1732.02
5719.35 -1733.62
5734.86 -1726.44
5748.73 -1721.68
5763.43 -1715
5774.65 -1714.3
5789.09 -1707.29
5802.91 -1700.98
5812.96 -1701.65
5825.65 -1696.83
5830.79 -1707.16
5845.52 -1697.59
5857.1 -1694.19
5868.17 -1691.58
5880.38 -1686.09
5892.06 -1681.39
5899.34 -1686.68
5915.84 -1669.73
5917.83 -1687.82
5933.25 -1672.43
5941.59 -1674.58
5956.22 -1659.8
5962.39 -1667.39
5970.99 -1668.34
5981.86 -1662.59
5995.44 -1648.18
6001.06 -1657.39
6008.91 -1659.89
6018.81 -1655.63
6029.19 -1649.34
6040.26 -1640.05
6049.55 -1636.43
6054.9 -1647.2
6065.4 -1638.58
6073.32 -1639.55
6081.48 -1639.48
6090.28 -1636.4
6098.59 -1635.2
6106.66 -1634.89
6114.11 -1637.45
6121.59 -1639.95
6135.25 -1608.94
6139.23 -1629.97
6149.61 -1614.5
6157.08 -1615.7
6165.44 -1610.91
6173.57 -1607.03
6179.81 -1616.95
6186.94 -1620.87
6196.7 -1601.87
6203.12 -1611.62
6210.19 -1616.34
6217.84 -1615.03
6225.85 -1608.66
6233.68 -1603.21
6241.46 -1596.7
6247.71 -1618.08
6256.17 -1595.45
6262.94 -1611.71
6270.5 -1606.93
6278.14 -1592.09
6285.44 -1588.17
6292.68 -1592.19
6299.91 -1588.15
6307.39 -1601.04
6314.01 -1574.88
6321.31 -1579.65
6328.47 -1579.36
6335.63 -1579.01
6341.97 -1565.62
6350 -1579.11
6356.59 -1571.59
6363.68 -1570.99
6369.99 -1562.37
6376.25 -1554.69
6383.19 -1553.92
6391.85 -1566.99
6396.91 -1551.21
6404.8 -1557.19
6411.91 -1557.16
6421.24 -1570.89
6425.82 -1554.94
6432.76 -1553.74
6436.75 -1536.75
6442.38 -1529.56
6452.11 -1542.91
6460.4 -1548.33
6465.98 -1540.97
6470.76 -1530.65
6475.84 -1522.25
6487.6 -1540.98
6495.92 -1545.05
6506.67 -1557.72
6514.71 -1559.66
6528.89 -1582.67
6534.07 -1573.86
6542.93 -1577.44
6548.85 -1571.41
6560.27 -1582.44
6564.58 -1571.53
6572.64 -1571.95
6588.1 -1593.02
6600.51 -1604.49
6614.56 -1619.55
6630.68 -1639.09
6646.44 -1656.56
6653.13 -1650.65
6686.24 -1708.4
7726.63 -4127.19
7325.56 -3128.37
7313.96 -3047.13
7320.58 -3009.02
7336.36 -2991.81
7348.46 -2967.27
7379.56 -2982.21
7404.73 -2984.26
7478.28 -3080.42
7523.03 -3116.95
7508.25 -3039.94
7527.15 -3027.48
7543.01 -3009.62
7559.15 -2992.52
7577.59 -2979.65
7594.37 -2964.04
7610.98 -2948.3
7619.56 -2919.66
7641.55 -2913.08
7653.3 -2890.26
7672.39 -2879.13
7691.39 -2867.83
7710.29 -2856.37
7821.05 -2978.11
7891.5 -3037.51
7861.87 -2954.33
12180.5 -8841.27
10211.5 -6041.58
10439 -6247.31
10868.5 -6707.02
10793.8 -6505.48
10944.8 -6592.62
10800.1 -6311.14
10911.4 -6347.89
10895 -6230.08
11014.8 -6274.01
11240.1 -6436.11
11291.5 -6394.95
11518 -6547.8
11518.3 -6447.48
11606.7 -6443.28
11669.9 -6411.17
11703.7 -6348.22
11760 -6308.61
11737.4 -6190.07
11883.8 -6239.63
11940.1 -6198.94
11990.2 -6152.19
12042.9 -6107.7
11833.2 -5823.23
11670.4 -5588.94
11815 -5632.46
12193.6 -5875.56
12096.4 -5703.25
12040.4 -5569.63
11819.5 -5303.37
11278.6 -4786.28
11272.8 -4710.29
11240 -4614.43
10970.1 -4338.97
10798.1 -4145.43
10582.9 -3925.48
10424.1 -3752.98
10263.4 -3584.08
10133 -3441.12
9976.38 -3284.26
9989.98 -3246.43
10011.5 -3214.06
9824.65 -3046.72
9620.78 -2873.73
9454.92 -2729.85
9382.4 -2647.43
9299.24 -2560.78
9229.48 -2484.34
9162.08 -2411.25
9104.1 -2345.36
9030.3 -2272.4
8984.48 -2216.55
8999.74 -2194.4
9006.84 -2167.95
9043.1 -2156.42
9059.67 -2134.58
9083.26 -2116.06
9101.32 -2094.65
9138.25 -2081.88
9151.51 -2057.81
9170.96 -2036.45
9177.41 -2009.29
9221.37 -1998.08
9236.69 -1974.37
9260.17 -1953.85
9271.41 -1928.27
9303.92 -1910.79
9292.3 -1876.43
9253.04 -1832.48
9212.31 -1788.98
9177.67 -1748.53
9133.07 -1705.61
9103.16 -1668.47
9052.78 -1625.64
9017.19 -1588.41
8988.83 -1554.13
8993.74 -1530.02
9035.07 -1515.98
9029.01 -1488.66
8989.75 -1453.04
8972.41 -1423.69
8940.17 -1391.22
8912.44 -1360.48
8876.57 -1328.55
8838.39 -1296.88
8824.36 -1270.88
7530.68 -998.29
7423.55 -967.389
7390.84 -951.472
7370.78 -938.27
7352.54 -925.744
7356.92 -916.918
7358.26 -907.615
7322.82 -893.522
7315.02 -883.432
7327 -875.726
7332.95 -867.202
7320.91 -856.881
7319.73 -847.723
7320.46 -838.747
7330.1 -830.381
7324.69 -820.957
7315.2 -811.429
7330.6 -803.128
7352.94 -794.796
7359.2 -785.681
7381.39 -776.717
7391.5 -767.279
7400.53 -757.667
7411.48 -747.879
7423.33 -737.88
7420.1 -728.086
7459.76 -716.788
7465.34 -706.325
7466.83 -695.977
7485.2 -684.537
7496.47 -673.269
7523.59 -660.522
7544.59 -647.827
7548.55 -636.41
7571.3 -622.904
7567.08 -612.085
7571.7 -600.22
7604.96 -584.439
7620.21 -570.595
7631.37 -557.068
7634.49 -544.594
7641.45 -531.386
7676.82 -512.964
7682.48 -499.416
7704.7 -482.484
7709.09 -468.757
7623.38 -474.185
7530.07 -482.827
7491.57 -480.402
7504.65 -466.184
7493.32 -457.798
7485.8 -448.581
7484.01 -437.911
7465.75 -431.814
7459 -422.687
7453.15 -413.368
7447.22 -404.125
7430.73 -398.282
7433.24 -386.493
7430.89 -376.225
7464.36 -353.549
7484.33 -334.952
7518.16 -310.827
7670.54 -241.44
7715.42 -210.364
7705 -200.166
7704.7 -185.973
7694.1 -175.967
7694.48 -161.398
7672.71 -156.377
7661.92 -146.795
7648.34 -138.604
7656.46 -120.429
7637.31 -115.019
7621.75 -108.135
7630.33 -89.3925
7619.09 -80.4662
7591.84 -80.0184
7589.4 -66.8144
7583.31 -55.5147
7581.49 -41.8387
7560.39 -39.0008
7553.19 -28.4567
7539.02 -22.0529
7548.81 -1.38663
7525.11 -0.917396
7515.06 7.69433
7520.12 25.8806
7502.33 29.477
7490.4 36.6944
7481.75 46.0054
7473.86 55.7936
7474.88 71.8271
7452.13 71.0677
7450.5 85.2863
7441.48 94.176
7436.39 105.987
7417.7 107.407
7414.81 120.902
7414.13 136.283
7405.49 145.415
7386.77 146.182
7377.29 154.417
7370.8 165.158
7373.25 183.741
7352.26 181.862
7346.23 193.093
7340.83 204.967
7327.99 209.99
7318.77 218.308
7310.92 227.931
7310.1 244.509
7294.95 246.987
7289.63 259.276
7275.15 262.185
7274.45 279.446
7258.54 280.66
7260.22 300.871
7245.59 303.331
7238.27 313.866
7223.63 316.042
7227.82 340.122
7215.63 345.184
7209.77 357.841
7205.01 372.035
7191.37 375.263
7180.21 381.494
7168.4 386.823
7169.18 408.822
7155.98 412.413
7139.86 411.814
7140.04 433.841
7137.61 452.679
7117.96 446.818
7110.2 458.133
7108.9 479.419
7088.83 472.235
7083.95 488.431
7078.84 504.635
7073 519.991
7063.35 529.335
7044.48 523.087
7032.76 528.742
7032.79 555.195
7014.52 549.359
7006.88 562.655
6996.26 570.614
6987.39 582.039
6976.57 589.844
6972.33 610.995
6959.04 614.185
6950.46 627.183
6937.07 630.16
6928.65 643.935
6920.03 657.668
6910.82 670.44
6899.1 677.632
6893.78 700.443
6879.16 701.004
6867.49 708.869
6857.15 720.378
6845.27 728.069
6832.61 733.785
6822.88 747.881
6812.63 760.974
6799.03 764.515
6789.41 780.303
6783.44 808.442
6766.83 803.108
6759.68 829.258
6743.88 826.552
6733.48 842.97
6716.65 836.137
6705.95 852.377
6700.29 889.903
6689.6 908.971
6693.58 993.279
6683.22 1019.18
6670.99 1038.19
6653.32 1031.63
6641.46 1054.36
6631.23 1087.83
6617.34 1103.53
6600.09 1100.38
6585.56 1113.87
6570.96 1128.24
6558.75 1161.31
6540.82 1154.64
6528.08 1189.5
6511.63 1196.46
6497.85 1230.14
6480.77 1234.85
6464.39 1248.38
6448.33 1268.75
6431.38 1281.02
6415.12 1308.12
6398.3 1333.08
6379.91 1330.94
6362.64 1360.62
6344.41 1372.15
6326.24 1399.53
6307.49 1411.75
6288.52 1428.81
6269.2 1451.69
6249.58 1468.41
6229.49 1491.95
6208.94 1516.31
6187.96 1540.48
6166.44 1566.45
6144.28 1595.21
6122.39 1612.78
6100.34 1628.16
6076.95 1655.29
6052.68 1686.17
6032.3 1675.04
6011.87 1665.73
5992.44 1649.31
5967.61 1675.35
5947.08 1667.48
5921.74 1692.07
5891.69 1743.06
5863.37 1777.93
5834.95 1809.55
5805.94 1840.85
5778.47 1861.05
5744.78 1909.37
5713.57 1941.66
5680.22 1980.43
5650.22 2001.29
5615.12 2041.28
5577.09 2089.59
5540.17 2129.7
5501.2 2174.21
5463.28 2211.51
5422.99 2254.13
5395.3 2251.23
5437.79 2019.61
5312.39 2331.41
5245.43 2445.38
5199.02 2491.11
5147.17 2549.5
5095.21 2604.39
5046.68 2646.42
4988.19 2712.2
4925.94 2783.74
4863.44 2851.66
4800.04 2917.82
4734.98 2984.08
4655.73 3079.83
4582.69 3156.14
4551.85 3133.78
4568.27 3008.41
4347.27 3395.37
4252.8 3500.01
4159.88 3596.13
4054.39 3712.41
3945.35 3829.83
3836.41 3941.25
5015.98 1631.84
4933.45 1733.9
4886.47 1767.4
3310.07 4493.66
3149.57 4665.6
2980.25 4844.6
2804.49 5026.18
4273.31 2524.11
4613.83 1917.49
4717.62 1703.88
4698.91 1685.86
4683.72 1662.7
4660.96 1651.07
4637.72 1640.04
4615.13 1627.97
4592.61 1615.69
402.558 7322.88
332.254 7271.19
262.405 7218.88
193.013 7165.96
124.087 7112.44
55.6261 7058.32
-12.3558 7003.6
-79.8579 6948.3
-146.874 6892.4
-213.4 6835.93
-279.432 6778.87
-344.962 6721.24
-409.988 6663.05
-474.502 6604.28
-538.502 6544.96
-601.985 6485.08
-664.939 6424.64
-727.364 6363.66
-789.255 6302.14
