-2861.29 -5896.74
-2808.9 -5966.53
-2755.9 -6035.87
-2702.3 -6104.73
-2648.11 -6173.13
-2593.32 -6241.05
-2537.94 -6308.49
-2481.97 -6375.44
-2425.41 -6441.91
-2368.29 -6507.88
-2310.58 -6573.34
-2252.31 -6638.3
-2193.48 -6702.75
-2134.08 -6766.69
-2074.13 -6830.1
-2013.63 -6892.99
-1952.58 -6955.34
-1890.99 -7017.17
-1828.86 -7078.45
-1766.2 -7139.18
4572.68 -553.05
4594.48 -540.579
4605.9 -538.861
4619.93 -534.012
4622.59 -541.725
4631.23 -542.631
4639.2 -544.195
4653.57 -537.99
4664.61 -535.449
4677.46 -530.425
4681.49 -536.203
4686.81 -540.376
4697.63 -537.35
4705.36 -538.182
4719.59 -530.067
4733.05 -522.562
4726.68 -542.598
4747.49 -524.221
4751.01 -530.296
4759.06 -529.711
4759.38 -540.725
4772.33 -532.459
4786.71 -521.48
4785.04 -535.777
4800.76 -521.969
4802.37 -531.111
4809.15 -531.642
4822.4 -520.825
4822.68 -532.486
4830.37 -531.048
4837.54 -530.403
4851.22 -517.301
4848.1 -535.981
4860.19 -525.319
4859.19 -540.478
4875.45 -520.604
4879.34 -525.797
4885.4 -526.43
4889.4 -531.557
4898.71 -524.771
4901.95 -531.64
4915.38 -514.539
4914.41 -531.47
4920.8 -530.827
4932.62 -516.148
4936.34 -521.869
4942.91 -520.069
4947.41 -523.843
4954.6 -520.036
4958.15 -526.559
4966.84 -517.879
4969.54 -527.177
4975.07 -527.883
4982.63 -521.839
4986.69 -527.224
4992.47 -526.81
5000.87 -516.699
5006.27 -517.12
5011.66 -517.491
5017.04 -517.814
5018.49 -534.627
5027.57 -519.286
5033.8 -515.556
5038.11 -520.571
5041.9 -528.496
5049.22 -518.722
5052.93 -527.557
5061.42 -509.77
5064.05 -525.43
5070.35 -519.349
5075.36 -521.119
5081.77 -512.941
5085.84 -521.557
5091.14 -521.209
5096.76 -517.834
5101.91 -518.384
5107.15 -517.894
5111.79 -524.332
5117.06 -523.754
5122.87 -515.148
5128.34 -509.481
5132.86 -520.743
5138.07 -519.979
5143.49 -512.173
5148.35 -522.313
5153.8 -504.415
5158.74 -518.468
5163.86 -505.478
5168.95 -510.443
5173.95 -506.365
5179.22 -514.239
5184.07 -507.075
5194.24 -617.746
5213.41 -857.081
5225.64 -921.469
5234.95 -929.856
5244.74 -942.142
5251.61 -919.474
5259.47 -910.697
5269.75 -925.721
5279.14 -930.706
5286.64 -919.727
5293.96 -908.694
5304.77 -923.347
5313.3 -921.078
5323.07 -926.635
5329.59 -912.379
5336.23 -900.054
5351.91 -936.83
5358.58 -924.345
5367.26 -922.595
5377.19 -926.636
5385.67 -923.748
5395.94 -928.578
5402.06 -915.813
5407.74 -902.048
5420.78 -917.285
5430.7 -919.819
5440.96 -923.218
5448.24 -915.947
5457.99 -917.247
5465.72 -911.764
5480.05 -927.186
5483.77 -909.171
5495.83 -916.753
5501.82 -906.248
5514.04 -913.609
5522.97 -911.442
5531.88 -909.194
5538.26 -900.336
5550.79 -907.244
5556.68 -897.334
5567.04 -898.471
5570.77 -883.869
5589.92 -905.002
5605.79 -917.66
5606.9 -897.393
5625.54 -915.203
5629.8 -902.109
5635.2 -891.709
5649.41 -899.167
5654.22 -887.761
5669.53 -896.721
5687.39 -909.894
5684.43 -884.212
5697.62 -888.355
5704.99 -881.909
5715.3 -880.597
5720.02 -869.714
5734.93 -875.939
5748.42 -879.42
5784.9 -919.146
5787.05 -903.572
5820.68 -936.6
5857.15 -972.443
5871.85 -974.617
5877.54 -963.45
5891.15 -963.712
5910.65 -971.941
5917.96 -962.949
5932.33 -963.538
5950.39 -968.737
5962.49 -965.78
5977.07 -965.837
5989.84 -963.375
5994.42 -950.686
6019.26 -962.637
6032.76 -960.472
6047.59 -959.667
6073.67 -971.483
6077.42 -957.512
6093.74 -957.645
6116.91 -964.926
6127.29 -958.016
6147.28 -961.135
6158.34 -954.654
6172.18 -950.905
6188.15 -949.108
6214.18 -956.897
6227.44 -951.837
6243.6 -949.369
6269.33 -955.539
6279.73 -947.188
6298.26 -946.074
6318.35 -946.034
6324.16 -933.292
6363.37 -949.017
6367.62 -934.653
6380.22 -927.268
6415.37 -937.934
6434.32 -935.029
6441.48 -922.664
6471.57 -927.847
6501.04 -931.98
6520.22 -927.967
6559.69 -938.339
6561.92 -921.478
6595.97 -926.945
6624.44 -927.941
6646.4 -924.059
6670.06 -920.968
6694.63 -918.082
6737.84 -926.617
6750.74 -915.47
6785.76 -917.703
6827.81 -923.502
6826.08 -902.867
6820.64 -880.346
6807.97 -854.073
6819.48 -841.609
6859.95 -844.687
6877.6 -834.979
6887.23 -820.896
6951.15 -834.272
6993.93 -835.942
7024.28 -830.828
7053.77 -824.824
7087.84 -820.475
7132.9 -820.549
7175.36 -818.689
7225.28 -819.326
7258.78 -812.166
7300.63 -807.913
7350.92 -806.346
7400.4 -803.602
7453.74 -801.485
7516.59 -801.98
7570.21 -798.048
7632.43 -796.227
7642.75 -775.609
7496.29 -702.912
7492.49 -679.143
7568.62 -680.559
7627.73 -675.482
7685.97 -669.147
7724.08 -656.114
7682.12 -620.49
7661 -591.296
7652.16 -565.748
7641.12 -539.925
7623.01 -512.727
7635.81 -493.012
7645.53 -472.477
7650.18 -450.787
7641.9 -426.497
7663.83 -408.232
7688.58 -390.16
7689.55 -367.585
7698.22 -346.328
7678.06 -320.487
7675.45 -297.648
7684.52 -276.524
7676.55 -253.093
7693.19 -232.812
7694.75 -210.605
7793.61 -198.395
7953.18 -190.175
8085.88 -176.903
8231.52 -162.321
8428.01 -148.647
8671.39 -134.313
8928.73 -116.444
9291.92 -98.4583
14282.6 -224.187
14250.9 -143.783
14248.4 -64.4043
14258.2 14.8335
11127.4 86.3998
11204 139.318
11335.2 194.67
11698.7 258.997
12023.6 328.256
14223.8 489.796
14214.8 568.582
14214.1 647.813
14192.8 725.624
14200.7 805.536
14196.9 884.649
14187.5 963.263
14185.3 1042.63
14190.4 1122.95
14178.9 1201.44
14180.6 1281.68
14146.9 1357.07
15048.9 1574.28
13202 1365.42
13202.2 1437.54
13195.9 1508.71
13192.9 1580.6
13202.9 1655.26
13184.9 1724.56
13189.7 1798.71
13193.8 1873.08
13838.1 2097.26
14114.5 2244.36
14107.8 2325.57
14089.7 2404.05
14815.2 2683.8
14792 2767.93
12044.9 2063.64
12061.8 2133.93
12031.1 2190.23
12023.8 2253.73
12026.3 2320.68
12025.4 2386.89
12026.6 2454.23
12019.7 2519.08
12019.7 2586.75
12674.1 2901.38
13259 3202.72
13250.9 3281
13249.5 3362.4
13250.9 3445.55
13246.9 3527.01
13251.3 3612.66
13246.5 3694.98
13243.7 3778.73
13236.4 3861.01
13230 3944.3
13234.5 4033.5
13230 4119.04
13493.4 4342.58
13938.6 4667.97
13961.6 4778.34
13944.8 4868.37
13946.3 4969.18
13933.6 5062.96
13928.6 5161.9
13913.1 5255.54
13877.8 5337.91
13885.2 5446.82
13804.1 5501.45
13702.5 5542.13
13702.1 5647.61
13690.6 5746.85
13646.6 5824.99
13666 5947.13
13650.3 6046.44
13638.5 6149.42
13655.4 6274.46
13186.1 6039.78
10304.7 3966.67
10223 3974.75
10137.6 3978.62
10053.4 3981.92
9972.53 3986.58
9903.53 3999.69
9791.1 3975.16
12750.3 6584.95
12693.1 6650.92
12635.4 6716.38
12577.2 6781.34
12518.3 6845.79
12458.9 6909.73
9814.07 4507.88
9757.24 4530.89
11738.8 6566.45
11722.8 6664.71
11612.6 6668.08
9918.22 5020.95
11377.7 6653.86
11232.3 6613.28
10923.6 6390.37
10744.8 6302.61
10618.2 6269.28
10534.5 6282.62
10452.2 6296.49
10379.8 6320.92
10350.4 6397.14
10123.7 6229.59
9611.22 5693.15
8971 4971.43
8449.96 4378.12
8391.26 4378.64
8576.44 4709.46
8536.43 4739.89
9541.8 6243.69
7950.92 4075.13
7911.36 4092.71
7878.39 4119.87
7834.72 4130.88
7804.61 4162.45
7767.21 4182.82
7731.76 4206.24
7693.5 4225.09
7653.57 4241.01
7616.08 4260.86
7579.42 4282.12
7544.55 4306.53
7514.26 4339.42
7479.77 4365.06
7440.82 4382.47
7405.87 4407.52
7365.68 4422.47
7332.07 4450.49
7307.73 4498.05
7728.97 5487.13
8116.68 6448.44
7834.5 5973.84
7559.23 5491.19
7544.35 5587.18
7759.49 6232.51
7742.14 6343.73
7714.86 6434.68
7053.6 4907.91
7013.82 4930.77
7504.63 6384
7454.21 6417.36
7389.46 6410.7
7321.13 6392.04
6700.26 4706.03
6698.7 4840.16
6700.29 4991.78
6989.91 6102.73
6582.08 4908.49
6521.24 4855.28
6456.66 4784.03
6471.64 5006.82
5660.33 2016.81
5636.87 1994.87
5639.94 2082.61
5431.67 1251.18
5398.89 1150.92
5389.26 1151.96
5384.75 1178.41
5379.03 1200.94
5378.88 1255.9
5376.92 1306.02
5379.8 1390.73
5341.64 1221.64
5316.63 1121.25
5308.28 1128.5
5334.39 1403.46
5722.97 4732.94
5520.83 3288.62
5477.75 3145.39
5597.3 4709.18
5299.75 1687.7
5286.71 1702.79
5463.78 4541.37
5421.95 4495.91
5384.08 4512.99
5349.22 4609.68
5322.34 5003.93
5278.63 4977.14
5234.83 4911.98
5190.77 4620.43
5151.32 4519.51
5110.74 4677.23
5071.46 4630.61
5032.05 4616.65
4992.36 4616.34
4944.17 4799.49
4905.61 4748.47
4857.18 4865.81
4816.15 4852
4773.8 4856.77
4698.62 5224.69
4867.34 3057.98
5063.22 993.197
5059.35 956.538
5053.49 940.722
5046.84 932.8
5038.62 936.708
5032.28 927.686
5024.18 930.467
5016.52 930.214
5009.56 925.955
5002.85 920.657
4996.03 916.289
4990.27 906.969
4979.41 922.055
4973.31 914.571
4970.06 895.36
4956.74 918.916
4950.82 911.271
4940.47 921.003
4933.85 916.138
4926.48 914.111
4918.58 913.941
4915.54 897.41
4904.8 906.691
4896.31 908.222
4884.97 918.222
4883.35 898.713
4871.55 909.472
4864.92 905.018
4860.76 893.941
4852.89 893.149
4842.12 899.743
4833.06 901.564
4828.47 892.175
4818.63 895.69
4809.88 896.336
4802.69 893.228
4797.99 884.583
4794.24 874.1
4788.1 869.046
4772.93 882.878
4772.92 865.085
4756.14 881.32
4751.37 873.294
522.821 8930.08
445.693 8889.26
368.926 8847.76
292.522 8805.6
216.49 8762.77
140.829 8719.27
65.5561 8675.12
-9.32924 8630.32
-83.8203 8584.86
-157.912 8538.76
-231.599 8492.01
-304.875 8444.61
-377.734 8396.58
-450.171 8347.92
-522.182 8298.63
-593.763 8248.71
-664.902 8198.16
-735.597 8147
-805.843 8095.23
