11237.3 10896.8
11175.9 10958.8
11114 11020.3
11051.6 11081.3
10988.6 11141.7
10925.1 11201.6
10861.1 11260.9
10796.6 11319.7
10731.6 11377.9
10666 11435.5
10600 11492.5
10533.4 11549
10466.4 11604.9
10398.9 11660.2
10330.9 11714.9
10262.5 11769
10193.5 11822.5
10124.1 11875.4
10054.3 11927.7
4611.37 4603.68
4598.78 4599.2
4588.6 4597.83
4581.89 4601.28
4581.33 4613.77
4578.92 4623.81
4575.83 4633.02
4578.53 4651.51
4575.64 4661.62
4572.61 4671.74
4565.83 4675.87
4560.02 4681.66
4560.67 4698.66
4553.65 4702.68
4558.75 4728.49
4551.95 4733.37
4548.39 4744.38
4555.78 4776.66
4555.36 4794.88
4552.87 4809.59
4550.6 4825.22
4558.02 4861.62
4551.7 4870.14
4511.16 4804.05
4497.11 4793.94
4486.86 4791.91
4481.38 4800.8
4471.56 4799.51
4461.03 4796.27
4464.56 4828.25
4470.8 4868.75
4463.35 4874.79
4487.06 4966.25
4586.24 5274.9
4857.46 6098.55
4854.14 6152.5
4852.41 6214.17
4848.16 6271.21
4832.69 6294.89
4810.59 6297.39
4790.44 6306.41
4770.72 6317.2
4741.77 6294.02
4725.61 6317.95
4708.34 6338.87
4682.54 6325.65
4663.13 6338.47
4639.19 6331.61
4612.48 6310.83
4592.39 6320.15
4568.15 6308.68
4545.43 6303.86
4523.88 6304.74
4504.84 6320.21
5672.63 13771.4
5586.4 13784.8
5500.05 13797.4
5413.6 13809.3
5327.04 13820.4
4372.74 6297.54
4351.46 6296.88
4329.73 6291.06
4310.32 6309.94
4285.91 6269.85
4264.48 6261.44
4245.2 6284.77
4224.25 6283.99
4203.05 6277.02
4182.38 6280.86
4161.43 6276.52
4140.64 6276
4119.7 6259.3
4099.08 6256.42
4078.46 6259.35
4057.68 6269.11
4037.35 6253.68
4016.75 6254.08
3995.75 6263.29
3975.82 6248.34
3955.24 6248.2
3935.06 6241.89
3323.81 13866.5
3236.84 13859.4
3149.93 13851.5
3063.09 13842.9
2976.33 13833.5
2889.66 13823.4
3788.17 6258.42
3770.74 6232.86
3748.9 6239.82
3730.01 6226.83
3706.09 6245.24
3687.85 6228.95
3667.69 6224.31
3646.63 6224.41
3624.55 6229.22
3605.04 6221.1
3583.69 6221.61
3563.2 6218.02
3568.27 6107.26
3571.87 6010.37
3533.01 6085.12
3516.51 6070.46
3501.02 6052.79
3481.4 6050.4
3454.42 6072.77
3405.17 6166.58
3389.58 6147.1
3402.91 6039.05
3400.99 5982.64
3408.44 5901.76
3413.25 5832.5
3416.5 5771
3420.06 5711.58
3424.61 5652.37
442.58 13205.1
361.486 13172.8
280.678 13139.9
200.159 13106.2
119.937 13071.9
40.0183 13036.9
3457.21 5303.09
3468.14 5247.59
3479.99 5192.38
3480.51 5162.68
3466.81 5162.63
3469.83 5129.45
3469.69 5103.52
3467.61 5082.11
3480.61 5033.48
3479.42 5012.32
3481.01 4986.86
3481 4964.98
3644.91 4664.68
3691.17 4572.36
-1118.35 12429.2
-1192.61 12383.4
3499.86 4835
3498.22 4819.69
3487.98 4817.77
3496.15 4788.37
3493.48 4775.68
3494.41 4758.09
3503.15 4729.99
3503.53 4714.25
3498.19 4706.64
3511.57 4674.21
3510.28 4661.93
3509.15 4649.69
3505.71 4640.62
3507.41 4625.33
3520.12 4596.99
3506.97 4600.37
3506.04 4589.11
3516.39 4565.05
3509.26 4561.46
3521.52 4536.23
3514.61 4532.66
3529.51 4505.6
3524.22 4500.63
3523.82 4490.58
3520.76 4483.42
3524.13 4469.88
3529.12 4455.04
3530.74 4443.81
3518.74 4445.75
3525.65 4429.76
3529.86 4416.64
3531.28 4406.32
3529.84 4398.72
3536.79 4383.9
3531.8 4379.65
3536.78 4366.98
3525.76 4367.82
3537.2 4350.21
3544.99 4335.97
3545.11 4328.06
3545.33 4320.18
3548.03 4310.54
3534 4313.48
3544.12 4298.55
3540.63 4293.72
3539.64 4287.13
3547.78 4274.32
3542.85 4270.64
3538.77 4266.35
3553.16 4250.01
3550.1 4245.26
3554.7 4235.7
3544.94 4235.15
3547.15 4227.23
3556.34 4215.31
3550.98 4212.09
3544.76 4209.29
3556.91 4196.21
3548.17 4194.84
3554.41 4185.34
3548.36 4182.45
3550.34 4175.38
3560.45 4164.35
3546.45 4165.38
3546.83 4159.27
3547.28 4153.2
3561.43 4140.91
3545.62 4142.36
3563.66 4128.74
3556.13 4126.44
3563.38 4117.88
3554.98 4115.85
3558.67 4108.91
3562.43 4102.06
3558.78 4098.1
3565.5 4090.31
3556.29 4088.35
3563.14 4080.69
3553.02 4078.9
3560.96 4071.05
3555.64 4067.58
3564.68 4059.63
3562.32 4055.27
3563.84 4049.77
3560.59 4045.66
3567.03 4038.9
3558.07 4036.29
3565.6 4029.4
3557.65 4026.41
3559.46 4021.02
3569.13 4013.94
3566.17 4009.76
3564.22 4005.33
3570.16 3999.34
3563.38 3995.84
3560.57 3991.54
3571.59 3984.87
3557.01 3982.49
3570.13 3975.7
3566.49 3971.53
3565.85 3966.9
3577.16 3960.79
3572.65 3956.72
3564.19 3952.99
3570.68 3947.67
3573.24 3942.82
3577.84 3937.85
3573.51 3933.61
3569.21 3929.3
3575.93 3924.32
3563.72 3920.32
3568.53 3915.49
3568.39 3910.89
3577.28 3906.11
3576.21 3901.59
3580.19 3897.05
3568.2 3892.46
3580.25 3888.05
3568.35 3883.24
3571.48 3878.74
3571.66 3874.16
3577.87 3869.89
3573.13 3865.07
3568.43 3860.16
3582.73 3856.64
3570.14 3851.04
3571.55 3846.55
3579.96 3842.8
3583.43 3838.63
3574.03 3832.95
3575.59 3828.53
3571.25 3823.3
3573.89 3819.01
3584.47 3816.01
3573.35 3809.58
3577.08 3805.54
3577.89 3801.02
3580.71 3796.88
3575.72 3791.19
3578.61 3787.07
3582.52 3783.2
3591.32 3780.51
3578.73 3772.86
3580.8 3768.59
3579.03 3763.35
3586.01 3760.39
3583.36 3754.88
3578.85 3748.76
3588.79 3746.8
3594.9 3743.83
3586.71 3736.47
3579.56 3729.26
3588.63 3727.28
3596.74 3725.13
3589.77 3717.78
3587.59 3712.01
3588.28 3707.23
3591.82 3703.52
3591.66 3698.39
3584.13 3690.26
3586.87 3686.18
3585.04 3680.19
3591.54 3677.72
3598.03 3675.36
3590.88 3666.88
3597.43 3664.59
3593.15 3657.24
3594.36 3652.42
3590.24 3644.94
3599.59 3644.15
3595.59 3636.61
3600.53 3633.65
3600.2 3627.91
3594.69 3619.24
3604.97 3619.29
3591.8 3606.04
3592.63 3600.63
3603.81 3601.39
3600.43 3593.45
3600.55 3587.55
3606.64 3585.38
3604.34 3577.86
3605.46 3572.48
3605.82 3566.54
3593.87 3552.09
3599.36 3549.44
3605.66 3547.44
3602.25 3538.47
3591.71 3524.08
3602.97 3525.7
3605.43 3520.8
3609.52 3517.15
3599.53 3502.35
3608.43 3502.43
3615.75 3501.37
3607.72 3487.56
3605.21 3478.13
3612.66 3477.13
3605.09 3463
3618.56 3467.42
3609.04 3451.13
3603.42 3438.04
3606.72 3433.07
3619.42 3437.14
3607.02 3416.89
3606.98 3408.41
3611.26 3404.16
3610 3394.2
3625.43 3401.56
3614.75 3381.4
3611.14 3368.38
3619.79 3368.63
3613.13 3351.77
3623.16 3353.61
3611 3329.75
3616.61 3326.3
3615.87 3315.2
3622.85 3313.36
3614.87 3292.83
3622.62 3291.81
3618.77 3275.81
3617.57 3262.89
3615.37 3248.29
3623.4 3247.36
3619.19 3229.43
3630.2 3232.66
3620.13 3205.56
3628.97 3205.57
3622.3 3182.36
3632.37 3184.12
3628.38 3164.08
3626.29 3146.47
3622.38 3125.36
3632.74 3127.25
3630.82 3108.6
3637.72 3104.57
3635.27 3084.07
3634.11 3065.22
3636.12 3051.56
3635.52 3032.58
3640.76 3024.16
3677.97 3078.1
3663.21 3030.65
3647.93 2980.2
3646.87 2957.38
3647.03 2936.28
3646.7 2913.3
3651.62 2901.2
3650.33 2874.44
3657.31 2865.99
3660.17 2847.42
3656.94 2813.08
3656.86 2785.11
3654.71 2750.52
3660.51 2735.48
3661.39 2706.36
3662.08 2675.29
3665.23 2649.81
3667.21 2619.55
3666.58 2579.73
3678.09 2576.03
3675.25 2525.59
3676.96 2487.47
3683.46 2463.68
3685.77 2423.53
3691.62 2393.93
3694.18 2349.81
3698.46 2309.5
3703.17 2268.18
3707.67 2222.93
3712.06 2173.73
3712.68 2102.96
3717.71 2047.76
3725.8 2003.31
3732.06 1945.1
3735.64 1866.19
3740.07 1784.23
3747.63 1713.06
3769.38 1727.91
3812.18 1893.45
3829.81 1892.04
3839.92 1830.25
3853.04 1785.37
3872.74 1795.27
3885.36 1734.67
3903 1718.97
3919.93 1691.45
3929.53 1554.34
3912.67 955.138
3987.03 1861.34
4006.45 1897.43
4019.46 1773.8
4036.62 1723.23
4047.08 1267.88
4066.5 913.566
4092.53 910.421
4118.61 907.502
4144.58 914.811
4167.03 1058.3
4149.16 2324.31
4159.57 2402.76
4179.14 2275.54
4275.06 911.774
4299.8 932.404
4325.97 930.306
4351.59 935.413
4378.65 924.813
4277.19 2153.79
4284.43 2225.99
4301.06 2210.82
4331.27 2093.68
5475.78 -6007.96
5562.16 -5995.54
5648.43 -5982.37
5734.58 -5968.45
5820.6 -5953.78
5906.49 -5938.36
5992.25 -5922.18
6077.86 -5905.26
6163.31 -5887.6
6248.62 -5869.19
4395.35 2593.32
4409.26 2585.28
4415.64 2608.44
4428.11 2606.44
4439.36 2609.38
4433.81 2673.16
4440.91 2688.65
4448.61 2701.3
4470.09 2668.06
4476.3 2685.68
4484.08 2697.61
4501.48 2680.17
7340.28 -5562.75
7422.7 -5534.08
7504.87 -5504.69
7586.78 -5474.59
7668.42 -5443.77
7749.79 -5412.24
7830.89 -5380
7911.7 -5347.06
7992.21 -5313.41
4800.78 2270.52
4828.33 2246.57
8231.97 -5208.27
8311.26 -5171.83
8390.23 -5134.7
4687.38 2680.52
4692.18 2697.37
4697.18 2713.32
4707.48 2718.6
4713.99 2731.05
4725.57 2733.85
4727.95 2753.39
4756.08 2726.72
4760.77 2742.06
4773.86 2742.73
4782.36 2751.26
4798.06 2747.9
4810.17 2750.68
4828.19 2744.29
4854.52 2725.54
7151.56 -732.059
7171.18 -674.52
4629.92 3117.79
4637.27 3121.66
9893.24 -4251.85
9964.12 -4200.95
10034.6 -4149.43
10104.5 -4097.31
10174.1 -4044.57
10243.1 -3991.23
10311.7 -3937.28
10379.9 -3882.75
10447.5 -3827.62
10514.7 -3771.9
10581.3 -3715.59
10647.5 -3658.71
10713.2 -3601.25
10778.4 -3543.23
10843 -3484.63
10907.2 -3425.47
10970.8 -3365.75
11034 -3305.49
11096.5 -3244.67
