0 0
0 0
0 0
2.99929 0
8.50159 -0.0429909
17.4965 -0.192399
28.995 -0.383394
43.495 -0.581741
60.9937 -0.769812
81.4916 -0.930044
104.998 -1.04491
131.489 -1.0967
160.992 -1.06794
193.491 -0.941013
228.989 -0.698341
267.486 -0.322346
306.986 0.179225
347.481 0.812129
388.473 1.57297
426.478 2.27837
461.462 2.9277
496.456 3.5772
534.448 4.28236
575.442 5.04324
617.432 5.8226
659.569 6.6047
699.428 7.34451
739.422 8.08682
779.41 8.82903
818.495 9.55448
857.417 10.2769
896.42 11.0008
933.387 11.687
970.382 12.3736
1007.93 13.0705
1044.37 13.7468
1080.36 14.4149
1115.36 15.0645
1091.75 33.4647
1125.74 34.6269
1159.71 35.7885
1193.69 36.9507
1226.67 38.0785
1259.67 39.2072
1292.63 40.3342
1323.61 41.3937
1354.59 42.4532
1385.58 43.5129
1415.58 44.5386
1445.54 45.5635
1475.52 46.5888
1505.51 47.6141
1534.99 54.1881
1564.14 60.4528
1594.1 61.9756
1623.56 63.473
1650.03 64.5854
1674.03 65.3822
1695.01 66.0791
1713 66.6765
1727.99 67.1744
1739.98 67.5727
1751.98 67.971
1763.97 68.3693
1775.96 68.7676
1787.96 69.166
1798.04 69.5009
1807.95 69.8298
1783.76 64.0477
1764.22 59.2381
1774.21 59.701
1786.19 60.2567
1798.18 60.8121
1808.18 61.2754
1818.16 61.738
1828.15 62.201
1838.14 62.6639
1848.13 63.1269
1858.12 63.59
1868.11 64.0528
1878.09 64.5157
1888.08 64.9786
1897.61 65.4199
1907.07 65.7748
1916.63 66.0495
1926.11 66.238
1935.56 66.3429
1945.06 66.3652
1954.57 66.304
1964.06 66.1593
1971 65.9926
1983.05 65.6195
1992.54 65.2243
2002.03 64.7458
2011.51 64.1838
2020.99 63.5384
2030.46 62.8097
2039.93 61.9978
2049.39 61.1028
2058.84 60.1247
2068.28 59.0634
2077.71 57.9193
2087.13 56.6922
2096.54 55.3824
2105.93 53.99
2115.33 52.5134
2128.14 50.384
2142.94 47.9246
2157.73 45.4661
2172.53 43.006
2155.14 51.4095
2168.9 49.7896
2182.8 48.1525
2197.23 46.4534
2211.59 44.6348
2225.46 42.7535
2239.34 40.8718
2253.25 38.9844
2267.58 37.0421
2280.96 35.2274
2292.84 33.6153
2304.73 32.0029
2316.62 30.3904
2328.52 28.7771
2339.91 27.2323
2353.28 25.3004
2369.6 22.7931
2388.88 20.0068
2409.19 17.2518
2429.53 14.6754
2446.9 12.6299
2461.82 11.0064
2473.75 9.70798
2484.69 8.51781
2495.62 7.32762
2506.56 6.13733
2517.49 4.94706
2528.43 3.75608
2539.36 2.56661
2548.31 1.59279
2557.26 0.618935
2566.21 -0.355553
2575.15 -1.3287
2586.66 -2.58117
2586.66 -2.58117
2604.07 -4.32067
2622.5 -5.92566
2642.95 -7.44472
2663.41 -8.70397
2683.9 -9.70405
2692.38 -15.7324
2702.39 -20.9629
2721.88 -21.4695
2739.39 -21.7021
2756.92 -21.7122
2773.38 -21.5123
2786.88 -21.1773
2799.46 -20.8281
2811.87 -20.4472
2824.36 -20.0272
2836.94 -19.5675
2849.34 -19.0773
2861.83 -18.5475
2874.32 -17.9811
2886.8 -17.3781
2899.29 -16.7385
2911.77 -16.0622
2924.27 -15.3483
2936.73 -14.6002
2949.2 -13.8143
2960.68 -13.0577
2972.15 -12.2672
2983.62 -11.4435
2995.09 -10.586
3006.55 -9.69489
3018.02 -8.7702
3029.48 -7.8119
3040.94 -6.81995
3052.39 -5.79453
3063.84 -4.73558
3075.29 -3.64299
3086.73 -2.51683
3098.17 -1.3572
3110.61 -0.0596222
3123.03 1.273
3161.04 16.2368
3173.46 17.6483
3185.87 19.096
3198.29 20.5804
3210.69 22.1008
3225.08 23.907
3239.46 25.755
3253.84 27.6454
3268.62 29.6332
3282.57 31.5525
3296.95 33.5726
3311.28 35.628
3326.62 37.8738
3341.95 40.1642
3353.15 41.8709
3372.59 44.8808
3387.9 47.3056
3406.16 50.2538
3424.44 53.1494
3442.72 55.9905
3463.97 59.2294
3485.28 62.4145
3503.55 65.089
3516.93 67.0075
3543.15 70.7049
3543.15 70.7049
3582.77 76.2058
3598.11 78.4065
3613.45 80.6522
3628.79 82.8528
3646.11 85.2859
3666.43 88.0787
3687.74 90.9443
3709.55 93.8123
3727.89 96.2242
3703.12 121.013
3715.91 123.37
3725.25 125.092
3733.61 126.607
3741.98 128.098
3750.35 129.564
3758.73 131.007
3767.14 132.428
3775.5 133.817
3783.89 135.186
3792.28 136.529
3800.68 137.848
3809.08 139.143
3817.48 140.413
3825.89 141.658
3836.28 143.166
3846.68 144.643
3857.08 146.091
3868.47 147.642
3880.86 149.292
3893.76 150.97
3905.65 152.519
3917.06 154.003
3931.45 155.749
3948.85 157.703
3966.46 159.525
3983.67 161.151
4000.12 162.56
4016.57 163.824
4033.02 164.943
4049.5 165.919
4065.98 166.748
4080.46 167.35
4094.96 167.825
4109.45 168.172
4123.95 168.392
4138.45 168.484
4152.95 168.449
4166.45 168.298
4179.95 168.028
4193.44 167.639
4207.43 167.113
4250.71 170.235
4289.51 173.043
4301.01 172.808
4312.51 172.471
4324 172.033
4335.49 171.494
4346.97 170.855
4358.45 170.114
4369.42 169.309
4380.39 168.504
4391.36 167.699
4402.33 166.894
4413.3 166.09
4423.77 165.321
4434.23 164.461
4445.19 163.463
4454.15 162.647
4463.12 161.83
4472.08 161.014
4481.04 160.198
4490 159.382
4498.97 158.565
4507.93 157.749
4516.89 156.933
4525.91 156.112
4534.82 155.3
4543.78 154.484
4552.74 153.668
4561.71 152.851
4570.67 152.035
4579.63 151.219
4588.6 150.403
4597.56 149.586
4606.02 148.815
4614.48 147.97
4623.43 146.996
4632.37 146.023
4641.32 145.049
4642.02 145.137
4643.67 145.181
4652.12 144.392
4660.57 143.527
4669.03 142.588
4677.46 141.575
4686.39 140.424
4695.31 139.273
4704.24 138.121
4713.17 136.97
4722.09 135.819
4731.02 134.667
4739.45 133.58
4747.87 132.419
4753.8 131.546
4756.77 131.11
4756.77 131.11
