14648.3 238.115
14649.2 187.317
15687.3 -745.303
15688 -778.775
15688.6 -811.742
15689.2 -844.222
15689.9 -876.228
15690.5 -907.776
15691.1 -938.881
15691.6 -969.557
15692.2 -999.816
15704.2 -1037.9
15693.4 -1059.14
15693.9 -1088.23
15694.5 -1116.95
15695 -1145.31
15695.6 -1173.33
15696.1 -1201.02
15696.6 -1228.38
15697.1 -1255.43
15677.4 -1269.82
15637.5 -1272.3
15577.3 -1263.6
15517.1 -1256.04
15497.4 -1272.4
15437.3 -1266.63
15397.4 -1272.89
15337.3 -1269.11
15297.5 -1276.88
15237.4 -1275.04
15177.4 -1274.27
15137.6 -1284.36
15077.6 -1285.48
14997.4 -1278.29
14917.3 -1272.57
14877.6 -1286.16
14797.5 -1282.9
14697.3 -1272.57
14617.3 -1272.37
14617.9 -1305.95
14624.1 -1341.46
14630.9 -1376.84
14636.2 -1411.32
14627.6 -1440.45
14587.8 -1458.6
13438.7 -1098.19
13438.8 -1141.55
13451.8 -1188.78
13442.2 -1228.48
13448.1 -1272.82
13437.8 -1312.05
13243.8 -1299.05
13116.9 -1307.96
12965.8 -1312.62
12777.8 -1310.44
12594.8 -1312.76
12386 -1312.16
12258 -1333.64
11989.5 -1326.48
11740 -1328.01
11501.9 -1336.19
11197.9 -1335.86
10915.1 -1344.7
10623.8 -1356.98
10217.9 -1355.43
9984.67 -1387.86
9974.21 -1456.98
9964.35 -1526.2
9955.1 -1595.49
9946.46 -1664.86
9938.42 -1734.31
9930.99 -1803.83
9924.17 -1873.4
9917.96 -1943.03
9912.36 -2012.72
9907.36 -2082.45
9902.97 -2152.22
9899.2 -2222.03
9896.03 -2291.87
9893.48 -2361.73
17208.9 -2603.25
17209 -2609.2
17209.1 -2615.15
17209.2 -2621.09
17209.4 -2627.03
17209.5 -2632.97
17209.6 -2638.91
17209.7 -2644.86
17209.8 -2650.8
17209.9 -2656.75
17210 -2662.7
17210.2 -2668.65
17210.3 -2674.62
17210.4 -2680.58
17210.5 -2686.56
17210.6 -2692.54
17210.7 -2698.54
17210.8 -2704.54
17211 -2710.55
17211.1 -2716.58
17211.2 -2722.62
17211.3 -2728.67
17211.4 -2734.74
17211.5 -2740.82
17211.7 -2746.93
17211.8 -2753.04
17211.9 -2759.18
17212 -2765.34
17212.1 -2771.52
17212.3 -2777.72
17212.4 -2783.95
17212.5 -2790.2
17212.6 -2796.47
17212.7 -2802.77
17212.9 -2809.1
17213 -2815.46
17213.1 -2821.85
17213.2 -2828.27
17213.3 -2834.72
17213.5 -2841.2
17213.6 -2847.72
17213.7 -2854.28
17213.9 -2860.87
17214 -2867.51
17214.1 -2874.18
17214.2 -2880.89
17214.4 -2887.65
17214.5 -2894.45
17214.6 -2901.3
17214.8 -2908.2
17214.9 -2915.14
17215 -2922.14
17215.2 -2929.19
17215.3 -2936.29
17215.4 -2943.44
17215.6 -2950.66
17215.7 -2957.93
17215.9 -2965.27
17216 -2972.67
17216.1 -2980.13
17216.3 -2987.66
17216.4 -2995.26
17216.6 -3002.93
17216.7 -3010.68
17216.9 -3018.5
17217 -3026.39
17217.2 -3034.37
17217.3 -3042.43
17217.5 -3050.58
17217.7 -3058.82
17217.8 -3067.14
17218 -3075.56
17218.1 -3084.08
17218.3 -3092.69
17218.5 -3101.41
17218.6 -3110.23
17218.8 -3119.17
17219 -3128.21
17219.2 -3137.37
17219.3 -3146.65
17219.5 -3156.06
17219.7 -3165.59
17219.9 -3175.25
17220.1 -3185.05
17220.3 -3194.99
17220.5 -3205.08
17220.7 -3215.31
17220.9 -3225.7
17221.1 -3236.25
17221.3 -3246.96
17221.5 -3257.85
17221.7 -3268.91
17221.9 -3280.15
17222.1 -3291.58
17222.3 -3303.21
17225.4 -3312.09
17237.1 -3311.86
17229.8 -3332.01
17241.5 -3331.78
17234.8 -3351.92
17246.4 -3351.69
17257.9 -3351.47
17269.1 -3351.26
17280.2 -3351.04
17291.1 -3350.84
17301.9 -3350.63
17312.5 -3350.42
17322.9 -3350.22
17333.2 -3350.03
17343.4 -3349.83
17353.4 -3349.64
17363.3 -3349.45
17373.1 -3349.26
17382.7 -3349.08
17392.2 -3348.89
17401.6 -3348.71
17410.9 -3348.53
17420.1 -3348.36
17429.2 -3348.18
17438.1 -3348.01
17447 -3347.84
17455.8 -3347.67
17464.5 -3347.5
17473 -3347.34
17481.5 -3347.18
17489.9 -3347.02
17498.3 -3346.86
17506.5 -3346.7
17514.7 -3346.54
17512.6 -3366.58
17510.8 -3386.62
17509.5 -3406.65
17518 -3406.49
17517.1 -3426.51
17516.6 -3446.52
17516.5 -3466.53
17516.7 -3486.53
17517.3 -3506.52
17518.2 -3526.51
17519.4 -3546.49
17521 -3566.46
17515.3 -3606.57
17517.8 -3626.53
17527.9 -3626.34
17537.8 -3626.15
17547.7 -3625.96
17557.6 -3625.77
17567.4 -3625.58
17577.1 -3625.39
17586.8 -3625.21
17596.4 -3625.02
17605.9 -3624.84
17615.4 -3624.66
17624.9 -3624.47
17634.3 -3624.29
17643.7 -3624.11
17653 -3623.93
17662.3 -3623.75
17671.6 -3623.58
17680.8 -3623.4
17689.9 -3623.22
17699.1 -3623.05
17708.2 -3622.87
17717.3 -3622.7
17726.3 -3622.53
17735.3 -3622.35
17744.3 -3622.18
17753.3 -3622.01
17762.2 -3621.84
17771.1 -3621.66
17780 -3621.49
17788.9 -3621.32
17797.7 -3621.15
17806.6 -3620.98
17815.4 -3620.81
17824.2 -3620.64
17833 -3620.48
17841.8 -3620.31
17850.5 -3620.14
17859.3 -3619.97
17868.1 -3619.8
17876.8 -3619.63
17885.5 -3619.47
17894.3 -3619.3
17903 -3619.13
17911.8 -3618.96
17920.5 -3618.79
17929.2 -3618.63
17938 -3618.46
17946.7 -3618.29
17955.5 -3618.12
17964.2 -3617.95
17973 -3617.79
18368.8 -7796.64
18414.4 -7795.76
18460 -7794.89
18505.7 -7794.01
18551.5 -7793.13
18597.4 -7792.25
18643.4 -7791.36
18670.9 -7670.81
18716.1 -7669.94
18761.3 -7669.07
18806.7 -7668.2
18852.1 -7667.33
18897.8 -7666.45
18943.5 -7665.57
18989.5 -7664.69
19035.5 -7663.8
19081.8 -7662.92
19157.5 -7781.48
19205.2 -7780.57
19253.1 -7779.65
19301.2 -7778.72
19349.6 -7777.79
19398.1 -7776.86
19446.9 -7775.92
19495.9 -7774.98
19545.2 -7774.04
19594.7 -7773.08
19644.5 -7772.13
19694.5 -7771.17
19744.9 -7770.2
19795.5 -7769.22
19846.5 -7768.25
19897.8 -7767.26
19949.4 -7766.27
20001.4 -7765.27
20053.7 -7764.26
20106.4 -7763.25
20159.4 -7762.23
20212.9 -7761.21
20266.7 -7760.17
20321 -7759.13
20375.7 -7758.08
20430.8 -7757.02
20466.4 -7716.33
20481.1 -7636.03
20536.3 -7634.97
20592 -7633.9
20648.2 -7632.82
20705 -7631.73
20762.3 -7630.63
20820.1 -7629.52
20949.3 -7747.06
21009.7 -7745.9
21070.7 -7744.72
21132.3 -7743.54
21194.6 -7742.34
21257.6 -7741.13
21322.6 -7741.89
21365.6 -7709.26
21375.5 -7629.19
21372.2 -7532.3
21375.4 -7446.94
21372.4 -7355
21369.7 -7265.66
21367.2 -7178.8
21385.6 -7120.73
21461.6 -7136.59
21524.9 -7134.92
21574.6 -7115.65
21646.8 -7122.95
21717.4 -7126.89
21773.8 -7113.03
21849.6 -7120.66
21910.7 -7110.37
21992.1 -7121.42
22058.2 -7114.44
22128.6 -7111.03
21350.5 -6222.91
21332.3 -6141.87
21333.4 -6081.93
21334.9 -6023.42
21336.9 -5966.29
21347.8 -5918.66
21346.6 -5860.36
21345.5 -5803.04
21356 -5757.1
21350.6 -5697.67
19089.7 -3668.17
19089.3 -3649.5
19089 -3631.12
19088.6 -3613.02
19088.3 -3595.19
19108.3 -3593.87
19107.9 -3576.26
19148.2 -3590.22
19155.2 -3578.08
19175.3 -3575.73
19181.5 -3562.91
19222.3 -3575
19242.9 -3571.96
19271.4 -3574.06
19292.5 -3570.65
19322.6 -3572.88
19344.4 -3569.1
19366.1 -3565
19398.6 -3567.29
19421 -3562.83
19463.8 -3570.28
19478.6 -3560.38
19522.1 -3566.98
19545.5 -3561.3
19583.4 -3563.39
19607.7 -3557.34
19648.1 -3559.5
19693.6 -3563.65
19719 -3556.7
19764.9 -3559.59
19809.8 -3561.19
19856.9 -3563.04
19884 -3554.7
19933.1 -3556.03
19981.9 -3556.35
20031 -3555.96
20064.7 -3548.16
20135.8 -3555.37
20187.1 -3553.27
20246.6 -3553.57
20300.1 -3550.46
20354.1 -3546.66
20420.4 -3546.42
20497.2 -3548.8
20554.6 -3543.11
20633.1 -3543.52
25352 -5060.84
25357.5 -4990.59
25367.7 -4922.07
24152 -4487.97
24180.3 -4436.68
24362.1 -4428.08
24609.8 -4434.15
24809.1 -4423.24
25517.6 -4536.91
25519.5 -4466.65
25519.2 -4396.15
25505.8 -4322.99
25711.3 -4297.33
25725.7 -4228.92
25739.5 -4160.37
25752.6 -4091.71
22199.3 -3387.38
22198.5 -3348.45
22197.8 -3309.66
22197.1 -3270.98
22196.3 -3232.42
22195.6 -3193.96
22194.8 -3155.61
22194.1 -3117.36
22193.4 -3079.2
22211.5 -3042.97
22232.2 -3006.71
22562.6 -2995.06
22956.5 -2982.21
23677.9 -2983.07
24298.3 -2965.87
25086.6 -2945.45
25810.8 -2908.94
25886.2 -2841.74
25887.9 -2771.85
25806.8 -2701.1
25889.3 -2632.04
25889.1 -2562.13
25888.3 -2492.23
25886.9 -2422.33
25884.9 -2352.45
25882.2 -2282.59
25879 -2212.76
25875.1 -2142.95
25754.9 -2081.11
25753.5 -2012.11
25859.9 -1933.78
25853.6 -1864.16
25749.5 -1804.66
22255.1 -2128.19
21915.1 -2130.77
21615.1 -2134.09
21355.1 -2137.11
21274.7 -2118.09
21274.2 -2087.91
21273.6 -2057.66
22170.1 -1870.39
22169.4 -1831.92
22168.7 -1793.33
22167.9 -1754.62
22167.2 -1715.79
22166.4 -1676.84
22165.7 -1637.74
22164.9 -1598.5
22164.2 -1559.11
22163.4 -1519.57
22162.6 -1479.86
22161.9 -1439.98
22173.5 -1396.38
22165.7 -1358.1
22163.2 -1318.12
22177.3 -1272.79
22166.3 -1235.05
22159.3 -1195.99
22036.6 -1196.49
21936.8 -1191.08
21802.3 -1199.95
21690.5 -1202.8
21605.6 -1197.32
21480.3 -1209.17
21396.8 -1206.46
21315.3 -1204.38
21225.8 -1207.09
21129.2 -1214.47
21053.9 -1214.11
20973.9 -1217.26
20877.6 -1229.39
20832.4 -1218.99
20760.3 -1222.41
20693.4 -1224.52
20627.5 -1227.33
20581.9 -1220.75
20518.7 -1224.28
20476 -1217.8
20416.5 -1221.37
20356.3 -1226.36
20296.8 -1232.08
20242.3 -1235.96
20204.5 -1230.83
20167.2 -1225.97
20117.1 -1229.71
20061.7 -1237.75
20026.5 -1233.74
19980.3 -1237.58
19946.6 -1233.9
19913.2 -1230.52
19857.7 -1243.18
19837.4 -1231.81
19777.8 -1249.28
19757.6 -1238.86
19697.9 -1258.33
19677.7 -1248.88
19637.9 -1255.03
19617.7 -1246.3
19597.5 -1237.81
19538 -1261.96
19537.5 -1238
19478 -1264.06
19477.5 -1240.29
19418.1 -1268.32
19417.6 -1244.75
19377.8 -1256.81
19357.7 -1251.44
19318 -1264.95
19297.9 -1260.43
19277.8 -1256.18
19257.7 -1252.21
19218 -1268.46
19217.6 -1245.1
19188.7 -1251.29
19176.5 -1240.19
19145.8 -1249.24
19152.7 -1217.35
19141.1 -1205.6
19147.3 -1173.26
19153.1 -1140.7
19141.4 -1128.24
19146.6 -1095.18
19151.4 -1061.87
19146 -1040.46
19155.1 -1000.28
19147.7 -980.418
19155.3 -940.263
19162.2 -900.123
19153.5 -880.287
19144.6 -860.454
19149.6 -820.35
19153.9 -780.261
19143.7 -760.453
19133.4 -740.648
19109.6 -741.105
19086.1 -741.556
19062.9 -742.003
19039.9 -742.444
19017.2 -742.88
18994.7 -743.312
18972.5 -743.738
18950.5 -744.161
18928.8 -744.579
18907.2 -744.993
18885.9 -745.403
18864.8 -745.808
18843.9 -746.211
18823.1 -746.609
18802.6 -747.003
18782.2 -747.394
18762.1 -747.782
18742 -748.167
18722.2 -748.547
18702.5 -748.926
18683 -749.301
18663.6 -749.673
18644.4 -750.042
18625.3 -750.409
18600.9 -765.198
18582.2 -765.557
18563.7 -765.913
18545.3 -766.266
18527 -766.617
18508.8 -766.967
18490.8 -767.314
18472.8 -767.658
18215.2 -1552.75
18205 -1552.95
18194.8 -1553.14
18184.7 -1553.34
18158.5 -1613.85
18149 -1614.03
18139.6 -1614.21
18130.3 -1614.39
18121 -1614.57
18111.7 -1614.75
18102.5 -1614.93
18093.3 -1615.1
18084.2 -1615.28
18075 -1615.46
18065.9 -1615.63
18056.9 -1615.8
18047.9 -1615.98
18038.9 -1616.15
18029.9 -1616.32
18020.9 -1616.5
18012 -1616.67
18003.1 -1616.84
17994.2 -1617.01
17985.4 -1617.18
17976.5 -1617.35
17967.7 -1617.52
17958.9 -1617.69
17950.1 -1617.86
17941.3 -1618.03
17932.5 -1618.19
17923.8 -1618.36
17915 -1618.53
17906.2 -1618.7
17897.5 -1618.87
17888.8 -1619.03
17880 -1619.2
17871.3 -1619.37
17862.5 -1619.54
17853.8 -1619.71
17845.1 -1619.87
17836.3 -1620.04
17827.6 -1620.21
17818.8 -1620.38
17810 -1620.55
17801.3 -1620.72
17792.5 -1620.88
17783.7 -1621.05
17774.9 -1621.22
17766.1 -1621.39
17757.2 -1621.56
17748.4 -1621.73
17739.5 -1621.9
17730.6 -1622.07
17721.7 -1622.25
17712.7 -1622.42
17703.8 -1622.59
17694.8 -1622.76
17685.7 -1622.94
17676.7 -1623.11
17667.6 -1623.28
17658.5 -1623.46
17649.4 -1623.63
17640.2 -1623.81
17631 -1623.99
17621.7 -1624.17
17612.4 -1624.34
17603.1 -1624.52
17593.7 -1624.7
17584.3 -1624.89
17574.8 -1625.07
17565.3 -1625.25
17555.7 -1625.43
17546.1 -1625.62
17536.4 -1625.81
17526.6 -1625.99
17516.8 -1626.18
17507 -1626.37
17497.1 -1626.56
17487.1 -1626.75
17477 -1626.95
17466.9 -1627.14
17456.7 -1627.34
17446.4 -1627.53
17436.1 -1627.73
17425.7 -1627.93
17415.2 -1628.13
17404.6 -1628.34
17393.9 -1628.54
17383.1 -1628.75
17372.3 -1628.96
17361.3 -1629.17
17350.3 -1629.38
17339.1 -1629.6
17327.9 -1629.81
17316.5 -1630.03
17305 -1630.25
17293.4 -1630.47
17281.7 -1630.7
17269.9 -1630.92
17258 -1631.15
17245.9 -1631.39
17233.7 -1631.62
17221.3 -1631.86
17208.8 -1632.1
17196.2 -1632.34
17183.4 -1632.59
17170.5 -1632.83
17157.4 -1633.09
17144.1 -1633.34
17130.7 -1633.6
17117.1 -1633.86
17056.2 -1575.02
17041.4 -1575.31
17026.3 -1575.59
17011.1 -1575.89
16995.7 -1576.18
15376.1 262.716
15338 255.313
15625.7 -113.295
15867.5 -419.882
15861.5 -451.695
15876.9 -505.441
15877.9 -543.148
15869.6 -570.707
15868.1 -604.735
15866.6 -638.159
15866.1 -672.027
15866.6 -706.286
15867.3 -740.102
15847.5 -754.758
15807.5 -751.264
14648.3 238.116
