12710.3 4945.08
12710.3 4945.08
12710.3 4945.08
12710.3 4945.08
12710.3 4945.08
12710.3 4945.08
12710.3 4945.08
12710.3 4945.08
12710.3 4945.08
12710.3 4945.08
12710.3 4945.08
12710.3 4945.08
12710.3 4945.08
12710.3 4945.08
12710.3 4945.08
12710.3 4945.08
12710.3 4945.08
12710.3 4945.08
12710.3 4945.08
12710.3 4945.08
12710.3 4945.08
12717.6 4949.61
12717.6 4949.61
12717.6 4949.61
12717.6 4949.61
12717.6 4949.61
12717.6 4949.61
12717.6 4949.61
12717.6 4949.61
12717.6 4949.61
12717.6 4949.61
12717.6 4949.61
12717.6 4949.61
12717.6 4949.61
12717.6 4949.61
12717.6 4949.61
12717.6 4949.61
12717.6 4949.61
12719.9 4951.5
12724.7 4955.11
12732.1 4960.27
12742.2 4966.63
12753.4 4972.76
12764.9 4978.25
12776.7 4983.07
12787.4 4986.73
12798.2 4989.88
12820.2 4994.6
12820.2 4994.6
12825.5 4992.5
12836.7 4993.59
12848 4994.25
12859.2 4994.46
12881.7 4993.55
12881.7 4993.55
12892.9 4992.44
12904 4990.89
12915.1 4988.9
12926.1 4986.48
12939.9 4982.87
12956.4 4978
12975.7 4971.68
12998.4 4959.53
13022.9 4949.99
13049.9 4938.78
13079.4 4925.76
13111.3 4910.84
13142.9 4895.22
13174.2 4878.92
13203.7 4862.66
13233 4845.76
13264.4 4826.67
13297.9 4805.28
13333.4 4781.5
13379.1 4751.05
13418.1 4721.82
13457.5 4690.96
13496.1 4659.26
13534.1 4626.71
13571.3 4593.35
13607.9 4559.19
13643.6 4524.23
13678.6 4488.51
13712.8 4452.03
13746.2 4414.81
13778.7 4376.87
13810.5 4338.23
13841.4 4298.91
13873.5 4265.51
13902.8 4225.01
13931.2 4183.87
13958.7 4142.12
13985.3 4099.78
14035.7 4013.42
14035.7 4013.42
14059.5 3969.43
14104.1 3879.96
14104.1 3879.96
14125 3834.51
14161.6 3747.16
14161.6 3747.16
14174.7 3702.12
14191.1 3658.87
14221.6 3573.17
14235.8 3530.73
14235.8 3530.73
14261.2 3449.61
14272.9 3409.53
14272.9 3409.53
14284.9 3366.41
14296.6 3320.13
14307.9 3271.41
14318.1 3222.46
14327.2 3173.3
14334.2 3126.57
14341.1 3080.09
14347.4 3033.51
14358.3 2940.14
14358.3 2940.14
14362.6 2894.85
14366.3 2850.25
14369.4 2805.61
14371.9 2762.43
14373.8 2719.22
14375 2677.49
14375.8 2635.75
14375.9 2595.5
14372.7 2512.65
14372.7 2512.65
14371.3 2472.43
14369.4 2433.72
14367 2395.05
14364.2 2357.9
14361 2320.8
14353.4 2250.46
14349.2 2215.7
14345.1 2182.45
14340.9 2149.22
14336.5 2116.01
14336.5 2116.01
14332.2 2084.31
14327.7 2052.62
14322.3 2020.21
14317.6 1988.56
14308.2 1928.29
14303.5 1899.66
14303.5 1899.66
14294.1 1843.96
14289.2 1816.13
14284.4 1789.81
14284.4 1789.81
14279.6 1763.51
14274.6 1737.23
14269.5 1710.97
14259.5 1661.46
14254.4 1636.74
14254.4 1636.74
14241.8 1616.03
14236.8 1592.81
14231.7 1569.62
14226.4 1546.45
14221.5 1524.77
14216.5 1503.84
14211.7 1482.89
14207 1461.91
14202.4 1440.92
14197.8 1419.9
14193.7 1400.34
14189.6 1380.75
14185.6 1361.15
14182.5 1320.19
14182.5 1320.19
14178.6 1302.11
14174.7 1284.04
14170.6 1265.99
14166.5 1247.96
14162.8 1231.37
14159.1 1214.77
14155.5 1198.15
14152 1181.52
14148.6 1164.87
14145.4 1149.7
14138.8 1119.41
14138.8 1119.41
14131.9 1089.18
14131.9 1089.18
14128.5 1074.06
14122.6 1046.7
14119.7 1033
14119.7 1033
14116.8 1019.29
14114 1005.59
14106.8 995.677
14104.1 983.468
14101.3 971.271
14098.6 959.086
14095.8 946.89
14093.1 934.681
14089.9 919.528
14086.2 902.159
14082.5 884.039
14078.8 865.904
14075.3 847.753
14068.9 814.351
14068.9 814.351
14065.8 797.63
14062.8 780.896
14059.9 764.149
14057.1 747.389
14054.3 730.617
14051.6 713.833
14049.2 698.519
14046.9 683.195
14044.6 667.861
14042.4 652.517
14038.2 621.802
14038.2 621.802
14036.2 606.431
14034.3 591.051
14032.4 575.663
14030.8 561.757
14029.3 547.844
14027.8 533.925
14026.3 519.999
14024.8 500.697
14023.6 486.752
14023.6 486.752
14021.3 458.845
14021.3 458.845
14020.2 444.885
14019.2 430.92
14018.3 416.951
14017.4 402.978
14016.6 389.001
14015.9 375.021
14014.7 350.048
14014.7 350.048
14014.2 336.06
14013.7 322.069
14013.2 308.076
14012.9 295.58
14012.6 283.083
14012.3 269.086
14012.1 255.087
14012 241.088
14011.9 213.088
14011.9 213.088
14012 200.588
14012.1 188.088
14012.2 175.589
14012.4 163.091
14013 138.098
14013.4 125.603
14013.4 125.603
14013.8 113.11
14014.3 100.62
14014.8 88.1309
14015.4 75.6448
14016 63.1612
14016.7 50.6807
14017.5 38.2032
14011.9 8.99624
14011.9 8.99624
14012.7 -1.97524
14014.4 -23.9073
14014.4 -23.9073
14015.3 -34.8675
14016.3 -45.8235
14017.3 -56.7751
14018.3 -66.2293
14019.2 -75.6794
14020.3 -85.1251
14021.3 -94.5664
14023.5 -113.435
14023.5 -113.435
14024.7 -122.861
14025.9 -132.293
14028 -151.171
14028 -151.171
14029.1 -160.607
14030.2 -170.039
14031.4 -179.465
14032.7 -190.386
14034.1 -202.058
14035.4 -213.735
14036.5 -223.927
14038.7 -245.816
14038.7 -245.816
14040.9 -269.217
14040.9 -269.217
14041.9 -280.925
14042.8 -292.637
14043.7 -304.352
14044.5 -316.072
14045.3 -327.795
14046.1 -339.521
14046.8 -351.251
14047.4 -362.983
14047.9 -373.221
14048.8 -393.701
14048.8 -393.701
14049.6 -417.187
14049.6 -417.187
14050.1 -428.928
14050.6 -440.668
14051 -452.41
14051.4 -464.154
14060.4 -470.06
14060.7 -481.806
14061 -493.552
14061.2 -505.3
14061.3 -517.049
14061.5 -528.798
14061.5 -540.548
14061.6 -552.298
14061.4 -575.798
14061.4 -575.798
14061.3 -587.547
14061.1 -600.795
14060.8 -614.043
14060.5 -640.54
14060.5 -640.54
14060.2 -653.788
14060 -667.036
14059.3 -690.527
14059.3 -690.527
14059.1 -702.273
14058.5 -725.768
14058.5 -725.768
14058.2 -737.513
14057.8 -749.256
14057.4 -760.998
14056.9 -772.737
14056.3 -784.475
14055.7 -796.209
14055.1 -807.941
14054.4 -819.671
14052.6 -846.113
14052.6 -846.113
14051.7 -859.328
14049.6 -885.745
14049.6 -885.745
14048.6 -897.451
14046.2 -922.345
14046.2 -922.345
14044.9 -935.53
14043.6 -948.71
14042 -963.374
14040.3 -978.032
14038.8 -992.697
14041.8 -1012.71
14040.1 -1029.63
14038.5 -1046.56
14037.3 -1062.01
14036.2 -1077.47
14035.1 -1094.44
14034.1 -1112.16
14033.1 -1129.88
14032.3 -1147.61
14031.5 -1165.34
14030.9 -1183.08
14030.4 -1218.58
14030.4 -1218.58
14030.9 -1254.08
14030.9 -1254.08
14031.3 -1271.82
14031.8 -1288.06
14032.3 -1304.3
14032.9 -1320.54
14033.6 -1336.78
14034.4 -1353.01
14035.2 -1369.24
14036.1 -1385.47
14036.9 -1400.19
14037.9 -1414.91
14038.9 -1429.63
14039.9 -1444.34
14041.1 -1459.05
14042.3 -1473.75
14043.4 -1486.95
14044.6 -1500.15
14047.1 -1526.52
14047.1 -1526.52
14048.2 -1536.72
14044.4 -1536.33
14045.3 -1546.54
14047.2 -1566.94
14047.2 -1566.94
14049.3 -1587.33
14049.3 -1587.33
14051.6 -1607.71
14051.6 -1607.71
14052.8 -1617.88
14054.3 -1629.54
14055.8 -1641.2
14057.3 -1652.85
14058.7 -1663
14060.1 -1673.15
14061.6 -1683.29
14063.1 -1693.43
14064.7 -1703.56
14066.3 -1713.68
14068 -1723.8
14069.8 -1733.89
14071.7 -1743.96
14073.7 -1754
14075.9 -1764.02
14080.7 -1783.96
14083.2 -1793.88
14083.2 -1793.88
14085.9 -1803.76
14088.9 -1813.59
14092 -1823.35
14098.9 -1842.65
14098.9 -1842.65
14102.7 -1852.18
14106.6 -1861.63
14115.2 -1880.26
14115.2 -1880.26
14119.8 -1889.43
14124.6 -1898.5
14129.5 -1907.46
14134.7 -1916.31
14140.1 -1925.04
14147.2 -1936.18
14155.5 -1948.4
14178.1 -1950.2
14187.1 -1961.93
14196.3 -1973.47
14205.7 -1984.8
14224.3 -2005.72
14224.3 -2005.72
14233.4 -2015.33
14242.8 -2024.73
14252.3 -2033.92
14262.1 -2042.91
14272 -2051.68
14282.1 -2060.23
14291.2 -2067.62
14300.5 -2074.8
14309.9 -2081.87
14319.4 -2088.81
14331.4 -2097.36
14363.8 -2118.19
14363.8 -2118.19
14384.3 -2130.14
14407.7 -2143.09
14431.3 -2159.29
14457.1 -2172.42
14483.2 -2184.98
14508.3 -2196.34
14533.6 -2207.16
14559.1 -2217.43
14583.4 -2226.6
14607.9 -2235.25
14632.6 -2243.35
14657.5 -2250.92
14681.1 -2257.53
14704.8 -2263.63
14727.2 -2268.87
14749.7 -2273.82
14772.2 -2278.47
14794.8 -2282.82
14816 -2286.62
14837.2 -2290.14
14858.4 -2293.38
14860.9 -2300.55
14882.2 -2303.21
14902.1 -2305.42
14922 -2307.37
14942 -2309.06
14964.9 -2310.7
14988.6 -2312.09
15012.3 -2313.17
15034.6 -2313.88
15056.8 -2314.31
15079.1 -2314.44
15101.3 -2314.29
15123.6 -2313.84
15144.3 -2313.15
15165 -2312.19
15185.7 -2310.96
15225.6 -2307.81
15225.6 -2307.81
15244.8 -2305.92
15263.9 -2303.77
15283 -2301.37
15302.1 -2298.73
15319.6 -2296.06
15358.2 -2306.54
15378.7 -2303
15399 -2299.19
15417.9 -2295.41
15436.7 -2291.38
15455.5 -2287.1
15474.2 -2282.58
15492.9 -2277.82
15527.1 -2268.36
15527.1 -2268.36
15544.1 -2263.3
15561.1 -2258.01
15594.7 -2246.77
15594.7 -2246.77
15610 -2241.33
15625.3 -2235.68
15640.4 -2229.84
15655.5 -2223.8
15670.5 -2217.56
15697.5 -2205.7
15697.5 -2205.7
15710.9 -2199.5
15724.2 -2193.14
15737.4 -2186.59
15791.7 -2162.47
15791.7 -2162.47
15803.4 -2156.22
15813.7 -2150.54
15823.9 -2144.81
15834.2 -2139.04
15844.4 -2133.23
15853.3 -2128.12
15862.1 -2122.97
15871 -2117.78
15879.8 -2112.55
15888.6 -2107.29
15897.4 -2101.98
15906.1 -2096.64
15914.8 -2091.26
15923.5 -2085.85
15932.2 -2080.39
15940.9 -2074.9
15949.5 -2069.36
15966.5 -2057.97
15966.5 -2057.97
15974.9 -2052.1
15983.3 -2046.12
15991.6 -2040.11
16008.1 -2027.98
16008.1 -2027.98
16016.3 -2021.86
16024.5 -2015.71
16040.8 -2003.29
16040.8 -2003.29
16048.9 -1997.03
16057 -1990.73
16065.1 -1984.4
16073.1 -1978.03
16081.1 -1971.62
16089.1 -1965.19
16097 -1958.71
16104.9 -1952.14
16112.7 -1945.46
16120.4 -1938.68
16130.2 -1929.79
16142.1 -1918.72
16171.5 -1885.04
16171.5 -1885.04
16186.7 -1868.85
16203.1 -1850.66
16219.6 -1831.54
16236.2 -1811.5
16253.2 -1789.92
16269.8 -1767.97
16285 -1746.88
16299.3 -1726.09
16325.8 -1684.85
16325.8 -1684.85
16336.8 -1666.39
16347.2 -1648.43
16357.4 -1630.33
16367.3 -1612.11
16386.4 -1575.27
16386.4 -1575.27
16395.6 -1556.67
16405.2 -1536.6
16414.5 -1516.4
16423 -1497.45
16431.2 -1478.39
16439.2 -1459.23
16446.9 -1439.96
16461.5 -1401.14
16461.5 -1401.14
16468.5 -1381.59
16475.1 -1361.94
16481.6 -1342.21
16488.2 -1320.97
16491.7 -1266.07
16497.9 -1243.91
16502.8 -1224.53
16510.6 -1189.89
16510.6 -1189.89
16518.3 -1152.16
16521.9 -1133.25
16521.9 -1133.25
16525.3 -1114.31
16528.6 -1095.34
16531.4 -1077.82
16534.1 -1060.28
16536.7 -1042.71
16539.1 -1025.13
16541.1 -1009.01
16544.7 -978.21
16544.7 -978.21
16546.2 -964.294
16547.7 -950.377
16549.4 -934.97
16552.8 -904.156
16552.8 -904.156
16554.5 -888.748
16556.2 -873.341
16557.9 -857.934
16524.4 -874.486
16524.4 -874.486
16526.2 -857.579
16527.8 -842.163
16529.4 -826.748
16531 -811.332
16532.6 -795.917
16534.2 -780.501
16535.9 -765.086
16537.5 -749.67
16540.7 -718.839
16542.3 -703.424
16542.3 -703.424
16543.9 -688.008
16545.5 -672.593
16548.8 -641.762
16548.8 -641.762
16550.4 -626.346
16551.9 -612.422
16553.3 -598.499
16554.6 -586.067
16556 -573.647
16557.6 -561.24
16559.4 -547.359
16561.4 -532.752
16563.5 -518.145
16565.5 -503.538
16567.4 -490.416
16569.3 -477.312
16571.4 -464.224
16573.8 -449.676
16584 -428.206
16586.3 -415.165
16588.8 -402.145
16591.3 -389.147
16594 -376.173
16597.2 -361.756
16597.2 -361.756
16597.2 -361.756
16597.2 -361.756
16597.2 -361.756
16597.2 -361.756
16597.2 -361.756
16597.2 -361.756
16597.2 -361.756
16597.2 -361.756
16597.2 -361.756
16597.2 -361.756
16597.2 -361.756
16597.2 -361.756
16597.2 -361.756
16597.2 -361.756
16597.2 -361.756
16597.2 -361.756
16597.2 -361.756
16597.2 -361.756
16597.2 -361.756
16597.2 -361.756
16597.2 -361.756
16597.2 -361.756
16597.2 -361.756
16597.2 -361.756
16597.2 -361.756
16597.2 -361.756
16597.2 -361.756
16597.2 -361.756
16597.2 -361.756
16604.3 -370.385
16604.3 -370.385
16604.3 -370.385
16604.3 -370.385
16604.3 -370.385
16604.3 -370.385
16604.3 -370.385
16604.3 -370.385
16604.3 -370.385
16604.3 -370.385
16604.3 -370.385
16604.3 -370.385
16604.3 -370.385
16604.3 -370.385
16604.3 -370.385
16604.3 -370.385
16604.3 -370.385
16604.3 -370.385
16604.3 -370.385
16604.3 -370.385
16604.3 -370.385
16604.3 -370.385
16604.3 -370.385
16604.3 -370.385
16604.3 -370.385
16604.3 -370.385
16604.3 -370.385
16604.3 -370.385
16604.3 -370.385
16601.1 -364.684
16598.1 -364.879
16593.1 -365.183
16588.1 -365.487
16588.1 -365.487
16578.1 -366.095
16578.1 -366.095
16573.1 -366.398
16571.1 -366.52
16571.1 -366.52
16571.1 -366.52
16571.1 -366.52
16571.1 -366.52
16571.1 -366.52
16571.1 -366.52
16558.5 -366.128
16558.5 -366.128
16558.5 -366.128
16558.5 -366.128
16558.5 -366.128
16558.5 -366.128
16558.5 -366.128
16558.5 -366.128
16558.5 -366.128
16558.5 -366.128
16558.5 -366.128
16558.5 -366.128
16558.5 -366.128
16558.5 -366.128
16558.5 -366.128
16558.5 -366.128
16558.5 -366.128
16572.9 -368.719
16572.9 -368.719
16572.9 -368.719
16572.9 -368.719
16572.9 -368.719
16572.9 -368.719
16572.9 -368.719
16573.5 -365.774
16574.5 -359.855
16575.9 -350.965
16577.8 -339.119
16580.4 -324.345
16583.7 -306.658
16583.7 -306.658
16572.8 -305.849
16573.3 -302.898
16574.3 -296.979
16577.9 -276.281
16577.9 -276.281
16580.6 -261.541
16584.3 -243.914
16588.2 -226.354
16592 -210.289
16595.9 -194.257
16600.3 -176.806
16605.1 -158.668
16605.1 -158.668
16605.1 -158.668
16609.6 -160.922
16611 -155.075
16613 -146.305
16619.6 -120.14
16619.6 -120.14
16624.5 -102.814
16629.8 -84.8102
16635.1 -66.8298
16640.9 -47.4361
16646.8 -28.0682
16653.3 -7.2934
16660.2 14.8839
16667.3 37.0304
16675 60.5727
16682.7 84.0815
16690.7 107.487
16706.3 151.293
16714.5 174.663
16714.5 174.663
16722.8 198.778
16731 222.929
16738.6 245.692
16746.1 268.488
16753.5 291.317
16761.7 317.036
16769.8 342.79
16777.4 367.147
16784.8 391.536
16793 418.831
16801.7 448.319
16810.3 477.844
16818.8 507.407
16812.7 539.889
16821.8 571.606
16831.4 605.527
16831.4 605.527
16831.4 605.527
16831.4 605.527
16831.4 605.527
16831.4 605.527
16831.4 605.527
16831.4 605.527
16831.4 605.527
16831.4 605.527
16831.4 605.527
16831.4 605.527
16831.4 605.527
16831.4 605.527
16831.4 605.527
16831.4 605.527
16831.4 605.527
16831.4 605.527
16831.4 605.527
16831.4 605.527
16831.4 605.527
16831.4 605.527
16831.4 605.527
16831.4 605.527
16831.4 605.527
16831.4 605.527
16831.4 605.527
16829.8 602.025
16829.8 602.025
16829.8 602.025
16829.8 602.025
16832.8 602.228
16843.3 602.469
16843.3 602.469
16851.6 602.596
16862.8 602.965
16894.2 605.922
16914.2 609.223
16936.2 613.952
16936.2 613.952
16959.3 620.116
16986.5 628.038
17013.9 638.242
17042.9 650.635
17073.9 665.714
17106.8 683.704
17141.6 704.514
17178 728.312
17215.9 755.261
17255 785.51
17293.4 817.594
17330.7 850.835
17367.1 885.201
17402.3 920.659
17436.5 957.178
17469.5 994.723
17501.3 1033.26
17535.8 1072.51
17565.5 1112.69
17622.4 1194.95
17622.4 1194.95
17649.5 1236.99
17675.6 1279.61
17700.8 1322.79
17725.1 1366.51
17771.1 1455.3
17771.1 1455.3
17814.8 1545.25
17814.8 1545.25
17856.1 1636.32
17875.8 1682.25
17875.8 1682.25
17895 1728.43
17913.9 1777.11
17932.3 1823.58
17950.6 1870.12
17968.6 1916.75
17986.5 1963.45
18004.2 2010.23
18021.6 2057.08
18038.9 2104.02
18055.9 2151.02
18072.7 2198.1
18105.8 2292.48
18105.8 2292.48
18122 2339.78
18138 2387.15
18153.8 2434.58
18169.4 2482.09
18200.9 2573.29
18200.9 2573.29
18215.9 2621.01
18230.4 2668.07
18244.7 2715.2
18259 2763.11
18287 2859.12
18287 2859.12
18300.6 2907.21
18314.1 2955.36
18340.4 3051.84
18340.4 3051.84
18353.1 3099.44
18377.3 3193.35
18388.8 3238.93
18388.8 3238.93
18416.4 3324.92
18426.7 3369.24
18426.7 3369.24
18436.4 3412.15
18445.3 3452.18
18454.4 3492.16
18464 3533.56
18483 3613.33
18492.4 3651.69
18492.4 3651.69
18501.6 3688.56
18510.8 3724.66
18529.7 3796.73
18529.7 3796.73
18552.9 3867.26
18552.9 3867.26
18562.3 3900.95
18571.5 3933.16
18580.9 3965.33
18590.4 3997.46
18599.6 4028.11
18617.9 4087.86
18617.9 4087.86
18635.9 4144.58
18635.9 4144.58
18644.8 4172.17
18653.9 4199.72
18667 4226.28
18675.8 4252.31
18684.8 4278.3
18693.9 4304.26
18711.4 4353.22
18711.4 4353.22
18720.3 4377.64
18728.8 4400.62
18737.4 4423.56
18754.9 4469.32
18763.3 4490.75
18763.3 4490.75
18771.8 4512.14
18777.2 4532.46
18785.3 4553.97
18792.8 4574.12
18800.2 4594.29
18807.7 4614.44
18815.3 4634.55
18822.5 4653.23
18829.7 4671.87
18837 4690.49
18844.4 4709.07
18851.4 4726.23
18865 4760.63
18865 4760.63
18871.7 4777.88
18877.7 4793.76
18883.9 4809.61
18890.1 4825.43
18905.2 4841.39
18911.6 4857.14
18923.7 4887.31
18923.7 4887.31
18929.4 4901.74
18935 4916.19
18940.5 4930.67
18946 4945.17
18951.4 4959.69
18956.2 4972.83
18961.1 4985.95
18971.1 5012.12
18971.1 5012.12
18976.1 5025.18
18980.7 5036.81
18985.2 5048.47
18989.7 5060.14
18994.1 5071.84
18998.5 5083.55
19002.8 5095.28
19007 5107.03
19011.3 5118.76
19015.2 5129.07
19019.1 5139.36
19029.8 5166.05
19029.8 5166.05
19035.5 5179.64
19041.4 5193.14
19047.5 5206.57
19053.8 5219.92
19061.9 5230.57
19067.8 5242.4
19073.9 5254.16
19080.2 5265.84
19086.6 5277.43
19093.2 5288.94
19099.9 5300.36
19106 5310.41
19112.2 5320.38
19125 5340.07
19125 5340.07
19131.6 5349.79
19138.3 5359.42
19151.3 5377.21
19151.3 5377.21
19157.5 5385.37
19163.8 5393.46
19170.2 5401.45
19176.7 5409.37
19183.3 5417.2
19190 5424.94
19203.8 5440.15
19203.8 5440.15
19217.7 5455.19
19224.7 5462.66
19224.7 5462.66
19231.8 5470.1
19238.9 5477.51
19246 5484.89
19253.1 5492.24
19260.3 5499.55
19267.5 5506.84
19274.8 5514.09
19282 5521.31
19289.3 5528.5
19296.7 5535.66
19304 5542.79
19311.4 5549.88
19318.9 5556.94
19326.4 5563.91
19334 5570.77
19341.6 5577.6
19349.3 5584.4
19357.1 5591.1
19365.2 5608.25
19373 5614.82
19380.9 5621.35
19388.8 5627.85
19396.8 5634.32
19404.8 5640.68
19410.6 5645.11
19414.9 5648.46
