-0 -0
-0 -0
-0 -0
-0 -0
-0 -0
-0 -0
-0 -0
-0 -0
-0 -0
-0 -0
-0 -0
-0 -0
-0 -0
-0 -0
-0 -0
-0 -0
-0 -0
-0 -0
-0 -0
-0 -0
-0 -0
-0 -0
-0 -0
-1.80704 -2.73014
-1.77334 -2.73071
-1.74193 -2.73428
-1.7127 -2.74089
-1.68506 -2.74976
-1.65533 -2.75494
-1.62463 -2.75807
-1.597 -2.76608
-1.56689 -2.76947
-1.54024 -2.77867
-1.51355 -2.78761
-1.49151 -2.80512
-1.46698 -2.81803
-1.43506 -2.81647
-1.41222 -2.83247
-1.38481 -2.83929
-1.35955 -2.85036
-1.32913 -2.85034
-1.30421 -2.86183
-1.27593 -2.86579
-1.24091 -2.85389
-1.21635 -2.86553
-1.18938 -2.87142
-1.16653 -2.88725
-1.13469 -2.88057
-1.11596 -2.90717
-1.08774 -2.9093
-1.05992 -2.91211
-1.02712 -2.90051
-1.00145 -2.90842
-0.978568 -2.92463
-0.949918 -2.92355
-0.92467 -2.93268
-0.901675 -2.94924
-0.872211 -2.94454
-0.847585 -2.95588
-0.816413 -2.94389
-0.789916 -2.94801
-0.766163 -2.96253
-0.741732 -2.97493
-0.712475 -2.96767
-0.687676 -2.97865
-0.663171 -2.99137
-0.635378 -2.98922
-0.609069 -2.99367
-0.58483 -3.00869
-0.558005 -3.01073
-0.530495 -3.00859
-0.506861 -3.02888
-0.478846 -3.02331
-0.452888 -3.03034
-0.428375 -3.04805
-0.400715 -3.04374
-0.374017 -3.04612
-0.347534 -3.05027
-0.322366 -3.06711
-0.294822 -3.06184
-0.267655 -3.05931
-0.242046 -3.07549
-0.216524 -3.09644
-0.188823 -3.08723
-0.161875 -3.08876
-0.135831 -3.11104
-0.109026 -3.1221
-0.0815151 -3.11293
-0.0544866 -3.12152
-0.027253 -3.12288
2.36988e-07 -3.139
0.0274101 -3.14088
0.0545387 -3.12452
0.0820383 -3.13293
0.10756 -3.08012
0.126235 -2.89125
0.14764 -2.81713
0.168005 -2.74687
0.186877 -2.67247
0.205798 -2.61491
0.225123 -2.57317
0.248816 -2.58405
0.28254 -2.68819
0.281989 -2.47499
0.288465 -2.34936
0.300602 -2.2833
0.314531 -2.23801
0.325476 -2.17781
0.340245 -2.14822
0.356338 -2.12939
0.432384 -2.45217
0.609396 -3.288
0.63921 -3.28845
0.403122 -1.98141
0.396488 -1.86533
0.404309 -1.82372
0.410311 -1.77725
0.418334 -1.74249
0.431347 -1.73004
0.433408 -1.67586
0.444392 -1.65849
0.449762 -1.62179
0.462244 -1.61204
0.462661 -1.56192
0.471011 -1.54061
0.478423 -1.51736
0.476195 -1.46558
0.488649 -1.46042
0.494864 -1.43719
0.503381 -1.4215
0.509952 -1.40108
0.512704 -1.37129
0.518559 -1.35089
0.522631 -1.32678
0.528195 -1.30733
0.525807 -1.26941
0.538427 -1.26846
0.539906 -1.2417
0.548281 -1.23146
0.550713 -1.20843
0.550672 -1.18092
0.557512 -1.16885
0.563307 -1.15495
0.560424 -1.12404
0.567488 -1.11376
0.574415 -1.10344
0.568999 -1.07013
0.580225 -1.06864
0.582256 -1.05042
0.585984 -1.03572
0.59 -1.02191
0.590775 -1.00294
0.590234 -0.982314
0.598261 -0.976273
0.586091 -0.937941
0.601238 -0.943755
0.599103 -0.922538
0.607683 -0.918108
0.608402 -0.901993
0 -0
0 -0
0 -0
0 -0
0 -0
2.21769 -2.94297
2.20919 -2.87908
2.22562 -2.84866
2.2286 -2.80174
2.24542 -2.77286
2.25044 -2.73001
2.26454 -2.69877
2.26917 -2.65686
2.27128 -2.6128
2.31321 -2.6146
0 -0
0 -0
0 -0
0 -0
0.69049 -0.715024
0.696704 -0.708971
0.70145 -0.70145
0.693279 -0.681284
0.707111 -0.682849
0.697085 -0.661509
0.713801 -0.66563
0.702625 -0.643837
0.711933 -0.641027
0.712257 -0.630152
0.713955 -0.620632
0.726948 -0.620872
0.707825 -0.593936
0.70758 -0.583284
0.71886 -0.582121
0.72626 -0.577694
0.727334 -0.568256
0.726712 -0.557625
0.729953 -0.550059
0.733921 -0.543073
0.735396 -0.534297
0.734332 -0.523794
0.740513 -0.518513
0.741714 -0.509766
0.741989 -0.500478
0.737989 -0.488464
0.746417 -0.484729
0.743028 -0.473361
0.736954 -0.4605
0.750323 -0.459799
0.75345 -0.452719
0.753926 -0.444096
0.755174 -0.436
0.757209 -0.428409
0.767041 -0.425178
0.758419 -0.411788
0.761101 -0.404684
0.773473 -0.402645
0 -0
0 -0
0 -0
0 -0
0 -0
2.63889 -1.20261
2.65111 -1.18035
2.64939 -1.15199
2.64921 -1.12452
0.89062 -0.368907
0.795524 -0.321412
0.762012 -0.300165
0.767403 -0.294579
0.767135 -0.28682
0.771488 -0.280798
0.768253 -0.272053
0.781944 -0.269245
0.775729 -0.259555
0.778915 -0.253085
0.780141 -0.245977
0.786083 -0.24033
0.785273 -0.232609
0.788235 -0.226023
0.77765 -0.215661
0.78723 -0.210937
0.791945 -0.204811
0.794672 -0.198134
0.793454 -0.190491
0.800932 -0.18491
0.797634 -0.176831
0.787409 -0.167369
0.7859 -0.159893
0.801008 -0.1557
0.806269 -0.149433
0.803603 -0.141697
0.803823 -0.134514
0.817806 -0.129528
0.809015 -0.120908
0.81103 -0.113983
0.815959 -0.107423
0.819843 -0.100664
0.815722 -0.0929399
0.818492 -0.086027
0.815229 -0.0784976
0.833815 -0.0729493
0.823454 -0.0648072
0.824985 -0.0576887
0.810485 -0.0495715
0.824868 -0.0432295
0.843197 -0.0368148
0.834491 -0.0291411
0.843711 -0.0220934
0.843871 -0.0147299
0.833968 -0.00727789
0.84 0
0.832968 0.00726916
0.841872 0.0146948
0.840712 0.0220149
0.848483 0.0296297
0.851189 0.0371637
0.843842 0.0442238
0.847416 0.0518301
0.8599 0.0601301
0.85037 0.0669256
0.868682 0.0759998
0.861018 0.0829065
0.863245 0.0907306
0.865401 0.0986001
0.877411 0.107733
0.860574 0.113297
0.870446 0.122333
0.865389 0.129333
0.890895 0.141104
0.887657 0.148543
0.887312 0.156457
0.877063 0.162554
0.889354 0.172873
0.878013 0.178634
0.886202 0.188368
0.902098 0.19999
1.0757 0.248346
1.11434 0.267528
1.10905 0.276517
1.07464 0.277922
1.05093 0.281595
0.986758 0.273652
0.942998 0.2704
0.93389 0.276631
0.932397 0.285062
0.942272 0.297097
0.943448 0.306545
0.929357 0.310959
0.915262 0.31515
0.906821 0.321122
0.884251 0.321841
0.866422 0.323942
0.85516 0.328265
0.835515 0.329118
0.82983 0.335273
0.799156 0.331021
0.800839 0.339936
0.786838 0.342127
0.764638 0.340439
0.765277 0.348757
0.756767 0.352886
0.73651 0.351297
0.732517 0.357273
0.717737 0.357851
0.705677 0.35956
0.682998 0.355546
0.688699 0.366188
0.671416 0.364549
0.665586 0.36894
0.646674 0.365871
0.652983 0.377
0.633297 0.373041
0.631732 0.379583
0.61049 0.374109
0.600418 0.375183
0.598808 0.381483
0.599649 0.389417
0.572879 0.379181
0.574523 0.387521
0.565351 0.388555
0.554566 0.388311
0.535688 0.382103
0.529097 0.384412
0.538584 0.398531
0.519113 0.39118
0.516473 0.396304
0.509843 0.398333
0.501652 0.399032
0.495042 0.400877
0.485352 0.400093
0.485672 0.407527
0.466889 0.398761
0.466411 0.405444
0.458361 0.405523
0.460007 0.414192
0.44679 0.409408
0.444663 0.414655
0.432323 0.410259
0.438078 0.423047
0.415825 0.40863
0.414365 0.414365
0.417742 0.425097
0.408459 0.422972
0.403376 0.425069
0.401015 0.430036
0.398598 0.434994
0.393449 0.436969
0.377693 0.426905
0.369361 0.424901
0.370185 0.433431
0.363175 0.432815
0.361292 0.438283
0.358713 0.442973
0.352966 0.443739
0.34908 0.446802
0.337254 0.439518
0.3316 0.440048
0.328342 0.443729
0.31858 0.438487
0.319967 0.448578
0.315467 0.450534
0.302461 0.440083
0.305319 0.452655
0.298046 0.450298
0.292471 0.450366
0.28853 0.452901
0.292515 0.468123
0.281627 0.459573
0.278636 0.463727
0.269503 0.457525
0.2705 0.46852
0.260984 0.461288
0.25501 0.46005
0.257666 0.474561
0.249289 0.468845
0.245189 0.471003
0.242885 0.476689
0.2347 0.470735
0.23409 0.479956
0.225588 0.472955
0.221875 0.475812
0.214396 0.47045
0.211503 0.475044
0.20097 0.462198
0.206697 0.486947
0.196317 0.47395
0.192173 0.475645
0.191314 0.485678
0.184918 0.481727
0.176855 0.473019
0.173746 0.477364
0.167571 0.473206
0.167017 0.485051
0.164998 0.493128
0.160689 0.494549
0.155766 0.494025
0.149694 0.489628
0.146552 0.494751
0.13837 0.482553
0.133619 0.481815
0.131221 0.489724
0.127694 0.493755
0.124106 0.497762
0.116956 0.487157
0.1154 0.499852
0.109951 0.495958
0.104164 0.490052
0.102675 0.504661
0.0961677 0.49474
0.0942158 0.508343
0.0894288 0.507176
0.0843394 0.503992
0.0805638 0.508659
0.0801127 0.536047
0 0
0 0
0 0
0 0
0 0
0 0
0 0
0 0
0 0
0 0
0 0
0 0
0 0
0 0
0 0
0 0
0 0
-0.0869412 9.96262
-0.171418 9.8205
-0.249911 9.54373
-0.32809 9.39527
-0.398506 9.1273
-0.442499 8.44341
-0.502674 8.21864
-0.559028 7.99448
-0.612296 7.77994
-0.582637 6.65956
-0.630474 6.54772
-0.690306 6.56782
-0.738425 6.48107
-0.766923 6.24609
-0.819965 6.22826
-0.881382 6.27137
-0.943762 6.31487
-0.997425 6.2975
-1.04327 6.23431
-1.03755 5.88423
-0.964938 5.20633
-0.9716 4.99845
-1.00701 4.9496
-1.0512 4.94551
-1.10492 4.98399
-1.15445 5.00047
-1.19944 4.99604
-1.24299 4.98538
-1.2847 4.96757
-1.31713 4.9156
-1.35356 4.88079
-1.38205 4.81977
-1.4036 4.73849
-1.4411 4.71363
-1.45301 4.60836
-1.46041 4.49469
-1.4853 4.4391
-1.50933 4.38342
-1.51181 4.26922
-1.51105 4.15156
-1.51255 4.04549
-1.52844 3.98172
-1.54114 3.91241
-1.55387 3.84596
-1.57627 3.80546
-1.58246 3.72805
-1.60098 3.682
-1.61352 3.62403
-1.62477 3.56523
-1.63849 3.51376
-1.64843 3.456
-1.6588 3.40104
-1.6719 3.35332
-1.69384 3.32435
-1.70062 3.26686
-1.70606 3.20863
-1.71634 3.16111
-1.72447 3.11102
-1.73924 3.0741
-1.7435 3.01983
-1.75811 2.98468
-1.76813 2.94266
-1.77127 2.89045
-1.79219 2.8681
-1.79458 2.81693
-1.80875 2.78523
-1.81532 2.74265
-1.82688 2.70847
-1.82893 2.6611
-1.8429 2.63194
-0 0
-0 0
-0 0
-0 0
-0 0
-0 0
-0 0
-0 0
-0 0
-0 0
-0 0
-0 0
-0 0
-0 0
-0 0
-0 0
-0 0
-0 0
-0 0
-0 0
0 0
0 0
0 0
0 0
0 0
0 0
0 0
0 0
0 0
0 0
0 0
0 0
0 0
0 0
0 0
0 0
0 0
0 0
0 0
0 0
0 0
0 0
0 0
0 0
0 0
0 0
0 0
0 0
0 0
30.867 14.412
-1.52545