-6661.07 -7071.07
-6599.09 -7132.5
-6536.58 -7193.4
-6473.54 -7253.74
-6409.98 -7313.54
-6345.9 -7372.77
-6281.31 -7431.45
-6216.2 -7489.56
-6150.59 -7547.1
-6084.48 -7604.06
-6017.88 -7660.44
-5950.78 -7716.25
-5883.21 -7771.46
-5815.15 -7826.08
-5746.61 -7880.11
-5677.61 -7933.53
-5608.15 -7986.35
-5538.23 -8038.57
-5467.85 -8090.17
-240.968 -912.624
-218.64 -897.791
-196.621 -882.639
-183.863 -880.438
-167.878 -873.079
-154.791 -869.701
-144.493 -870.38
-134.757 -871.793
-125.038 -873.104
-110.188 -865.739
-98.5534 -863.352
-93.0001 -871.222
-85.3782 -875.578
-70.4463 -866.748
-59.5242 -864.756
-46.3264 -858.225
-42.0519 -868.384
-27.6468 -858.93
-20.1346 -862.717
-13.0281 -867.336
2.30597 -854.748
2.59595 -873.681
17.2855 -861.733
28.0744 -857.819
30.7896 -872.124
42.322 -866.195
50.6603 -867.523
60.1174 -865.99
68.4209 -867.149
76.7178 -868.23
84.6573 -870.168
96.0255 -862.638
103.231 -866.288
114.71 -857.585
122.839 -858.233
132.503 -854.049
141.77 -850.716
145.404 -865.456
157.226 -853.35
165.234 -853.6
177.235 -839.322
182.498 -849.049
190.918 -847.129
198.318 -849.009
207.603 -843.045
214.068 -848.676
221.048 -852.306
226.622 -862.726
239.939 -835.876
245.523 -846.163
253.824 -842.649
260.663 -846.935
270.04 -836.37
275.154 -851.387
282.145 -855.499
289.894 -854.601
298.531 -846.694
303.974 -863.515
314.117 -841.555
321.36 -843.355
328.723 -844.096
336.005 -845.769
343.388 -846.383
351.335 -838.951
359.024 -833.443
365.724 -844.841
373.709 -831.208
380.719 -838.489
388.247 -830.715
395.532 -828.874
402.609 -846.968
410 -844
417.217 -826.969
424.485 -829.874
431.832 -833.714
438.513 -816.502
446.466 -835.204
453.282 -825.867
460.304 -822.463
468.037 -829.973
474.415 -818.469
483.472 -839.792
489.36 -824.188
494.877 -807.552
507.355 -854.472
545.641 -1104.7
554.101 -1094.56
559.472 -1063.55
572.738 -1088.91
580.826 -1078.56
591.552 -1084.91
597.366 -1062.61
611.006 -1084.53
622.943 -1095.5
631.498 -1088.7
639.534 -1079.88
649.599 -1080.76
659.471 -1080.58
668.19 -1075.44
673.937 -1058.59
683.665 -1058.19
699.36 -1079.91
710.376 -1083.12
722.297 -1089.11
729.801 -1079.63
739.21 -1076.8
747.993 -1071.98
757.644 -1069.94
762.208 -1052.64
778.543 -1070.33
793.544 -1083.1
801.271 -1075.01
808.886 -1066.87
820.69 -1069.88
827.811 -1060.68
844.918 -1076.46
852.382 -1068
857.387 -1053.98
806.755 -912.475
773.623 -816.71
784.053 -820.785
792.47 -820.209
794.446 -806.009
807.603 -815.206
820.948 -824.235
851.733 -866.949
940.087 -1018.29
970.08 -1053.36
990.702 -1069.52
1001.47 -1067.04
1014.7 -1068.8
1023 -1061.75
1032.75 -1057.22
1049.16 -1063.74
1088.73 -1107.58
1088.83 -1086.35
1085.92 -1060.99
1079.91 -1031.56
1073.43 -1002.33
1069.29 -977.435
1077.23 -970.821
1065.6 -936.291
1073.74 -930.534
1067.73 -905.29
1065.49 -885.85
1058.76 -860.929
1065.64 -854.442
1063.22 -836.079
1063.64 -821.739
1061.35 -804.346
1050.53 -777.026
1064.36 -779.833
1075.68 -779.416
1084.43 -775.841
1088.52 -766.931
1097.87 -763.953
1113.97 -768.243
1126.78 -768.653
1137.59 -766.721
1158.84 -775.448
1162.78 -766.031
1172.26 -762.261
1184.59 -761.187
1189.04 -752.315
1207.19 -756.502
1229.85 -764.52
1243.12 -763.417
1255.7 -761.471
1266.81 -758.037
1272.63 -749.875
1289.79 -751.411
1299.38 -746.276
1322.06 -751.845
1344.13 -756.443
1355.39 -751.998
1371.37 -751.107
1393.76 -754.864
1405.1 -749.862
1421.25 -748.287
1448.78 -754.716
1444.74 -738.074
1481.45 -750.238
1506.91 -753.887
1503.5 -737.575
1535.75 -745.115
1564.01 -749.423
1557.86 -731.265
1576.07 -728.639
1593.46 -725.228
1628.03 -731.869
1668.84 -741.513
1685.66 -736.5
1702.48 -731.249
1728.93 -731.093
1732.62 -718.124
1754.73 -715.005
1797.28 -722.175
1822.25 -719.575
1841.9 -713.917
1884.02 -718.929
1903.78 -712.496
2026.85 -753.951
2947.88 -1156.58
3000.81 -1153.51
3042.88 -1144.81
3094.19 -1139.37
3165.93 -1141.54
3212.88 -1132.44
3273.83 -1128.09
3342.38 -1125.63
3398.92 -1117.51
3464 -1111.57
3461.33 -1080.53
3468.75 -1053.21
3505.33 -1035.68
3567.51 -1025.94
3662.18 -1025.41
3736.98 -1017.16
3821.48 -1010.53
3899.38 -1000.56
3919.54 -973.283
3890.23 -932.525
3895.33 -901.368
3908.89 -872.371
3894 -836.435
3903.12 -806.449
3899.28 -773.555
3884.38 -738.502
3878.93 -705.763
3879.07 -674.319
3882.86 -643.656
3888.34 -613.325
3876.79 -580.142
3860 -546.426
3879.47 -518.516
3868.02 -485.992
3857.25 -453.839
3871.01 -424.958
3860.68 -393.155
3845.08 -361.042
3850.09 -331.243
3886.72 -304.173
3881.27 -273.195
3879.53 -242.613
7658.46 -443.335
7632.09 -378.493
7643.11 -315.804
7678.57 -253.824
7674.51 -190.229
7666.89 -126.671
7820.72 -64.672
8629 0
14229.5 120.6
14220.9 241.069
11083.3 279.492
11300.4 380.3
11785.2 496.65
14176.1 721.45
14163.3 841.186
14155.4 961.176
14137.6 1080.38
14146.5 1201.79
14129.5 1321.04
14123.5 1441.34
14117.3 1561.75
13870.9 1652.79
13149.1 1677.13
13136.9 1788.65
13143.6 1903.04
13124.5 2013.78
13163.7 2134.23
14013.1 2398.6
14026.1 2523.6
10226.3 1908.09
11933.9 2344.57
11916 2445.67
3985.2 792.602
3794.96 781.48
10133.7 2334.45
10113 2419.22
3284.43 743.378
3352.21 788.363
3389.55 826.301
3376.45 850.617
3428.36 894.08
3461.57 932.958
3458.08 961.056
3468.6 993.798
3396.27 999.193
9865.19 3255.68
3330.3 1034.13
3301.43 1052.4
3267.79 1068.48
3212.61 1075.82
3183.57 1092.54
3159.1 1110.71
3157.62 1138.1
3147.58 1162.03
3100.65 1169.93
3038.27 1170.18
2960.62 1162.39
2892.38 1157.55
2851.49 1164.53
2787.31 1159.49
2719.83 1151.64
2666.92 1149.96
2615.11 1147.91
2360.43 1037.06
2257.27 1002.99
2235.33 1011.8
2198.58 1011.93
2155.04 1007.5
2122.92 1008.99
2082.33 1004.84
2033.43 994.837
2000.09 993.599
1966.06 991.318
1934.7 990.154
1893.48 981.896
1864.96 981.383
1831.62 977.051
1809.11 979.668
1772.83 972.097
1748.11 972.197
1720.29 969.561
1688.62 963.506
1669.85 966.713
1655.06 972.745
1613.65 957.428
1590.48 955.938
1571.3 957.298
1550.64 957.111
1530.84 957.286
1495.27 943.413
1479.51 946.221
1463.04 948.158
1434.82 939.07
1435.36 956.162
1414.64 953.371
1381.83 938.483
1367.9 941.321
1341.26 931.26
1333.1 939.351
1310.97 932.984
1291.09 928.479
1278.18 931.013
1257.19 924.546
1241.06 922.986
1230.99 927.956
1209.74 919.991
1191.94 915.529
1185.84 924.616
1163.12 913.604
1150.08 913.924
1138.34 915.651
1119.24 907.788
1110.08 912.356
1084.63 895.27
1083.34 909.966
1060.68 895.582
1004.06 832.84
985.297 821.61
965.645 808.468
948.503 798.363
935.444 793.859
927.952 797.576
923.658 806.282
913.423 805.646
903.761 805.745
894.136 805.737
877.95 794.422
873 801.94
856.628 789.413
851.662 796.779
844.215 799.724
833.933 797.302
823.727 794.762
818.591 801.906
805.331 792.912
795.328 790.04
782.392 780.736
780.214 793.926
763.319 775.287
759.387 784.736
754.918 793.257
745.638 790.714
737.96 791.765
730.289 792.742
721.893 791.785
712.463 787.942
703.824 785.868
692.851 777.126
685.057 776.737
675.013 769.652
668.921 773.832
664.939 784.622
651.166 764.881
646.821 774.607
638.632 771.85
630.51 769.009
622.722 767.05
618.867 779.502
611.055 777.423
602.57 772.355
593.721 765.255
589.061 775.599
578.39 759.558
573.419 768.824
563.513 754.542
559.785 770.577
553.237 772.838
546.488 774.059
534.941 746.618
529.203 752.618
523.665 760.553
518.973 775.38
509.983 759.447
504.449 769.223
497.506 768.031
490.173 762.798
482.651 754.51
475.28 746.15
469.629 757.657
462.736 754.158
455.664 746.605
449.618 755.963
442.758 750.285
436.245 751.542
429.633 749.743
423.159 753.885
416.51 745.972
410 757
403.516 742.972
396.98 745.886
390.524 743.745
383.581 756.539
377.46 745.29
370.748 748.972
364.946 736.623
357.752 747.176
352.097 735.725
345.766 734.195
338.691 740.575
331.917 742.908
326.116 736.237
319.573 736.469
314.977 721.772
306.038 739.73
299.587 738.795
292.518 741.754
289.02 722.947
280.806 732.697
273.506 736.458
267.084 735.239
263.863 718.285
255.73 725.786
249.185 725.388
239.037 740.521
235.383 727.333
227.833 730.633
220.212 733.856
213.815 732.172
209.838 721.759
201.067 728.636
196.136 721.991
186.043 732.529
182.065 722.917
177.001 717.097
168.849 720.726
158.987 728.995
144.623 749.4
113.468 814.713
100.417 828.018
99.6534 808.481
86.7459 820.628
77.3494 823.339
72.4734 814.862
61.8587 820.17
53.5185 819.852
46.7841 815.796
41.7523 808.046
28.7982 817.49
26.8451 803.301
15.0276 809.813
11.0992 800.071
-5.85519 816.162
-11.5763 809.841
-21.4442 811.429
-28.0315 806.754
-38.449 809.023
-39.5828 794.635
-61.5001 816.662
-66.071 808.208
-74.1357 805.737
-75.4011 792.103
-91.3035 802.254
-103.121 805.439
-100.871 786.673
-114.892 793.025
-122.352 789.244
-125.254 778.799
-139.486 784.748
-149.798 784.807
-180.136 812.253
-5538.23 8038.57
-5608.15 7986.36
-5677.61 7933.53
-5746.61 7880.11
-5815.15 7826.08
-5883.21 7771.46
-5950.78 7716.25
-6017.88 7660.44
-6084.48 7604.06
-6150.59 7547.1
-6216.2 7489.56
-6281.31 7431.45
-6345.9 7372.77
-6409.98 7313.54
-6473.55 7253.74
-6536.58 7193.4
-6599.09 7132.5
-6661.07 7071.07
