17307.4 -6108.64
17307.9 -6139.48
17308.4 -6170.22
17308.9 -6200.87
17309.5 -6231.42
17310 -6261.89
17310.5 -6292.27
17311 -6322.58
17311.5 -6352.81
17312 -6382.98
17312.5 -6413.08
17313 -6443.13
17313.5 -6473.13
17314 -6503.07
17314.5 -6532.98
17315 -6562.84
17315.5 -6592.68
17316 -6622.48
17316.5 -6652.25
17317 -6682.01
17317.5 -6711.75
17318 -6741.48
17318.5 -6771.2
17319 -6800.92
17319.6 -6830.65
17320.1 -6860.38
17320.6 -6890.12
17321.1 -6919.87
17321.6 -6949.65
17322.1 -6979.46
17322.6 -7009.29
17323.1 -7039.16
17323.6 -7069.06
17324.1 -7099.01
17324.6 -7129.01
17325.1 -7159.06
17325.6 -7189.17
17326.1 -7219.34
17326.6 -7249.58
17327.1 -7279.9
17327.6 -7310.28
17328.1 -7340.76
17328.7 -7371.31
17329.2 -7401.96
17329.7 -7432.71
17330.2 -7463.56
17330.7 -7494.52
17331.3 -7525.59
17331.8 -7556.78
17332.3 -7588.09
17332.8 -7619.53
17333.4 -7651.11
17333.9 -7682.83
17334.4 -7714.7
17335 -7746.71
17344.4 -7776.13
17352.8 -7805.89
17397.1 -7823.79
17497.6 -7821.96
17594.9 -7819.47
17669.3 -7823.47
17760.9 -7819.85
17850 -7815.57
17916.9 -7818.34
18001.4 -7812.88
18064.1 -7814.87
18144.7 -7808.22
18203.8 -7809.4
18261.2 -7810.27
18317.1 -7810.84
18391.4 -7801.93
18702.5 -7679.89
18734.4 -7686.11
18785 -7682.62
18834.5 -7678.78
18883 -7674.57
18910.6 -7680.44
18957.1 -7675.72
18982.9 -7681.52
19027.6 -7676.27
19071.6 -7670.65
19095 -7676.21
19097.9 -7693.62
19100.1 -7711.58
19101.7 -7730.08
19102.6 -7749.14
19103 -7768.76
19102.9 -7788.96
19122 -7796.51
19160.4 -7790.68
19178.5 -7798.18
19215.9 -7791.8
19252.9 -7785
19269.6 -7792.28
19305.8 -7784.9
19321.8 -7792.12
19357.1 -7784.14
19372.4 -7791.3
19407 -7782.7
19421.6 -7789.79
19435.9 -7796.98
19469.5 -7787.57
19483.2 -7794.7
19516.3 -7784.62
19529.4 -7791.67
19562 -7780.92
19574.6 -7787.89
19588.9 -7793.16
19620.3 -7781.83
19631.8 -7789.17
19662.8 -7777.11
19674 -7784.37
19684.9 -7791.77
19700.6 -7794.14
19718.5 -7793.84
19736.2 -7793.54
19753.6 -7793.25
19770.7 -7792.96
19787.5 -7792.68
19804 -7792.4
19820.3 -7792.13
19836.4 -7791.86
19852.2 -7791.59
19867.8 -7791.33
19883.1 -7791.07
19898.3 -7790.81
19913.2 -7790.56
19927.9 -7790.31
19942.4 -7790.07
19956.8 -7789.83
19970.9 -7789.59
19984.9 -7789.36
19998.7 -7789.12
20012.3 -7788.89
20025.8 -7788.67
20039.1 -7788.44
20052.3 -7788.22
20065.3 -7788
20078.1 -7787.79
20090.8 -7787.57
20103.4 -7787.36
20115.9 -7787.15
20128.2 -7786.94
20140.4 -7786.74
20152.5 -7786.53
20164.4 -7786.33
20176.3 -7786.13
20188 -7785.94
20199.6 -7785.74
20211.1 -7785.55
20222.6 -7785.35
20233.9 -7785.16
20245.1 -7784.97
20256.3 -7784.79
20267.3 -7784.6
20278.3 -7784.42
20289.2 -7784.23
20300 -7784.05
20310.7 -7783.87
20321.3 -7783.69
20331.9 -7783.51
20342.4 -7783.34
20352.8 -7783.16
20363.2 -7782.99
20373.5 -7782.81
20383.7 -7782.64
20393.9 -7782.47
20404 -7782.3
20414.1 -7782.13
20424.1 -7781.96
20434.1 -7781.79
20444 -7781.63
20453.8 -7781.46
20463.6 -7781.3
20499 -7671.73
20507.7 -7671.58
20516.4 -7671.43
20525 -7671.29
20533.6 -7671.14
20542.2 -7671
20550.8 -7670.85
20559.3 -7670.71
20567.8 -7670.57
20576.2 -7670.42
20584.7 -7670.28
20593.1 -7670.14
20601.5 -7670
20609.8 -7669.86
20618.2 -7669.72
20626.5 -7669.58
20634.8 -7669.44
20643.1 -7669.3
20651.4 -7669.16
20659.7 -7669.02
20668 -7668.88
20676.2 -7668.74
20684.5 -7668.6
20692.7 -7668.46
20700.9 -7668.33
20709.1 -7668.19
20717.4 -7668.05
20725.6 -7667.91
20733.8 -7667.77
20742 -7667.63
20750.2 -7667.5
20758.4 -7667.36
20766.6 -7667.22
20774.9 -7667.08
20783.1 -7666.94
20791.3 -7666.8
20799.6 -7666.66
20807.8 -7666.53
20816.1 -7666.39
20824.4 -7666.25
20832.7 -7666.11
20841 -7665.97
20865.9 -7785.57
20875.3 -7785.41
20884.7 -7785.25
20894.1 -7785.09
20903.6 -7784.93
20913.1 -7784.77
20922.7 -7784.61
20932.2 -7784.45
20941.8 -7784.29
20951.4 -7784.13
20961.1 -7783.96
20970.8 -7783.8
20980.5 -7783.64
20990.3 -7783.47
21000.1 -7783.31
21009.9 -7783.14
21019.8 -7782.97
21029.8 -7782.81
21039.8 -7782.64
21049.8 -7782.47
21059.9 -7782.3
21070 -7782.13
21080.2 -7781.96
21090.5 -7781.78
21100.8 -7781.61
21111.2 -7781.44
21121.6 -7781.26
21132.2 -7781.08
21142.7 -7780.9
21153.4 -7780.72
21164.1 -7780.54
21174.9 -7780.36
21185.8 -7780.18
21196.7 -7779.99
21207.8 -7779.81
21218.9 -7779.62
21230.1 -7779.43
21241.4 -7779.24
21252.8 -7779.05
21264.3 -7778.86
21275.9 -7778.66
21287.6 -7778.46
21299.5 -7778.27
21311.4 -7778.07
21323.4 -7777.86
21335.6 -7777.66
21347.8 -7777.45
21360.2 -7777.24
21372.8 -7777.03
21385.4 -7776.82
21398.2 -7776.6
21411.1 -7776.39
21410.9 -7756.39
21410.3 -7736.39
21409.4 -7716.41
21408.1 -7696.42
21406.5 -7676.45
21404.5 -7656.48
21402.1 -7636.52
21399.4 -7616.56
21411.6 -7616.36
21408.3 -7596.41
21404.7 -7576.47
21400.6 -7556.53
21412.7 -7556.33
21408.1 -7536.4
21403.1 -7516.48
21397.7 -7496.57
21409.6 -7496.37
21403.6 -7476.47
21397.2 -7456.57
21409 -7456.38
21402 -7436.49
21394.6 -7416.61
21406.3 -7416.42
21398.2 -7396.55
21410 -7396.35
21410.9 -7385.65
21410.7 -7374.05
21410.5 -7362.65
21410.4 -7351.43
21410.2 -7340.39
21410 -7329.54
21409.8 -7318.85
21409.6 -7308.32
21409.5 -7297.96
21409.3 -7287.74
21409.1 -7277.68
21408.9 -7267.76
21408.8 -7257.98
21408.6 -7248.34
21408.5 -7238.83
21408.3 -7229.44
21408.1 -7220.18
21408 -7211.03
21407.8 -7202
21407.7 -7193.09
21407.5 -7184.28
21407.4 -7175.58
21407.2 -7166.98
21407.1 -7158.47
21407 -7150.07
21406.8 -7141.76
21426.9 -7145.46
21446.9 -7148.78
21446.8 -7140.26
21466.9 -7143.05
21486.9 -7145.45
21506.9 -7147.48
21527 -7149.15
21547 -7150.44
21546.8 -7141.29
21566.9 -7142.08
21586.9 -7142.52
21606.9 -7142.6
21626.9 -7142.32
21646.9 -7141.7
21666.8 -7140.74
21686.8 -7139.43
21706.8 -7137.78
21746.9 -7143.95
21766.9 -7141.42
21786.8 -7138.56
21826.9 -7142.91
21846.8 -7139.19
21866.8 -7135.14
21906.8 -7137.72
21946.9 -7139.58
21986.9 -7140.72
22026.9 -7141.16
22046.8 -7134.73
22086.8 -7133.95
22126.8 -7132.48
22186.8 -7135.91
22226.8 -7132.87
22286.8 -7134.35
22306.7 -7124.73
22306.4 -7109.97
22306.2 -7095.27
22305.9 -7080.64
22305.7 -7066.07
22305.4 -7051.56
22305.2 -7037.1
22304.9 -7022.7
22304.7 -7008.35
22304.5 -6994.04
22304.2 -6979.79
22304 -6965.57
22303.7 -6951.4
22303.5 -6937.27
22303.3 -6923.17
22303 -6909.11
22302.8 -6895.08
22302.6 -6881.09
22302.3 -6867.12
22302.1 -6853.17
22301.9 -6839.25
22301.6 -6825.35
22301.4 -6811.47
22301.2 -6797.6
22300.9 -6783.75
22300.7 -6769.92
22300.5 -6756.09
22300.2 -6742.27
22300 -6728.46
22299.8 -6714.65
22299.5 -6700.85
22299.3 -6687.04
22299.1 -6673.23
22298.8 -6659.42
22298.6 -6645.6
22298.4 -6631.78
22298.1 -6617.94
22297.9 -6604.09
22297.7 -6590.22
22297.4 -6576.34
22297.2 -6562.44
22297 -6548.51
22296.7 -6534.57
22296.5 -6520.6
22296.3 -6506.6
22296 -6492.57
22295.8 -6478.5
22295.5 -6464.4
22295.3 -6450.27
22295.1 -6436.1
22294.8 -6421.88
22294.6 -6407.62
22294.3 -6393.32
22294.1 -6378.96
22293.9 -6364.55
22293.6 -6350.09
22293.4 -6335.58
22293.1 -6321
22292.9 -6306.37
22292.6 -6291.67
22252.6 -6288.32
22192.6 -6291.54
22152.6 -6289.75
22092.7 -6294.92
22052.7 -6294.69
22012.7 -6295.16
21972.7 -6296.34
21932.7 -6298.21
21912.6 -6293.55
21872.7 -6296.65
21832.7 -6300.47
21812.7 -6297.18
21772.7 -6302.24
21752.7 -6299.8
21732.7 -6297.7
21692.8 -6304.57
21672.7 -6303.33
21652.7 -6302.44
21632.7 -6301.89
21612.7 -6301.69
21592.7 -6301.83
21572.7 -6302.32
21552.7 -6303.16
21532.7 -6304.35
21512.8 -6305.91
21492.8 -6307.83
21472.8 -6310.11
21472.7 -6301.54
21452.7 -6304.34
21432.8 -6307.52
21412.8 -6311.07
21412.7 -6302.86
21392.8 -6306.95
21392.6 -6298.81
21392.5 -6290.58
21392.4 -6282.27
21392.2 -6273.85
21392.1 -6265.35
21391.9 -6256.74
21391.8 -6248.03
21391.6 -6239.22
21391.5 -6230.29
21391.3 -6221.26
21391.2 -6212.11
21391 -6202.83
21390.9 -6193.44
21390.7 -6183.92
21390.5 -6174.27
21390.4 -6164.48
21390.2 -6154.55
21390 -6144.48
21389.9 -6134.26
21389.7 -6123.88
21389.5 -6113.35
21389.3 -6102.65
21389.1 -6091.78
21389 -6080.73
21388.8 -6069.5
21388.6 -6058.09
21388.4 -6046.48
21386.4 -6036.56
21374.6 -6036.75
21382 -6016.63
21370.3 -6016.82
21377.1 -5996.71
21383.6 -5976.3
21372.2 -5976.13
21378.2 -5955.66
21369.4 -5952.36
21375.1 -5931.47
21380.4 -5910.56
21372.7 -5905.53
21377.7 -5884.16
21366.8 -5883.03
21375.6 -5855.86
21365 -5854.2
21369.2 -5832.25
21378.1 -5803.05
21367.6 -5800.75
21371.1 -5778.16
21380.1 -5746.74
21369.7 -5743.71
22241.3 -4379.71
22246.1 -4326.58
22238.7 -4291.48
22200.6 -4305.65
22169 -4310.18
22141.3 -4308.67
22119.5 -4297.38
22090.8 -4298.41
22059.8 -4304.11
22027.8 -4312.29
22002.3 -4309.2
21975.7 -4308.38
21949.5 -4307.41
21927 -4299.43
21894.9 -4311.22
21874.1 -4300.35
21845.5 -4306.1
21818.5 -4309.03
21791.9 -4311.79
21768 -4308.96
21747.1 -4299.2
21722 -4299.62
21697.1 -4300.04
21672.3 -4300.46
21647.8 -4300.87
21623.4 -4301.28
21599.2 -4301.69
21575.1 -4302.09
21551.2 -4302.49
21527.5 -4302.9
21503.9 -4303.29
21480.4 -4303.69
21457.1 -4304.08
21433.9 -4304.47
21416.5 -4284.76
21986.4 -2134.86
21943.1 -2135.59
21900.1 -2136.32
21857.2 -2137.04
21814.5 -2137.76
21772.1 -2138.47
21729.8 -2139.18
21687.7 -2139.89
21645.7 -2140.6
21603.9 -2141.3
21562.3 -2142
21520.8 -2142.7
21479.5 -2143.4
21438.3 -2144.09
21397.2 -2144.78
21356.2 -2145.47
21318 -2126.11
21386.3 -1224.84
21337.4 -1225.66
21288.7 -1226.48
21240.1 -1227.3
21191.5 -1228.11
21142.5 -1236.29
21094.7 -1229.74
21046.4 -1230.56
20998.2 -1231.37
20950 -1232.18
20901.9 -1232.99
20853.9 -1233.8
20805.8 -1234.61
20757.8 -1235.42
20709.8 -1236.22
20687.1 -3636.95
20660.1 -3637.4
20633.1 -3637.86
20606.1 -3638.31
20579.1 -3638.77
20552 -3639.22
20525 -3639.68
20497.9 -3640.13
20470.8 -3640.59
20443.7 -3641.05
20416.5 -3641.5
20389.3 -3641.96
20362 -3642.42
20334.8 -3642.88
20307.4 -3643.34
20280 -3643.8
20252.5 -3644.26
20225 -3644.73
20197.4 -3645.19
20169.7 -3645.66
20142 -3646.12
20114.2 -3646.59
20086.2 -3647.06
20058.2 -3647.53
20030.1 -3648.01
20001.9 -3648.48
19973.6 -3648.96
19945.2 -3649.44
19916.6 -3649.92
19888 -3650.4
19859.2 -3650.89
19830.2 -3651.37
19801.2 -3651.86
19772 -3652.35
19742.6 -3652.85
19713.1 -3653.34
19683.5 -3653.84
19653.6 -3654.35
19623.6 -3654.85
19593.4 -3655.36
19563.1 -3655.87
19532.5 -3656.39
19501.8 -3656.9
19470.8 -3657.42
19439.7 -3657.95
19408.3 -3658.48
19376.7 -3659.01
19344.8 -3659.54
19312.7 -3660.09
19280.4 -3660.63
19247.8 -3661.18
19215 -3661.73
19181.9 -3662.29
19151 -3667.63
18045.2 -1621.13
17988.6 -1622.09
17931.5 -1623.05
17873.8 -1624.02
17815.6 -1625
17756.9 -1625.99
17697.5 -1626.99
17637.6 -1628
17577.1 -1629.02
17515.9 -1630.04
17454.1 -1631.09
17391.6 -1632.14
17328.4 -1633.2
17264.5 -1634.28
17199.9 -1635.36
17092.7 -1577.16
17036.2 -1592.88
16000.1 -268.404
15943.8 -309.893
15887.9 -351.874
15933.5 -525.366
15926.2 -626.898
15920.3 -728.101
15863.8 -764.945
15614 -569.015
17265.5 -2634.4
17272.4 -2714.3
18021.8 -3641.81
18009.7 -3682.02
17962.3 -3682.82
17914.2 -3683.63
17865.4 -3684.45
17828.6 -3698.7
17782.3 -3703.55
17715.1 -3687.94
17666 -3691.81
17614.4 -3694.05
17566.9 -3701.01
17506.8 -3696.84
17467.1 -3712.63
17407 -3710.36
17367.3 -3727.36
17307.3 -3726.94
17267.6 -3745.12
17268.5 -3798.18
17273 -3853.48
17270.2 -3901.88
17271.1 -3952.59
17271.9 -4002.56
17272.8 -4051.83
17273.6 -4100.41
17274.4 -4148.32
17275.2 -4195.58
17276 -4242.23
17276.7 -4288.26
17277.5 -4333.71
17278.3 -4378.59
17279 -4422.92
17279.8 -4466.71
17280.5 -4509.99
17281.2 -4552.76
17281.9 -4595.04
17282.6 -4636.85
17283.3 -4678.2
17284 -4719.11
17284.7 -4759.59
17285.4 -4799.64
17286 -4839.29
17286.7 -4878.54
17287.3 -4917.42
17288 -4955.91
17288.6 -4994.05
17289.3 -5031.84
17289.9 -5069.3
17290.5 -5106.42
17291.1 -5143.22
17291.8 -5179.72
17292.4 -5215.91
17293 -5251.82
17293.6 -5287.44
17294.2 -5322.79
17294.8 -5357.87
17295.3 -5392.7
17295.9 -5427.28
17296.5 -5461.62
17297.1 -5495.72
17297.6 -5529.6
17298.2 -5563.27
17298.8 -5596.72
17299.3 -5629.97
17299.9 -5663.02
17300.4 -5695.88
17301 -5728.56
17301.5 -5761.06
17302.1 -5793.39
17302.6 -5825.56
17303.2 -5857.57
17303.7 -5889.42
17304.2 -5921.13
17304.8 -5952.7
17305.3 -5984.14
17305.8 -6015.44
17306.4 -6046.62
17306.9 -6077.69
17307.4 -6108.64
