-0 -0
-0 -0
-0 -0
-0 -0
-0 -0
-0 -0
-0 -0
-0 -0
-0 -0
-0 -0
-0 -0
-0 -0
-0 -0
-0 -0
-0 -0
-0 -0
-0 -0
-0 -0
-0 -0
-0 -0
-1.93123 -2.75808
-1.90709 -2.77483
-1.87609 -2.78142
-1.89149 -2.85773
-1.88554 -2.90348
-1.87679 -2.94597
-1.86585 -2.98598
-1.83188 -2.98936
-1.55541 -2.58865
-1.51297 -2.56852
-1.509 -2.61366
-1.49254 -2.63805
-1.65029 -2.97721
-1.75022 -3.2235
-1.76756 -3.3243
-1.76203 -3.38483
-1.74696 -3.42859
-1.73526 -3.4804
-1.71052 -3.50709
-1.47106 -3.08413
-1.39929 -3.00079
-1.38549 -3.04018
-1.3703 -3.07773
-1.47378 -3.38945
-1.63794 -3.85876
-1.62028 -3.91171
-1.60407 -3.9702
-1.56276 -3.9673
-1.379 -3.59242
-1.28631 -3.4404
-1.26855 -3.48532
-1.26613 -3.57544
-1.49631 -4.3456
-1.46595 -4.38126
-1.46752 -4.51657
-1.42083 -4.50631
-1.20896 -3.95432
-1.16617 -3.93691
-1.14252 -3.98443
-1.12614 -4.06074
-1.32412 -4.94168
-1.24314 -4.80685
-1.09204 -4.37991
-1.06358 -4.43012
-1.03388 -4.47821
-1.10969 -5.00547
-1.17657 -5.53534
-1.0084 -4.95646
-0.943932 -4.85611
-0.941065 -5.07753
-0.894635 -5.07373
-0.980052 -5.85656
-0.859607 -5.42735
-0.936668 -6.26739
-0.785633 -5.59006
-0.764231 -5.80491
-0.747059 -6.08431
-0.685785 -6.01906
-0.768807 -7.31471
-0.722678 -7.50529
-0.670838 -7.66771
-0.618179 -7.85471
-0.560214 -8.01144
-0.490098 -8.01303
-0.419734 -8.00901
-0.347996 -7.97041
-0.278323 -7.97014
-0.208159 -7.94928
-0.138468 -7.93279
-0.0691054 -7.9187
5.95754e-07 -7.891
0.0687653 -7.8797
0.137158 -7.8578
0.205017 -7.82932
0.273577 -7.83423
0.340886 -7.80756
0.407488 -7.77533
0.475873 -7.78046
0.541449 -7.74309
0.609156 -7.74007
0.675893 -7.72549
0.742613 -7.71233
0.808318 -7.69064
0.874155 -7.67236
0.939978 -7.65551
1.00414 -7.62718
1.07024 -7.61516
1.13562 -7.59861
1.20267 -7.59335
1.26691 -7.57073
1.33362 -7.56332
1.39684 -7.53665
1.46198 -7.52123
1.52616 -7.50132
1.58803 -7.47109
1.65749 -7.47647
1.71975 -7.44906
1.78376 -7.42988
1.85119 -7.4247
1.91065 -7.38793
1.97997 -7.38933
2.03903 -7.3525
2.10918 -7.35557
2.11364 -7.13554
2.08666 -6.82515
2.13651 -6.77616
2.19649 -6.76011
2.25445 -6.73784
2.32065 -6.73966
2.38038 -6.72198
1.29489 -3.55768
1.20016 -3.20998
1.13173 -2.94825
1.12772 -2.86289
1.04553 -2.58777
0.96398 -2.32725
0.893993 -2.10612
0.838968 -1.92949
0.859028 -1.92941
0.826898 -1.81446
0.733243 -1.57244
0.729286 -1.52898
0.740409 -1.51806
0.751843 -1.50796
0.764974 -1.50135
0.777123 -1.49284
0.802327 -1.50896
0.81117 -1.49399
0.823207 -1.4851
0.843029 -1.49005
0.854 -1.47917
0.870428 -1.47769
0.882775 -1.46918
0.897652 -1.46484
0.914111 -1.46288
0.935439 -1.46834
0.944949 -1.45509
0.962578 -1.4543
0.981383 -1.45496
0.991777 -1.44305
1.00892 -1.44089
1.0203 -1.4304
1.04332 -1.43601
1.05522 -1.42604
1.07063 -1.42077
1.09942 -1.4328
1.10758 -1.41763
1.13173 -1.42278
1.13781 -1.40508
1.15512 -1.40127
1.17052 -1.39497
1.19239 -1.39611
1.20977 -1.39168
1.23777 -1.39905
1.24592 -1.38374
1.25998 -1.37502
1.28011 -1.37275
1.29479 -1.36443
1.31152 -1.35811
1.33453 -1.35803
1.34916 -1.34916
1.38799 -1.36397
1.39336 -1.34555
1.41593 -1.34367
1.43492 -1.33808
1.46423 -1.34172
1.46845 -1.3222
1.48668 -1.3153
1.50866 -1.31146
1.53678 -1.31253
1.5543 -1.30422
1.57026 -1.29442
1.5947 -1.29137
1.62156 -1.28985
1.64537 -1.2855
1.66763 -1.27962
1.68193 -1.26742
5.10771 -3.7795
5.08386 -3.69364
5.05729 -3.60733
5.03451 -3.5252
5.01563 -3.44715
5.00407 -3.37529
4.98497 -3.29948
4.9599 -3.221
4.94227 -3.14858
4.9297 -3.08042
4.90865 -3.00802
4.89785 -2.94293
4.86907 -2.8681
4.86013 -2.806
4.83744 -2.73689
4.83052 -2.6776
4.8001 -2.60624
4.79794 -2.55111
4.77833 -2.48744
4.75085 -2.42068
4.75658 -2.37154
4.74114 -2.31241
4.7124 -2.2477
4.70646 -2.19466
4.68539 -2.13526
4.66822 -2.07842
4.64308 -2.01887
4.63382 -1.96694
4.62217 -1.91457
4.60718 -1.86142
4.59905 -1.81162
4.58108 -1.75851
4.56815 -1.70796
4.55281 -1.65709
4.53316 -1.60528
4.52809 -1.55915
4.50928 -1.50878
4.50801 -1.46474
4.50441 -1.42023
4.48507 -1.37122
4.46522 -1.32266
4.45353 -1.27703
4.44812 -1.23357
4.4307 -1.1872
4.42637 -1.14474
4.4129 -1.10026
4.399 -1.05611
4.39051 -1.01363
4.37381 -0.969649
4.36645 -0.928118
4.33617 -0.882203
4.32996 -0.841659
4.31846 -0.800378
4.3174 -0.761273
4.31204 -0.721588
4.30336 -0.681585
4.27749 -0.639276
4.26905 -0.599975
4.25925 -0.56074
4.24611 -0.521357
4.24355 -0.483491
4.2297 -0.44456
4.23143 -0.40744
4.20394 -0.367797
4.20101 -0.330627
4.18777 -0.292838
4.1762 -0.255428
4.17527 -0.218816
4.15404 -0.181369
4.14847 -0.144868
4.13658 -0.108321
4.13337 -0.0721488
4.12284 -0.0359793
4.107 0
4.10084 0.0357873
4.08638 0.0713276
4.0886 0.107064
4.06552 0.141971
4.06513 0.177487
4.04844 0.21217
4.03746 0.246941
4.03814 0.282375
4.02755 0.316975
4.01765 0.351499
4.00249 0.385395
4.00792 0.421249
3.9882 0.454398
3.97316 0.487843
3.96776 0.522366
3.97197 0.558223
3.94716 0.589907
3.95075 0.625738
3.93232 0.658045
3.93037 0.69303
3.9163 0.725844
3.91375 0.760755
3.90108 0.793684
3.89401 0.827696
3.87394 0.858832
3.85656 0.890356
3.86614 0.928178
3.84334 0.958253
3.84451 0.994259
3.8212 1.02389
3.8179 1.0588
3.82102 1.09566
3.79501 1.12413
3.78601 1.1575
3.79484 1.19651
3.76904 1.22463
3.76579 1.26002
3.76033 1.29478
3.73286 1.32188
3.7381 1.36056
3.72889 1.39418
3.72499 1.42989
3.71051 1.46161
3.70781 1.49805
3.70383 1.53418
3.6903 1.56644
3.67191 1.59659
3.66697 1.63264
3.66805 1.67163
3.64608 1.70019
3.64013 1.73625
3.63293 1.7719
3.61732 1.80353
3.6059 1.8373
3.5986 1.87331
3.59625 1.91216
3.58557 1.94681
3.57632 1.98239
3.57107 2.02041
3.55936 2.055
3.55336 2.09309
3.54096 2.12762
3.51373 2.15322
3.50583 2.19069
3.50345 2.23194
3.50061 2.27332
3.48231 2.30489
3.47864 2.34637
3.46792 2.38344
3.4601 2.42279
3.43801 2.45231
3.43266 2.49397
3.4397 2.54525
3.42774 2.58299
3.40825 2.61524
3.39475 2.65227
3.39495 2.70047
3.37592 2.73377
3.36274 2.77203
3.35757 2.81734
3.34655 2.85822
3.3411 2.90437
3.32237 2.93938
3.31294 2.98298
3.303 3.02664
3.29329 3.07104
3.28014 3.11274
3.26364 3.15166
3.25314 3.19685
3.25057 3.25057
3.23049 3.28737
3.20932 3.32335
3.21393 3.38677
3.19994 3.43151
3.1746 3.46447
3.16499 3.51508
3.1554 3.56653
3.13793 3.60978
3.12839 3.66288
3.10916 3.70536
3.09516 3.75473
3.08178 3.80568
3.06713 3.85591
3.05245 3.90696
3.04015 3.96201
3.02773 4.01794
3.01516 4.07475
3.00241 4.13246
2.98946 4.19107
2.96539 4.23502
2.94814 4.28958
2.94135 4.36074
2.92858 4.4246
2.90783 4.47766
2.89067 4.53745
2.87163 4.59557
2.85493 4.65883
2.83992 4.72642
2.82039 4.78807
2.797 4.84455
2.78072 4.9149
2.7702 4.99758
2.74557 5.05671
1.09387 2.05727
1.07172 2.05875
1.05235 2.06535
1.01867 2.04314
0.992911 2.03577
0.965206 2.0236
0.937367 2.01019
0.913984 2.00555
0.893601 2.00706
0.868077 1.99644
0.83929 1.97724
0.822004 1.98449
0.793042 1.96285
0.772951 1.96225
0.748989 1.95118
0.728431 1.94828
0.710376 1.95174
0.685973 1.93713
0.663508 1.92697
0.64159 1.91751
0.620197 1.90877
0.602915 1.9122
0.580943 1.90018
0.560078 1.89079
0.540525 1.88503
0.527261 1.90124
0.502627 1.87583
0.483734 1.87046
0.463039 1.85715
0.447982 1.86598
0.429656 1.86105
0.410802 1.85301
0.394201 1.85457
0.375011 1.84324
0.354523 1.82386
0.340416 1.83672
0.318818 1.80811
0.303028 1.81082
0.286588 1.80945
0.269309 1.80199
0.252599 1.79734
0.237036 1.80046
0.219731 1.78956
0.202521 1.7775
0.186061 1.77025
0.171276 1.77877
0.15444 1.76526
0.139814 1.77651
0.123957 1.77267
0.10653 1.74175
0.092216 1.75959
0.076334 1.74833
0.0617025 1.76692
0.0465687 1.77839
0.0308035 1.76473
0.0153762 1.76193
1.33707e-07 1.771
-0.015245 1.74693
-0.0306465 1.75573
-0.0457573 1.7474
-0.0612137 1.75293
-0.0758104 1.73635
-0.0908026 1.73262
-0.106102 1.73476
-0.121237 1.73377
-0.136127 1.72965
-0.150082 1.71545
-0.164471 1.7081
-0.179057 1.70362
-0.195842 1.71888
-0.210103 1.71115
-0.222416 1.68942
-0.239377 1.70326
-0.253936 1.69913
-0.266564 1.68302
-0.283222 1.69247
-0.294855 1.6722
-0.309801 1.67153
-0.32781 1.68644
-0.338925 1.66587
-0.356153 1.67557
-0.370544 1.67142
-0.385341 1.6691
-0.394289 1.64233
-0.413928 1.66018
-0.423393 1.63714
-0.437922 1.63435
-0.457245 1.64877
-0.470513 1.64087
-0.488222 1.64821
-0.498494 1.6305
-0.512102 1.62418
-0.530582 1.63296
-0.545129 1.62922
-0 0
-0 0
-0 0
-0 0
-0 0
-0 0
-0 0
-0 0
-0 0
-0 0
-2.71985 6.10888
-2.63538 5.7828
-2.5374 5.44147
-2.56025 5.36767
-2.58683 5.30378
-2.63391 5.2828
-2.68354 5.26674
-2.73817 5.25997
-2.78866 5.24471
-2.83671 5.22457
-2.87832 5.19262
-2.92943 5.17775
-2.9805 5.16238
-3.03102 5.14565
-3.07272 5.11386
-3.13186 5.11073
-3.18587 5.09847
-3.23132 5.07216
-3.27981 5.05047
-3.33536 5.03917
-3.38144 5.01319
-3.44828 5.01728
-3.45867 4.93949
-3.42673 4.8041
-0 0
-0 0
-0 0
-0 0
-0 0
-0 0
-0 0
-0 0
-0 0
-0 0
-0 0
-0 0
-0 0
-0 0
-0 0
-0 0
-0 0
-0 0
-0 0
0 0
0 0
0 0
0 0
0 0
0 0
0 0
0 0
0 0
0 0
0 0
0 0
0 0
0 0
0 0
0 0
0 0
0 0
0 0
0 0
0 0
0 0
0 0
0 0
0 0
0 0
0 0
0 0
0 0
47.4682 9.94928
1.11348