-765.929 -7849.12
-703.808 -7910.41
-641.154 -7971.15
-577.971 -8031.35
-514.267 -8090.99
-450.045 -8150.07
-385.311 -8208.59
-320.066 -8266.55
-254.318 -8323.93
-188.073 -8380.74
-121.335 -8436.96
-54.1091 -8492.6
13.6004 -8547.65
81.7889 -8602.12
150.45 -8655.98
219.577 -8709.24
289.165 -8761.89
359.214 -8813.94
429.711 -8865.38
500.655 -8916.19
5574.32 -1786.05
5595.14 -1774.91
5616.27 -1762.65
5635.48 -1752.61
5651.22 -1747.35
5657.7 -1756.25
5686.47 -1729.44
5698.59 -1728.67
5706.03 -1735.5
5729.71 -1714.66
5732.58 -1729.04
5744.48 -1727.75
5762.59 -1714.94
5777.58 -1707.17
5790.06 -1703.64
5801.06 -1702.62
5814.72 -1696.13
5823.34 -1699.33
5835.03 -1696.16
5844.49 -1697.36
5852.68 -1701.2
5865.85 -1694.04
5884.12 -1674.82
5887.75 -1688.41
5898.18 -1686.34
5908.93 -1683.24
5915.51 -1690.23
5930.18 -1676.68
5936.05 -1685.38
5949 -1675.29
5958.35 -1674.46
5967.66 -1673.53
5978.54 -1667.77
5989.3 -1661.9
5996.86 -1665.43
6010.43 -1649.8
6017.04 -1656.02
6026.27 -1653.55
6035.16 -1651.96
6043.47 -1652.21
6055.36 -1638.84
6059.8 -1653.44
6070.47 -1643.75
6083.03 -1625.18
6089.24 -1632.79
6095.14 -1642.31
6104.28 -1637.11
6111.54 -1640.64
6121.86 -1628.4
6130.15 -1625.89
6138.73 -1621.32
6147.38 -1615.69
6154.38 -1619.85
6161.58 -1622.96
6168.84 -1626.02
6176.13 -1629.01
6185.98 -1611.09
6193.95 -1606.98
6200.83 -1612.75
6209.1 -1604.52
6215.62 -1615.14
6223.91 -1604.77
6230.53 -1616.28
6238.93 -1600.78
6246.66 -1593.19
6254.42 -1581.53
6260.89 -1602.78
6268.41 -1595.99
6275.77 -1591.13
6283.1 -1576.21
6290.26 -1593.22
6297.52 -1593.17
6304.44 -1576.07
6311.75 -1582.89
6318.66 -1575.66
6325.76 -1575.36
6333.14 -1580
6339.97 -1574.58
6347.5 -1580.09
6354.32 -1575.55
6362.67 -1588.89
6367.63 -1565.32
6375.5 -1572.55
6381.42 -1561.83
6387.91 -1557.01
6396.18 -1566.02
6401.64 -1554.16
6409.91 -1562.04
6416.42 -1557.99
6422.36 -1550.92
6430.65 -1557.6
6433.54 -1534.7
6439.7 -1530.46
6449.64 -1544.78
6459.62 -1558.01
6464.16 -1545.75
6469.64 -1538.34
6475.94 -1534.79
6486.35 -1547.67
6495.48 -1554.62
6506.57 -1568.22
6513.06 -1564.36
6525.07 -1579.66
6531.63 -1575.65
6541.38 -1582.09
6549.74 -1583.66
6559.4 -1588.95
6562.78 -1575.18
6569.22 -1570.87
6581.31 -1582.51
6592.6 -1591.19
6610.4 -1616.58
6628.31 -1640.78
6640.77 -1649.87
6649.64 -1649.54
6678.16 -1696.19
7723.23 -4119.5
7325.09 -3130.28
7311.78 -3045.4
7319.17 -3009.11
7339.17 -3000.93
7354.35 -2982.66
7377.22 -2980.46
7411.34 -3000.37
7482.83 -3091.93
7523.07 -3119.51
7503.52 -3033.69
7522.35 -3021.25
7544.45 -3014.76
7558.63 -2994.15
7575.56 -2978.65
7595.37 -2968.2
7615.1 -2957.56
7620.05 -2922.91
7643.12 -2917.98
7661.35 -2905.24
7671.81 -2880.61
7691.36 -2870.12
7707.46 -2854.49
7820.59 -2979.43
7880.76 -3024.03
7864.32 -2959.66
12185.4 -8837.37
10216 -6042.87
10444.9 -6249.95
10867.5 -6699.69
10788.3 -6492.76
10944.3 -6586.06
10799.9 -6305.53
10913.8 -6345.27
10903 -6234.36
11021 -6275.84
11252.4 -6444.45
11300.5 -6399.42
11526.7 -6551.24
11512.6 -6435.42
11609.1 -6439.96
11677.1 -6412.85
11713 -6351.98
11751 -6293.75
11746.7 -6193.67
11878.9 -6229.03
11945.9 -6198.75
11993.9 -6149.86
12042.9 -6101.9
11849.1 -5832.48
11669.7 -5583.56
11804.7 -5618.36
12195.5 -5871.65
12109.6 -5709.16
12044.3 -5567.79
11830.9 -5308.08
11287.9 -4790.19
11290 -4720.34
11226.4 -4600.44
10968.9 -4335.08
10794.3 -4139.92
10580.4 -3921.42
10429.5 -3754.95
10272.8 -3589.06
10120.1 -3430.71
9978.96 -3284.84
9983.41 -3240.84
10008.2 -3210.7
9833.77 -3051.71
9622.18 -2874.01
9461.29 -2733.45
9369.08 -2639.07
9299.51 -2560.81
9227.09 -2482.91
9159.62 -2409.89
9094.59 -2340.15
9040.83 -2278.43
8981.81 -2215.4
9005.89 -2197.91
9022.76 -2176.44
9042.14 -2156.14
9052.42 -2131.17
9089.46 -2119.21
9114.76 -2101.14
9130.88 -2078.52
9147.74 -2056.14
9160.76 -2031.95
9192.85 -2015.95
9214.75 -1995.22
9223.55 -1968.87
9242.33 -1946.56
9281.43 -1932.03
9299.01 -1908.72
9298.6 -1878.57
9240.52 -1827.8
9196.88 -1783.43
9160.27 -1742.49
9134.56 -1706.05
9094.15 -1665.53
9052.31 -1625.49
9000.41 -1583.35
8995.97 -1556.27
9016.27 -1536.44
9028.71 -1514.19
9018.75 -1485.89
8991.06 -1453.35
8963.02 -1421.35
8927.82 -1388.28
8912.71 -1360.54
8872.91 -1327.77
8846.44 -1298.61
8811.82 -1268.39
7537.48 -1000.96
7410.66 -966.483
7374.97 -950.172
7359.8 -937.915
7353.4 -927.325
7341.95 -916.133
7350.19 -907.89
7332.59 -896.183
7320.82 -885.511
7310.93 -875.276
7314.87 -866.654
7318.74 -857.972
7303.61 -847.619
7321.27 -840.049
7319.92 -830.897
7329.48 -822.419
7327.97 -813.231
7346.37 -804.898
7336.72 -795.338
7350.97 -786.521
7365.15 -777.457
7406.25 -768.319
7397.27 -758.584
7413.2 -748.729
7441.05 -738.357
7431.81 -728.555
7447.47 -717.981
7448.05 -707.821
7446.54 -697.757
7478.87 -685.559
7499.11 -673.657
7525.21 -660.911
7519.31 -650.569
7538.2 -637.866
7551 -625.466
7566.65 -612.488
7576.22 -599.971
7583.68 -587.542
7618.75 -571.007
7629.89 -557.452
7650.77 -542.1
7668.52 -526.871
7667.41 -514.659
7685.84 -498.757
7703.12 -482.708
7725.12 -465.329
7615.92 -475.718
7517.75 -485.582
7505.56 -477.137
7500.12 -467.232
7490.72 -458.377
7473.52 -451.686
7483.32 -437.96
7466.98 -431.317
7458.29 -422.711
7453.37 -413.087
7452.2 -402.343
7449.03 -392.2
7427.71 -387.999
7420.61 -379.348
7459.75 -354.73
7493.83 -331.08
7522.9 -308.527
7668.63 -241.38
7730.27 -203.752
7709.54 -197.458
7690.68 -190.729
7691.18 -176.204
7677.75 -167.52
7674.34 -154.615
7658.05 -147.449
7655.37 -134.269
7657.09 -118.965
7637.91 -113.534
7628.61 -103.543
7611.2 -97.6997
7614.26 -81.6194
7590.56 -79.3513
7586.32 -67.0698
7583.73 -53.8515
7572.26 -45.495
7554.67 -40.746
7550.06 -28.7181
7546.2 -16.2059
7528.53 -11.9789
7534.71 6.68343
7518.65 11.6798
7512.7 22.9266
7504.14 32.4888
7493.83 40.853
7486.79 51.3428
7466.49 52.6769
7472.42 72.1359
7448.04 70.2025
7443.97 82.6503
7434.96 91.5099
7436.24 108.125
7419.11 110.782
7407.52 117.529
7400.59 127.887
7392.02 136.929
7381.06 143.975
7372.35 152.832
7368.13 165.514
7363.76 178.191
7360.01 191.527
7339.05 189.438
7343.95 210.763
7325.22 210.367
7313.8 216.618
7308.82 229.012
7310.81 248.419
7289.27 244.546
7290.94 263.967
7278.49 269.072
7263.97 271.858
7259.68 285.464
7250.51 293.901
7249.94 311.94
7232.61 311.285
7229.75 327.047
7215.04 329.126
7204.21 335.637
7203.48 354.412
7192.45 360.799
7181.39 367.078
7179.49 385.092
7174.91 399.979
7167.14 410.872
7153.92 414.471
7149.48 430.084
7133.85 430.214
7120.56 433.446
7111.23 442.314
7103.48 453.602
7095.05 464.01
7098.44 492.843
7078.36 485.505
7070.09 496.599
7062.21 508.497
7049.56 512.628
7042.96 526.988
7031.19 532.658
7027.72 553.036
7014.78 556.811
7008.95 573.66
7000.07 585.203
6980.94 577.153
6972.85 590.284
6969.47 613.23
6955.7 615.523
6943.24 620.391
6936.62 637.849
6926.04 647.098
6920.2 667.242
6908.5 674.538
6894.78 677.131
6888.29 697.166
6874.8 700.49
6863.11 708.346
6852.76 719.848
6841.55 729.405
6827.51 731.355
6818.44 747.325
6812.37 772.713
6795.81 767.737
6784.9 779.722
6774.72 794.496
6766.35 815.908
6752.28 819.06
6739.3 825.935
6728.87 842.346
6711.53 833.564
6703.05 858.51
6694.17 883.426
6683.97 904.419
6688.12 989.7
6679.03 1021.45
6664.49 1029.69
6651.01 1043.68
6639.58 1069.37
6623.23 1070.4
6609.46 1086.06
6597.89 1116.42
6582.88 1127.94
6565.22 1122.53
6552.05 1148.64
6535.63 1152.86
6523.46 1192.67
6508.73 1215.52
6491.16 1214.38
6475.41 1232.01
6459.11 1246.52
6442.42 1258.9
6426.87 1291.1
6409.08 1294.23
6391.78 1308.19
6375.33 1347.98
6357.57 1368.65
6339.2 1378.17
6320.74 1392.53
6302.06 1411.73
6283.05 1430.77
6263.55 1464.64
6244.12 1464.34
6223.96 1489.86
6202.83 1529.18
6181.97 1547.33
6160.84 1564.29
6139.29 1583.04
6116.81 1609.58
6094.68 1625.94
6070.18 1664.99
6046.56 1687.88
6024.56 1691.64
6006.98 1656.46
5986.64 1647.96
5964.16 1656.14
5942.23 1659.16
5914.21 1701.53
5887.81 1728.78
5857.56 1775.47
5828.05 1812.96
5798.78 1845.21
5774.5 1848.69
5740.65 1897.97
5710.32 1926.33
5677.92 1961.19
5641.01 2012.25
5607.4 2045.36
5570.96 2086.83
5534.01 2126.91
5500.22 2152.07
5457.03 2208.64
5416.97 2250.26
5391.01 2241.59
5423.77 2042.52
5306.02 2328.39
5242.37 2431.84
5191.22 2491.77
5140.25 2547.25
5088.23 2602.1
5035.52 2655.34
4980.03 2712.59
4919.83 2778.46
4859.5 2840.75
4789.68 2922.62
4721.8 2995.24
4651.75 3068.79
4583.91 3133.15
4543.04 3133.64
4554.14 3020.09
4335.58 3400.43
4242.66 3501.34
4149.15 3598.23
4047.98 3705.44
3934.74 3830.77
3820.07 3952.69
5008.42 1632.05
4927.2 1731.38
4882.62 1760.46
3293.61 4502.53
3146.87 4650.03
2975.94 4831.49
2793.86 5023.2
4259.92 2531.11
4607.35 1914.61
4716.19 1693.52
4691.01 1685.57
4673.04 1666.54
4655.28 1647.39
4633.76 1633.87
4604.86 1630.79
4588.71 1609.51
391.166 7314.92
320.914 7263.15
251.118 7210.77
181.779 7157.78
112.907 7104.19
44.5005 7050
-23.4263 6995.22
-90.8727 6939.84
-157.833 6883.88
-224.302 6827.34
-290.276 6770.22
-355.748 6712.53
-420.715 6654.26
-485.171 6595.43
-549.11 6536.05
-612.533 6476.1
-675.427 6415.6
-737.79 6354.56
-799.618 6292.98
