10128.7 -3176.36
10108.7 -3176.07
10088.7 -3176.14
10068.7 -3176.56
10048.7 -3177.32
10028.7 -3178.42
10008.8 -3179.86
9988.76 -3181.63
9968.78 -3183.73
9948.79 -3186.16
9908.74 -3177.83
9908.82 -3192
9908.9 -3206.02
9908.98 -3219.92
9909.05 -3233.69
9909.13 -3247.34
9909.2 -3260.87
9909.28 -3274.28
9909.35 -3287.58
9909.42 -3300.77
9909.5 -3313.85
9909.57 -3326.83
9909.64 -3339.71
9909.71 -3352.5
9909.78 -3365.19
9909.85 -3377.79
9909.92 -3390.31
9909.99 -3402.74
9910.06 -3415.08
9910.12 -3427.35
9910.19 -3439.54
9910.26 -3451.66
9910.33 -3463.71
9910.39 -3475.68
9910.46 -3487.59
9910.52 -3499.44
9910.59 -3511.22
9910.65 -3522.95
9910.72 -3534.61
9910.78 -3546.23
9910.85 -3557.78
9910.91 -3569.29
9910.97 -3580.75
9911.04 -3592.16
9911.1 -3603.53
9911.16 -3614.85
9911.23 -3626.13
9911.29 -3637.37
9911.35 -3648.58
9911.41 -3659.75
9911.47 -3670.89
9911.54 -3681.99
9911.6 -3693.07
9911.66 -3704.12
9911.72 -3715.14
9911.78 -3726.14
9911.84 -3737.11
9911.9 -3748.06
9911.96 -3759
9912.02 -3769.92
9912.08 -3780.82
9912.14 -3791.71
9912.2 -3802.58
9912.26 -3813.45
9912.32 -3824.3
9912.38 -3835.15
9912.44 -3846
9912.5 -3856.83
9912.56 -3867.67
9912.62 -3878.51
9912.68 -3889.34
9912.74 -3900.18
9912.8 -3911.03
9912.86 -3921.88
9912.92 -3932.73
9912.98 -3943.6
9913.05 -3954.48
9913.11 -3965.37
9913.17 -3976.27
9913.23 -3987.2
9913.29 -3998.13
9913.35 -4009.09
9913.41 -4020.07
9913.47 -4031.07
9913.53 -4042.1
9913.59 -4053.15
9913.65 -4064.23
9913.71 -4075.35
9913.78 -4086.49
9913.84 -4097.67
9913.9 -4108.88
9913.96 -4120.13
9914.03 -4131.42
9914.09 -4142.75
9914.15 -4154.12
9914.21 -4165.54
9914.28 -4177.01
9914.34 -4188.53
9914.41 -4200.1
9914.47 -4211.72
9914.53 -4223.39
9914.6 -4235.13
9914.67 -4246.92
9914.73 -4258.78
9914.8 -4270.71
9914.86 -4282.7
9914.93 -4294.75
9915 -4306.89
9915.07 -4319.09
9915.13 -4331.38
9915.2 -4343.74
9915.27 -4356.18
9915.34 -4368.72
9915.41 -4381.33
9915.48 -4394.04
9915.55 -4406.85
9915.62 -4419.75
9915.69 -4432.75
9915.77 -4445.85
9915.84 -4459.06
9915.91 -4472.38
9915.99 -4485.81
9916.06 -4499.36
9916.14 -4513.03
9916.22 -4526.83
9916.29 -4540.75
9916.37 -4554.8
9916.45 -4568.99
9916.53 -4583.32
9916.61 -4597.8
9910.69 -4616.05
9910.77 -4630.9
9910.86 -4645.9
9910.94 -4661.07
9911.02 -4676.41
9911.11 -4691.93
9911.2 -4707.62
9911.29 -4723.5
9911.37 -4739.57
9911.46 -4755.83
9911.56 -4772.3
9911.65 -4788.98
9911.74 -4805.87
9911.84 -4822.99
9911.93 -4840.34
9912.03 -4857.92
9912.13 -4875.75
9912.23 -4893.83
9912.33 -4912.17
9912.43 -4930.78
9912.54 -4949.67
9912.65 -4968.85
9912.75 -4988.33
9912.86 -5008.11
9912.97 -5028.21
9913.09 -5048.64
9913.2 -5069.41
9913.32 -5090.53
9913.44 -5112.01
9923.76 -5123.43
9918.54 -5151.07
9931.79 -5159.72
9926.77 -5188
9920.61 -5218.18
9916.14 -5247.16
9927.54 -5258.74
9923.28 -5288.48
9916.61 -5321.74
9929.62 -5332.2
9925.99 -5362.97
9936.89 -5376.41
9931.81 -5410.18
9924.54 -5447.62
9921.64 -5480.29
9919.14 -5513.25
9926.68 -5533.37
9924.41 -5567.44
9931.11 -5589.71
9929.06 -5625
9927.4 -5660.68
9919.71 -5706.3
9931.72 -5723.28
9956.53 -5720.64
9973.59 -5729.77
9996.92 -5728.73
10019.7 -5728.22
10045.9 -5721.39
10067 -5722.72
10087.5 -5724.7
10110.2 -5722.51
10129.2 -5726.61
10147.7 -5731.48
10177.3 -5715.09
10197.9 -5714.97
10218.3 -5714.86
10238.6 -5714.75
10258.7 -5714.64
10278.6 -5714.53
10298.3 -5714.42
10317.9 -5714.31
10337.3 -5714.2
10356.6 -5714.09
10375.7 -5713.99
10394.7 -5713.88
10413.5 -5713.78
10432.2 -5713.67
10450.8 -5713.57
10469.3 -5713.47
10487.6 -5713.37
10505.8 -5713.27
10524 -5713.17
10541.9 -5713.07
10559.8 -5712.97
10577.6 -5712.87
10595.3 -5712.77
10612.9 -5712.67
10630.4 -5712.58
10647.8 -5712.48
10665.2 -5712.38
10682.4 -5712.29
10699.6 -5712.19
10716.7 -5712.1
10733.7 -5712
10750.7 -5711.91
10767.6 -5711.82
10784.4 -5711.72
10801.2 -5711.63
10817.9 -5711.54
10834.5 -5711.45
10851.1 -5711.35
10867.7 -5711.26
10884.2 -5711.17
10900.7 -5711.08
10917.1 -5710.99
10933.5 -5710.9
10949.8 -5710.81
10966.1 -5710.72
10982.4 -5710.63
10998.7 -5710.54
11014.9 -5710.45
11031.1 -5710.36
11047.3 -5710.27
11063.5 -5710.18
11079.6 -5710.09
11095.8 -5710
11111.9 -5709.91
11128.1 -5709.82
11144.2 -5709.73
11160.3 -5709.64
11176.4 -5709.55
11192.5 -5709.46
11208.7 -5709.37
11224.8 -5709.28
11240.9 -5709.19
11257.1 -5709.1
11273.3 -5709.02
11289.4 -5708.93
11305.6 -5708.84
11321.9 -5708.75
11338.1 -5708.66
11354.4 -5708.57
11370.7 -5708.48
11387 -5708.38
11403.4 -5708.29
11419.8 -5708.2
11436.3 -5708.11
11452.8 -5708.02
11469.3 -5707.93
11489 -5724.83
11505.8 -5724.92
11519.8 -5710.44
11538.9 -5721.79
11555.6 -5720.38
11573 -5722.25
11589.6 -5719.97
11604.5 -5710.68
11624.8 -5723.42
11898.6 -6696.62
11892.7 -6578.08
11895.8 -6498.46
11892 -6400.09
11892.8 -6322.78
11890.8 -6240.84
11890.2 -6167.45
11888.4 -6094.79
11899.2 -6062.72
11917.3 -6052.97
11942.6 -6063.62
11961.1 -6054.75
11982.1 -6052.65
12001.5 -6045.97
11885.4 -5700.32
11885.3 -5654.32
11889.2 -5620.15
11888.3 -5575.81
11886.6 -5531.66
11882 -5482.67
11888.5 -5459.82
11885.3 -5417.14
11891.1 -5394.51
11886.1 -5350.95
11881.4 -5309.45
11886.2 -5287.95
11881 -5248.08
11885.4 -5227.49
11889.6 -5206.92
11890.4 -5181.12
11894.2 -5161.1
11886 -5121.14
11888.8 -5101.13
11891.4 -5081.11
11893.6 -5061.1
11895.5 -5041.09
11909.9 -5041.01
11924.5 -5040.93
11939.2 -5040.85
11954.1 -5040.77
11955.3 -5020.76
11942.2 -4980.83
11942.5 -4960.83
11957 -4960.75
11956.9 -4940.75
11956.4 -4920.75
11955.6 -4900.76
11954.4 -4880.76
11952.8 -4860.77
11950.9 -4840.78
11948.6 -4820.79
11945.9 -4800.81
11942.8 -4780.82
11939.3 -4760.84
11953.2 -4760.77
11949.3 -4740.79
11944.9 -4720.81
11940 -4700.84
11953.9 -4700.76
11948.5 -4680.79
11942.7 -4660.82
11956.6 -4660.75
11956.9 -4647.29
11956.8 -4633.66
11956.8 -4620.26
11956.7 -4607.08
11956.6 -4594.11
11956.5 -4581.34
11956.5 -4568.78
11956.4 -4556.41
11956.3 -4544.22
11956.3 -4532.22
11956.2 -4520.39
11956.1 -4508.73
11956.1 -4497.23
11956 -4485.89
11956 -4474.71
11955.9 -4463.67
11955.8 -4452.78
11955.8 -4442.03
11955.7 -4431.42
11955.7 -4420.94
11955.6 -4410.58
11955.5 -4400.35
11955.5 -4390.24
11955.4 -4380.24
11955.4 -4370.36
11955.3 -4360.58
11955.3 -4350.92
11955.2 -4341.35
11955.2 -4331.89
11955.1 -4322.52
11955.1 -4313.25
11955 -4304.06
11955 -4294.97
11954.9 -4285.96
11954.9 -4277.04
11954.8 -4268.19
11954.8 -4259.43
11954.7 -4250.74
11954.7 -4242.12
11954.6 -4233.58
11954.6 -4225.1
11954.5 -4216.7
11954.5 -4208.35
11954.4 -4200.07
11954.4 -4191.86
11954.3 -4183.7
11954.3 -4175.59
11954.3 -4167.55
11954.2 -4159.56
11954.2 -4151.62
11954.1 -4143.72
11954.1 -4135.88
11954 -4128.09
11954 -4120.34
11954 -4112.63
11953.9 -4104.97
11953.9 -4097.35
11953.8 -4089.77
11953.8 -4082.22
11953.7 -4074.71
11953.7 -4067.24
11953.7 -4059.8
11953.6 -4052.39
11953.6 -4045.01
11953.5 -4037.67
11953.5 -4030.35
11953.5 -4023.06
11953.4 -4015.79
11953.4 -4008.55
11953.3 -4001.33
11953.3 -3994.13
11953.3 -3986.96
11953.2 -3979.8
11953.2 -3972.67
11953.1 -3965.55
11953.1 -3958.45
11953.1 -3951.36
11953 -3944.28
11953 -3937.22
11952.9 -3930.17
11952.9 -3923.14
11952.9 -3916.11
11952.8 -3909.09
11952.8 -3902.07
11952.7 -3895.07
11952.7 -3888.07
11952.7 -3881.07
11952.6 -3874.07
11952.6 -3867.08
11952.6 -3860.09
11952.5 -3853.1
11952.5 -3846.11
11952.4 -3839.11
11952.4 -3832.12
11952.4 -3825.11
11952.3 -3818.11
11952.3 -3811.09
11952.2 -3804.07
11952.2 -3797.04
11952.2 -3790
11952.1 -3782.95
11952.1 -3775.88
11952 -3768.81
11952 -3761.72
11952 -3754.61
11951.9 -3747.49
11951.9 -3740.35
11951.9 -3733.19
11951.8 -3726.01
11951.8 -3718.81
11951.7 -3711.59
11951.7 -3704.34
11951.7 -3697.07
11951.6 -3689.78
11951.6 -3682.45
11951.5 -3675.1
11951.5 -3667.72
11951.4 -3660.3
11951.4 -3652.86
11951.4 -3645.38
11951.3 -3637.86
11951.3 -3630.31
11951.2 -3622.72
11951.2 -3615.09
11951.2 -3607.42
11951.1 -3599.7
11951.1 -3591.94
11951 -3584.14
11951 -3576.29
11950.9 -3568.39
11950.9 -3560.44
11950.8 -3552.44
11950.8 -3544.38
11950.8 -3536.27
11950.7 -3528.1
11950.7 -3519.87
11950.6 -3511.58
11950.6 -3503.22
11950.5 -3494.8
11950.5 -3486.31
11950.4 -3477.76
11950.4 -3469.13
11950.3 -3460.42
11950.3 -3451.64
11950.2 -3442.78
11950.2 -3433.84
11950.1 -3424.82
11950.1 -3415.71
11950 -3406.51
11950 -3397.22
11949.9 -3387.83
11949.9 -3378.35
11949.8 -3368.77
11949.8 -3359.08
11949.7 -3349.28
11949.7 -3339.38
11949.6 -3329.36
11949.6 -3319.23
11949.5 -3308.97
11949.4 -3298.59
11949.4 -3288.08
11949.3 -3277.44
11949.3 -3266.67
11949.2 -3255.75
11949.1 -3244.69
11949.1 -3233.48
11949 -3222.11
11949 -3210.58
11988.7 -3165.57
11968.7 -3170.07
11948.8 -3174.99
11948.7 -3162.77
11928.7 -3168.23
11908.8 -3174.13
11908.7 -3161.97
11888.7 -3168.44
11868.8 -3175.37
11868.7 -3163.27
11848.7 -3170.8
11846 -3161.34
11833.9 -3161.4
11822 -3161.47
11810.4 -3161.53
11798.9 -3161.6
11787.6 -3161.66
11776.4 -3161.72
11765.5 -3161.78
11754.7 -3161.84
11744.1 -3161.9
11733.6 -3161.96
11723.3 -3162.02
11713.1 -3162.07
11703.1 -3162.13
11693.2 -3162.18
11683.5 -3162.24
11673.9 -3162.29
11664.4 -3162.34
11655 -3162.39
11645.7 -3162.45
11636.6 -3162.5
11627.5 -3162.55
11618.6 -3162.6
11609.8 -3162.64
11601.1 -3162.69
11592.4 -3162.74
11583.9 -3162.79
11575.5 -3162.83
11567.1 -3162.88
11558.9 -3162.93
11550.7 -3162.97
11542.6 -3163.02
11534.6 -3163.06
11526.7 -3163.11
11518.8 -3163.15
11511 -3163.19
11503.3 -3163.24
11495.6 -3163.28
11488 -3163.32
11480.5 -3163.36
11473.1 -3163.4
11465.7 -3163.44
11458.3 -3163.48
11451 -3163.52
11443.8 -3163.56
11436.6 -3163.6
11429.5 -3163.64
11422.4 -3163.68
11415.4 -3163.72
11408.4 -3163.76
11401.5 -3163.8
11394.6 -3163.84
11387.7 -3163.88
11380.9 -3163.91
11374.1 -3163.95
11367.4 -3163.99
11360.7 -3164.02
11354 -3164.06
11347.4 -3164.1
11340.8 -3164.13
11334.3 -3164.17
11327.7 -3164.21
11321.2 -3164.24
11314.8 -3164.28
11308.3 -3164.32
11301.9 -3164.35
11295.5 -3164.39
11289.1 -3164.42
11282.8 -3164.46
11276.4 -3164.49
11270.1 -3164.53
11263.8 -3164.56
11257.6 -3164.6
11251.3 -3164.63
11245.1 -3164.67
11238.8 -3164.7
11232.6 -3164.73
11226.4 -3164.77
11220.2 -3164.8
11214.1 -3164.84
11207.9 -3164.87
11201.7 -3164.91
11199.3 -3104.92
11289.3 -1268.86
11266.6 -1268.98
11243.8 -1269.11
11221.1 -1269.24
11198.4 -1269.36
11175.7 -1269.49
11153 -1269.61
11130.4 -1269.74
11107.7 -1269.86
11085 -1269.99
11062.3 -1270.12
11039.6 -1270.24
11016.9 -1270.37
10994.1 -1270.49
10971.4 -1270.62
10948.6 -1270.75
10925.8 -1270.87
10902.9 -1271
10880 -1271.13
10857.1 -1271.25
10834.1 -1271.38
10811.1 -1271.51
10788 -1271.64
10764.9 -1271.76
10741.7 -1271.89
10718.5 -1272.02
10695.2 -1272.15
10671.8 -1272.28
10648.4 -1272.41
10624.8 -1272.54
10601.2 -1272.67
10577.5 -1272.8
10553.7 -1272.93
10529.9 -1273.07
10505.9 -1273.2
10481.8 -1273.33
10457.6 -1273.47
10433.3 -1273.6
10408.9 -1273.74
10384.4 -1273.87
10359.7 -1274.01
10334.9 -1274.15
10310 -1274.28
10284.9 -1274.42
10259.7 -1274.56
10234.4 -1274.7
10208.9 -1274.84
10183.2 -1274.99
10157.4 -1275.13
10131.4 -1275.27
10105.2 -1275.42
10078.8 -1275.56
10052.3 -1275.71
10025.5 -1275.86
9998.55 -1276.01
9971.39 -1276.16
9944.02 -1276.31
9916.43 -1276.46
9888.6 -1276.62
9860.55 -1276.77
9832.25 -1276.93
9803.7 -1277.09
9774.89 -1277.25
9745.81 -1277.41
9716.47 -1277.57
9686.84 -1277.74
9656.92 -1277.9
9626.7 -1278.07
9020.51 -321.412
9002.71 -361.512
9010.36 -441.471
9019.51 -521.421
9017.19 -581.435
8989.48 -601.588
8948.35 -601.817
8591.33 -143.787
8543.3 -144.053
8494.69 -144.322
8039.64 413.166
8882.73 -802.183
8871.23 -842.247
8829.67 -842.478
8787.55 -842.71
8744.86 -842.948
8701.58 -843.187
8657.68 -843.431
8613.16 -843.676
8567.98 -843.927
8531.66 -855.118
8542.87 -920.353
8536.33 -964.447
8529.37 -1007.34
8540.55 -1068.97
8533.02 -1109.58
8544.26 -1168.99
8536.65 -1207.98
8547.59 -1264.94
8532.27 -1294.97
8492.3 -1301
8452.34 -1307.62
8412.38 -1314.82
8352.32 -1304.23
8292.27 -1294.84
8244.1 -1297.15
8212.38 -1314.51
10248.3 -3094.45
10248.4 -3108.05
10248.4 -3121.46
10248.5 -3134.67
10248.6 -3147.7
10248.7 -3160.54
10248.7 -3173.21
10248.8 -3185.71
10228.8 -3183.21
10208.8 -3181.1
10188.8 -3179.36
10168.7 -3178
10148.7 -3177
10128.7 -3176.36
