9918.48 -7307.05
9926.79 -7282.27
9926.08 -7235.21
9938.06 -7222.14
9936.3 -7175.72
9948.48 -7164.66
9955.33 -7141.37
9951.9 -7095.48
9964.41 -7086.92
9970.37 -7064.25
9972.74 -7034.67
9978.19 -7012.52
9983.28 -6990.35
9985.31 -6962.77
9989.88 -6941.06
9991.78 -6914.89
10008.3 -6916.77
10010.4 -6892
10014.2 -6871.13
10016.2 -6847.63
10019.6 -6827.09
10022.6 -6806.49
10024.4 -6784.57
10026.9 -6764.26
10028.5 -6743.05
10045.8 -6746.83
10049.1 -6728.83
10052.8 -6711.87
10056.5 -6695.19
10060 -6678.79
10063.6 -6662.65
10067 -6646.77
10070.5 -6631.13
10073.8 -6615.74
10077.1 -6600.57
10080.4 -6585.64
10083.6 -6570.91
10086.8 -6556.4
10089.9 -6542.1
10093 -6527.99
10096 -6514.07
10099 -6500.33
10102 -6486.78
10104.9 -6473.4
10107.8 -6460.19
10110.7 -6447.14
10113.5 -6434.25
10116.3 -6421.52
10119 -6408.93
10121.7 -6396.49
10124.4 -6384.19
10127.1 -6372.02
10129.7 -6359.99
10132.3 -6348.08
10134.9 -6336.3
10137.4 -6324.64
10139.9 -6313.1
10142.4 -6301.66
10144.9 -6290.34
10147.4 -6279.13
10149.8 -6268.02
10152.2 -6257.01
10154.6 -6246.1
10156.9 -6235.28
10159.3 -6224.55
10161.6 -6213.92
10163.9 -6203.36
10166.2 -6192.9
10168.5 -6182.51
10170.7 -6172.2
10173 -6161.97
10175.2 -6151.81
10177.4 -6141.72
10179.6 -6131.71
10181.8 -6121.75
10183.9 -6111.87
10186.1 -6102.04
10188.2 -6092.28
10190.3 -6082.57
10192.4 -6072.92
10194.5 -6063.33
10196.6 -6053.79
10198.7 -6044.3
10200.7 -6034.85
10202.8 -6025.46
10204.8 -6016.11
10206.9 -6006.8
10208.9 -5997.54
10210.9 -5988.31
10212.9 -5979.13
10214.9 -5969.98
10216.9 -5960.86
10218.9 -5951.78
10220.9 -5942.73
10222.8 -5933.71
10224.8 -5924.72
10226.8 -5915.76
10228.7 -5906.83
10230.7 -5897.92
10232.6 -5889.03
10234.5 -5880.16
10236.5 -5871.31
10238.4 -5862.49
10240.3 -5853.68
10242.2 -5844.88
10244.2 -5836.1
10246.1 -5827.34
10248 -5818.58
10249.9 -5809.84
10251.8 -5801.1
10253.7 -5792.38
10255.6 -5783.66
10257.5 -5774.94
10259.4 -5766.23
10046.7 -5708.98
10048.2 -5702.15
10049.7 -5695.32
10051.2 -5688.49
10052.7 -5681.66
10054.2 -5674.82
10055.7 -5667.98
10057.2 -5661.13
10058.7 -5654.28
10060.2 -5647.42
10061.7 -5640.55
10063.2 -5633.67
10064.7 -5626.78
10066.2 -5619.88
10067.7 -5612.96
10069.2 -5606.03
10070.8 -5599.09
10072.3 -5592.13
10073.8 -5585.16
10075.3 -5578.16
10076.9 -5571.15
10078.4 -5564.11
10079.9 -5557.05
10081.5 -5549.97
10083 -5542.87
10084.6 -5535.74
10086.2 -5528.58
10087.7 -5521.39
10089.3 -5514.18
10090.9 -5506.93
10092.5 -5499.66
10094.1 -5492.35
10095.7 -5485
10097.3 -5477.62
10098.9 -5470.2
10100.5 -5462.75
10102.2 -5455.25
10103.8 -5447.71
10105.5 -5440.13
10107.2 -5432.5
10108.8 -5424.83
10110.5 -5417.11
10112.2 -5409.34
10113.9 -5401.52
10115.6 -5393.64
10117.4 -5385.71
10119.1 -5377.73
10120.9 -5369.68
10122.7 -5361.58
10124.4 -5353.41
10126.2 -5345.18
10128 -5336.89
10129.9 -5328.52
10131.7 -5320.08
10133.6 -5311.58
10135.5 -5302.99
10137.3 -5294.33
10139.3 -5285.59
10141.2 -5276.77
10143.1 -5267.87
10145.1 -5258.87
10147.1 -5249.79
10149.1 -5240.61
10151.1 -5231.34
10153.2 -5221.97
10155.2 -5212.5
10157.3 -5202.93
10159.4 -5193.24
10161.6 -5183.45
10163.7 -5173.54
10165.9 -5163.51
10168.1 -5153.37
10170.4 -5143.09
10172.7 -5132.69
10175 -5122.15
10177.3 -5111.48
10179.7 -5100.66
10182.1 -5089.69
10184.5 -5078.58
10186.9 -5067.31
10189.4 -5055.87
10192 -5044.27
10194.6 -5032.5
10197.2 -5020.55
10199.8 -5008.42
10202.5 -4996.09
10205.2 -4983.57
10208 -4970.85
10210.8 -4957.92
10213.7 -4944.76
10216.6 -4931.39
10475.7 -4752.63
10481.9 -4733.51
10487.7 -4714.31
10470.5 -4710.54
10475.9 -4691.25
10480.9 -4671.89
10485.7 -4652.44
10490 -4632.92
10494 -4613.33
10518.6 -4577.75
10521.7 -4557.95
10509 -4550.25
10532.1 -4513.9
10520.1 -4505.4
10522.9 -4484.6
10531.4 -4458.65
10552.9 -4420.92
10542.9 -4409.88
10545.3 -4387.84
10554.8 -4358.93
10556.9 -4336.2
10576.3 -4296.72
10586.1 -4265.48
10587.5 -4241.79
10597.9 -4208.72
10582.4 -4201.02
10560.8 -4199.82
10546.3 -4191.44
10532.1 -4182.94
10513.5 -4179.3
10484.7 -4187.07
10468.5 -4181.43
10456.5 -4171.21
10444.6 -4160.79
10416.8 -4169.26
10406.1 -4157.73
10381.1 -4163.71
10371.6 -4150.89
10348.5 -4155.21
10341.1 -4139.75
10319.7 -4142.58
10298.9 -4145.04
10281.7 -4142.85
10265.7 -4139.35
10249.9 -4135.88
10234.1 -4132.44
10218.5 -4129.02
10202.9 -4125.62
10187.5 -4122.25
10172.1 -4118.9
10156.9 -4115.57
10141.8 -4112.26
10126.7 -4108.97
10111.8 -4105.71
10096.9 -4102.46
10082.1 -4099.23
10067.4 -4096.01
10052.8 -4092.82
10038.2 -4089.64
10023.7 -4086.47
10009.3 -4083.32
9994.96 -4080.19
9980.67 -4077.07
9966.45 -4073.96
9952.29 -4070.86
9938.18 -4067.78
9924.12 -4064.71
9910.12 -4061.65
9896.17 -4058.6
9882.26 -4055.56
9868.39 -4052.53
9854.57 -4049.51
9840.79 -4046.5
9827.04 -4043.5
9813.33 -4040.5
9799.66 -4037.52
9786.01 -4034.53
9772.39 -4031.56
9758.8 -4028.59
9745.23 -4025.62
9731.69 -4022.67
9718.16 -4019.71
9704.65 -4016.76
9691.16 -4013.81
9677.68 -4010.87
9664.21 -4007.92
9650.76 -4004.98
9637.31 -4002.04
9623.86 -3999.11
9610.42 -3996.17
9596.98 -3993.23
9583.54 -3990.3
9570.09 -3987.36
9556.64 -3984.42
9543.19 -3981.48
9529.72 -3978.54
9516.24 -3975.59
9505.32 -3955.69
9491.03 -3957.25
9476.27 -3962.69
9462.32 -3962.72
9448.86 -3958.75
9435.64 -3952.17
9421.98 -3949.19
9408.29 -3946.2
9394.57 -3943.2
9380.82 -3940.19
9367.03 -3937.18
9353.2 -3934.16
9339.34 -3931.13
9325.43 -3928.09
9311.48 -3925.05
9297.49 -3921.99
9283.44 -3918.92
9269.27 -3956.77
9256.05 -4035.77
9243.57 -4073.98
9232.26 -4132.93
9219.93 -4130.23
9207.54 -4127.53
9195.1 -4124.81
9182.6 -4122.08
9170.04 -4119.33
9157.41 -4116.57
9144.72 -4113.8
9131.96 -4111.01
9119.12 -4108.21
9106.21 -4105.39
9093.23 -4102.55
9080.16 -4099.7
9067.02 -4096.82
9053.79 -4093.93
9040.47 -4091.02
9027.06 -4088.09
9013.56 -4085.14
8999.95 -4082.17
8986.25 -4079.18
8972.45 -4076.16
8958.54 -4073.12
8944.52 -4070.06
9073.7 -4691.97
9070.68 -4711.78
9062.65 -4710.02
9060.13 -4729.94
9057.96 -4749.94
9056.16 -4770.02
9054.72 -4790.18
9047.2 -4788.54
9046.29 -4808.81
9045.75 -4829.16
9038.46 -4827.57
9038.46 -4848.04
9038.84 -4868.59
9031.79 -4867.06
9032.73 -4887.73
9025.77 -4886.21
9027.27 -4907.01
9020.39 -4905.51
9022.47 -4926.43
9015.68 -4924.95
9018.35 -4946.01
9011.66 -4944.54
9014.93 -4965.73
9008.33 -4964.29
9012.22 -4985.61
9005.71 -4984.19
8999.11 -4982.75
9003.84 -5004.25
8997.33 -5002.83
9002.72 -5024.48
8996.32 -5023.08
9002.39 -5044.88
8996.09 -5043.5
8989.7 -5042.1
8996.69 -5064.1
8990.41 -5062.73
8984.02 -5061.34
8991.97 -5083.54
8985.7 -5082.17
8979.32 -5080.78
8975.56 -5083.58
8974.16 -5089.95
8972.79 -5096.22
8955.92 -5079.74
8954.53 -5086.12
8953.16 -5092.4
8936.07 -5076.88
8934.68 -5083.27
8917.44 -5068.47
8916.02 -5074.96
8914.62 -5081.36
8897.19 -5067.45
8895.77 -5073.94
8878.2 -5060.69
8876.75 -5067.29
8875.33 -5073.79
8857.58 -5061.37
8856.13 -5067.97
8838.24 -5056.17
8836.78 -5062.86
8818.75 -5051.67
8817.27 -5058.45
8799.12 -5047.84
8797.62 -5054.71
8779.33 -5044.68
8777.81 -5051.64
8759.41 -5042.18
8740.92 -5033.11
8739.35 -5040.31
8720.74 -5031.79
8719.15 -5039.07
8700.42 -5031.08
8681.61 -5023.47
8679.97 -5030.98
8661.05 -5023.89
8642.04 -5017.17
8622.96 -5010.8
8603.8 -5004.8
8602.05 -5012.83
8582.78 -5007.32
8563.44 -5002.16
8544.01 -4997.35
8524.52 -4992.89
8504.95 -4988.76
8485.3 -4984.98
8465.58 -4981.53
8427.95 -4966.38
8408.04 -4963.79
8388.07 -4961.54
8368.01 -4959.61
8329.88 -4946.74
8309.65 -4945.66
8271.25 -4934.01
8232.7 -4923.06
8212.17 -4923.31
8173.36 -4913.57
8134.39 -4904.5
8095.28 -4896.13
8056.02 -4888.43
7998.23 -4871.84
7958.63 -4865.67
7918.89 -4860.18
7860.5 -4846.33
7801.88 -4833.5
7724.47 -4813.03
7665.37 -4802.43
7643.36 -4809.46
7639.99 -4824.92
7636.62 -4840.33
7633.26 -4855.69
7629.92 -4871
7626.58 -4886.26
7623.26 -4901.49
7619.94 -4916.67
7616.63 -4931.81
7613.33 -4946.92
7610.04 -4961.99
7606.75 -4977.04
7603.47 -4992.05
7600.19 -5007.04
7596.92 -5022.01
7593.66 -5036.95
7590.4 -5051.88
7587.14 -5066.79
7332.47 -5014.32
7251.22 -5011.38
7247.34 -5029.16
7243.46 -5046.93
7239.58 -5064.69
7235.7 -5082.45
7231.82 -5100.21
7227.94 -5117.97
7224.06 -5135.73
7220.17 -5153.5
7216.29 -5171.28
7212.4 -5189.08
7208.51 -5206.89
7204.61 -5224.72
7200.71 -5242.56
7196.81 -5260.44
7192.9 -5278.33
7188.98 -5296.26
7185.06 -5314.22
7181.13 -5332.22
7177.19 -5350.25
7173.24 -5368.32
7169.28 -5386.44
7165.31 -5404.6
7161.33 -5422.82
7157.34 -5441.08
7153.34 -5459.4
7149.32 -5477.78
7145.29 -5496.22
7141.25 -5514.73
7157.66 -5533.29
7235.68 -5551.01
7314 -5567.36
7372.02 -5582.89
7450.89 -5596.67
7509.4 -5609.98
7568.13 -5622.26
7627.09 -5633.52
7665.48 -5645.21
7704.02 -5656.22
7763.57 -5664.73
7802.44 -5674.21
7841.46 -5683.01
7880.63 -5691.13
7919.95 -5698.57
7938.34 -5708.09
7977.93 -5714.33
8800.79 -5602.35
8799.85 -5606.67
8820.15 -5607.44
8819.24 -5611.62
8839.66 -5611.86
8838.78 -5615.9
8859.32 -5615.59
8858.46 -5619.48
8857.61 -5623.41
8856.74 -5627.37
8855.87 -5631.36
8854.99 -5635.38
8854.1 -5639.44
8853.21 -5643.53
8852.31 -5647.67
8851.4 -5651.84
8850.48 -5656.05
8849.55 -5660.3
8848.61 -5664.59
8847.66 -5668.93
8846.7 -5673.31
8845.74 -5677.74
8844.76 -5682.21
8843.77 -5686.73
8842.77 -5691.31
8841.76 -5695.93
8840.74 -5700.61
8839.7 -5705.35
8838.66 -5710.14
8837.6 -5714.99
8836.53 -5719.9
8835.44 -5724.87
8834.34 -5729.91
8833.22 -5735.01
8832.09 -5740.19
8830.95 -5745.43
8829.79 -5750.75
8828.61 -5756.14
8827.41 -5761.61
8826.2 -5767.16
8824.97 -5772.79
8823.72 -5778.51
8822.45 -5784.32
8821.16 -5790.22
8819.85 -5796.22
8818.52 -5802.31
8817.17 -5808.5
8815.79 -5814.8
8814.39 -5821.21
8819.14 -5823.71
8825.49 -5825.1
8831.73 -5826.46
8815.31 -5843.35
8821.66 -5844.73
8827.91 -5846.1
8812.45 -5863.19
8818.82 -5864.58
8804.07 -5881.83
8810.53 -5883.25
8816.91 -5884.64
8803.04 -5902.08
8809.52 -5903.5
8815.9 -5904.89
8822.2 -5906.27
8828.41 -5907.63
8834.55 -5908.97
8840.6 -5910.29
8846.58 -5911.59
8834.48 -5929.42
8840.57 -5930.75
8846.58 -5932.07
8835.27 -5950.07
8841.39 -5951.4
8830.67 -5969.53
8836.89 -5970.89
8826.76 -5989.15
8833.08 -5990.53
8823.51 -6008.91
8814.34 -6027.38
8820.92 -6028.82
8812.3 -6047.41
8818.98 -6048.87
8810.89 -6067.57
8803.19 -6086.36
8810.11 -6087.87
8802.93 -6106.77
8796.11 -6125.76
8789.65 -6144.82
8796.97 -6146.42
8791.02 -6165.59
8785.42 -6184.84
8780.17 -6204.16
8775.27 -6223.56
8770.72 -6243.04
8766.51 -6262.59
8762.64 -6282.22
8759.1 -6301.92
8755.9 -6321.69
8753.04 -6341.54
8739.29 -6379.48
8737.27 -6399.51
8735.59 -6419.61
8723.58 -6457.93
8722.74 -6478.22
8711.94 -6516.8
8711.92 -6537.27
8692.43 -6594.43
8693.42 -6615.11
8675.66 -6672.65
8668.29 -6711.98
8661.6 -6751.47
8646.61 -6809.61
8641.44 -6849.42
8628.32 -6907.97
8607.78 -6985.37
8596.89 -7044.4
8578.92 -7122.36
8562.31 -7200.62
8539.34 -7297.96
8518.07 -7395.68
8491.12 -7512.62
8473.44 -7611.11
8443.38 -7747.85
8401.98 -7923.05
8377.04 -8060.9
8318.32 -8305
8275.54 -8514.97
7716.35 -10338
7759.63 -10347.5
7802.84 -10356.9
7845.99 -10366.4
7889.08 -10375.8
7932.13 -10385.2
7975.14 -10394.6
8018.11 -10404
7348.39 -13299.1
7416.33 -13315.6
7484.42 -13331.5
7552.64 -13346.8
7620.99 -13361.4
7689.47 -13375.5
7758.07 -13389
7826.78 -13401.9
7895.6 -13414.2
7964.53 -13425.8
8033.56 -13436.9
8102.68 -13447.4
8475.19 -11261.3
8532.47 -11212.4
8526.37 -11681.9
8922.67 -8615.84
8949.33 -8621.66
8976.04 -8627.5
9002.8 -8633.34
9029.63 -8639.21
9056.52 -8645.08
9083.48 -8650.97
9110.52 -8656.88
9137.64 -8662.8
9164.84 -8668.75
9192.13 -8674.71
9219.51 -8680.69
9246.98 -8686.7
9274.56 -8692.72
9302.09 -8684.23
9329.07 -8655.76
9353.93 -8570.72
9376.8 -8472.1
9397.21 -8356.93
9419.21 -8307.21
9443.23 -8302.21
9468.34 -8313.16
9494.26 -8331.29
9518.05 -8321.84
9543.25 -8328
9569.22 -8339.85
9593.21 -8332.56
9585.62 -8074.35
9599.79 -8011.77
9612.54 -7946.66
9624.34 -7882.57
9636.77 -7829.17
9647.02 -7768.26
9660.19 -7729.41
9671.43 -7683.69
9688.01 -7668.9
9708.97 -7676.27
9730.28 -7684.39
9751.29 -7690.11
9768.56 -7679.11
9791.1 -7690.26
9814.04 -7701.87
9832.04 -7693.41
9838.29 -7641.87
9850.57 -7614.94
9855.69 -7564.71
9866.55 -7536.55
9871.85 -7491.75
9882.06 -7464.78
9891.92 -7437.99
9896.46 -7396.68
9905.7 -7370.9
9906.66 -7323.05
9918.48 -7307.05
