17799.3 -2539.85
17799.3 -2539.85
17799.3 -2539.85
17799.3 -2539.85
17801.6 -2541.84
17806.1 -2545.72
17813.2 -2551.31
17822.9 -2558.44
17835.2 -2566.91
17850.5 -2576.42
17866.8 -2585.63
17902 -2602.5
17902 -2602.5
17938.3 -2616.73
17938.3 -2616.73
17973.9 -2621.46
17973.9 -2621.46
17992.8 -2626.32
18011.8 -2630.51
18031 -2634.03
18050.3 -2636.89
18068.2 -2638.9
18086.1 -2640.29
18104.1 -2641.05
18120.6 -2641.17
18153.6 -2640.11
18170 -2638.94
18170 -2638.94
18186.5 -2637.33
18202.8 -2635.3
18219.2 -2632.83
18233.9 -2630.21
18248.6 -2627.2
18263.2 -2623.8
18277.8 -2620.02
18292.2 -2615.87
18305 -2611.79
18317.8 -2607.49
18330.5 -2602.96
18343.2 -2598.22
18388.1 -2590.7
18400.6 -2585.52
18411.6 -2580.73
18431.3 -2571.53
18431.3 -2571.53
18440.7 -2566.84
18450 -2561.98
18459.2 -2556.97
18468.4 -2551.79
18477.4 -2546.45
18486.4 -2540.96
18495.2 -2535.31
18504 -2529.51
18512.6 -2523.56
18539.8 -2523.17
18549.4 -2516.02
18558.9 -2508.7
18567.1 -2502.15
18575.2 -2495.45
18583.2 -2488.62
18591 -2481.65
18606.4 -2467.31
18606.4 -2467.31
18613.8 -2459.94
18621.2 -2452.44
18628.4 -2444.81
18635.5 -2437.06
18642.4 -2429.18
18649.2 -2421.19
18655.9 -2413.07
18662.5 -2404.9
18669 -2396.68
18675.5 -2388.39
18681.9 -2380.05
18688.2 -2371.66
18694.4 -2363.2
18700.5 -2354.7
18706.6 -2346.14
18725.1 -2334.36
18731.1 -2325.7
18737 -2316.99
18742.7 -2308.23
18748.5 -2299.42
18754.1 -2290.57
18759.7 -2281.66
18765.1 -2272.7
18775.9 -2254.65
18775.9 -2254.65
18781.1 -2245.56
18786.3 -2236.41
18791.4 -2227.23
18796.4 -2218
18801.3 -2208.72
18804.8 -2202.07
18806.8 -2198.08
