14495.6 -4721.86
14495.6 -4721.86
14495.6 -4721.86
14495.6 -4721.86
14498 -4720.03
14501.9 -4716.99
14505.9 -4713.95
14509.9 -4710.91
14513.8 -4707.87
14517.8 -4704.82
14521.8 -4701.78
14523.4 -4700.57
14523.4 -4700.57
14523.4 -4700.57
14523.4 -4700.57
14523.4 -4700.57
14523.4 -4700.57
14523.4 -4700.57
14523.4 -4700.57
14511.3 -4704.99
14511.3 -4704.99
14511.3 -4704.99
14511.3 -4704.99
14511.3 -4704.99
14511.3 -4704.99
14511.3 -4704.99
14511.3 -4704.99
14511.3 -4704.99
14512.9 -4702.44
14515.5 -4698.16
14518.1 -4693.89
14520.7 -4689.62
14523.3 -4685.34
14525.9 -4681.07
14526.9 -4679.36
14526.9 -4679.36
14526.9 -4679.36
14526.9 -4679.36
14526.9 -4679.36
14526.9 -4679.36
14526.9 -4679.36
14526.9 -4679.36
14526.9 -4679.36
14526.9 -4679.36
14526.9 -4679.36
14526.9 -4679.36
14526.9 -4679.36
14526.9 -4679.36
14526.9 -4679.36
14526.9 -4679.36
14538.3 -4673.03
14538.3 -4673.03
14538.3 -4673.03
14538.3 -4673.03
14538.3 -4673.03
14538.3 -4673.03
14538.3 -4673.03
14538.3 -4673.03
14538.3 -4673.03
14538.3 -4673.03
14538.3 -4673.03
14538.3 -4673.03
14532.3 -4682.71
14532.3 -4682.71
14532.3 -4682.71
14532.3 -4682.71
14532.3 -4682.71
14532.3 -4682.71
14532.3 -4682.71
14532.3 -4682.71
14532.3 -4682.71
14532.3 -4682.71
14532.3 -4682.71
14532.3 -4682.71
14532.3 -4682.71
14533.2 -4673.06
14533.2 -4673.06
14533.2 -4673.06
14533.2 -4673.06
14533.2 -4673.06
14533.2 -4673.06
14533.2 -4673.06
14533.2 -4673.06
14533.2 -4673.06
14533.2 -4673.06
14536.1 -4672.69
14536.1 -4672.69
14542.1 -4671.74
14545.6 -4679.23
14552.3 -4677.97
14560.4 -4676.37
14569.2 -4674.54
14578 -4672.64
14588.2 -4670.42
14599.2 -4668.04
14611.7 -4665.35
14624.2 -4662.65
14638.1 -4659.64
14653.5 -4656.31
14668.9 -4652.98
14687.9 -4652.88
14701.8 -4649.86
14729.7 -4643.81
14743.6 -4640.79
14743.6 -4640.79
14757.5 -4637.76
14770 -4635.06
14794.9 -4629.64
14794.9 -4629.64
14807.3 -4626.94
14819.8 -4624.23
14832.3 -4621.64
14847.7 -4618.56
14866.2 -4615.07
14884.6 -4611.73
14903.1 -4608.55
14921.6 -4605.54
14955.7 -4600.44
14955.7 -4600.44
14972.8 -4598.11
14988.4 -4596.12
15004.1 -4594.27
15019.7 -4592.55
15035.4 -4590.98
15051.1 -4589.53
15065.3 -4588.35
15079.5 -4587.3
15093.7 -4586.36
15107.9 -4585.56
15122.2 -4584.87
15134.9 -4584.37
15161.9 -4583.67
15161.9 -4583.67
15177.7 -4583.46
15193.4 -4583.39
15215.9 -4580.99
15231.7 -4581.08
15247.4 -4581.31
15263.2 -4581.68
15278.9 -4582.18
15294.6 -4582.82
15308.9 -4583.52
15323.1 -4584.35
15338.8 -4585.41
15354.5 -4586.6
15368.7 -4587.8
15382.9 -4589.12
15397.1 -4590.57
15411.2 -4592.14
15423.9 -4593.66
15436.5 -4595.29
15449.2 -4597.02
15461.8 -4598.76
15474.4 -4600.5
15485.6 -4602.03
15496.7 -4603.57
15519 -4606.63
15519 -4606.63
15541.3 -4609.7
15541.3 -4609.7
15562.1 -4612.56
15562.1 -4612.56
15571.8 -4613.98
15581.4 -4615.47
15603.6 -4619.22
15603.6 -4619.22
15624.2 -4623.07
15624.2 -4623.07
15633.8 -4624.99
15657.9 -4630.93
15657.9 -4630.93
15667.4 -4633.06
15676.9 -4635.27
15686.3 -4637.56
15695.8 -4639.94
15705.2 -4642.39
15714.6 -4644.93
15732 -4649.84
15732 -4649.84
15739.9 -4652.13
15747.8 -4654.42
15755.7 -4656.7
15763.7 -4658.99
15771.6 -4661.28
15779.5 -4663.57
15787.4 -4665.92
15795.3 -4668.35
15803.2 -4670.77
15819 -4675.62
15819 -4675.62
15826.8 -4678.12
15834.7 -4680.68
15842.5 -4683.31
15850.3 -4686.01
15865.8 -4691.61
15865.8 -4691.61
15873.5 -4694.51
15888.9 -4700.52
15888.9 -4700.52
15904.2 -4706.79
15904.2 -4706.79
15919.3 -4713.33
15926.8 -4716.7
15926.8 -4716.7
15934.3 -4720.13
15941.8 -4723.63
15949.3 -4727.2
15956.7 -4730.83
15964.1 -4734.46
15970.1 -4737.42
15976.2 -4740.45
15986.8 -4745.95
15986.8 -4745.95
15991.5 -4748.39
15996.1 -4750.82
16000.8 -4753.25
16005.4 -4755.72
16010 -4758.23
16014.6 -4760.79
16019.2 -4763.38
16023.8 -4765.97
16028.3 -4768.57
16032.9 -4771.2
16037.4 -4773.87
