-0 -0
-0 -0
-0 -0
-0 -0
-0 -0
-0 -0
-0 -0
-0 -0
-0 -0
-0 -0
-0 -0
-0 -0
-0 -0
-0 -0
-0 -0
-0 -0
-0 -0
-0 -0
-0 -0
-1.56383 -2.19241
-1.56988 -2.24202
-1.55422 -2.2614
-1.53834 -2.28068
-1.53549 -2.31987
-1.52989 -2.35583
-1.52217 -2.38933
-1.51504 -2.42457
-1.50009 -2.44793
-1.49979 -2.49607
-1.49064 -2.5306
-1.479 -2.5617
-1.46988 -2.59801
-1.45443 -2.62386
-1.44293 -2.65754
-1.44081 -2.70977
-1.43096 -2.74885
-1.4219 -2.79063
-1.41802 -2.8441
-1.4006 -2.87165
-1.39787 -2.93069
-1.38661 -2.9736
-1.37346 -3.01379
-1.36257 -3.06038
-1.34658 -3.09691
-1.3406 -3.15825
-1.32791 -3.20586
-1.313 -3.24978
-1.30328 -3.30856
-1.29299 -3.36836
-1.2737 -3.40668
-1.26411 -3.4731
-1.25344 -3.53962
-1.23911 -3.59864
-1.23209 -3.68234
-1.21505 -3.73955
-1.20373 -3.81773
-1.18966 -3.8912
-1.17384 -3.9628
-1.15134 -4.01519
-2.1021 -7.57992
-2.02474 -7.55644
-1.94796 -7.53219
-1.74789 -7.01039
-1.66213 -6.92327
-1.59738 -6.919
-1.53001 -6.90144
-1.46432 -6.88909
-1.39518 -6.85751
-1.33337 -6.85961
-1.26964 -6.85034
-1.22665 -6.95668
-1.16243 -6.94641
-1.1257 -7.10741
-1.08965 -7.29103
-1.03503 -7.36462
-0.96733 -7.3476
-0.901467 -7.34186
-0.833176 -7.31269
-0.767553 -7.30277
-0.700825 -7.27834
-0.637893 -7.29115
-0.572908 -7.27949
-0.507827 -7.26227
-0.442785 -7.23947
-0.379331 -7.23807
-0.315412 -7.22412
-0.254696 -7.29355
-0.200254 -7.64738
-0.139044 -7.96579
-0.0706325 -8.09369
6.12892e-07 -8.118
0.070816 -8.11469
0.141225 -8.09077
0.21109 -8.06124
0.279615 -8.00712
0.349043 -7.99438
0.416908 -7.95508
0.485885 -7.94415
0.555889 -7.94959
0.624691 -7.93746
0.692453 -7.91477
0.762261 -7.91639
0.831837 -7.91441
0.900531 -7.90386
0.969592 -7.8967
1.03442 -7.8572
1.10573 -7.86768
1.17582 -7.86762
1.24037 -7.83138
1.30866 -7.82026
1.37373 -7.79081
1.43237 -7.72838
1.50128 -7.72344
1.56604 -7.69731
1.6319 -7.67748
1.701 -7.67271
1.76879 -7.66147
1.83815 -7.65644
1.91723 -7.68959
1.98802 -7.68709
2.06201 -7.69553
2.12668 -7.66857
2.19214 -7.64491
2.09433 -7.07034
2.05976 -6.73717
1.78559 -5.66317
1.80033 -5.54086
1.81625 -5.4282
1.84304 -5.35258
1.68739 -4.76505
1.46111 -4.01437
0 -0
0 -0
0 -0
0 -0
0 -0
0 -0
0 -0
0 -0
0 -0
1.14318 -2.45156
1.12708 -2.36297
1.11083 -2.27754
1.09542 -2.19706
1.08322 -2.12594
1.06295 -2.0419
1.05725 -1.9884
1.04021 -1.91582
1.02683 -1.85244
1.01685 -1.79728
1.0075 -1.74504
0.998328 -1.69482
0.982693 -1.63548
0.969235 -1.58165
0.960744 -1.53751
0.950483 -1.49196
0.944949 -1.45509
0.935533 -1.41344
0.929938 -1.37869
0.92041 -1.33921
0.909692 -1.29918
0.906477 -1.27083
0.899899 -1.23861
0.893424 -1.20739
0.87865 -1.16601
0.876616 -1.14243
0.871161 -1.11504
0.865918 -1.08861
0.863428 -1.06624
0.856797 -1.03938
0.849122 -1.01194
0.851426 -0.996892
0.841724 -0.968292
0.837552 -0.94668
0.826376 -0.917784
0.819491 -0.894318
0.825218 -0.884938
0.819142 -0.863196
0.81414 -0.843066
0.801139 -0.815245
0.806809 -0.806809
0.814532 -0.800438
0.797748 -0.770376
0.800813 -0.759943
0.798638 -0.744742
0.800683 -0.733691
0.786247 -0.70794
0.77442 -0.685149
0.78037 -0.678365
0.78702 -0.672179
0.776003 -0.651144
0.780113 -0.643075
0.781032 -0.632467
0.756 -0.601349
0.762006 -0.595345
0.760826 -0.583802
0.763496 -0.575335
0.760449 -0.562702
0.751577 -0.546053
0.750614 -0.535408
0.755258 -0.528838
0.754075 -0.518262
0.742818 -0.501037
0.738823 -0.489016
0.743901 -0.483095
0.737967 -0.470137
0.736954 -0.4605
0.733271 -0.449349
0.733735 -0.440873
0.7298 -0.429885
0.724863 -0.4185
0.713692 -0.403787
0.730307 -0.404816
0.722388 -0.392225
0.725783 -0.385906
0.722027 -0.375863
0.725279 -0.369548
0.703418 -0.350711
0.710946 -0.346752
0.696796 -0.332355
0.711452 -0.331755
0.70431 -0.320973
0.704344 -0.313594
0.70797 -0.307834
0.700504 -0.297346
0.695681 -0.288161
0.693534 -0.280206
0.686648 -0.270478
0.70392 -0.270209
0.694074 -0.259504
0.690674 -0.251385
0.695669 -0.246349
0.700629 -0.241246
0.688483 -0.230363
0.688565 -0.223728
0.669509 -0.211095
0.694277 -0.212262
0.679803 -0.201367
0.686341 -0.196805
0.687069 -0.190541
0.683876 -0.183244
0.683512 -0.176768
0.662712 -0.165233
0.663156 -0.15921
0.67329 -0.155441
0.664858 -0.147395
0.671009 -0.142627
0.665369 -0.135371
0.662598 -0.128796
0.663697 -0.123009
0.6677 -0.117733
0.652921 -0.109262
0.661751 -0.104811
0.644838 -0.0963718
0.647635 -0.0910192
0.655345 -0.0862778
0.659051 -0.0809213
0.657745 -0.0749406
0.652406 -0.0685708
0.637054 -0.0613412
0.655496 -0.0573485
0.645006 -0.0507631
0.645424 -0.0451325
0.642799 -0.0393153
0.646113 -0.0338613
0.645385 -0.0281781
0.643608 -0.0224753
0.629784 -0.0164915
0.645902 -0.0112743
0.642976 -0.00561113
0.635 0
0.630976 0.00550641
0.632904 0.0110473
0.639781 0.0167533
0.631615 0.0220565
0.638392 0.0278728
0.642119 0.033652
0.635812 0.0388879
0.630461 0.0440861
0.623073 0.049037
0.635572 0.0556054
0.628095 0.0604786
0.629532 0.0661664
0.62595 0.0713181
0.636222 0.0781183
0.632542 0.0832757
0.62882 0.0883749
0.619124 0.0925286
0.62817 0.0994923
0.62136 0.10398
0.626338 0.11044
0.63125 0.116995
0.612535 0.119065
0.604613 0.12301
0.621124 0.132024
0.603351 0.13376
0.607033 0.140144
0.61551 0.147771
0.620019 0.154588
0.599283 0.154985
0.608533 0.163056
0.600342 0.166489
0.615207 0.176408
0.602139 0.178362
0.600559 0.183609
0.611333 0.192752
0.608676 0.197771
0.593651 0.198633
0.596622 0.205434
0.591979 0.209631
0.597645 0.217525
0.592914 0.221681
0.592824 0.227564
0.580581 0.228697
0.597106 0.241247
0.594055 0.246065
0.586362 0.248896
0.578665 0.251611
0.589237 0.262345
0.581465 0.264989
0.587287 0.273857
0.57946 0.276388
0.594103 0.289763
0.586182 0.29226
0.594301 0.302812
0.583653 0.303831
0.592458 0.315015
0.584413 0.317311
0.574625 0.31852
0.577046 0.326477
0.586299 0.3385
0.578153 0.340558
0.583731 0.350741
0.567858 0.347984
0.575825 0.359815
0.560012 0.356767
0.56778 0.368721
0.56871 0.376421
0.562087 0.379133
0.56123 0.385723
0.566853 0.396915
0.547086 0.390232
0.564694 0.410274
0.560288 0.414591
0.559045 0.42127
0.556141 0.426742
0.559488 0.43712
0.54626 0.434515
0.557991 0.451852
0.550168 0.453524
0.536231 0.449951
0.539128 0.460459
0.549429 0.477611
0.543742 0.481062
0.545468 0.491142
0.544111 0.498585
0.541933 0.505361
0.536052 0.508694
0.540944 0.522383
0.538504 0.529186
0.540229 0.54023
0.53199 0.541357
0.528635 0.547418
0.529345 0.557813
0.534005 0.57265
0.526285 0.574339
0.522591 0.580396
0.516181 0.583436
0.512382 0.589428
0.509167 0.596158
0.521944 0.622028
0.518404 0.628874
0.514784 0.635705
0.51482 0.647217
0.515309 0.659565
0.51136 0.666417
0.513348 0.681236
0.507979 0.686494
0.498442 0.686046
0.49592 0.695255
0.501879 0.716758
0.500137 0.727703
0.497123 0.737014
0.496191 0.749663
0.486363 0.748933
0.492166 0.772547
0.489645 0.783596
0.486969 0.794661
0.484136 0.805737
0.481654 0.817686
0.4745 0.821858
0.471742 0.833801
0.47172 0.851005
0.462367 0.851574
0.466655 0.87765
0.464981 0.89322
0.465794 0.914173
0.459584 0.921782
0.455029 0.932948
0.45462 0.95313
0.44713 0.958874
0.444966 0.976388
0.445377 1.00033
0.440618 1.01335
0.434884 1.02452
0.428223 1.03382
0.437541 1.08295
0.431372 1.0951
0.425383 1.10816
0.42305 1.1315
0.41487 1.13985
0.40424 1.14154
0.409239 1.18852
0.400438 1.19678
0.398014 1.22496
0.38761 1.22934
0.389439 1.2738
0.384557 1.29824
0.376796 1.31404
0.372263 1.34234
0.3639 1.35809
0.361048 1.39607
0.3549 1.42342
0.348067 1.4498
0.341926 1.48104
0.336347 1.51716
0.328708 1.54645
0.322378 1.58454
0.314644 1.6187
0.306885 1.6558
0.298849 1.69485
0.289824 1.73192
0.2808 1.7729
0.271526 1.81682
0.264011 1.87854
0.252829 1.92043
0.241911 1.9702
0.230256 2.02093
0.217001 2.06463
0.206068 2.1401
0.19305 2.20657
0.179122 2.27596
0.163858 2.34328
0.149019 2.43645
0.132515 2.52853
0.114065 2.61251
0.0943685 2.70235
0.0731905 2.79504
0.0505421 2.89556
0.026232 3.00589
2.36308e-07 3.13
-0.0285703 3.27388
-0.0595653 3.41248
-0.0932685 3.56178
-0.130664 3.74172
-0.174128 3.9882
-0.218502 4.16928
-0.285097 4.66129
-0.348085 4.97784
-0.40995 5.20889
-0.466371 5.33064
-0.510858 5.30546
-0.56205 5.34754
-0.611863 5.37026
-0.666259 5.42625
-0.719721 5.46683
-0.772549 5.49698
-0.828766 5.54541
-0.885574 5.5913
-0.943083 5.63564
-1.00056 5.67446
-1.05915 5.71468
-1.12215 5.77295
-1.18145 5.80703
-1.24768 5.86986
-1.31833 5.94662
-1.40729 6.09566
-1.49522 6.22803
-1.5991 6.41366
-1.70734 6.6018
-1.80009 6.71801
-0 0
-0 0
-0 0
-0 0
-0 0
-0 0
-0 0
-0 0
-0 0
-0 0
-0 0
-0 0
-0 0
-0 0
-0 0
-0 0
-0 0
-0 0
-0 0
-0 0
-0 0
-0 0
-0 0
-0 0
-0 0
-0 0
-0 0
-0 0
-0 0
-0 0
-0 0
-0 0
-0 0
-2.60508 4.169
-2.59086 4.06683
-2.59085 3.98956
-2.58417 3.90425
-2.58235 3.8285
-2.57318 3.74401
-2.55299 3.64605
-0 0
-0 0
-0 0
-0 0
-0 0
-0 0
-0 0
-0 0
-0 0
-0 0
-0 0
-0 0
-0 0
-0 0
-0 0
-0 0
-0 0
-0 0
-0 0
-0 0
0 0
0 0
0 0
0 0
0 0
0 0
0 0
0 0
0 0
0 0
0 0
0 0
0 0
0 0
0 0
0 0
0 0
0 0
0 0
0 0
0 0
0 0
0 0
0 0
0 0
0 0
0 0
0 0
0 0
48.7197 13.4511
1.12426