17373.4 -2202.89
17373.4 -2202.89
17373.4 -2202.89
17373.4 -2202.89
17373.4 -2202.89
17373.4 -2202.89
17373.4 -2202.89
17373.4 -2202.89
17373.4 -2202.89
17373.4 -2202.89
17373.4 -2202.89
17373.4 -2202.89
17373.4 -2202.89
17373.4 -2202.89
17373.4 -2202.89
17373.4 -2202.89
17373.4 -2202.89
17373.4 -2202.89
17373.4 -2202.89
17373.4 -2202.89
17373.4 -2202.89
17373.4 -2202.89
17373.4 -2202.89
17373.4 -2202.89
17373.4 -2202.89
17373.4 -2202.89
17373.4 -2202.89
17373.4 -2202.89
17373.4 -2202.89
17373.4 -2202.89
17373.4 -2202.89
17373.4 -2202.89
17373.4 -2202.89
17373.4 -2202.89
17373.4 -2202.89
17373.4 -2202.89
17373.4 -2202.89
17373.4 -2202.89
17373.4 -2202.89
17373.4 -2202.89
17373.4 -2202.89
17373.4 -2202.89
17373.4 -2202.89
17373.4 -2202.89
17378.8 -2222.96
17378.8 -2222.96
17378.8 -2222.96
17378.8 -2222.96
17385.1 -2213.84
17385.1 -2213.84
17385.1 -2213.84
17384.4 -2216.76
17383.3 -2221.63
17382.1 -2226.51
17381 -2231.38
17379.9 -2236.26
17378.8 -2241.13
17378.3 -2243.08
17378.3 -2243.08
17378.3 -2243.08
17378.3 -2243.08
17378.3 -2243.08
17378.3 -2243.08
17378.3 -2243.08
17378.3 -2243.08
17378.3 -2243.08
17378.3 -2243.08
17378.3 -2243.08
17378.3 -2243.08
17378.3 -2243.08
17378.3 -2243.08
17378.3 -2243.08
17378.3 -2243.08
17378.3 -2243.08
17361.5 -2246.3
17361.5 -2246.3
17361.5 -2246.3
17361.5 -2246.3
17361.5 -2246.3
17361.5 -2246.3
17361.5 -2246.3
17361.5 -2246.3
17361.5 -2246.3
17361.5 -2246.3
17361.5 -2246.3
17361.5 -2246.3
17361.5 -2246.3
17361.5 -2246.3
17361.5 -2246.3
17361.5 -2246.3
17367.4 -2243.94
17367.4 -2243.94
17367.4 -2243.94
17367.4 -2243.94
17367.4 -2243.94
17367.4 -2243.94
17367.4 -2243.94
17367.4 -2243.94
17367.4 -2243.94
17367.4 -2243.94
17367.4 -2243.94
17362.3 -2245.86
17362.3 -2245.86
17362.3 -2245.86
17362.3 -2245.86
17362.3 -2245.86
17362.3 -2245.86
17362.3 -2245.86
17362.3 -2245.86
17362.3 -2245.86
17362.3 -2245.86
17362.3 -2245.86
17362.3 -2245.86
17362.3 -2245.86
17362.3 -2245.86
17362.3 -2245.86
17362.3 -2245.86
17362.3 -2245.86
17362.3 -2245.86
17362.3 -2245.86
17362.3 -2245.86
17362.3 -2245.86
17362.3 -2245.86
17362.1 -2250.52
17362.1 -2250.52
17362.1 -2250.52
17362.1 -2250.52
17362.1 -2250.52
17362.1 -2250.52
17362.1 -2250.52
17362.1 -2250.52
17362.1 -2250.52
17362.1 -2250.52
17362.1 -2250.52
17362.1 -2250.52
17362.1 -2250.52
17362.1 -2250.52
17362.1 -2250.52
17362.1 -2250.52
17362.1 -2250.52
17362.1 -2250.52
17361 -2239.95
17361 -2239.95
17361 -2239.95
17361 -2239.95
17361 -2239.95
17361 -2239.95
17361 -2239.95
17361 -2239.95
17361 -2239.95
17361 -2239.95
17361 -2239.95
17361 -2239.95
17361 -2239.95
17361 -2239.95
17361 -2239.95
17361 -2239.95
17361 -2239.95
17361 -2239.95
17361 -2239.95
17361 -2239.95
17361 -2239.95
17367.5 -2245.36
17367.5 -2245.36
17367.5 -2245.36
17367.5 -2245.36
17367.5 -2245.36
17367.5 -2245.36
17367.5 -2245.36
17366 -2248.01
17363.7 -2252.41
17361.3 -2256.81
17358.9 -2261.21
17356.5 -2265.61
17354.2 -2270.01
17353.2 -2271.77
17353.2 -2271.77
17353.2 -2271.77
17353.2 -2271.77
17353.2 -2271.77
17353.2 -2271.77
17353.2 -2271.77
17353.2 -2271.77
17353.2 -2271.77
17353.2 -2271.77
17353.2 -2271.77
17353.2 -2271.77
17353.2 -2271.77
17353.3 -2264.29
17353.3 -2264.29
17353.3 -2264.29
17353.3 -2264.29
17353.3 -2264.29
17353.3 -2264.29
17353.3 -2264.29
17353.3 -2264.29
17353.3 -2264.29
17353.3 -2264.29
17357.9 -2267.2
17357.9 -2267.2
17357.9 -2267.2
17357.9 -2267.2
17357.9 -2267.2
17357.9 -2267.2
17357.9 -2267.2
17357.9 -2267.2
17357.9 -2267.2
17357.9 -2267.2
17357.9 -2267.2
17357.9 -2267.2
17357.9 -2267.2
17357.9 -2267.2
17357.9 -2267.2
17357.9 -2267.2
17357.9 -2267.2
17357.9 -2267.2
17351.1 -2277.36
17351.1 -2277.36
17351.1 -2277.36
17351.1 -2277.36
17351.1 -2277.36
17351.1 -2277.36
17351.1 -2277.36
17351.1 -2277.36
17351.1 -2277.36
17351.1 -2277.36
17351.1 -2277.36
17351.1 -2277.36
17351.1 -2277.36
17351.1 -2277.36
17351.1 -2277.36
17351.1 -2277.36
17351.1 -2277.36
17362.7 -2276.83
17362.7 -2276.83
17361.4 -2279.53
17359.3 -2284.05
17357.1 -2288.56
17355 -2293.07
17352.8 -2297.59
17350.7 -2302.1
17349.8 -2303.91
17349.8 -2303.91
17349.8 -2303.91
17349.8 -2303.91
17349.8 -2303.91
17349.8 -2303.91
17349.8 -2303.91
17349.8 -2303.91
17349.8 -2303.91
17349.8 -2303.91
17349.8 -2303.91
17349.8 -2303.91
17349.8 -2303.91
17349.8 -2303.91
17349.8 -2303.91
17349.8 -2303.91
17334.5 -2302.38
17334.5 -2302.38
17334.5 -2302.38
17334.5 -2302.38
17334.5 -2302.38
17334.5 -2302.38
17334.5 -2302.38
17334.5 -2302.38
17334.5 -2302.38
17334.5 -2302.38
17334.5 -2302.38
17344.1 -2301.63
17344.1 -2301.63
17344.1 -2301.63
17344.1 -2301.63
17344.1 -2301.63
17344.1 -2301.63
17344.1 -2301.63
17344.1 -2301.63
17344.1 -2301.63
17344.1 -2301.63
17344.1 -2301.63
17332.3 -2301.64
17332.3 -2301.64
17332.3 -2301.64
17332.3 -2301.64
17332.3 -2301.64
17332.3 -2301.64
17332.3 -2301.64
17332.3 -2301.64
17332.3 -2301.64
17332.3 -2301.64
17342.5 -2301.77
17342.5 -2301.77
17342.5 -2301.77
17342.5 -2301.77
17342.5 -2301.77
17342.5 -2301.77
17339.7 -2302.86
17334.2 -2305.23
17325.3 -2300.06
17319.1 -2302.88
17310.3 -2306.96
17301.4 -2311.04
17292.6 -2315.12
17283.7 -2319.2
17283.7 -2319.2
17253.6 -2332.72
17253.6 -2332.72
17239.8 -2338.64
17212.1 -2350.11
17188.9 -2359.95
17174.7 -2364.76
17146.1 -2374
17133.2 -2377.99
17120.3 -2381.86
17107.3 -2385.63
17094.3 -2389.28
17081.3 -2392.81
17069.7 -2395.86
17058.1 -2398.8
17046.4 -2401.64
17034.7 -2404.37
17023 -2407.01
17011.3 -2409.54
16999.5 -2411.97
16987.8 -2414.3
16977.4 -2416.25
16967.1 -2418.11
16956.7 -2419.87
16946.4 -2421.55
16946.4 -2421.55
16936 -2423.14
16925.6 -2424.63
16915.2 -2426.04
16904.8 -2427.35
16894.4 -2428.57
16883.9 -2429.7
16873.5 -2430.74
16860 -2431.97
16843.6 -2433.31
16824.9 -2434.52
16806.1 -2435.4
16787.4 -2435.95
16770.2 -2436.16
16752.9 -2436.06
16735.7 -2435.67
16718.4 -2434.97
16701.2 -2433.98
16669.8 -2431.33
16654.2 -2429.6
16638.5 -2427.6
16622.9 -2425.32
16592.3 -2417.99
16578.3 -2415.28
16550.4 -2409.48
16536.5 -2406.4
16522.6 -2403.2
16510.2 -2400.23
16497.8 -2397.15
16485.5 -2393.96
16473.1 -2390.67
16440 -2380.99
16422.3 -2374.97
16381.8 -2359.13
16334.2 -2337.02
16309.5 -2324.21
16285.3 -2310.66
16264.1 -2297.92
16243.2 -2284.72
16225 -2272.72
16209.5 -2262.18
16196.6 -2253.15
16186.3 -2245.7
16177.8 -2239.46
16170.1 -2233.56
16159 -2222.32
16151.4 -2216.14
16129.3 -2197.01
16129.3 -2197.01
16122.1 -2190.44
16115 -2183.78
16107.9 -2177.02
16101 -2170.17
16094.2 -2163.24
16087.4 -2156.21
16080.7 -2149.1
16074.2 -2141.9
16067.7 -2134.61
16061.3 -2127.24
16055 -2119.79
16048.8 -2112.25
16042.7 -2104.64
16036.7 -2096.95
16030.9 -2089.17
16025.1 -2081.33
16019.4 -2073.4
16013.8 -2065.41
16008.3 -2057.34
16003 -2049.2
15997.7 -2040.99
15992.6 -2032.71
16003.5 -2032.32
15996.8 -2021.43
15988.8 -2007.86
15981 -1994.2
15972.6 -1979.12
15964.3 -1964.01
15956.1 -1948.86
15948.6 -1934.99
15941.2 -1921.1
15933.8 -1907.17
15926.5 -1893.2
15919.3 -1879.21
15912.1 -1865.19
15905.7 -1852.47
15899.3 -1839.72
15893 -1826.95
15886.8 -1814.15
15879.3 -1798.62
15871.8 -1783.06
15864.4 -1767.47
15857.1 -1751.84
15850.5 -1737.55
15844 -1723.22
15837.5 -1708.87
15831.1 -1694.49
15824.7 -1680.08
15818.4 -1665.64
15812.8 -1652.56
15807.2 -1639.45
15801.6 -1626.31
15796.2 -1613.15
15790.8 -1599.97
15785.4 -1586.76
15781.2 -1576.32
15777.6 -1567.25
15774.1 -1558.17
15770.6 -1549.07
15760 -1536.48
15756.5 -1527.38
15753 -1518.27
15749.6 -1509.14
15746.2 -1499.99
15742.9 -1490.83
15739.6 -1481.66
15735.3 -1469.64
15730.4 -1455.48
15725.5 -1441.31
15720.6 -1427.11
15716.3 -1414.31
15712 -1401.53
15707.6 -1388.77
15703.1 -1376.02
15698.6 -1363.3
15694 -1350.6
15689.5 -1337.88
15684.1 -1322.3
15678.7 -1306.71
15673.9 -1292.51
15669.1 -1278.29
15664.4 -1264.04
15659.7 -1249.78
15655.1 -1235.5
15645.3 -1205.58
15642 -1196.41
15638.6 -1187.28
15635 -1178.2
15630.3 -1166.34
15624.6 -1151.69
15617.7 -1134.22
15611 -1116.72
15605.3 -1102.04
15600.6 -1090.18
15596.7 -1080.44
15592.8 -1070.7
15587.6 -1058.21
15588.2 -1049.15
15572.4 -1011.04
15564.2 -990.894
15555.9 -970.014
15547.7 -949.027
15540.4 -929.341
15533.5 -910.327
15526.6 -891.284
15519.8 -872.21
15513.1 -853.107
15505.4 -831.141
15497.9 -808.365
15490.6 -785.492
15483.6 -762.525
15477.4 -740.911
15471.4 -719.216
15465.7 -697.445
15460.3 -675.602
15455.6 -655.151
15451.1 -634.639
15446.8 -614.07
15443.2 -594.92
15439.6 -575.755
15436.1 -556.574
15432.6 -537.377
15429.5 -519.644
15426.5 -501.898
15429.5 -468.023
15427.2 -450.179
15424.9 -432.324
15422.9 -415.949
15420.9 -399.565
15419 -383.172
15417.2 -366.771
15415.5 -350.363
15414 -335.439
15412.5 -320.51
15411.2 -305.573
15409.8 -290.631
15408.6 -275.684
15407.4 -260.731
15406.4 -247.269
15405.4 -233.802
15404.5 -220.332
15403.7 -206.858
15402.9 -193.38
15402.2 -179.899
15401.6 -167.913
15401.1 -155.925
15400.6 -143.934
15400.2 -131.942
15399.8 -119.948
15399.5 -107.952
15399.2 -95.9553
15399 -80.9578
15398.9 -63.708
15399.1 -46.4594
15399.6 -29.217
15405.9 -19.0279
15406.8 -3.30361
15407.9 12.4026
15409.1 25.0986
15409.1 25.0986
15410 34.8073
15410.9 44.516
15411.8 54.2247
15412.7 63.9334
15413.6 73.6421
15414.6 83.3427
15415.6 93.0342
15416.8 102.716
15418 112.388
15419.3 122.048
15421.2 134.665
15423.2 148.007
15425.4 161.331
15427.7 174.635
15430.1 187.918
15432.4 199.707
15434.7 211.475
15437.2 223.223
15439.7 234.948
15442.4 246.651
15445.1 258.331
15448 269.986
15450.9 281.615
15453.6 291.768
15456.4 301.897
15459.2 312.001
15462.2 322.081
15465.2 332.134
15468.3 342.16
15471.5 352.159
15474.8 362.129
15476.7 371.093
15480.2 380.997
15483.8 390.871
15487.5 400.713
15491.2 410.523
15495.1 420.266
15499.2 429.939
15503.5 439.54
15507.9 449.065
15512.5 458.511
15517.2 467.876
15522.1 477.156
15527.2 486.35
15532.4 495.453
15537.8 504.464
15543.4 513.379
15549.1 522.196
15554.9 530.912
15560.9 539.525
15567.1 548.032
15573.4 556.43
15579.8 564.716
15586.4 572.889
15593.2 580.946
15593.2 580.946
15607 596.7
15614.2 604.393
15621.5 611.96
15628.9 619.399
15638.6 628.796
15650.6 640.072
15663 651.029
15675.6 661.66
15687.2 671.122
15712.8 679.797
15724.9 688.722
15737.1 697.434
15749.4 705.932
15762 714.213
15773.3 721.468
15784.8 728.524
15796.5 735.377
15808.2 742.027
15820.1 748.47
15832.1 754.706
15844.1 760.731
15855 765.899
15865.9 770.877
15876.9 775.664
15888 780.258
15899.1 784.755
15910.3 789.155
15920.1 792.919
15929.9 796.598
15939.8 800.19
15949.7 803.697
15959.6 807.117
15959.1 814.796
15974.8 819.827
15993.6 825.286
16015.3 830.921
16040.2 836.551
16068.1 842.236
16098.4 847.711
16128.8 852.524
16157.8 856.471
16186.8 859.785
16217.4 862.601
16248.1 864.749
16277.3 866.155
16306.6 866.923
16335.8 867.054
16366.6 866.52
16366.6 866.52
16428 863.441
16458.6 860.898
16487.7 857.843
16514.5 854.438
16541.2 850.683
16541.2 850.683
16594.6 842.124
16621.1 837.322
16644.7 832.745
16687.2 826.286
16710 821.48
16732.7 816.574
16755.4 811.57
16775.1 807.125
16791.9 802.972
16805.6 799.061
16816.3 795.597
16826.2 792.104
16836 788.396
16845.8 784.475
16855.4 780.342
16865 775.999
16874.4 771.449
16883.8 766.775
16893.2 761.979
16902.5 757.061
16911.7 752.022
16920.8 746.862
16929.9 741.584
16938.9 736.187
16947.8 730.672
16956.7 725.119
16965.6 719.527
16974.5 713.896
16961.9 717.199
16970.7 711.496
16979.5 705.755
16988.2 699.975
16997 694.157
17005.7 688.301
17014.4 682.408
17023.1 676.476
17031.7 670.506
17040.3 664.499
17048.9 658.53
17057.6 652.598
17066.3 646.704
17075 640.848
17083.7 635.031
17092.5 629.251
17101.3 623.51
17110.1 617.807
17119 612.142
17127.8 606.517
17136.7 600.93
17145.6 595.381
17154.6 589.872
17163.5 584.402
17172.5 578.971
17181.5 573.579
17190.6 568.227
17199.6 562.914
17208.7 557.641
17217.8 552.407
17226.9 547.213
17236.1 542.059
17245.2 536.945
17254.4 531.871
17263.7 526.837
17272.9 521.844
17282.1 516.89
17291.4 511.978
17300.7 507.105
17310.1 502.274
17319.4 497.483
17319.4 497.483
17338.3 488.27
17350.5 482.586
17365.6 475.837
17382.8 468.391
17400.1 461.171
17424 464.522
17441.7 458.284
17458.1 452.758
17474.5 447.447
17490.9 442.351
17507.5 437.472
17522.7 433.214
17537.8 429.023
17553 424.898
17568.3 420.84
17583.5 416.848
17597.3 413.296
17611.1 409.805
17624.9 406.374
17638.8 403.003
17652.6 399.693
17666.5 396.444
17680.4 393.254
17695.8 389.797
17711.2 386.406
17725.1 383.399
17739 380.453
17753 377.567
17766.9 374.743
17780.9 371.979
17793.4 369.561
17806 367.198
17818.5 364.889
17831.1 362.635
17843.6 360.436
17856.2 358.292
17868.8 356.202
17884.4 353.394
17895.5 351.696
17906.7 350.047
17917.8 348.446
17928.9 346.797
17940.1 345.099
17951.2 343.352
17960.8 341.797
17970.4 340.199
17980 338.643
17989.7 337.13
17999.3 335.658
18009 334.229
18018.6 332.841
18028.3 331.496
18037.9 330.193
18047.6 328.932
18057.3 327.713
18066.9 326.537
18076.6 325.403
18086.3 324.311
18096 323.261
18105.7 322.253
18115.4 321.288
18125.1 320.366
18134.8 319.485
18144.5 318.647
18154.3 317.852
18164 317.098
18173.7 316.387
18183.4 315.719
18193.2 315.093
18202.9 314.51
18212.6 313.969
18222.4 313.47
18232.1 313.014
18241.8 312.601
18251.6 312.23
18261.3 311.816
18271.1 311.36
18280.8 310.862
18290.5 310.321
18300.3 309.737
18310 309.196
18319.7 308.698
18329.5 308.242
18339.2 307.828
18336.9 312.48
18345.2 312.143
18353.4 311.771
18361.7 311.362
18369.9 310.918
18378.1 310.437
18386.4 309.921
18394.6 309.369
18402.8 308.781
18411 308.157
18419.3 307.497
18424.5 307.054
