9696.8 -5737.84
9783.94 -5733.02
9871.02 -5727.44
9958.06 -5721.1
10045 -5714
10131.9 -5706.14
10218.8 -5697.53
10305.5 -5688.15
10392.2 -5678.02
10478.8 -5667.14
10565.3 -5655.5
10651.7 -5643.1
10737.9 -5629.95
10824.1 -5616.05
10910.1 -5601.4
10996 -5586
11081.8 -5569.85
11167.4 -5552.95
11252.9 -5535.3
10210 -392.623
10258.1 -416.668
10297.4 -401.317
10340.3 -401.166
10381.6 -393.84
10426.2 -398.708
10465.4 -382.907
10510.1 -386.971
10552 -380.054
10591.4 -365.106
10632.3 -354.592
10680.4 -366.553
10720.6 -353.355
10764.3 -350.212
10808.7 -348.543
10854.9 -351.15
10892.8 -330.807
10940.2 -335.372
10981.6 -323.631
11026 -318.938
11070.7 -314.744
11121.8 -324.853
11164.8 -315.146
11208.2 -305.949
11254.5 -302.717
11297.1 -290.86
11345.6 -291.25
11392.6 -287.54
11412.5 -228.724
11190.3 305.352
11193.8 382.45
11224.2 406.286
11268.1 404.85
11302.6 421.398
11343.7 426.058
11384.5 432.014
11425.8 437.528
11462.6 451.195
11511.3 445.586
11543.9 466.853
11586.4 472.36
11634.5 469.928
11674.6 480.57
11711.3 496.602
11747.9 512.989
11790.7 520.709
11843.4 515.039
11875.9 538.353
11924.2 540.222
11969.7 546.65
12005.5 566.299
12052.3 572.092
12096.7 581.556
12134.9 599.297
12185 602.747
12230.2 612.932
12276.8 622.106
12341 611.414
13041.5 -119.11
13123.5 -134.429
13185.9 -126.498
13259.3 -129.526
13318 -115.623
13378.8 -103.188
13444.7 -95.0232
13520.5 -95.9526
13596.7 -95.8861
13663.9 -85.7719
13730.6 -74.1252
13794.4 -58.9117
13874.6 -57.7963
13940.2 -42.204
14026.8 -44.3771
14108.6 -40.7617
14183 -29.5379
14267.6 -25.7088
14361 -27.7354
14379.5 32.6996
14351.2 129.926
14346.8 206.597
14332 290.194
14111.8 527.586
14251.7 490.83
14345.7 490.399
14327.1 572.209
14323.8 641.911
14309.8 718.084
14304 787.571
14308.2 849.495
14298.3 919.96
14306.9 977.606
14297.1 1046.3
14292.5 1110.91
14275.2 1182.42
14275.9 1242.2
14171.3 1362.4
12366.6 2444.74
12073.7 2644.14
12082.4 2672.25
12111 2689.57
14237.5 1611.22
13991.5 1792.89
12140.1 2771.98
12138.5 2804.84
12142.9 2834.52
12221.2 2829.42
12377.2 2790.21
12516.7 2761.37
12975 2596.03
13012.2 2619.33
13001.4 2663.14
14137.2 2241.18
14192.7 2269.36
14181.8 2323.9
14190.9 2370.37
14170.5 2427.49
14175.8 2474.72
14166.6 2526.82
14166.2 2575.43
14153.1 2627.93
14140.4 2679.78
14148.1 2724.82
14138.2 2775.01
14135.5 2822.7
14140.1 2868.08
14130.7 2917.07
14130.5 2963.27
14106.7 3015.21
14102.7 3061.7
14108 3105.77
14112.9 3149.83
14004.9 3217.97
13352.5 3395.59
13302.9 3443.12
13298.9 3481.07
13290.7 3519.6
13284.1 3557.6
13288 3593.68
13280.7 3631.43
13288.9 3666.74
13271.1 3705.59
13284.6 3740.13
13280.9 3776.81
13270 3814.14
13269.6 3850.16
13275 3885.62
13259 3922.82
13262.7 3958.28
13278.1 3993.04
13290.1 4028.2
10175.1 4204.67
10194.4 4212.6
10115.7 4223.56
10102.9 4231.9
10089.1 4240.03
10112.1 4247.86
10092.1 4255.78
10027 4262.63
9943.87 4267.9
9921.69 4273.76
9930.44 4280.54
10002 4290.68
10023.6 4299.09
10016.2 4305.9
9949.83 4308.04
10030 4321.63
10042.3 4330.2
10036.6 4337.13
13967 4786.6
13963.1 4828.4
9954.63 4348.99
10025 4365.59
10167.4 4394.11
13945.9 4995.62
13936.3 5036.62
13941 5080.1
19023.3 6057.14
13933.7 5164.43
13939.2 5208.58
13926.7 5249.18
13921.7 5291.35
13900.8 5329.94
13916.4 5377.06
10284.9 4520.98
10257.3 4524.07
10301.3 4545.74
13876.1 5541.92
13886.8 5589.09
13842.3 5620.43
13054.3 5425.02
13723.2 5671.82
13851.4 5756.87
13851.4 5801.93
9914.62 4498.19
9902.99 4501.19
9915.81 4512.87
13822.5 5974.19
13810.1 6015.64
13804.7 6059.92
13800.8 6104.99
13717.9 6117.72
13729.9 6169.25
13811.2 6251.33
18329.5 8303.17
13786.5 6336.67
13761.7 6373.77
13781 6431.63
13786.9 6483.86
13780.7 6530.58
9982.58 4652.56
9973.7 4656.71
10486.2 4936.97
11315.6 5400.34
13743.3 6765.48
12491.2 6111.64
10154.5 4805.3
10122 4797.51
10119.8 4807.18
13646.3 6972.21
13520.5 6947.57
10050 4796.54
10029.2 4793.71
10026.1 4802.13
13115 6889.56
13058.8 6901.12
10000.7 4816.44
9950.91 4791.64
9929.14 4785.95
9919.6 4788.84
9930.05 4806.61
9918.01 4807.6
9914.69 4815.18
9926.18 4834.54
10065.8 4957.8
10306 5167.98
10330.1 5204.65
11972.4 6620.17
12090.6 6764.88
12052.8 6776.22
12029.9 6800.46
12013.4 6830.56
10687.2 5643.07
10660.5 5642.35
10524.4 5535.85
12017.4 7021.37
11959.1 7012.06
11918.7 7019.76
11811.6 6958
11814.1 7008.32
16018.8 11552.7
11667.4 6946.97
11676 7004.12
10366.9 5577.63
10344.7 5575.81
15693.7 11843.7
15627.2 11900.2
15560.2 11956.1
15492.7 12011.4
15424.7 12066.2
15356.3 12120.3
15287.3 12173.8
15218 12226.7
10225.7 5647.21
10208.8 5649.75
15007.1 12381.8
14935.9 12432.3
10213.8 5736.91
10205.2 5752.43
10239.1 5832.06
9898.82 5340.12
9764.33 5150.8
9746.88 5140.54
10804.4 6878.09
10782.4 6893.81
10743 6880.08
10642.3 6759.43
10541.8 6633.75
10510.3 6626.24
10475.1 6611.35
10446.9 6608.37
10423.1 6613.06
10397.8 6614.85
10366.8 6604.75
10340.1 6602.37
10242.2 6450.88
10254.3 6527.02
10261.9 6596.25
10265.8 6660.31
10262.8 6710.87
10247.9 6735.79
10178.2 6629.53
10146.1 6610.28
10115.9 6594.37
10090 6588.38
10066.7 6588.67
10045.2 6593.43
10022.4 6594.23
10000.9 6598.59
9977.83 6598.01
9954.51 6596.25
9932.79 6599.04
9905.5 6583.46
9886.53 6594.43
9843.59 6522.6
9825.07 6533.05
9811.36 6561.7
9789.4 6560.27
9772.61 6579.01
9751.56 6581.11
9724.62 6557.69
9670.69 6411.01
9627.1 6299.75
9579.87 6160.48
9548.37 6088.26
9530.29 6080.52
9541.61 6237.03
9534.57 6301.17
9501.97 6212.28
9470.05 6117.06
9455.15 6129.35
9439.79 6139.53
9431.3 6206.16
9415.24 6217.15
9406.12 6294.63
9401.78 6434.8
9387.49 6490.36
9366.24 6471.09
9345.78 6457.59
9331.57 6539.73
9311.63 6541.89
9290.76 6523.9
9271.05 6528.71
9251.26 6533.34
9231.33 6533.81
9211.2 6515.1
9191.43 6517.21
9171.69 6509.16
9151.73 6523.93
9132.23 6509.53
9112.64 6504.95
9092.58 6513.2
9072.27 6523.27
9049.63 6569.09
9105.46 5456.39
9110.95 5248.24
9114.23 5108.05
9107.78 5096.42
9101.73 5082.75
9097.59 5054.14
9091.53 5045.38
9083.29 5054.42
9075.31 5060.41
9067.79 5062.36
9057.76 5080.05
9051.66 5071.98
9042.42 5082.58
9032.8 5094.06
9026.38 5087.76
9016.69 5098.08
9009.91 5093.62
8998.25 5111.57
8923.23 5404.23
8666.29 6436.84
8645.78 6438.03
8624.7 6440.96
8608.17 6426.3
8586.8 6429.83
8567.52 6425.46
8548.27 6420.93
8519.75 6446.83
8434.75 6650.83
8402.43 6679.37
6028.97 13737.1
8814.64 5339
8804.81 5336.65
5781.69 13651.2
5699.77 13621.1
5618.12 13590.3
8888.32 5013.53
8887.64 4996.04
8887.23 4978.6
8876.59 4986.08
8875.34 4971.4
8875.13 4954.93
8877.67 4933.05
8868.34 4937.57
8861.92 4935.66
8849.38 4946.28
8842.87 4944.19
8834.55 4945.61
8828.03 4943.39
8822.45 4939.34
8813.11 4942.28
8799.34 4952.98
8795.18 4946.08
8787.62 4945.22
8774.47 4953.78
8759.09 4965.58
8738.26 4985.71
7703.05 6633.57
7693.02 6603.63
7681.23 6577.06
7922.56 6167.35
7871.28 6207.68
7836.71 6221.69
8244.83 5600.56
8252.77 5564.57
7901.69 6025.28
7706.96 6257.01
7452.84 6559.02
7422.42 6557.29
7394.36 6552.05
7338.91 6580.97
7308.59 6577.2
7719.47 6036.14
7868.84 5826.14
7599.69 6114.54
7261.23 6472.4
7466.16 6201.28
7195.34 6468.94
7091.05 6544.49
7054.08 6544.41
7069.87 6487.93
7367.39 6140.16
7291.47 6184.91
7052.95 6390.64
7058.56 6348.06
7470.6 5912.67
7519.89 5836.95
7051.09 6247.88
6986.61 6272.46
6959.39 6261.89
6918.72 6262.94
6879.37 6262.11
6853.54 6249.05
7550.02 5627.83
7615.89 5549.12
7193.99 5868.87
6671.83 6256.79
6627.64 6255.72
6809.93 6079.6
6667.2 6154.65
6545.48 6210.66
6667.47 6086.22
6696.26 6032.15
6590.78 6073.56
6342.79 6210.89
6254.56 6234.18
6209.86 6226.76
6157.52 6223.63
6120.18 6210.03
6034.56 6226.2
5999.54 6209.61
7156.69 5473.87
5958.06 6158.24
5850.67 6182.62
5792.19 6177.12
5725.68 6175.12
5658.95 6172.1
5566.43 6181.71
5336.98 6261.17
7354 5187.13
5282.78 6203.49
5320.67 6142.52
5299.78 6110.86
5225.72 6103.99
5150.58 6096.38
5061.58 6093.72
4741.37 6190.47
4399.86 6290
4992.55 5994.29
5113.69 5902.34
4110.96 6257.76
3990.06 6253.31
7331.7 4946.4
7483.47 4872.49
7480.92 4856.58
3692.69 6150.46
3707.59 6091.92
3594.76 6075.68
3572.36 6028.92
3588.58 5970.15
6519.91 5043.83
6512.11 5020.79
3604.21 5806.59
5412.82 5266.74
8315.16 4476.34
8344.25 4460.93
8323.97 4458.02
6430.59 4890.1
6283.59 4897.6
5527.06 5033.01
7066.22 4684.16
7292.14 4620.64
7324.36 4597.47
7370.62 4572.44
7419.14 4547.91
7462.02 4525.2
7485.39 4506.24
7518.85 4486.31
7558.48 4466.19
7671.76 4437.66
-745.948 5395.83
-755.575 5309.09
-764.446 5222.28
-772.558 5135.39
-779.913 5048.44
-786.507 4961.42
-792.343 4874.34
-797.418 4787.23
-801.733 4700.07
-805.287 4612.87
-808.079 4525.65
-810.111 4438.41
-811.381 4351.16
-811.891 4263.89
-811.638 4176.63
-810.623 4089.37
-808.848 4002.11
-806.311 3914.89
-803.013 3827.68
-798.954 3740.51
