4126.98 5331.42
4047.19 5366.76
3967.09 5401.4
3886.7 5435.35
3806.01 5468.58
3725.03 5501.12
3643.78 5532.95
3562.25 5564.06
3480.45 5594.47
3398.39 5624.15
3316.07 5653.13
3233.51 5681.38
3150.7 5708.91
3067.65 5735.72
2984.37 5761.8
2900.87 5787.15
2817.15 5811.77
2733.22 5835.67
2649.08 5858.83
2564.74 5881.25
2242.04 4957.47
2200.48 5120.21
2142.61 5224.44
1952.45 4745.8
1731.28 4080.78
1644.54 4008.09
1580.07 4040.46
1517.73 4086.06
1447.32 4089.82
1400.41 4230.97
1349.54 4362.02
1355.98 4884.3
1328.62 5234.03
1247 5224.14
1167.51 5228.4
1086.65 5220.04
985.164 5017.07
894.578 4886.68
838.948 5117.93
727.578 4710.94
635.358 4468.29
561.9 4452.24
489.37 4446.52
417.533 4452.15
345.595 4456.15
273.301 4448.53
201.164 4440.28
129.322 4443.39
57.4096 4433.88
-14.4175 4437.74
-85.9364 4415.98
-157.506 4411.59
-229.398 4418.57
-301.714 4431.92
-379.574 4550.49
-488.192 5156.49
-534.906 4686.62
-640.825 5100.09
-721.04 5124.72
-782.586 4944.52
-794.488 4310.33
-852.884 4192.44
-923.261 4190.33
-993.028 4182.63
-1060.82 4160.46
-1132.67 4167.39
-1200.25 4145.02
-1269.65 4134.9
-1341.87 4140.93
-1416.64 4159.09
-1524.42 4346.44
-1670.65 4707.02
-1783 4873.82
-1908.66 5086.18
-1976.73 5027.91
-1962.37 4625.69
-2165.84 5135.11
-2248.39 5133.95
-2329.55 5126.23
-2413.66 5128.38
-2499.08 5133.58
-2580.56 5123.58
-2665.82 5125.28
-2746.83 5111.85
-2497.81 4073.54
-2575.19 4077.69
-2540.99 3753.67
-2680.35 3940.33
-2928.82 4417.62
-3215.73 4971.74
-3354.77 5107.49
-3239.28 4583.95
-3375.56 4712.82
-3622.77 5103.5
-3709.98 5094.25
-3802.87 5097.02
-3891.23 5087.86
-3985.5 5090.59
-4086.01 5105.05
-2830.18 2255.72
-2888.97 2243.06
-2894.92 2123.22
-3001.12 2205.35
-3080.01 2230.11
-3143.68 2223.9
-3162.82 2134.31
-2937.86 1604.33
-2631.35 949.769
-2648.25 883.805
-2699.58 878.311
-2756.16 880.86
-2784.88 836.664
-2824.12 810.161
-2885.07 817.958
-2975.67 870.4
-3046.5 889.866
-3093.94 872.741
-3110.84 810.567
-3160.62 796.868
-3209.83 781.834
-3283.61 800.329
-3406.58 883.916
-2935.58 171.199
-2895.43 47.3408
-2940.51 36.6024
-3000.51 44.1871
-2676.88 -425.537
-2721.4 -430.795
-2995.47 -161.771
-3037.42 -176.183
-3093.08 -175.17
-3599.65 337.034
-3754.34 437.707
-3765.52 376.378
-1999.2 -1599.45
-2005.23 -1631.12
-2001.17 -1672.82
-2008.41 -1702.13
-2013.19 -1733.53
-2016.15 -1766.26
-2019.41 -1798.19
-2018.66 -1833.46
-2014.53 -1871.31
-2029.76 -1890.64
-2024.79 -1928.21
-2035.76 -1950.93
-2032.94 -1985.54
-2038.78 -2012.14
-2048.13 -2035.48
-2028.75 -2082.46
-2033.52 -2108.76
-2046.59 -2128.14
-2039.81 -2163.07
-2033.38 -2197.13
-2038.47 -2221.91
-2043.28 -2246.64
-2054.28 -2266.63
-2048.84 -2298.34
-2044.64 -2328.69
-2049.12 -2352.6
-2064.93 -2368.62
-2058.98 -2399.21
-2047.62 -2432.86
-2048.48 -2458.12
-2054.13 -2480.09
-2066.37 -2497.87
-2057.91 -2528.17
-2057.69 -2553.13
-2060.66 -2575.98
-2070.34 -2594.83
-2073.74 -2617.16
-2055.84 -2650.97
-2085.14 -2658.9
-2110.02 -2669.58
-2172.26 -2661.45
-2224.96 -2659.25
-2279.67 -2657.01
-2363.43 -2641.79
-2637.73 -2538.74
-2947.63 -2424.96
-2926.61 -2465.79
-3191.85 -2380.63
-3998.55 -2069.33
-4000.52 -2110.01
-3996.54 -2152.85
-3990.26 -2196.22
-4009.65 -2229.27
-4006.31 -2270.99
-3995.03 -2315.29
-3985.18 -2358.6
-3995.66 -2394.41
-3986.88 -2436.69
-3983.37 -2476.84
-3984.23 -2515.31
-3983.76 -2553.99
-3994.43 -2589.13
-3968.29 -2634.92
-2909.35 -2969.16
-2610.44 -3077.7
-2592.4 -3107.15
-2585.69 -3133.3
-2613.71 -3150.79
-2612.41 -3175.54
-2610.87 -3200.22
-2612.04 -3224.2
-2599.29 -3250.97
-2585.28 -3277.67
-2602.47 -3298.18
-2603.74 -3321.76
-2585.09 -3348.68
-2575.05 -3373.8
-2593.45 -3394.36
-2605.75 -3416.06
-2578.22 -3443.26
-2596.07 -3464.24
-2584.94 -3488.85
-2589.49 -3511.53
-2620.72 -3531.61
-2586.05 -3558.13
-2581.04 -3581.6
-2596.75 -3603.45
-2593.33 -3626.76
-2601.68 -3649.34
-2603.84 -3672.33
-2582.82 -3696.2
-2706.52 -3715.55
-3873.87 -3716.29
-3788.41 -3751.38
-4178.63 -3783.82
-4200.56 -3820.75
-4150.17 -3856.98
-4074.49 -3891.74
-4014.51 -3925.7
-3901.3 -3956.44
-3347.42 -3963.21
-3243 -3986.71
-3271.12 -4017.35
-3206.23 -4041.42
-3212.92 -4070.48
-3632.53 -4138.44
-4087.97 -4217.52
-4097.04 -4254.95
-4108.75 -4292.92
-4048.7 -4321.91
-4042.94 -4357.41
-4135.82 -4407.39
-4172.8 -4450.4
-4154.08 -4485
-4187.3 -4528.4
-4163.03 -4562.01
-4155.18 -4598.44
-4144.08 -4634.21
-4158.12 -4675.19
-4158.09 -4713.48
-4164.53 -4753.4
-4158.92 -4790.72
-4154.92 -4828.5
-4174.79 -4872.48
-4148.79 -4904.84
-2050.31 -4367.58
-4156.66 -4985.66
-4053.03 -4994.89
-2977.24 -4707.72
-3974.19 -5048.19
-4015.44 -5100.02
-3996.3 -5132.81
-3851.98 -5122.71
-3794.95 -5140.68
-3674.89 -5135
-3558.05 -5128.38
-3471.51 -5131.22
-3371.23 -5127.19
-2163.16 -4676.93
-2342.18 -4772.94
-3093.75 -5114.17
-3019.68 -5114.48
-2934.88 -5108.75
-2866.81 -5109.06
-2798.07 -5107.87
-2720.53 -5101.3
-2671.22 -5107
-2596.05 -5099.06
-2553.33 -5106.17
-2468.07 -5090.59
-2426.6 -5096.51
-2376.42 -5097.06
-2329.93 -5098.77
-2267.9 -5090.94
-2211.4 -5085.12
-2129.3 -5063.25
-2104.4 -5073.9
-2071.81 -5079.53
-2028.23 -5077.83
-1991.61 -5079.75
-1956.79 -5082.21
-1927.94 -5088.02
-1887.51 -5085.62
-1858 -5089.95
-1807.24 -5079
-1769.04 -5075.95
-1738.33 -5077.61
-1706.93 -5078.23
-1671.66 -5075.41
-1649.28 -5081.78
-1611.93 -5076.2
-1580.29 -5074.4
-1560.49 -5081.57
-1522.91 -5073.9
-1487.88 -5067.6
-1456.14 -5063.38
-1448.79 -5079.63
-1402.24 -5061.5
-1382.18 -5066
-1358.47 -5066.89
-1342.91 -5074.94
-1322.96 -5078.7
-1290.78 -5070.42
-1261.72 -5064.49
-1232.86 -5058.14
-1211.25 -5058.5
-1186.93 -5055.71
-1179.33 -5069.97
-1147.63 -5058.65
-1134.52 -5066.73
-1115.99 -5068.75
-1086.22 -5057.85
-1063.31 -5054.05
-1039.89 -5049.19
-1024.39 -5053.19
-1004.43 -5051.62
-985.841 -5051.36
-977.328 -5063.36
-951.391 -5053.29
-941.586 -5063.46
-915.378 -5052.02
-897.203 -5050.66
-879.125 -5049.08
-864.642 -5052.15
-846.722 -5050.16
-824.359 -5041.37
-824.105 -5064.57
-799.136 -5051.23
-790.867 -5062.67
-768.439 -5052.16
-751.578 -5049.83
-736.918 -5050.71
-719.717 -5047.15
-701.109 -5040.8
-691.707 -5049.79
-671.326 -5039.59
-661.404 -5047.48
-650.439 -5053.53
-630.934 -5043.61
-613.509 -5036.99
-606.288 -5049.74
-588.58 -5041.9
-575.464 -5042.83
-560.65 -5040.01
-545.081 -5035.23
-534.645 -5041.17
-524.558 -5047.94
-512.794 -5050.97
-495.517 -5041.01
-485 -5046.53
-467.268 -5034.37
-456.056 -5037.8
-444.102 -5039.26
-431.808 -5039.67
-420.232 -5041.84
-409.662 -5046.72
-397.73 -5047.74
-382.299 -5038.23
-367.379 -5029.49
-359.31 -5041.55
-343.694 -5029.67
-336.906 -5046.36
-319.57 -5027.49
-310.411 -5036.34
-299.296 -5038.36
-285.14 -5028.67
-274.354 -5031.44
-262.837 -5031.19
-253.621 -5040.58
-239.231 -5027.46
-227.406 -5024.94
-214.436 -5016.43
-207.624 -5038.21
-191.034 -5009.83
-184.641 -5035.4
-171.624 -5024.47
-161.196 -5028.23
-148.917 -5020.03
-138.07 -5020.61
-127.493 -5023.09
-115.395 -5013.57
-104.632 -5013.86
-92.2708 -4999.14
-85.2878 -5036.06
-72.9223 -5020.15
-62.7849 -5028.04
-51.219 -5017.89
-40.5997 -5019.62
-30.5594 -5032.23
-19.1075 -5018.79
-8.4924 -5021.24
2.73304 -5003.6
12.9708 -5019.85
23.6237 -5024.02
34.3547 -5025.09
45.0156 -5012.07
55.4037 -4995.96
66.5084 -5021.75
77.48 -5029.44
88.1355 -5026.05
98.2355 -5012.58
107.753 -4993.03
120.097 -5020.31
131.403 -5027.52
140.553 -5007.72
151.607 -5011.75
162.535 -5013.69
173.505 -5015.53
185.592 -5026.21
195.186 -5015.94
204.475 -5004.61
213.578 -4993.22
228.502 -5020.29
240.659 -5027.45
244.907 -4988.19
259.456 -5008.96
270.049 -5006.98
281.215 -5007.84
292.62 -5009.58
303.859 -5010.24
315.352 -5011.77
326.198 -5010.27
340.633 -5023.23
350.852 -5018.6
358.961 -5006.15
370.585 -5007.16
379.519 -4998.43
391.987 -5002.12
401.065 -4994.19
417.193 -5009.11
423.488 -4992.42
439.915 -5007.04
453.071 -5011.05
463.012 -5005.49
474.926 -5005.49
484.785 -4999.75
498.137 -5003.28
510.493 -5003.87
525.5 -5010.83
538.382 -5012.07
543.941 -4995.67
564.717 -5015.07
575.352 -5010.43
588.833 -5012.06
595.657 -4999.04
609.149 -5000.44
616.601 -4989.11
635.888 -5001.93
651.827 -5007.37
658.715 -4994.85
665.898 -4983.2
687.176 -4997.91
692.83 -4983.43
711.028 -4991.61
727.925 -4996.96
742.44 -4997.79
754.969 -4995.03
769.064 -4994.69
786.375 -4999.31
796.329 -4991.88
821.403 -5007.89
831.415 -5000.17
848.038 -5002.33
861.373 -4999.33
871.287 -4991.28
888.069 -4992.92
902.013 -4990.32
912.419 -4982.72
935.956 -4992.65
954.876 -4995.89
970.852 -4994.94
993.087 -5001.65
1014.25 -5006.5
1017.82 -4989.42
1029.5 -4982.35
1050.19 -4985.84
1069.71 -4987.55
1082.07 -4980.74
1107.73 -4988.71
1132.94 -4995.58
1136.58 -4978.65
1159.23 -4982.1
1179.26 -4982.35
1185.39 -4968.05
1197 -4959.41
1209.97 -4952.06
1252.33 -4973.12
1264.74 -4964.54
1275.64 -4954.47
1265.85 -4925.33
1306.08 -4942.07
1306.34 -4922.32
1325.92 -4919.76
1334.94 -4907.82
1356.84 -4906.77
1372.66 -4900.31
1400.1 -4903.14
1390.98 -4876.22
1409.02 -4871.16
1420.75 -4860.98
1457.91 -4870
1474.46 -4862.93
1486.96 -4852.71
1497.77 -4841.18
1512.58 -4832.43
1528.17 -4824.06
1558.62 -4825.6
1587.54 -4825.58
8410.76 -9260.91
8458.15 -9187.63
8504.89 -9113.94
8551 -9039.85
8596.45 -8965.36
8641.25 -8890.46
8685.4 -8815.19
8728.89 -8739.53
8771.71 -8663.49
8813.87 -8587.09
8855.36 -8510.32
8896.18 -8433.19
8936.33 -8355.71
8975.8 -8277.88
9014.58 -8199.7
9052.69 -8121.19
9090.11 -8042.35
9126.83 -7963.19
9162.87 -7883.72
