15551.8 429.066
15613.3 421.465
15669.2 423.763
15205.5 1206.62
15195.2 1293.51
15205 1349.06
15193.9 1432.99
15196.2 1495.97
15198.3 1557.89
15194.4 1626.25
15196.1 1685.69
15197.5 1744.2
15193.9 1807.82
15194.9 1864.13
15195.6 1919.63
15192.2 1979
15192.5 2032.56
15189.3 2089.18
15189.3 2140.93
15189 2192.03
15186 2245.08
15185.3 2294.56
15184.3 2343.48
15181.5 2393.27
15180.1 2440.73
15177.6 2488.39
15175.8 2534.5
15193.9 2560.4
15192.7 2604.66
15192.2 2647.51
15191.7 2689.63
15191.2 2731.06
15190.7 2771.83
15190.2 2811.94
15189.8 2851.43
15189.3 2890.32
15188.8 2928.62
15188.4 2966.35
15187.9 3003.53
15187.5 3040.18
15187.1 3076.32
15186.7 3111.96
15186.3 3147.11
15185.8 3181.8
15185.4 3216.03
15185 3249.83
15184.6 3283.2
15184.2 3316.15
15183.9 3348.71
15183.5 3380.88
15183.1 3412.67
15182.7 3444.09
15182.4 3475.16
15182 3505.89
15181.6 3536.29
15181.3 3566.36
15180.9 3596.12
15180.6 3625.57
15180.2 3654.73
15179.9 3683.6
15179.6 3712.19
15179.2 3740.52
15178.9 3768.58
15178.6 3796.39
15178.2 3823.95
15177.9 3851.27
15177.6 3878.37
15177.3 3905.24
15177 3931.89
15176.6 3958.33
15176.3 3984.56
15176 4010.6
15175.7 4036.44
15175.4 4062.1
15175.1 4087.58
15174.8 4112.88
15174.5 4138.02
15174.2 4162.99
15173.9 4187.81
15173.6 4212.47
15173.3 4236.98
15173.1 4261.35
15172.8 4285.59
15172.5 4309.69
15172.2 4333.66
15171.9 4357.51
15171.6 4381.25
15171.4 4404.86
15171.1 4428.37
15170.8 4451.77
15170.5 4475.07
15170.3 4498.28
15170 4521.39
15169.7 4544.41
15169.4 4567.34
15169.2 4590.2
15168.9 4612.98
15168.6 4635.68
15168.4 4658.32
15168.1 4680.89
15167.8 4703.4
15167.6 4725.85
15167.3 4748.25
15167 4770.59
15166.8 4792.89
15166.5 4815.14
15166.2 4837.35
15166 4859.53
15165.7 4881.67
15165.5 4903.79
15165.2 4925.87
15164.9 4947.94
15164.7 4969.98
15164.4 4992.01
15164.2 5014.02
15163.9 5036.03
15163.6 5058.03
15163.4 5080.02
15163.1 5102.02
15162.8 5124.02
15162.6 5146.03
15162.3 5168.04
15162.1 5190.08
15161.8 5212.13
15161.5 5234.2
15161.3 5256.29
15161 5278.41
15160.8 5300.57
15160.5 5322.76
15160.2 5344.98
15160 5367.25
15159.7 5389.56
15159.4 5411.92
15159.2 5434.33
15158.9 5456.8
15158.6 5479.33
15158.4 5501.92
15158.1 5524.58
15157.8 5547.31
15157.6 5570.11
15157.3 5593
15157 5615.96
15156.8 5639.01
15156.5 5662.15
15156.2 5685.38
15155.9 5708.72
15155.6 5732.15
15155.4 5755.69
15155.1 5779.35
15154.8 5803.12
15154.5 5827.01
15154.2 5851.02
15154 5875.17
15153.7 5899.45
15153.4 5923.86
15153.1 5948.42
15152.8 5973.14
15152.5 5998
15152.2 6023.03
15151.9 6048.22
15151.6 6073.58
15151.3 6099.11
15151 6124.83
15150.7 6150.74
15150.4 6176.84
15150.1 6203.14
15149.8 6229.65
15149.4 6256.37
15149.1 6283.31
15148.8 6310.47
15148.5 6337.88
15148.2 6365.52
15147.8 6393.41
15087.9 6388.78
15087.5 6416.52
15087.2 6444.51
15086.9 6472.79
15086.5 6501.34
15086.2 6530.19
15046.1 6534.71
15025.9 6551.14
14966.1 6541.8
14926 6544.36
14866.2 6532.95
14846 6547.45
14806 6547.98
14766 6547.81
14726 6546.95
14666.2 6530.8
14626.2 6528.25
14625.9 6555.17
14556.9 6529.21
14515 6522.98
14487.9 6527.9
14447.3 6521.39
14427 6530.95
14383.3 6520.38
14364.2 6530.25
14322.5 6520
14304.7 6530.19
14264.9 6520.27
14248.1 6530.8
14210.2 6521.24
14194.4 6532.13
14158.2 6522.95
14143.3 6534.22
14108.7 6525.45
14091.3 6533.66
14066 6533.36
14041.1 6533.06
14016.6 6532.77
13992.5 6532.49
13968.8 6532.21
13945.5 6531.93
13922.5 6531.66
13899.9 6531.39
13877.6 6531.13
13855.6 6530.87
13834 6530.61
13812.7 6530.36
13791.7 6530.11
13770.9 6529.86
13750.5 6529.62
13730.3 6529.38
13710.3 6529.15
13690.7 6528.91
13671.3 6528.69
13652.1 6528.46
13633.1 6528.23
13614.4 6528.01
13595.9 6527.79
13577.6 6527.58
13559.5 6527.36
13541.6 6527.15
13523.9 6526.94
13506.4 6526.73
13489.1 6526.53
13471.9 6526.33
13454.9 6526.12
13438.1 6525.93
13421.4 6525.73
13404.9 6525.53
13388.6 6525.34
13372.4 6525.15
13356.3 6524.96
13340.4 6524.77
13324.6 6524.58
13309 6524.4
13293.4 6524.21
13278 6524.03
13262.7 6523.85
13247.6 6523.67
13232.5 6523.49
13217.6 6523.31
13202.7 6523.14
13188 6522.96
13173.3 6522.79
13158.7 6522.62
13144.3 6522.45
13129.9 6522.28
13115.6 6522.11
13101.4 6521.94
13087.3 6521.77
13073.2 6521.61
13059.2 6521.44
13045.3 6521.28
13052.4 6601.37
13043 6621.25
13038.1 6661.2
13051.2 6781.36
13039.7 6801.23
13023.6 6801.04
13007.5 6800.85
12991.5 6800.66
12975.6 6800.47
12959.7 6800.28
12943.9 6800.09
12928.1 6799.91
12912.4 6799.72
12896.7 6799.54
12881.1 6799.35
12865.5 6799.17
12849.9 6798.98
12834.4 6798.8
12818.9 6798.62
12803.5 6798.43
12788 6798.25
12772.6 6798.07
12757.2 6797.89
12741.9 6797.7
12726.5 6797.52
12711.2 6797.34
12695.9 6797.16
12680.6 6796.98
12665.3 6796.8
12650 6796.62
12634.7 6796.43
12619.4 6796.25
12604.1 6796.07
12588.8 6795.89
12573.5 6795.71
12558.2 6795.53
12542.9 6795.35
12527.5 6795.17
12512.2 6794.98
12496.8 6794.8
12481.4 6794.62
12466 6794.44
12450.6 6794.26
12435.2 6794.07
12419.7 6793.89
12404.1 6793.71
12388.6 6793.52
12373 6793.34
12357.4 6793.15
12341.7 6792.97
12326 6792.78
12310.2 6792.59
12294.4 6792.41
12278.5 6792.22
12262.6 6792.03
12246.6 6791.84
12230.6 6791.65
12214.5 6791.46
12198.3 6791.27
12182.1 6791.08
12165.8 6790.88
12149.4 6790.69
12132.9 6790.5
12116.4 6790.3
12099.8 6790.1
12083.1 6789.9
12066.3 6789.71
12049.4 6789.51
12032.4 6789.3
12015.3 6789.1
11998.1 6788.9
11980.7 6788.69
11963.3 6788.49
11945.8 6788.28
11928.1 6788.07
11918.7 6767.96
11926.9 6708.05
11927.3 6668.05
11919.4 6647.96
11911.8 6627.87
11888 6642.54
11876.2 6631.44
11852.5 6644.61
11858.1 6599.06
11853.8 6574.29
11860 6530.49
11855.8 6507.36
11851.6 6484.98
11858.6 6443.45
11854.5 6422.47
11862 6382.27
11858 6362.54
11854 6343.4
11858 6311.94
11853.6 6294.51
11862 6257.72
11857.8 6241.24
11853.5 6225.19
11862.8 6189.73
11858.7 6174.51
11854.5 6159.68
11864.6 6125.38
11860.5 6111.27
11856.4 6097.49
11857.4 6077.33
11868.3 6044.84
11864 6032.47
11859.7 6020.36
11872.6 5987.36
11875.5 5967.39
11863 5965.8
11858.7 5954.69
11871.8 5924.02
11870.1 5910.59
11865.5 5900.54
11860.9 5890.67
11856.2 5881
11870.5 5851.72
11865.9 5842.4
11861.3 5833.24
11856.6 5824.25
11854.5 5812.82
11854.6 5799.38
11854.8 5786.17
11854.9 5773.18
11855.1 5760.4
11855.2 5747.83
11855.4 5735.45
11855.5 5723.26
11855.7 5711.26
11855.8 5699.44
11855.9 5687.79
11856.1 5676.31
11856.2 5665
11856.3 5653.84
11856.5 5642.83
11856.6 5631.97
11856.7 5621.25
11856.9 5610.68
11857 5600.23
11857.1 5589.92
11857.2 5579.73
11857.3 5569.67
11857.5 5559.73
11857.6 5549.9
11857.7 5540.18
11857.8 5530.57
11857.9 5521.07
11858 5511.67
11858.1 5502.36
11858.2 5493.16
11858.4 5484.04
11858.5 5475.02
11858.6 5466.08
11858.7 5457.23
11858.8 5448.47
11858.9 5439.78
11859 5431.17
11859.1 5422.64
11859.2 5414.18
11859.3 5405.79
11859.4 5397.46
11859.5 5389.21
11859.6 5381.02
11859.7 5372.89
11859.8 5364.82
11859.9 5356.82
11860 5348.86
11860 5340.97
11860.1 5333.13
11860.2 5325.33
11860.3 5317.59
11860.4 5309.9
11860.5 5302.25
11860.6 5294.65
11860.7 5287.09
11860.8 5279.58
11860.9 5272.1
11861 5264.67
11861 5257.27
11861.1 5249.91
11861.2 5242.58
11861.3 5235.29
11861.4 5228.02
11864.3 5220.17
11864.4 5212.99
11864.5 5205.85
11864.5 5198.73
11864.6 5191.63
11864.7 5184.56
11864.8 5177.51
11864.9 5170.49
11865 5163.48
11865 5156.5
11865.1 5149.53
11865.2 5142.59
11865.3 5135.66
11865.4 5128.74
11865.5 5121.84
11865.5 5114.95
11865.6 5108.07
11865.7 5101.2
11865.8 5094.35
11865.9 5087.5
11865.9 5080.66
11866 5073.83
11866.1 5067
11866.2 5060.17
11866.3 5053.35
11866.3 5046.54
11866.4 5039.72
11866.5 5032.9
11866.6 5026.09
11866.7 5019.27
11866.7 5012.45
11866.8 5005.62
11866.9 4998.79
11867 4991.96
11867.1 4985.12
11867.2 4978.26
11867.2 4971.4
11867.3 4964.54
11867.4 4957.65
11867.5 4950.76
11867.6 4943.85
11867.6 4936.93
11867.7 4930
11867.8 4923.04
11867.9 4916.07
11868 4909.08
11868.1 4902.07
11868.1 4895.04
11868.2 4887.98
11868.3 4880.91
11868.4 4873.8
11868.5 4866.67
11868.6 4859.52
11868.6 4852.33
11868.7 4845.12
11868.8 4837.87
11868.9 4830.59
11869 4823.28
11869.1 4815.93
11869.2 4808.55
11869.2 4801.13
11869.3 4793.67
11869.4 4786.16
11869.5 4778.62
11869.6 4771.03
11869.7 4763.4
11869.8 4755.72
11869.9 4747.99
11870 4740.21
11870.1 4732.38
11870.2 4724.49
11870.3 4716.55
11870.3 4708.55
11870.4 4700.49
11870.5 4692.37
11870.6 4684.19
11870.7 4675.95
11870.8 4667.63
11870.9 4659.25
11871 4650.8
11871.1 4642.27
11871.2 4633.66
11871.3 4624.98
11871.4 4616.22
11871.5 4607.38
11871.6 4598.44
11871.8 4589.42
11871.9 4580.31
11872 4571.11
11872.1 4561.81
11872.2 4552.41
11872.3 4542.91
11872.4 4533.3
11872.5 4523.58
11872.7 4513.75
11872.8 4503.8
11872.9 4493.73
11873 4483.54
11873.1 4473.23
11873.3 4462.78
11873.4 4452.19
11873.5 4441.47
11873.6 4430.6
11893.6 4435.66
11893.7 4424.78
11913.6 4430.4
11933.6 4436.44
11933.7 4425.68
11953.6 4432.31
11953.7 4421.52
11973.7 4428.74
11993.6 4436.43
11993.7 4425.77
12013.6 4434.08
12013.7 4423.4
12033.6 4432.36
12033.8 4421.65
12042.3 4419.46
12052.9 4419.58
12063.3 4419.71
12073.5 4419.83
12083.6 4419.95
12093.5 4420.06
12103.3 4420.18
12112.9 4420.29
12122.4 4420.41
12131.7 4420.52
12140.9 4420.62
12149.9 4420.73
12158.9 4420.84
12167.7 4420.94
12176.4 4421.04
12184.9 4421.15
12193.4 4421.25
12201.8 4421.35
12210 4421.44
12218.1 4421.54
12226.2 4421.63
12234.1 4421.73
12242 4421.82
12249.7 4421.91
12257.4 4422
12265 4422.09
12272.5 4422.18
12279.9 4422.27
12287.3 4422.36
12283.2 4402.31
12279.5 4382.26
12287.1 4382.35
12284 4362.31
12281.2 4342.28
12289 4342.37
12286.8 4322.34
12284.9 4302.32
12283.4 4282.3
12282.3 4262.29
12281.5 4242.28
12290 4242.38
12289.7 4222.37
12281.3 4182.27
12281.9 4162.28
12282.9 4142.29
12284.2 4122.3
12285.9 4102.32
12287.9 4082.34
12290.2 4062.37
12285.8 4022.31
12289 4002.35
12285.9 3962.31
12289.9 3942.35
12288 3902.33
12286.8 3862.31
12292.2 3842.38
12292.2 3802.37
12287.4 3742.31
12289 3702.33
12291.3 3662.35
12289.3 3602.32
12293.2 3562.37
12293.2 3502.36
12294.2 3442.37
12292 3362.34
12295.2 3302.37
12299.6 3242.42
12297.6 3142.39
12297.3 3042.38
12298.8 2942.39
12302.1 2842.42
12298.2 2682.36
12302.7 2562.41
12306.7 2422.45
12305.8 2222.42
12310.7 2042.47
12107.6 -190.295
12159.5 -129.676
12205.1 -129.135
12250.7 -128.596
12296.2 -128.057
12341.6 -127.52
12387 -126.982
12432.3 -126.446
12467.8 -426.047
12515.7 -425.48
12563.5 -424.914
12611.4 -424.348
12659.2 -423.782
12707 -423.216
12754.8 -422.65
12802.6 -422.084
12850.4 -421.518
12898.2 -420.951
12946.1 -420.385
12994 -419.818
13042 -419.25
13090 -418.682
13138 -418.113
13186.1 -417.544
13234.3 -416.973
13282.6 -416.402
13331 -415.829
13379.5 -415.255
13428 -414.681
13476.7 -414.104
13525.5 -413.526
13574.4 -412.948
13623.5 -412.367
14124.6 -2815.59
14193.3 -2802.37
14261.8 -2788.55
14330.2 -2774.14
14398.5 -2759.12
14466.6 -2743.51
14534.7 -2727.31
14602.5 -2710.51
14670.2 -2693.12
14737.8 -2675.14
14805.2 -2656.57
14872.4 -2637.41
14557.6 -1341.37
14556.9 -1141.37
14558.9 -961.333
14557.9 -781.332
14580.6 -681.057
14587.9 -540.961
14592.7 -400.894
14646.3 -400.259
14655.2 -280.145
14638.9 -100.325
14635.2 39.6414
14638.4 156.631
14642.2 267.386
14646 373.451
14650 475.134
14669.1 538.912
14719.8 532.113
14772.6 521.773
14818.1 527.996
14864.4 533.022
14914 532.24
14965.4 528.713
15008.3 542.469
15064.2 532.337
15110.7 540.521
15169.8 526.667
15221.9 526.74
15273.7 528.027
15315.4 547.349
15442.3 425.914
15504.2 415.338
15551.8 429.065
