24156.8 2064.29
24156.8 2064.29
24156.8 2064.29
24156.8 2064.29
24156.8 2064.29
24156.8 2064.29
24156.8 2064.29
24156.8 2064.29
24156.8 2064.29
24156.8 2064.29
24156.8 2064.29
24156.8 2064.29
24156.8 2064.29
24156.8 2064.29
24156.8 2064.29
24156.8 2064.29
24156.8 2064.29
24156.8 2064.29
24156.8 2064.29
24156.8 2064.29
24156.8 2064.29
24156.8 2064.29
24156.8 2064.29
24156.8 2064.29
24156.8 2064.29
24156.8 2064.29
24156.8 2064.29
24156.8 2064.29
24159.8 2071.33
24159.8 2071.33
24159.8 2071.33
24159.8 2071.33
24159.8 2071.33
24159.8 2071.33
24159.8 2071.33
24159.8 2071.33
24159.8 2071.33
24159.8 2071.33
24159.8 2071.33
24159.8 2071.33
24159.8 2071.33
24159.8 2071.33
24159.8 2071.33
24159.8 2071.33
24159.8 2071.33
24159.8 2071.33
24159.8 2071.33
24159.8 2071.33
24159.8 2071.33
24159.8 2071.33
24159.8 2071.33
24159.8 2071.33
24159.8 2071.33
24159.8 2071.33
24159.8 2071.33
24159.8 2071.33
24159.8 2071.33
24156.3 2066.95
24153.3 2066.47
24147.4 2065.36
24138.6 2063.46
24127 2060.62
24112.5 2056.56
24095.4 2051.09
24056.1 2036.26
24056.1 2036.26
24038.2 2028.43
24003.2 2011.37
24003.2 2011.37
23986.4 2003.62
23970.8 1994.69
23955.4 1985.36
23940.3 1975.63
23925.4 1965.51
23910.8 1955
23896.4 1944.11
23882.4 1932.85
23869.8 1922.19
23845.4 1900.01
23833.4 1888.61
23820.8 1878.46
23820.8 1878.46
23810.3 1867.73
23800 1856.81
23789.9 1845.72
23780 1834.46
23770.3 1823.03
23761.8 1812.58
23753.4 1801.99
23745.2 1791.26
23737.2 1780.38
23729.4 1769.37
23709.4 1739.45
23697.8 1721.07
23697.8 1721.07
23681.5 1703.75
23659.9 1666.02
23659.9 1666.02
23649.5 1646.88
23640.2 1628.89
23631.2 1610.75
23622.6 1592.45
23614.2 1574
23606.2 1555.41
23598.5 1536.68
23584.6 1500.24
23578.4 1482.55
23578.4 1482.55
23572.5 1464.75
23567.4 1448.28
23562.4 1431.78
23557.5 1415.22
23553.2 1400.07
23545 1369.66
23545 1369.66
23541.1 1354.4
23537.3 1339.11
23533.7 1323.78
23523.9 1295.19
23523.9 1295.19
23520.9 1281.25
23518.1 1267.27
23515.5 1253.28
23510.5 1225.22
23510.5 1225.22
23508.1 1211.16
23506.2 1198.56
23504.3 1185.95
23502.6 1173.32
23499.4 1148.01
23499.4 1148.01
23498 1135.34
23496.7 1122.66
23494.6 1098.75
23494.6 1098.75
23493.7 1087.53
23492.3 1065.08
23492.3 1065.08
23491.3 1042.6
23491.3 1042.6
23490.9 1031.36
23490.7 1020.11
23490.4 997.613
23490.4 997.613
23490.5 987.863
23490.5 978.113
23490.5 968.363
23490.5 958.613
23490.7 948.863
23490.9 939.115
23491.1 929.369
23491.5 919.626
23492 909.887
23493.1 890.421
23493.1 890.421
23493.7 882.193
23494.3 873.965
23454.8 873.163
23455.4 864.93
23455.9 856.698
23456.6 846.975
23457.5 837.262
23458.5 827.56
23459.6 817.873
23460.8 808.201
23461.9 800.031
23463 792.608
23464.1 785.19
23465.5 776.295
23467 767.418
23468.6 758.561
23470.3 749.726
23471.8 742.383
23473.4 735.046
23475 727.717
23476.6 720.394
23478.2 713.079
23480 705.786
23481.8 698.516
23483.8 691.271
23485.8 684.052
23487.9 676.861
23489.7 671.13
23493.3 659.693
23493.3 659.693
23495.2 653.986
23497.1 648.288
23499 642.597
23500.9 636.915
23504.8 625.577
23504.8 625.577
23506.8 619.921
