23392.8 -3574.36
23392.8 -3574.36
23392.8 -3574.36
23392.8 -3574.36
23395.8 -3574.98
23400.9 -3576.02
23418.6 -3579.52
23418.6 -3579.52
23428.8 -3581.87
23438.9 -3584.53
23449 -3587.5
23468.9 -3594.35
23468.9 -3594.35
23488.3 -3602.4
23488.3 -3602.4
23497.8 -3606.79
23507.2 -3611.38
23516.6 -3616.17
23525.8 -3621.17
23536.2 -3627.11
23547.8 -3634.05
23559.3 -3641.24
23581.6 -3656.35
23581.6 -3656.35
23592.6 -3664.27
23613.9 -3680.82
23613.9 -3680.82
23624.3 -3689.44
23634.5 -3698.28
23644.5 -3707.35
23654.3 -3716.63
23663.9 -3726.12
23673.3 -3735.82
23682.5 -3745.72
23691.4 -3755.82
23722 -3758.22
23730.7 -3768.55
23739.2 -3779.08
23747.4 -3789.79
23763.1 -3811.73
23763.1 -3811.73
23774.7 -3829.26
23774.7 -3829.26
23780.3 -3838.14
23785.8 -3847.09
23796.4 -3865.21
23796.4 -3865.21
23801.5 -3874.37
23805.8 -3882.27
23810 -3890.24
23814.8 -3899.59
23819.4 -3909.01
23824 -3918.48
23828.4 -3928.02
23836.8 -3947.26
23836.8 -3947.26
23840.8 -3956.96
23844.7 -3966.71
23848.5 -3976.51
23852.1 -3986.36
23855.6 -3996.26
23858.5 -4004.78
23861.4 -4013.31
23864.2 -4021.86
23866.5 -4028.99
23868.8 -4036.13
23871 -4043.28
23873.3 -4050.45
23877.6 -4064.8
23899.5 -4073.03
23899.5 -4073.03
23904.4 -4090.36
23904.4 -4090.36
23906.8 -4099.04
23911.4 -4116.42
23911.4 -4116.42
23913.3 -4123.68
23915.2 -4130.95
23917 -4138.22
23918.8 -4145.5
23920.6 -4152.79
23922.3 -4160.09
23924 -4167.39
23925.7 -4174.7
23927.4 -4182.01
23929.1 -4189.31
23930.9 -4196.59
23934.5 -4211.15
23936.4 -4218.42
23936.4 -4218.42
23940 -4232.97
23940 -4232.97
23943.6 -4247.54
23945.4 -4254.81
23945.4 -4254.81
23947.3 -4262.06
23949.3 -4269.29
23951.4 -4276.5
23953.1 -4282.26
23954.8 -4288
23956.6 -4293.73
23958.9 -4300.87
23961.3 -4307.98
23963.7 -4315.08
23966.2 -4322.16
23970.3 -4333.43
23970.3 -4333.43
23973 -4340.43
23975.7 -4347.42
23978.5 -4354.38
23983.7 -4366.84
23983.7 -4366.84
23986.1 -4372.35
23988.5 -4377.84
23991.6 -4384.67
23994.7 -4391.48
23997.9 -4398.25
24001.2 -4405
24003.9 -4410.38
24006.6 -4415.73
24010 -4422.39
24013.9 -4429.68
24013.9 -4429.68
24015.3 -4432.34
24015.3 -4432.34
24018 -4437.7
24021.4 -4444.37
24024.9 -4451.02
23996.4 -4466.08
24000.7 -4473.97
24000.7 -4473.97
24000.7 -4473.97
24005 -4481.91
24005 -4481.91
24008.5 -4488.53
24012.8 -4496.43
24021.7 -4512.09
24021.7 -4512.09
24026.3 -4519.8
24031.1 -4527.42
24036 -4534.97
24041.9 -4543.67
24047.9 -4552.26
24060.4 -4569.13
24067.8 -4578.57
24067.8 -4578.57
24075.4 -4587.89
24083.1 -4597.08
24091 -4606.12
24100 -4616.15
24109.9 -4626.47
24121 -4637.6
24141.9 -4656.95
24141.9 -4656.95
24161.3 -4673.49
24171.3 -4681.5
24171.3 -4681.5
24191.5 -4697
24191.5 -4697
24201.8 -4704.48
24212.3 -4711.78
24222.9 -4718.9
24243.9 -4722.84
24265.7 -4736.05
24276.8 -4742.37
24288 -4748.5
24288 -4748.5
24297.9 -4753.73
24314 -4761.75
24314 -4761.75
24322.1 -4765.66
24330.3 -4769.49
24338.5 -4773.25
24346.7 -4776.94
24354.9 -4780.56
24371.5 -4787.58
24371.5 -4787.58
24379.8 -4790.99
24388.2 -4794.32
24396.6 -4797.57
24405 -4800.76
24413.4 -4803.86
24421.9 -4806.9
24430.4 -4809.86
24438.9 -4812.75
24447.5 -4815.56
24456 -4818.3
24464.6 -4820.96
24473.3 -4823.55
24481.9 -4826.06
24490.6 -4828.5
24499.2 -4830.86
24508 -4833.15
24516.7 -4835.36
24526.9 -4837.85
24537.1 -4840.25
24545.9 -4842.23
24560.5 -4838.73
24569.3 -4840.56
24587 -4844
24587 -4844
24595.9 -4845.6
24604.7 -4847.12
24613.6 -4848.57
24622.5 -4849.94
24631.4 -4851.23
24640.3 -4852.45
24649.3 -4853.58
24656.7 -4854.46
24671.6 -4856.03
24677.6 -4856.58
24683.6 -4857.13
24683.6 -4857.13
