-3542.51 -9733.21
-3474.17 -9787.48
-3405.37 -9841.16
-3336.1 -9894.24
-3266.36 -9946.7
-3196.18 -9998.56
-3125.54 -10049.8
-3054.46 -10100.4
-2982.94 -10150.4
-2910.99 -10199.8
-2838.61 -10248.6
-2765.8 -10296.7
-2692.58 -10344.1
-2618.95 -10391
-2544.91 -10437.2
-2470.47 -10482.7
-2395.64 -10527.6
-2320.41 -10571.8
-2244.81 -10615.4
358.031 -6138.75
391.487 -6165.27
426.644 -6188.87
460.643 -6214.84
491.72 -6246.77
530.374 -6264.19
563.423 -6292.92
600.711 -6313.3
636.488 -6336.98
677.534 -6349.46
716.178 -6367.04
747.737 -6400.76
-1229.72 -11120.6
-1149.36 -11154.7
-1068.72 -11188
-987.783 -11220.6
2000.27 -3761.8
958.602 -6565.68
1008.45 -6555.46
1048.54 -6571.08
1081.21 -6608.08
1124.34 -6615.49
1157.79 -6651.96
1194.8 -6678.67
1237.19 -6688.86
1269 -6734.1
1311.53 -6744.59
1344.13 -6790.31
1388.95 -6793.37
1428.4 -6816.33
1482.13 -6783.71
1547.53 -6700.02
2180.34 -4191.43
2196.36 -4212.56
2273.18 -3954.05
2292.08 -3951.92
2308.97 -3959.43
2328.55 -3953.03
1942.64 -6197.25
1977.38 -6218.57
2001.07 -6309.71
2044.47 -6282.13
2096.32 -6191.77
2145.07 -6111.75
2192.25 -6032.21
2238 -5952.16
2282.96 -5865.67
2324.09 -5801.59
2361.98 -5760.01
2399.85 -5709.09
2643.85 -2844.42
2652.87 -2829.01
2660.78 -2828.48
2668.76 -2825.89
2676.62 -2825.23
2684.32 -2829.49
2691.79 -2847.69
2699.91 -2838.83
2707.93 -2814.89
2715.6 -2803.88
2722.85 -2776.81
2730.89 -2805.67
2738.25 -2796.47
2746.25 -2807.19
2754.05 -2809.85
2763.17 -2834.4
2771.26 -2836.91
2779.47 -2840.34
2787.91 -2845.68
2796.73 -2853.94
2805.5 -2860.12
2815.58 -2877.16
2819.35 -2838.48
2818.9 -2772.03
2823.81 -2753.22
2828.97 -2738.36
2838.62 -2754.1
2846.13 -2754.93
2883.25 -2927.16
2916.96 -3063.36
3180.53 -4392.56
3211.01 -4433.48
2989.27 -3262.18
2984.92 -3186.42
3198 -4074.33
2997.84 -3143.49
2997.45 -3096.27
3042.42 -3230.37
3056.82 -3239.03
3113.07 -3399.94
3294.6 -3992.98
3331.94 -4054.04
3366.34 -4101.2
3380.21 -4079.17
3395.27 -4061.82
3409.46 -4042.48
3422.07 -4019.26
3428.05 -3978.06
3447.59 -3976.43
3460.56 -3956.79
3472.9 -3936.15
3483.84 -3912.66
3492.95 -3885.41
3502.4 -3860.01
3516.5 -3846.58
3526.08 -3822.94
3535.3 -3799.29
3525.26 -3733.69
3559 -3765.56
3571.14 -3749.95
3581.33 -3730.67
3594.8 -3718.53
3613.08 -3716.1
3618.55 -3688.61
3625.93 -3665.59
3639.62 -3654.9
3648.86 -3636.21
3652.95 -3608.78
3667.07 -3599.63
3676.56 -3582.59
3689.41 -3571.52
3694.35 -3547.54
3698.95 -3523.6
3712.28 -3514.07
3718.49 -3493.51
3740.88 -3498.03
3743.4 -3472.37
3756.26 -3462.47
3766.17 -3448.37
3768.4 -3423.59
3778.47 -3410.26
3433.85 -2914.05
3299.27 -2716.31
3304.3 -2708.76
3445.88 -2877.41
3819.1 -3333.25
3823.16 -3313.4
3838.36 -3307.51
3843.94 -3289.94
3851.88 -3275.42
3866.19 -3268.45
3872.55 -3252.3
3873.38 -3230.19
3890.74 -3226.66
3896.58 -3210.44
3906.34 -3198.59
3918.06 -3188.84
3929 -3178.26
3923.64 -3151.26
3926.43 -3132.89
3856.6 -3044.15
3889.42 -3056.22
3966.98 -3109.57
3970.62 -3092.46
3979.23 -3080.08
3981.76 -3062.32
3990.84 -3050.53
3946.75 -2993.01
3463.4 -2565.79
3351.21 -2461.45
3356.6 -2456.48
3592.15 -2635.93
4033.59 -2970.89
4041.04 -2958.08
4054.74 -2950.07
4052.37 -2929.93
3882.73 -2787.64
3865.81 -2759.87
4038.87 -2866.81
4102.07 -2893.34
4106.29 -2878.35
4107.86 -2861.7
4112.59 -2847.29
4118.86 -2833.94
4125.85 -2821.09
4135.28 -2809.76
4152.31 -2803
4162.45 -2791.92
4159.55 -2773.19
4161.64 -2757.54
4166.19 -2743.39
4194.28 -2742.19
4187.22 -2721.65
4204.69 -2714.32
4210.59 -2700.8
4228.87 -2693.53
4215.74 -2670.54
4226.65 -2659.55
4242.92 -2650.98
4241.88 -2634.24
4247.06 -2620.45
4256.69 -2608.63
4280.02 -2602.6
4283.98 -2588.11
4301.7 -2579.28
4306.38 -2565
4298.81 -2545.99
4316.28 -2536.71
4309.32 -2518.19
4317.22 -2505.23
4325.95 -2492.51
4350.69 -2485.14
4345.97 -2467.68
4372.52 -2460.39
4368.48 -2443.21
4368.11 -2427.29
4389.67 -2417.84
4405.42 -2406.42
4403.72 -2390.04
4398.97 -2372.97
4414.4 -2361.17
4431.7 -2349.61
4438.22 -2335.26
4440.72 -2319.96
4435.26 -2302.95
4456.08 -2291.54
4456.22 -2275.71
4469.98 -2262.52
4478.72 -2248.22
4485.38 -2233.46
4502.76 -2220.36
4507.21 -2205.02
4515.48 -2190.19
4519.66 -2174.71
4528.68 -2159.79
4560.41 -2147.43
4575.16 -2132.69
4568.9 -2115.62
4579.41 -2100.22
4586.8 -2084.4
4614.01 -2069.94
4595.2 -2052.03
4628.15 -2037.38
4614.03 -2019.93
4621.74 -2003.6
4646.3 -1987.64
4652.73 -1970.87
4676.01 -1954.21
4680.14 -1937.08
4691.13 -1919.84
4683.97 -1902.66
4714.65 -1884.75
4706.18 -1867.52
4733.54 -1848.99
4746.74 -1830.66
4748.79 -1812.73
4771.64 -1793.37
4780.34 -1774.64
4770.94 -1757.26
4808.18 -1735.7
4794.47 -1718.61
4827.34 -1696.61
4849.05 -1675.31
4843.77 -1657.04
4664.95 -1662.57
4467.61 -1673.94
4680.75 -1625.31
4897.1 -1572.29
4903.75 -1551.53
4911.19 -1530.44
4925.3 -1507.89
4938.2 -1485.25
4961.65 -1460.12
4978.96 -1435.81
4994.06 -1411.61
5003.08 -1388.49
5013.81 -1364.7
5028.17 -1339.69
5063.54 -1308.77
5069.6 -1285.1
5088.91 -1257.47
5094.46 -1233.38
5119.89 -1203.07
5141.14 -1173.46
5137.31 -1151.37
5145.61 -1125.2
5192.46 -1085.63
5208.59 -1055.75
5208.4 -1031.28
5225.79 -1000.16
5259.65 -962.278
5281.85 -928.093
5292.51 -897.902
5313.02 -863.277
4040.57 -1371.31
3988.8 -1379.89
4244.74 -1253.8
5093.74 -854.575
5057.03 -846.403
5049.29 -825.118
5026.96 -810.848
5002.76 -797.769
4963.33 -792.688
4955.99 -771.702
4938.72 -755.887
4915.18 -743.602
4875.82 -740.307
4875.83 -715.591
4857.34 -701.219
4811.99 -702.713
4802.06 -683.914
4793.68 -664.157
4751.95 -664.998
4738.3 -648.84
4708.55 -643.113
4700.59 -623.536
4689.94 -605.669
4657.66 -602.537
4632.04 -595.301
4631.75 -570.501
4596.29 -570.753
4590.8 -549.619
4564.27 -544.048
4546.54 -532.171
4521.63 -526.012
4520.29 -501.591
4486.72 -502.773
4466.46 -493.666
4468.45 -466.243
4449.51 -456.137
4426.74 -449.516
4404.74 -442.52
4386.48 -432.462
4372.61 -418.572
4346.88 -415.68
4338.7 -396.663
4309.38 -397.744
4298.09 -381.76
4279.56 -372.902
4261.69 -363.539
4252.84 -345.05
4235.5 -335.271
4212.62 -331.505
4208.11 -308.176
4223.47 -262.584
4295.35 -152.401
4295.59 -120.589
4292.79 -91.6701
4265.71 -90.9208
4243.85 -84.3487
4240.33 -55.5471
4210.79 -58.6606
4184.5 -58.2175
4180.35 -29.6092
4037.32 -183.315
3997.52 -204.678
3977.1 -200.78
3955.54 -198.73
3941.54 -186.303
3922.29 -181.387
3892.93 -191.559
3883.27 -172.994
3867.34 -163.669
3864.32 -134.294
3849.14 -123.453
3818.61 -137.412
3812.77 -111.565
3800.95 -95.1431
3777.85 -97.8018
3775.7 -64.2434
3811.11 37.4968
3854.9 158.409
3834.27 163.904
3812.24 166.543
3798.47 184.965
3775.48 185.44
3760.07 200.927
3735.36 197.385
3718.47 209.861
3702.26 224.021
3694.09 256.301
3666.53 245.568
3645.54 249.227
3634.98 277.592
3618.33 292.051
3599.64 301.74
3578.69 305.68
3564.45 327.196
3545.76 337.372
3528.64 352.1
3507.71 356.314
3486.12 358.442
3468.62 372.717
3455.5 401.15
3436.9 413.287
3411.83 404.207
3395.34 423.677
3379.65 446.885
3358.36 450.698
3341.11 469.796
3319.41 472.294
3296.77 470.71
3276.71 479.623
3256.76 489.344
3237.74 503.787
3221.15 530.811
3201.41 543.996
3183.7 568.814
3162.59 576.779
3140.19 577.666
3117.81 578.353
3075.47 448.364
2999.3 67.4276
3030.55 429.585
3034.8 628.717
3013.63 641.376
2993.56 665.788
2973.18 691.04
2949.12 680.28
2914.02 532.764
2900.81 647.136
2883.04 721.539
2860.51 733.921
2838.25 756.1
2814.08 738.121
2776.95 275.124
2765.81 659.528
2745.03 806.895
2721.14 806.087
2703.24 -369.915
2688 -252.055
2648.12 867.395
2623.75 865.738
2600.11 845.885
2579.01 780.886
2557.6 740.693
2540.05 652.442
2524.93 552.128
1875.96 8035.17
2495.1 403.122
2477.78 371.301
2450.8 431.798
2426.18 463.197
2418.26 359.444
2495.62 -354.572
2446.26 -112.094
2293.93 768.035
2264.59 799.819
2221.23 909.143
2203.8 864.419
2171.76 900.16
2142.97 915.939
2109.17 953.944
2082.11 957.374
2053.18 968.353
2024.69 976.126
1992.92 996.247
1967.41 989.868
1959.58 916.552
1895.47 1053.61
1866.2 1057.93
1833.99 1071.56
1811.87 1050.38
1765.1 1109.26
1727.61 1135.17
1683.01 1180.59
1658.81 1162.98
1607.74 1222.58
-674.727 7479.45
2295.01 -804.362
-838.43 7418.92
1438.84 1334.95
1406.32 1333.94
1349.44 1391.82
1309.66 1405.63
1233.94 1501.66
1098.36 1728.37
1074.73 1695.93
1054.47 1657
1029.64 1628.84
1012.14 1586.12
973.99 1586.4
925.342 1606.81
875.748 1627.53
814.934 1668
714.887 1778.99
436.974 2208.39
361.808 2258.15
293.553 2293.04
-2332.75 6704.86
1916.68 -596.663
30.0993 2481.25
-34.1064 2499.33
-111.117 2536.07
-196.557 2583.57
-2777.74 6429.05
-382.781 2693.36
-408.359 2644.71
-436.178 2600.06
-462.882 2554.47
-470.313 2482.8
-3207.7 6130.33
-3277.81 6078.37
-3347.46 6025.8
-3416.66 5972.63
-3485.39 5918.85
-852.261 2503.55
-1012.4 2620.88
218.404 1062.96
220.189 1008.3
211.63 966.764
-3887.67 5583.79
-3952.98 5525.92
-4017.79 5467.48
-4082.09 5408.48
-4145.87 5348.92
-4209.13 5288.81
-4271.86 5228.14
-4334.06 5166.93
-4395.72 5105.18
-4456.84 5042.89
-4517.42 4980.08
-4577.44 4916.73
-4636.91 4852.87
-4695.82 4788.49
-4754.17 4723.59
-4811.94 4658.19
-4869.15 4592.29
-4925.78 4525.89
-4981.83 4459
-5037.29 4391.63
-5092.15 4323.77
