21749.3 2960.03
21749.3 2960.03
21749.3 2960.03
21749.3 2960.03
21749.3 2960.03
21749.3 2960.03
21749.3 2960.03
21749.3 2960.03
21749.3 2960.03
21749.3 2960.03
21749.3 2960.03
21749.3 2960.03
21749.3 2960.03
21749.3 2960.03
21749.3 2960.03
21749.3 2960.03
21749.3 2960.03
21749.3 2960.03
21749.3 2960.03
21749.3 2960.03
21749.3 2960.03
21749.3 2960.03
21749.3 2960.03
21749.3 2960.03
21749.3 2960.03
21749.3 2960.03
21749.3 2960.03
21731.8 2946.63
21731.8 2946.63
21731.8 2946.63
21731.8 2946.63
21731.8 2946.63
21731.8 2946.63
21731.8 2946.63
21731.8 2946.63
21731.8 2946.63
21731.8 2946.63
21731.8 2946.63
21731.8 2946.63
21731.8 2946.63
21731.8 2946.63
21731.8 2946.63
21731.8 2946.63
21731.8 2946.63
21731.8 2946.63
21731.8 2946.63
21731.8 2946.63
21731.8 2946.63
21731.8 2946.63
21731.8 2946.63
21731.8 2946.63
21733.3 2952.27
21733.3 2952.27
21733.3 2952.27
21733.3 2952.27
21733.3 2952.27
21733.3 2952.27
21733.3 2952.27
21733.3 2952.27
21733.3 2952.27
21730.3 2951.75
21724.4 2950.51
21715.7 2948.41
21704.1 2945.31
21689.7 2941.06
21689.7 2941.06
21674.7 2936.33
21664.6 2934.64
21655.4 2931.59
21648.9 2929.48
21644.7 2928.07
21644.7 2928.07
21644.7 2928.07
21644.7 2928.07
21641.8 2927.13
21636.2 2925.15
21627.7 2922.03
21616.5 2917.69
21602.6 2912.01
21586.1 2904.9
21569 2897.2
21550.1 2888.08
21530.8 2876.74
21509.5 2865.63
21488.6 2853.97
21466.6 2840.99
21444.4 2827.05
21422.5 2812.54
21403.5 2799.17
21386.5 2786.81
21370.3 2774.6
21354.4 2762.11
21338.7 2749.35
21323.2 2736.31
21307.9 2723
21292.9 2709.43
21278.1 2695.6
21263.5 2681.52
21251.4 2669.3
21239.4 2656.88
21225.6 2642.05
21212.1 2626.98
21199.8 2612.81
21187.8 2598.44
21162.8 2584.89
21150.3 2569.01
21138 2552.92
21138 2552.92
21114.3 2520.1
21102.8 2503.38
21092.5 2487.72
21082.5 2471.89
21072.7 2455.88
21063.2 2439.7
21063.2 2439.7
21045.1 2406.86
21036.5 2390.21
21028.2 2373.41
21020.2 2356.46
21020.2 2356.46
21004.4 2320.79
20996.7 2302.07
20996.7 2302.07
20983.3 2267.03
20976.6 2247.92
20970.2 2228.71
20970.2 2228.71
20963 2192
20958 2173.93
20952.9 2154.32
20948.2 2134.62
20943.9 2114.85
20940.2 2096.47
20936.8 2078.04
20933.4 2058.06
20930.5 2038.03
20927.8 2017.95
20925.5 1997.83
20923.3 1974.68
20921.5 1951.5
20920.1 1928.3
20919.1 1905.07
20919.1 1905.07
20918.4 1858.58
20918.6 1838.33
20919.1 1818.08
20920 1799.35
20921.1 1780.64
20922.6 1761.95
20924.4 1743.29
20926.6 1724.66
20929 1706.07
20931.6 1687.51
20939.5 1660.05
20942.5 1641.53
20945.3 1624.53
20948.4 1607.54
20948.4 1607.54
20954.9 1573.66
20958 1558.23
20961.3 1542.83
20964.8 1527.46
20968.3 1512.12
20972 1496.81
20975.9 1481.53
20979.5 1467.74
20983.2 1453.99
20987 1440.26
20991 1426.57
20995 1412.91
20999.2 1399.29
21003.5 1385.71
21007.5 1373.59
21011.5 1361.5
21015.7 1349.46
21020 1337.44
21024.4 1325.47
21028.9 1313.54
21033.4 1301.64
21037.6 1291.18
21041.8 1280.76
21100.3 1385.15
21104.7 1374.76
21109.1 1364.42
21114.2 1352.74
21119.4 1341.11
21124 1330.84
21128.6 1320.58
21133.2 1310.31
21137.8 1300.05
21142.4 1289.79
21147 1279.52
21151 1270.62
21155 1261.73
21159 1252.83
21163 1243.94
21163 1243.94
21171 1226.14
21175 1217.25
21179 1208.35
21182.9 1199.45
21187 1190.59
21191.2 1181.77
21195.4 1172.98
21199.6 1164.19
21203.8 1155.4
21208 1146.61
21212.3 1137.83
21216.5 1129.04
21220.7 1120.25
21224.9 1111.46
21229.2 1102.67
21233.4 1093.88
21237.7 1085.13
21242 1076.42
21242 1076.42
21250.9 1059.07
21255.4 1050.39
21259.8 1041.72
21264.3 1033.04
21268.7 1024.37
21273.2 1015.69
21277.6 1007.02
21282.2 998.38
21286.8 989.784
21291.4 981.228
21296.2 972.714
21218.7 834.488
21223.3 825.91
21227.9 817.331
21232.6 808.752
21238.1 798.948
21243.9 789.318
21250 779.869
21256.4 770.612
21262.2 762.761
21268.2 755.091
21274.5 747.608
21280.9 740.32
21287.6 733.233
21294.5 726.353
21301.7 719.688
21307.9 714.235
21314.2 708.973
21321.9 702.987
21329.8 697.239
21336.6 692.581
21343.5 688.133
21350.6 683.899
21356.5 680.613
21362.5 677.562
21365.9 675.999
