-765.692 -7844.45
-703.595 -7905.76
-640.964 -7966.53
-577.803 -8026.75
-514.121 -8086.42
-449.922 -8145.52
-385.209 -8204.07
-319.986 -8262.04
-254.259 -8319.45
-188.035 -8376.28
-121.318 -8432.53
-54.1131 -8488.2
13.5758 -8543.28
81.744 -8597.76
150.385 -8651.65
219.492 -8704.94
289.061 -8757.62
359.09 -8809.69
429.568 -8861.15
5559.8 -1788.89
5581.39 -1777.19
5598.21 -1771.79
5627.14 -1747.91
5638 -1750.33
5653.73 -1745.07
5665.03 -1746.38
5683.71 -1735.67
5699.02 -1729.84
5707.52 -1734.97
5722.12 -1729.67
5739.58 -1718.99
5760.25 -1701.99
5765.11 -1712.71
5779.63 -1705.83
5790.25 -1705.84
5802.67 -1702.18
5822.22 -1684.11
5827.65 -1693.54
5837.57 -1693.95
5850.03 -1688.84
5853.95 -1701.73
5872.1 -1683.65
5877.75 -1692.75
5891.07 -1684.39
5899.16 -1687.85
5914.52 -1673.67
5924 -1673.21
5933.82 -1671.72
5941.44 -1675.74
5953.28 -1668.44
5959.53 -1676.06
5970.2 -1671.37
5979.46 -1670.35
5995 -1650.26
6003.4 -1650.91
6010.29 -1656.25
6020.46 -1651.01
6030.79 -1644.71
6038.25 -1647.91
6048.94 -1639.47
6057.4 -1638.66
6064.09 -1644.54
6077.1 -1625.13
6083.74 -1630.85
6091.8 -1630.68
6101.99 -1620.67
6108.07 -1629.13
6116.85 -1624.82
6124.22 -1627.29
6133.07 -1621.83
6143.35 -1607.41
6148.8 -1620.51
6156.63 -1619.74
6166.04 -1608.02
6173.18 -1611.06
6179.97 -1617.02
6188.18 -1612
6196.41 -1605.91
6205.54 -1589.79
6212.14 -1597.48
6218.69 -1607.1
6226.78 -1598.73
6234.31 -1596.26
6241.56 -1597.73
6249.18 -1592.13
6256.49 -1591.47
6264.15 -1579.75
6271 -1592.95
6278.35 -1588.09
6285.64 -1580.17
6292.81 -1583.19
6300.06 -1588.14
6307.29 -1588.04
6313.99 -1568.87
6321.53 -1581.63
6328.57 -1578.34
6335.34 -1570.99
6341.91 -1562.59
6348.64 -1558.13
6356.41 -1567.56
6363.46 -1566.96
6371.19 -1573.27
6376.59 -1556.63
6382.74 -1548.9
6391.24 -1560.97
6397.44 -1554.12
6404.51 -1554.15
6410.99 -1550.17
6419.95 -1561.93
6424.78 -1547.95
6434.47 -1562.51
6434.66 -1524.86
6441.72 -1525.54
6453.03 -1546.73
6459.9 -1545.29
6464.78 -1535
6468.37 -1519.82
6478.06 -1530.88
6480.89 -1513.7
6489.48 -1519.76
6505.24 -1551.79
6515.38 -1561.45
6524.59 -1567.15
6531.35 -1564.12
6541.89 -1573.46
6547.78 -1567.43
6563.22 -1590.82
6566.63 -1577.04
6573.1 -1572.72
6586.57 -1588.12
6597.58 -1595.84
6613.32 -1615.6
6627.98 -1631.41
6640.74 -1641.46
6652.19 -1647.64
6682.23 -1697.99
7724.07 -4116.16
7327.48 -3129.55
7304 -3021.84
7322.04 -3009.28
7328.91 -2973.03
7357.7 -2983.73
7381.03 -2982.42
7403.97 -2979.98
7476.18 -3073.43
7526.46 -3120.6
7501.78 -3025.06
7524.86 -3020.55
7542.12 -3005.33
7559.69 -2990.85
7574.1 -2971.05
7594.37 -2961.49
7611.99 -2947.46
7616.88 -2912.86
7644.13 -2914.76
7660.74 -2899.5
7678.27 -2885.79
7690.13 -2863.62
7712.93 -2857.95
7821.51 -2976.32
7881.64 -3020.96
7866.38 -2958.21
12185.2 -8837.54
10213.3 -6037.49
10436.6 -6237.5
10876.7 -6710.46
10807.5 -6516.01
10941.2 -6581.08
10793.1 -6295.87
10914 -6344.19
10895.5 -6224.11
11018.5 -6271.77
11255.8 -6447.29
11291.3 -6388.05
11520.7 -6543.74
11516.8 -6439.01
11607.8 -6437.72
11668.9 -6403.42
11708.9 -6346.94
11761.7 -6303.72
11740.4 -6186.61
11885.5 -6234.68
11951.1 -6202.98
11999.8 -6154.76
12047.4 -6105.42
11827.9 -5812.3
11666.4 -5579.53
11821.5 -5632.26
12202.5 -5877.05
12102.2 -5702.17
12035.4 -5559.57
11820.5 -5298.6
11286.2 -4787.51
11277.3 -4709
11231 -4602.7
10972.8 -4336.62
10792.7 -4137.17
10585.3 -3923.36
10416.7 -3743.91
10273 -3587.35
10131.8 -3436.97
9978.43 -3282.49
9976.23 -3234.05
10016.9 -3214.46
9820.68 -3041.22
9613.3 -2866.26
9457.49 -2728.9
9384.92 -2646.52
9283.7 -2549.12
9226.74 -2480.45
9152.35 -2403.45
9096.88 -2339.16
9027.38 -2268.73
8987.66 -2216.27
8998.51 -2191.75
9005.58 -2165.31
9040.93 -2153.32
9065.54 -2135.5
9084.64 -2114.73
9091.85 -2088.15
9128.74 -2075.44
9132.83 -2047.33
9171.39 -2034.63
9191.59 -2013.41
9211.64 -1991.95
9225.06 -1967.56
9256.83 -1950.48
9263.39 -1923.1
9301.47 -1907.81
9302 -1878.01
9265.57 -1835.03
9196.55 -1781.48
9161.84 -1741.2
9135.19 -1704.44
9084.32 -1660.55
9058.68 -1625.68
9017.34 -1586.68
8985.12 -1551.3
8984.23 -1525.57
9003.35 -1505.49
9031.99 -1487.7
8987.87 -1450.83
8973.42 -1422.24
8930.46 -1387.23
8903.67 -1356.81
8865.81 -1324.56
8847.16 -1297.12
8819.41 -1268.28
7556.96 -1002.6
7395.76 -961.624
7377.78 -948.543
7372.49 -937.912
7365.11 -927.079
7355.65 -916.097
7340.14 -904.469
7327.49 -893.51
7307.77 -881.944
7319.74 -874.291
7328.66 -866.131
7304.66 -854.727
7319.41 -847.071
7309.17 -837.254
7339.74 -830.4
7331.34 -820.715
7313.86 -810.73
7318.27 -801.969
7344.59 -793.86
7359.84 -785.028
7383.03 -776.057
7390.13 -766.575
7402.15 -756.96
7409.09 -747.19
7421.94 -737.182
7436.7 -726.892
7435.38 -716.933
7464.93 -705.581
7469.41 -695.068
7478.79 -684.158
7500.03 -672.218
7503.21 -661.351
7508.29 -650.242
7526.2 -637.766
7544.98 -624.863
7551.71 -613.004
7570.23 -599.532
7598.52 -584.401
7609.82 -571.164
7621.97 -557.567
7650.77 -541.05
7647.83 -529.361
7667.43 -513.667
7682.92 -498.35
7700.22 -482.359
7714.4 -466.651
7607.18 -476.698
7517.81 -484.663
7506.6 -476.011
7483.68 -470.358
7492.75 -457.036
7492.97 -445.805
7472.81 -440.023
7468.05 -430.262
7442.08 -426.666
7465.97 -408.628
7446.62 -403.393
7451.09 -390.902
7421.22 -389.5
7424.59 -377.418
7456.17 -355.425
7490.28 -331.846
7517.49 -310.049
7661.41 -243.735
7721.23 -206.94
7700.55 -200.744
7697.48 -187.713
7703.51 -170.848
7690.05 -162.079
7678.37 -152.698
7670.29 -141.841
7664.85 -129.83
7645.72 -124.233
7635.62 -114.598
7620.96 -107.292
7610.75 -97.9517
7620.06 -78.7132
7595.47 -76.8765
7583.29 -68.8191
7577.22 -57.5694
7567.55 -48.3195
7566.51 -34.2431
7549.76 -29.1622
7537.32 -21.7715
7543.68 -3.17344
7533.62 5.63097
7515.89 9.53316
7503.24 16.4186
7494.75 25.874
7494.52 40.7761
7488.32 51.8076
7477.08 59.3835
7472.35 71.4268
7459.36 77.6268
7443.13 81.3057
7439.76 94.3086
7425.89 99.4721
7415.19 106.9
7410.73 119.145
7406.15 131.378
7393.68 137.289
7383.51 144.963
7373.28 152.528
7367.56 163.89
7367 179.824
7349.04 180.542
7344.51 193.091
7343.52 209.018
7334.3 217.481
7325.74 226.547
7311.35 229.969
7298.41 234.62
7288.99 242.664
7283.71 254.907
7287.3 276.503
7266.55 272.801
7259.55 283.472
7258.5 300.747
7243.87 303.192
7233.9 310.715
7225.19 319.657
7216.38 328.529
7211.35 341.933
7206.78 356.104
7194.5 360.938
7179.72 362.508
7180.34 383.636
7166.08 385.79
7160.26 398.981
7148.93 404.911
7147.53 424.505
7130.22 422.149
7129.6 443.372
7125.29 459.721
7109.05 458.652
7095.64 461.568
7089.3 475.26
7081.71 487.244
7072.39 496.643
7059.31 499.998
7050.86 510.944
7049.87 534.779
7036.05 537.015
7018.83 533.01
7012.35 548.067
7004.72 561.349
6993.17 567.525
6983.86 578.041
6981.21 601.873
6965.75 600.676
6961.72 622.706
6945.35 619.47
6936.24 631.477
6924.08 637.053
6920.78 662.639
6903.58 657.065
6899.37 681.702
6886.39 686.03
6880.09 706.945
6867.64 712.959
6851.56 709.525
6844.64 730.295
6831.63 735.068
6824.87 757.651
6814.2 769.82
6798.32 766.735
6792.35 793.942
6779.68 801.12
6765.46 803.41
6753.78 814.205
6741.13 822.03
6729.43 833.609
6714.75 834.474
6706.79 861.357
6699.59 893.075
6688.4 910.196
6691.21 989.635
6678.93 1006.73
6667.42 1028.64
6653.78 1041.66
6638.43 1046.72
6625 1062.47
6611.83 1081.08
6598.54 1100.58
6585.54 1123.94
6570.11 1133.36
6554.82 1144.64
6541.28 1170.67
6524.43 1172.78
6510.35 1199.58
6495.09 1219.33
6480.07 1244.92
6463.51 1257.46
6445.98 1259.88
6429.17 1273.13
6413.67 1312.19
6395.49 1311.18
6379.08 1351.98
6360.72 1354.66
6342.76 1375.18
6324.59 1405.55
6305.74 1411.76
6286.76 1426.8
6267.4 1453.68
6247.39 1489.38
6227.99 1480.92
6206.82 1524.25
6185.71 1549.4
6164.27 1572.36
6142.66 1591.12
6120.44 1613.67
6098.61 1626.05
6075.04 1655.15
6051.14 1682.04
6028.89 1688.8
6009.26 1671.52
5989.92 1654.08
5968.74 1652.35
5944.6 1671.22
5917.12 1709.63
5889.25 1745.77
5865.4 1754
5835.76 1793.5
5804.66 1836.61
5773.35 1876.42
5744.13 1902.17
5714.42 1927.6
5682.69 1959.55
5646.28 2008.68
5610.38 2051.54
5579.3 2071.68
5538.98 2125.35
5501.58 2164.05
5462.64 2205.2
5422.09 2248.78
5395.59 2242.04
5433.29 2026.72
5309.76 2331.75
5244.27 2440.92
5193.4 2499.89
5146 2544.99
5093.38 2601.75
5041.74 2652.21
4984.56 2714.18
4928 2770.74
4867.04 2834.95
4801.47 2906.69
4738.39 2968.32
4663.52 3053.96
4582.24 3149.56
4551.05 3128.11
4564.26 3010.05
4339.59 3404.1
4247.56 3503.23
4150.14 3608.25
4055.66 3702.05
3947.08 3818.55
3825.64 3953.87
5005.6 1646.91
4934.85 1726.9
4884.98 1765.64
3305.87 4492.64
3147.26 4661.02
2977.35 4840.78
2804.58 5017.12
4270.32 2523.68
4613.36 1913.88
4711.91 1708.78
4693.71 1689.88
4676.83 1669.18
4660.18 1648.38
4644.92 1625.82
4613.24 1626.91
4589.57 1616.24
397.063 7319.15
326.792 7267.41
256.975 7215.06
187.617 7162.1
118.725 7108.53
50.2984 7054.37
-17.6489 6999.61
-85.116 6944.26
-152.097 6888.32
-218.587 6831.81
-284.582 6774.71
-350.077 6717.04
-415.065 6658.8
-479.542 6600
-543.504 6540.63
-606.949 6480.71
-669.866 6420.24
-732.252 6359.22
-794.103 6297.66
