-0 -0
-0 -0
-0 -0
-0 -0
-0 -0
-0 -0
-0 -0
-0 -0
-0 -0
-0 -0
-0 -0
-0 -0
-0 -0
-0 -0
-0 -0
-0 -0
-0 -0
-0 -0
-0 -0
-0 -0
-0 -0
-2.63719 -3.83713
-2.64666 -3.92383
-2.61342 -3.94845
-2.65838 -4.09355
-2.30931 -3.6249
-2.24792 -3.59742
-2.51531 -4.10461
-2.40935 -4.00983
-2.37934 -4.03932
-2.457 -4.25565
-2.31439 -4.09067
-2.19619 -3.96203
-2.44448 -4.50218
-2.58209 -4.85621
-2.38401 -4.57964
-2.92097 -5.73274
-2.8927 -5.80186
-2.44743 -5.01797
-2.34801 -4.9227
-2.56445 -5.49948
-2.51014 -5.508
-2.40137 -5.39357
-2.41522 -5.55463
-2.50341 -5.89767
-2.4706 -5.96457
-2.59378 -6.41982
-2.54388 -6.45803
-2.66841 -6.95144
-2.72216 -7.28075
-2.76865 -7.60681
-2.78595 -7.86729
-2.71459 -7.88373
-2.66948 -7.97825
-2.58122 -7.94417
-2.52112 -7.99596
-2.47025 -8.07982
-2.41044 -8.1375
-2.39474 -8.35144
-2.35758 -8.50115
-2.30452 -8.6006
-2.24616 -8.68525
-2.19036 -8.78506
-2.11642 -8.81551
-2.07945 -9.00708
-2.04124 -9.20745
-1.99741 -9.39706
-0 -0
-0 -0
-0 -0
-0 -0
-0 -0
-0 -0
-0 -0
-0 -0
-0 -0
-0 -0
-0 -0
-0 -0
-0 -0
-0 -0
-0 -0
-0 -0
-0 -0
-0 -0
-0.316503 -7.24909
-0.244366 -6.99773
-0.175988 -6.7207
-0.108869 -6.23705
-0.0509368 -5.83678
4.19391e-07 -5.555
0.0454828 -5.2118
0.0900892 -5.16121
0.134863 -5.15023
0.180116 -5.15786
0.225774 -5.17107
0.270943 -5.16991
0.316353 -5.17233
0.361199 -5.16539
0.408772 -5.19394
0.453907 -5.18818
0.500123 -5.19398
0.546056 -5.19538
0.593637 -5.21029
0.640667 -5.21781
0.68696 -5.21797
0.734138 -5.22366
0.779694 -5.21706
0.829102 -5.23475
0.876238 -5.23619
0.923809 -5.23918
0.972044 -5.24468
1.02083 -5.25171
1.06981 -5.25828
1.12064 -5.27222
1.17527 -5.30129
1.22351 -5.2996
1.27741 -5.32081
1.33009 -5.33469
1.37559 -5.319
1.43256 -5.3464
1.48424 -5.352
1.53365 -5.34846
1.59077 -5.37035
1.64401 -5.3773
1.69779 -5.38469
1.75182 -5.39154
3.13687 -9.37513
3.21108 -9.32565
3.27097 -9.23694
3.30939 -9.09247
3.28635 -8.78973
3.3382 -8.6963
3.3326 -8.46029
3.31452 -8.20372
3.37871 -8.15693
3.38647 -7.97802
3.36265 -7.73357
0.818761 -1.83897
0.838924 -1.84085
0.860028 -1.84434
0.833469 -1.74741
0.829837 -1.70142
0.809849 -1.62431
0.788128 -1.54679
0.788205 -1.51413
0.793407 -1.49218
0.797809 -1.46938
0.799451 -1.44225
0.802158 -1.41781
0.8025 -1.38997
0.805971 -1.36827
0.817881 -1.36118
0.822413 -1.34206
0.823495 -1.31787
0.815083 -1.27942
0.827307 -1.27394
0.827354 -1.24999
0.834316 -1.23692
0.82752 -1.20405
0.838569 -1.1976
0.848407 -1.18942
0.854052 -1.1755
0.851191 -1.15032
0.846152 -1.12288
0.86018 -1.12101
0.852075 -1.09061
0.857203 -1.07765
0.863428 -1.06624
0.868247 -1.05327
0.865192 -1.0311
0.867663 -1.0159
0.873215 -1.00452
0.871345 -0.984877
0.863178 -0.958657
0.866107 -0.94519
0.862728 -0.925162
0.881094 -0.928479
0.881522 -0.912842
0.880342 -0.895843
0.883176 -0.883176
0.875158 -0.860016
0.875437 -0.845399
0.884957 -0.839793
0.871774 -0.812942
0.900953 -0.825571
0.89326 -0.804295
0.891257 -0.788518
0.904142 -0.785959
0.888154 -0.758555
0.889378 -0.746276
0.899714 -0.741667
0.885169 -0.716796
0.911738 -0.72523
0.885724 -0.692003
0.898869 -0.689727
0.909646 -0.685467
0.909966 -0.673339
0.898818 -0.653029
0.899598 -0.641677
0.913355 -0.639538
0.917252 -0.63041
0.91277 -0.615671
0.913939 -0.604923
0.92086 -0.598014
0.916766 -0.584045
0.900627 -0.562774
0.91403 -0.560118
0.903454 -0.54285
0.932283 -0.549156
0.919719 -0.531
0.912133 -0.51606
0.919225 -0.509535
0.938577 -0.509606
0.93769 -0.498579
0.926926 -0.482527
0.942685 -0.480322
0.932522 -0.464938
0.931151 -0.454153
0.926955 -0.442135
0.934403 -0.435719
0.93089 -0.424231
0.938211 -0.417718
0.937235 -0.407522
0.943517 -0.400499
0.939585 -0.389189
0.943873 -0.38135
0.943443 -0.371632
0.942916 -0.361952
0.950722 -0.35546
0.943451 -0.343388
0.94924 -0.336143
0.923772 -0.31808
0.940737 -0.314766
0.944399 -0.306854
0.94418 -0.297699
0.942917 -0.288278
0.95019 -0.281459
0.961262 -0.275637
0.958812 -0.265902
0.947573 -0.253901
0.965243 -0.249629
0.969325 -0.24168
0.956812 -0.22971
0.957806 -0.221127
0.941149 -0.208648
0.963475 -0.204793
0.962286 -0.195779
0.945307 -0.183749
0.972439 -0.180231
0.982838 -0.173301
0.95867 -0.160426
0.955095 -0.151272
0.966268 -0.14441
0.964521 -0.135555
0.976573 -0.128568
0.9588 -0.117726
0.948861 -0.108109
0.971648 -0.102124
0.981461 -0.0945038
0.974278 -0.0852383
0.970001 -0.0763407
0.96664 -0.0675941
0.989152 -0.0604992
0.97666 -0.0511845
0.952093 -0.0415693
0.96841 -0.0338176
0.975666 -0.0255488
0.980851 -0.0171209
0.980963 -0.00856068
0.979 0
0.990962 0.00864795
0.968852 0.0169113
0.971667 0.0254441
0.988398 0.0345156
0.99705 0.0435321
0.99064 0.0519172
0.996139 0.0609263
0.986591 0.0689892
0.98296 0.0773607
0.980256 0.0857612
0.988428 0.0951748
0.991538 0.104215
1.00152 0.114109
1.00743 0.123697
1.00929 0.132876
0.99621 0.140008
1.00286 0.149879
1.00744 0.159563
0.998121 0.167028
0.983823 0.173475
1.00882 0.186974
1.00911 0.196152
1.01324 0.206147
1.00554 0.213733
1.00363 0.2225
1.00847 0.232824
1.01613 0.24395
0.996494 0.248454
1.00978 0.261146
1.02002 0.273313
1.01567 0.281669
1.0199 0.292451
1.02018 0.302192
1.01942 0.311668
1.01952 0.321454
1.02429 0.332811
1.02229 0.342054
1.01738 0.350311
1.02277 0.36218
1.0252 0.373144
1.01816 0.380675
1.0232 0.392771
1.02904 0.40535
1.02083 0.412442
1.05692 0.43779
1.06963 0.454029
1.06287 0.46215
1.05971 0.471814
1.0692 0.487264
1.07579 0.501648
1.07317 0.511878
1.06597 0.519908
1.05602 0.526513
1.08792 0.554322
1.08215 0.563333
1.07808 0.573225
1.07919 0.585951
1.08803 0.603103
1.0775 0.60962
1.09552 0.6325
1.07704 0.634423
1.08946 0.654613
1.10161 0.675068
1.09398 0.683596
1.08966 0.694191
1.09111 0.708575
1.09322 0.723589
1.10759 0.747082
1.09444 0.752187
1.0993 0.769739
1.11778 0.797305
1.10431 0.802327
1.10691 0.819071
1.09972 0.828699
1.10911 0.851048
4.68945 3.6638
4.60095 3.65976
4.52843 3.66705
4.46539 3.68098
4.40322 3.69474
4.33888 3.70575
4.27317 3.71461
4.20389 3.71929
4.1408 3.7284
4.07272 3.73196
4.01513 3.74417
3.95909 3.75704
3.90026 3.76644
3.84585 3.7793
3.78656 3.78656
3.71692 3.78237
3.67196 3.80243
3.61662 3.81112
3.56208 3.81986
3.49483 3.81394
3.45004 3.83166
3.40057 3.84364
3.3459 3.84902
3.28621 3.84765
3.24415 3.86623
3.19057 3.87047
3.13276 3.86863
3.08518 3.87861
2.7557 3.52714
2.61463 3.40745
2.57456 3.41656
2.52383 3.41076
2.48104 3.41486
2.43895 3.41928
2.40558 3.43552
2.36248 3.43743
2.32177 3.44216
2.28557 3.45312
2.24064 3.45029
2.20991 3.46887
2.16154 3.45919
2.1506 3.50947
2.15492 3.58639
2.08091 3.53268
2.0985 3.63471
2.10216 3.71555
2.12104 3.82646
2.13195 3.92655
2.14173 4.02801
2.10096 4.0359
2.06021 4.04339
2.02038 4.05226
1.97925 4.05805
1.93773 4.06254
1.9022 4.07929
1.85866 4.07845
1.81974 4.0872
1.77962 4.09284
1.73719 4.09256
1.69797 4.09925
1.65576 4.09815
1.61957 4.11152
1.57682 4.10775
1.53881 4.11574
1.50044 4.12243
1.46608 4.14008
1.42566 4.14043
1.38408 4.13659
1.35411 4.16753
1.37152 4.3499
1.44549 4.72797
1.4908 5.03284
1.45344 5.06873
1.41048 5.08604
1.36165 5.08174
1.31925 5.10117
1.27082 5.09696
1.22489 5.10203
1.17402 5.08524
1.1296 5.09529
1.07989 5.0805
1.03273 5.07601
0.986673 5.07599
0.942158 5.08343
0.894983 5.0757
0.851646 5.08923
0.806107 5.08956
0.763731 5.11024
0.718829 5.11473
0.675995 5.13469
0.629456 5.1265
0.588205 5.1626
0.544907 5.18444
0.498781 5.18004
0.453995 5.18918
0.408929 5.19593
0.36378 5.2023
0.318856 5.21326
0.273612 5.22084
0.228217 5.22702
0.182874 5.23681
0.136774 5.22321
0.0914156 5.2372
0.0457534 5.2428
3.95685e-07 5.241
-0.0453162 5.1928
-0.0907703 5.20021
-0.136696 5.22021
-0.181373 5.19383
-0.227693 5.21503
-0.273716 5.22283
-0.319345 5.22124
-0.365384 5.22524
-0.411911 5.23382
-0.458353 5.23899
-0.507695 5.27261
-0.561214 5.33959
-0.60926 5.3474
-0.658825 5.3657
-0.70719 5.37165
-0.757658 5.39102
-0.806151 5.39409
-0.837236 5.28611
-0.858909 5.13263
-0.879876 4.99002
-0.901155 4.8622
-0.920844 4.73733
-0.935434 4.59781
-0.949532 4.4672
-0.966835 4.36111
-0.987759 4.27846
-1.01432 4.22495
-1.03736 4.16063
-1.05685 4.08655
-1.07332 4.00569
-1.08953 3.92872
-1.10668 3.85947
-1.12413 3.79501
-1.13674 3.71811
-1.1502 3.64797
-1.15727 3.56171
-1.16958 3.49552
-1.1753 3.41332
-1.15297 3.25588
-1.18134 3.2457
-1.19141 3.18656
-1.20627 3.14243
-1.20835 3.06759
-1.22122 3.02262
-1.2376 2.98783
-1.24409 2.93089
-1.25367 2.88324
-1.25275 2.81372
-1.2673 2.78084
-1.27166 2.72708
-1.2868 2.69783
-1.28793 2.64066
-1.27925 2.56578
-1.28343 2.51888
-1.28366 2.46589
-1.29058 2.42722
-1.29835 2.39126
-1.30123 2.34748
-1.31083 2.31689
-1.3185 2.28371
-1.30742 2.21956
-1.29996 2.16349
-1.31147 2.14013
-1.32321 2.11758
-1.33573 2.09667
-1.336 2.05726
-1.33514 2.01717
-1.34374 1.99218
-0 0
-0 0
-0 0
-0 0
-0 0
-0 0
-0 0
-0 0
-0 0
-0 0
-0 0
-0 0
-0 0
-0 0
-0 0
-0 0
-0 0
-0 0
-0 0
-0 0
-0 0
-0 0
0 0
0 0
0 0
0 0
0 0
0 0
0 0
0 0
0 0
0 0
0 0
0 0
0 0
0 0
0 0
0 0
0 0
0 0
0 0
0 0
0 0
0 0
0 0
0 0
0 0
0 0
0 0
0 0
0 0
51.3842 12.1092
-1.66368