25178.5 -4085
25178.5 -4085
25178.5 -4085
25178.5 -4085
25176.7 -4082.59
25173.7 -4078.57
25170.8 -4074.55
25167.8 -4070.53
25164.8 -4066.51
25161.8 -4062.49
25160.6 -4060.88
25160.6 -4060.88
25160.6 -4060.88
25160.6 -4060.88
25160.6 -4060.88
25160.6 -4060.88
25160.6 -4060.88
25160.6 -4060.88
25160.6 -4060.88
25160.6 -4060.88
25160.6 -4060.88
25160.6 -4060.88
25160.6 -4060.88
25160.6 -4060.88
25160.6 -4060.88
25160.6 -4060.88
25160.6 -4060.88
25174.7 -4070.29
25174.7 -4070.29
25174.7 -4070.29
25174.7 -4070.29
25169.9 -4063.89
25169.9 -4063.89
25163.9 -4055.89
25163.9 -4055.89
25160.9 -4051.9
25157.9 -4047.9
25156.7 -4046.3
25156.7 -4046.3
25156.7 -4046.3
25156.7 -4046.3
25156.7 -4046.3
25156.7 -4046.3
25156.7 -4046.3
25156.7 -4046.3
25156.7 -4046.3
25156.7 -4046.3
25156.7 -4046.3
25156.7 -4046.3
25156.7 -4046.3
25156.7 -4046.3
25156.7 -4046.3
25156.7 -4046.3
25156.7 -4046.3
25156.7 -4046.3
25137.4 -4047.26
25137.4 -4047.26
25137.4 -4047.26
25137.4 -4047.26
25137.4 -4047.26
25137.4 -4047.26
25137.4 -4047.26
25137.4 -4047.26
25137.4 -4047.26
25137.4 -4047.26
25137.4 -4047.26
25137.4 -4047.26
25137.4 -4047.26
25137.4 -4047.26
25151.3 -4042.3
25151.3 -4042.3
25151.3 -4042.3
25151.3 -4042.3
25151.3 -4042.3
25151.3 -4042.3
25151.3 -4042.3
25151.3 -4042.3
25151.3 -4042.3
25151.3 -4042.3
25151.3 -4042.3
25144.4 -4041.35
25144.4 -4041.35
25144.4 -4041.35
25144.4 -4041.35
25144.4 -4041.35
25144.4 -4041.35
25144.4 -4041.35
25144.4 -4041.35
25144.4 -4041.35
25141.4 -4041.82
25135.5 -4042.61
25135.5 -4042.61
25122.2 -4038.94
25110.3 -4040.21
25097.6 -4041.45
25084.9 -4042.58
25072.2 -4043.6
25046.7 -4045.31
25046.7 -4045.31
25024.3 -4046.43
25024.3 -4046.43
25013 -4046.84
25001.8 -4047.15
24990.5 -4047.36
24979.3 -4047.48
24953.8 -4055.14
24953.8 -4055.14
24942.6 -4055.12
24920.1 -4055.08
24908.8 -4055.06
24908.8 -4055.06
24897.6 -4055.04
24875.1 -4055
24875.1 -4055
24863.8 -4054.98
24852.6 -4054.96
24841.3 -4054.94
24830.1 -4054.92
24818.8 -4054.9
24807.6 -4054.88
24796.3 -4054.86
24785.1 -4054.84
24773.8 -4054.82
24762.6 -4054.8
24751.3 -4054.78
24740.1 -4054.77
24717.6 -4054.73
24717.6 -4054.73
24706.3 -4054.71
24695.1 -4054.69
24683.8 -4054.67
24672.6 -4054.65
24659.8 -4054.63
24650.1 -4054.61
24643.3 -4054.6
24639.6 -4054.59
24638.8 -4054.59
24638.8 -4054.59
24638.8 -4054.59
24638.8 -4054.59
24635.8 -4054.58
24630.6 -4054.67
24622.3 -4054.94
24611.1 -4055.31
24599.1 -4055.71
24587.1 -4056.11
24575.1 -4056.51
24563.1 -4056.9
24551.1 -4057.3
24539.1 -4057.7
24527.1 -4058.1
24515.1 -4058.5
24503.1 -4058.89
24491.1 -4059.29
24493.5 -4051.6
24481.5 -4051.8
24469.5 -4052.01
24457.5 -4052.21
24445.5 -4052.41
24433.5 -4052.61
24424.5 -4052.77
24415.5 -4053
24406.5 -4053.31
24397.5 -4053.69
24388.6 -4054.16
24379.6 -4054.7
24369.1 -4055.43
24358.6 -4056.25
24348.2 -4057.16
24327.3 -4059.25
24327.3 -4059.25
24316.8 -4060.43
24306.4 -4061.7
24288.6 -4064.12
24288.6 -4064.12
24279.7 -4065.45
24269.3 -4067.08
24250.1 -4070.37
24250.1 -4070.37
24241.3 -4072.08
24231 -4074.26
24231 -4074.26
24231 -4074.26
24228.8 -4074.72
24223.6 -4075.72
24206.7 -4079.16
24206.7 -4079.16
24187.8 -4083.71
24187.8 -4083.71
24167.5 -4089.31
24167.5 -4089.31
24150.4 -4094.71
24150.4 -4094.71
24141.8 -4097.64
24132 -4101.22
24132 -4101.22
24132 -4101.22
24129.9 -4101.99
24124.9 -4103.7
24117.1 -4106.38
24107.9 -4109.71
24098.8 -4113.24
24089.8 -4116.96
24082.3 -4120.28
24074.8 -4123.76
24066.1 -4128.07
24056.7 -4121.23
24056.7 -4121.23
24056.7 -4121.23
24050 -4124.64
24050 -4124.64
24042.7 -4128.35
24034.7 -4132.55
24026.2 -4137.28
24026.2 -4137.28
24026.2 -4137.28
24024.2 -4138.38
24019.6 -4140.86
24012.3 -4144.77
24003.1 -4149.9
23986.5 -4160.08
23979 -4165.08
23970.5 -4171.14
23970.5 -4171.14
23962 -4177.43
23952.6 -4184.86
23952.6 -4184.86
23952.6 -4184.86
23952.6 -4184.86
23952.6 -4184.86
23952.6 -4184.86
23952.6 -4184.86
23952.6 -4184.86
23952.6 -4184.86
23950.6 -4187.1
23950.6 -4187.1
23936.6 -4189.69
23930.8 -4196.57
23923.1 -4205.8
23923.1 -4205.8
23923.1 -4205.8
23918.3 -4211.51
23912.9 -4217.77
23912.9 -4217.77
23905.7 -4226.39
23898.1 -4235.72
23890.8 -4245.22
23883.7 -4254.87
23876.8 -4264.68
23870.1 -4274.63
23863.6 -4284.73
23856.5 -4296.25
23856.5 -4296.25
23856.5 -4296.25
23855.4 -4298.17
23852.6 -4302.62
23848.2 -4309.6
23842.3 -4319.19
23835.1 -4331.48
23828.1 -4343.89
23821.3 -4356.42
23812.4 -4376.09
23806.8 -4387.54
23800.1 -4401.8
23800.1 -4401.8
23800.1 -4401.8
23798.8 -4404.52
23796.2 -4409.91
23787.1 -4428.83
23780.9 -4442.5
23774.7 -4456.96
23774.7 -4456.96
23762.4 -4487.58
23762.4 -4487.58
23757.2 -4501.65
23752.2 -4515.8
23743.4 -4542.92
23743.4 -4542.92
23739.5 -4555.84
23731.3 -4584.7
23731.3 -4584.7
23728.4 -4596.32
23725.5 -4607.98
23722.4 -4621.11
23719.2 -4635
23716.1 -4648.92
23713.2 -4662.87
23710.4 -4676.84
23708 -4689.36
23703.5 -4714.47
23703.5 -4714.47
23701.5 -4727.05
23699.5 -4739.65
23697.7 -4752.26
23695.9 -4764.89
23694.1 -4779.02
23692.4 -4793.17
23691 -4805.84
23686.2 -4833.59
23684.2 -4859.01
23684.2 -4859.01
23683.5 -4870.24
23682.9 -4880.72
23682.3 -4891.21
23681.7 -4901.69
23681.1 -4912.17
23680.5 -4922.65
23679.9 -4933.14
23678.9 -4951.11
23678.4 -4960.09
23677.8 -4969.08
23677.8 -4969.08
23677.3 -4978.06
23676.3 -4996.04
23675.8 -5005.02
23675.3 -5014.01
23675.3 -5014.01
23674.8 -5022.99
23674.2 -5033.48
23673.7 -5043.96
23673.3 -5054.45
23672.7 -5075.45
23672.7 -5075.45
23672.5 -5093.45
23672.5 -5093.45
23672.3 -5102.45
23672.2 -5111.44
23672 -5129.44
23672 -5129.44
23671.9 -5138.44
23671.8 -5147.44
23671.6 -5156.44
23671.5 -5165.44
23671.4 -5174.44
23671.3 -5183.44
23671 -5201.44
23671 -5201.44
23670.9 -5210.44
23670.8 -5219.43
23670.7 -5228.43
23670.6 -5237.43
23670.4 -5246.43
23670.3 -5255.43
23670.2 -5264.43
23670.1 -5273.43
23681.3 -5295.65
23681.1 -5304.65
