-773.695 -7846.89
-711.616 -7908.22
-649.004 -7969
-585.862 -8029.24
-522.198 -8088.93
-458.017 -8148.06
-393.322 -8206.62
-328.117 -8264.62
-262.408 -8322.05
-196.202 -8378.9
-129.502 -8435.17
-62.3142 -8490.86
5.35772 -8545.95
73.5091 -8600.46
142.133 -8654.37
211.224 -8707.68
280.777 -8760.38
350.79 -8812.48
421.252 -8863.96
5550.76 -1797.35
5576.4 -1779.94
5596.59 -1769.58
5619.9 -1753.98
5639.58 -1743.05
5647.06 -1750.33
5668.55 -1735.6
5673.36 -1746.88
5688.21 -1741.94
5701.91 -1738.54
5722.08 -1723.75
5737.95 -1715.63
5755.61 -1703.82
5761.41 -1712.78
5774 -1709.4
5790.22 -1698.8
5793.34 -1712.85
5810.69 -1699.28
5823.76 -1693.53
5831.89 -1697.52
5845.21 -1690.6
5856.68 -1687.15
5863.93 -1692.68
5878.53 -1681.69
5886.16 -1686.13
5896.95 -1683.13
5905.75 -1684.63
5916.04 -1682.34
5929.54 -1671.57
5937.47 -1674.64
5948.22 -1670.14
5958.87 -1665.52
5968.08 -1664.57
5977.9 -1661.62
5985.74 -1664.27
5996.69 -1657.34
6005.99 -1655.05
6018.43 -1642.14
6024.69 -1649.24
6031.33 -1655.32
6043.37 -1642.08
6051.05 -1644.16
6059.24 -1644.23
6068.37 -1640.35
6079.27 -1628.59
6087.5 -1627.43
6095.68 -1626.19
6102.6 -1630.75
6112.15 -1622.51
6120.03 -1622.03
6126.26 -1630.32
6136.06 -1618.87
6142.88 -1624.09
6151.94 -1615.42
6160.1 -1611.6
6166.96 -1616.62
6175.18 -1611.68
6182.58 -1612.6
6189.88 -1614.46
6197.82 -1610.29
6206.15 -1601.07
6214.23 -1592.76
6220.93 -1600.33
6228.1 -1602.85
6236.01 -1593.34
6242.9 -1600.73
6250.75 -1588.08
6257.81 -1592.34
6265.51 -1573.56
6272.4 -1584.7
6279.54 -1588.78
6286.74 -1588.8
6293.8 -1575.76
6301.02 -1582.65
6308.22 -1584.48
6315.13 -1577.26
6322.04 -1572.97
6329.32 -1576.61
6335.78 -1566.22
6343.21 -1571.73
6349.38 -1560.23
6357.3 -1570.6
6364.15 -1567.95
6371.58 -1571.21
6378.51 -1569.43
6385.29 -1566.6
6390.84 -1554.8
6397.88 -1554.84
6404.48 -1551.85
6410.88 -1547.81
6417.05 -1542.74
6426.47 -1556.33
6430.44 -1539.34
6437.97 -1541.97
6446.16 -1547.47
6448.8 -1526.48
6457.85 -1535.76
6462.32 -1524.48
6472 -1535.55
6480.92 -1542.62
6492 -1557.33
6497.35 -1549.71
6506.89 -1557.46
6520.46 -1578.55
6525.56 -1569.76
6532.29 -1566.68
6541.71 -1572.12
6554.34 -1586.96
6556.41 -1569.42
6563.76 -1567.97
6574.46 -1575.87
6591.5 -1600.55
6603.36 -1610.01
6616.13 -1621.2
6637.22 -1652.68
6652.11 -1667.18
6674.2 -1698.11
7715.65 -4117.53
7328.94 -3152.81
7297.08 -3025.85
7313.03 -3008.75
7330.89 -2996.07
7345.14 -2976.04
7371.89 -2981.98
7402.84 -2995.66
7477.39 -3093.54
7516.67 -3119.39
7501.86 -3042.39
7515.95 -3021.15
7530.74 -3001.59
7552.2 -2994.11
7563.59 -2969.13
7583.29 -2958.75
7599.82 -2943.06
7619.31 -2932.36
7625.96 -2901.15
7646.17 -2891.9
7668.52 -2885.8
7685.32 -2871.15
7703.1 -2858.03
7800.81 -2960.82
7874.55 -3025.24
7858.72 -2961.68
12176.9 -8843.96
10209.5 -6048.12
10427.9 -6241.79
10858.7 -6703.01
10788.8 -6507.84
10933 -6586.33
10783.7 -6299.54
10888.6 -6328.65
10882.2 -6223.25
10998.6 -6263.41
11240.4 -6444.38
11279.8 -6389.71
11511.7 -6548.48
11501.8 -6437.13
11598.9 -6442.51
11665.5 -6414.03
11695.8 -6347.47
11757 -6312.86
11715.9 -6175.96
11863.7 -6227.02
11934.2 -6200.32
11988.7 -6157.69
12035.6 -6107.72
11828.7 -5826.03
11659 -5585.79
11808.2 -5633.29
12201.9 -5889.38
12096.4 -5709.86
12019.7 -5558.89
11825.6 -5315.06
11283 -4796.8
11275.7 -4719.49
11222.5 -4607.6
10957.1 -4335.99
10775.4 -4135.36
10573.7 -3925.73
10414 -3752.72
10261.4 -3589.71
10121.9 -3440.47
9967.7 -3285.41
9963.01 -3235.33
10006.1 -3217.46
9810.8 -3044.75
9611.05 -2874.57
9451.91 -2735.02
9364.86 -2643.74
9287.62 -2560.82
9226.43 -2489.51
9149.49 -2410.93
9089.7 -2344.15
9022.85 -2275.15
8977.87 -2219.81
8988.71 -2195.32
9006.43 -2174.43
9032.01 -2157.42
9045.86 -2134.29
9072.1 -2117.14
9094.65 -2097.91
9112.53 -2076.3
9146.64 -2061.9
9157.86 -2036.88
9176.21 -2014.95
9185.17 -1988.89
9226.26 -1976.12
9242.3 -1952.64
9262.8 -1930.81
9291.55 -1911.92
9292.09 -1882.15
9246.25 -1835.79
9202.68 -1791.31
9147.2 -1743.78
9123.38 -1708.03
9081.08 -1666.94
9037.33 -1626.36
8996.91 -1587.77
8999.2 -1562.67
8989.72 -1534.29
8996.34 -1510.67
9022.08 -1492.12
8978.93 -1455.53
8952.83 -1424.07
8918.61 -1391.26
8887.92 -1359.99
8867.63 -1331.68
8838.24 -1301.9
8817.35 -1274.46
7522.59 -1002.12
7407.58 -969.824
7372.89 -953.659
7363.65 -942.365
7354.3 -931.246
7342.86 -920.011
7328.33 -908.577
7325.59 -898.954
7308.86 -887.708
7289.03 -876.43
7325.79 -871.369
7303.79 -860.119
7301.6 -850.972
7318.28 -843.328
7313.94 -833.971
7328.49 -825.823
7302.03 -815.35
7312.43 -806.895
7333.76 -798.628
7361.01 -790.138
7372.2 -780.924
7377.31 -771.473
7383.33 -761.934
7384.27 -752.342
7414.13 -742.178
7433.89 -731.77
7424.57 -722.078
7453.13 -710.824
7459.62 -700.257
7472.99 -689.134
7491.24 -677.414
7510.38 -665.291
7512.46 -654.338
7528.38 -641.976
7522.3 -631.664
7560.83 -616.279
7567.43 -604.165
7569.96 -592.454
7603.06 -576.32
7612.25 -563.184
7630.2 -548.45
7630.24 -536.389
7665.62 -517.999
7693.89 -500.262
7692.52 -487.788
7707.69 -471.899
7606.33 -480.665
7523.79 -487.033
7481.39 -485.527
7510.02 -467.577
7480.23 -463.721
7469.82 -455.321
7465.16 -445.517
7455.59 -437.116
7446.93 -428.579
7452.59 -415.885
7421.79 -414.238
7418.69 -404.334
7442.13 -385.76
7416.99 -383.014
7439.13 -364.32
7478.94 -338.837
7512.75 -314.693
7652 -250.173
7704.38 -216.309
7700.48 -203.579
7687.2 -194.636
7692.33 -178.198
7678.89 -169.473
7657.16 -164.54
7648.22 -154.225
7639.21 -144.019
7633.75 -132.228
7617.37 -125.67
7622.53 -108.791
7616.76 -97.1473
7605.55 -88.287
7585.43 -84.204
7575.92 -74.7685
7562.83 -67.3614
7558.45 -55.2673
7545.26 -48.1357
7541.57 -35.6637
7541.19 -21.1656
7528.67 -13.8501
7511 -9.84015
7506.07 1.88964
7497.66 11.4358
7496.71 25.8083
7476.45 27.4955
7468.67 37.2991
7464.92 49.8662
7459.42 61.2788
7440.79 63.344
7433.53 73.3956
7424.57 82.1911
7423.52 96.9258
7416.76 107.435
7402.03 111.723
7405.29 130.168
7388.91 132.971
7377.19 139.38
7367.74 147.585
7358.98 156.346
7349.41 164.365
7353.98 184.902
7332.3 182.124
7341.68 207.468
7327.32 211.184
7307.91 209.896
7303.68 222.958
7292.9 229.7
7283.48 237.747
7271.2 242.847
7274.17 263.661
7264.48 271.524
7255.41 280.029
7240.87 282.547
7235.71 295.312
7233.7 311.816
7226.25 322.318
7208.95 321.349
7206.5 337.807
7204.47 355.076
7188.39 355.272
7188.53 375.649
7171.8 374.807
7160.01 380.117
7160.2 401.3
7145.25 402.451
7133.87 408.291
7132.88 428.693
7121.29 434.403
7106.28 435.052
7098.58 446.32
7098.45 469.233
7082.77 468.725
7069.84 472.26
7065.36 489.246
7059.09 503.687
7043.89 503.527
7033.81 511.823
7025.15 522.641
7015.37 531.661
7006.45 542.359
6995.98 550.362
6990.1 567.118
6983.98 583.871
6968.57 582.783
6955.9 586.902
6948.02 600.798
6939.52 613.756
6930.42 625.761
6925.3 646.819
6915.39 657.835
6905.74 669.704
6895.16 679.669
6877.58 672.917
6867.63 684.525
6860.45 703.517
6852.97 722.493
6837.19 719.891
6828.65 736.874
6815.2 740.615
6807.56 761.265
6793.6 763.866
6781.17 771.098
6774.93 798.268
6759.25 795.784
6749.57 813.29
6740.18 832.669
6722.51 823.08
6710.45 833.599
6700.47 852.745
6688.75 866.013
6683.78 908.383
6689.94 1002.45
6672.58 997.121
6660.91 1018.05
6645.94 1024.2
6637.32 1063.61
6621.36 1066.61
6608.3 1086.22
6592.31 1089.95
6577.82 1103.43
6563.56 1119.76
6548.07 1129.05
6535.8 1164
6519.81 1173.06
6505.57 1198.88
6488.44 1200.73
6472.42 1214.37
6457.97 1248.81
6439.63 1240.27
6423.63 1263.49
6407.06 1283.58
6390.25 1305.54
6372.95 1324.36
6355.55 1350.03
6337.66 1373.56
6319.17 1383.93
6300.62 1411.14
6281.64 1405.2
6262.21 1454.08
6242.78 1457.79
6222.81 1478.33
6202.36 1501.68
6181.01 1535.83
6159.76 1556.8
6137.57 1586.56
6116.78 1589.17
6093.52 1621.5
6069.96 1650.61
6046.66 1671.53
6023.93 1683.28
6005.22 1658.05
5985.34 1645.59
5964.59 1640.9
5940.8 1657.81
5914.89 1686.35
5884.83 1737.34
5857.68 1765.3
5828.79 1799.87
5799.63 1832.15
5769.3 1867.07
5742.34 1882.06
5708.79 1926.11
5679.23 1948.3
5643.35 1995.5
5605.19 2048.11
5569.23 2087.65
5536.56 2111.3
5501.6 2141.34
5460.42 2191.22
5417.2 2244.44
5392.69 2231
5431.27 2012.82
5305.19 2326.49
5240.05 2434.73
5193.68 2480.46
5141.85 2538.85
5091.28 2589.98
5034.91 2653.62
4986.84 2691.25
4920.02 2774.95
4856.07 2846.58
4798.28 2898.83
4735.25 2960.5
4660.44 3046.17
4580.82 3138.15
4548.06 3120.38
4563.35 2997.78
4340.99 3387.41
4244.35 3496.55
4147.86 3599.81
4051.21 3698.13
3941.76 3816.45
3826.83 3939.39
5006.17 1632.11
4932.18 1718.32
4883.34 1755.35
3296.23 4498.51
3140.6 4661.7
2982.41 4821.7
2797.96 5017.87
4270.75 2511.18
4604.64 1915.72
4714.93 1692.02
4693.01 1679.06
4671.75 1665.07
4656.78 1641.79
4633.58 1630.78
4607 1624.45
4589.13 1605.65
393.729 7316.36
323.442 7264.64
253.61 7212.31
184.235 7159.37
115.327 7105.82
46.8831 7051.68
-21.081 6996.94
-88.5651 6941.61
-155.563 6885.7
-222.071 6829.2
-288.084 6772.12
-353.596 6714.47
-418.602 6656.25
-483.097 6597.47
-547.078 6538.13
-610.541 6478.22
-673.476 6417.77
-735.881 6356.77
-797.751 6295.23
