-0 -0
-0 -0
-0 -0
-0 -0
-0 -0
-0 -0
-0 -0
-0 -0
-0 -0
-0 -0
-0 -0
-0 -0
-0 -0
-0 -0
-0 -0
-0 -0
-0 -0
-0 -0
-0 -0
-0 -0
-0 -0
-0 -0
-0 -0
-0 -0
-0 -0
-0 -0
-0 -0
-0 -0
-0 -0
-0 -0
-0 -0
-0 -0
-0 -0
-0 -0
-0 -0
-0 -0
-0 -0
-0 -0
-0 -0
-0 -0
-0 -0
-0 -0
-0 -0
-0 -0
-0 -0
-0 -0
-0 -0
-0 -0
-0 -0
-0 -0
-0 -0
-0 -0
-0 -0
-0 -0
-0 -0
-0 -0
-0 -0
-0 -0
-0 -0
-0 -0
-0 -0
-0 -0
-0 -0
-0 -0
-0 -0
-0 -0
-1.9631 -9.23567
-1.87167 -9.19953
-1.79551 -9.23711
-1.72577 -9.31142
-0 -0
-0 -0
-0 -0
-1.46568 -9.80708
-1.25701 -8.9441
-1.11822 -8.49371
-1.02577 -8.35426
-0.624542 -5.48154
-0.575429 -5.47484
-0.525906 -5.46174
-0.475435 -5.43424
-0.405241 -5.14908
-0.356525 -5.09855
-0.313362 -5.12343
-0.263197 -5.02211
-0.178709 -4.0931
-0.133874 -3.83366
-0.0998128 -3.81169
-0.0667382 -3.82342
-0.0335361 -3.84285
2.90667e-07 -3.85
0.033606 -3.85085
0.0670695 -3.84241
0.100519 -3.83868
0.134223 -3.84366
0.167717 -3.84134
0.199348 -3.80378
0.231252 -3.78093
0.258796 -3.70096
0.283708 -3.60485
0.307486 -3.51458
0.32463 -3.37141
0.344944 -3.28192
0.364514 -3.1993
0.379501 -3.09079
0.398105 -3.02391
0.413483 -2.94209
0.430569 -2.881
0.445838 -2.81491
0.462133 -2.7616
0.475796 -2.69837
0.489485 -2.64102
0.50469 -2.5964
0.517958 -2.54584
0.528511 -2.48645
0.543696 -2.45246
0.554729 -2.4028
0.565638 -2.35605
0.576742 -2.31318
0.587141 -2.27031
0.595543 -2.2226
0.609036 -2.19611
0.617703 -2.15419
0.628242 -2.12091
0.641171 -2.09718
0.644713 -2.04477
0.654498 -2.01434
0.663801 -1.98389
0.671973 -1.95155
0.678629 -1.91639
0.686776 -1.8869
0.69166 -1.84993
0.708852 -1.84662
0.709546 -1.80129
0.715498 -1.77092
0.725185 -1.75075
0.72715 -1.71306
0.739281 -1.70023
0.740667 -1.66357
0.749765 -1.64521
0.761981 -1.63407
0.763296 -1.60028
0.762766 -1.5639
0.772368 -1.54913
0.768606 -1.50847
0.729563 -1.40148
0.724395 -1.36239
0.743413 -1.3692
0.761636 -1.37403
0.785416 -1.38822
0.799 -1.38391
0.810539 -1.37602
0.824061 -1.37147
0.83234 -1.35826
0.825084 -1.32041
0.835501 -1.31147
0.848003 -1.30581
0.849431 -1.28335
0.851091 -1.2618
0.860937 -1.25267
0.862659 -1.232
0.853633 -1.19675
0.869922 -1.19735
0.885096 -1.19614
0.917166 -1.21712
0.942363 -1.22811
0.952428 -1.21905
0.971123 -1.22087
0.999361 -1.23411
1.01391 -1.22997
1.03489 -1.23333
1.0586 -1.23946
1.08512 -1.24829
1.10856 -1.253
1.13284 -1.25814
1.1485 -1.25337
1.18122 -1.2667
1.1998 -1.26433
1.22468 -1.2682
1.25182 -1.27387
1.2735 -1.2735
1.30382 -1.28126
1.35308 -1.30665
1.36515 -1.29548
1.40274 -1.30807
1.44138 -1.32078
1.45954 -1.31417
1.49192 -1.31994
1.5381 -1.33705
1.55959 -1.33202
1.6041 -1.346
1.6397 -1.35167
1.67553 -1.35681
1.7233 -1.37078
1.76593 -1.3797
1.78901 -1.37276
1.84165 -1.38779
1.88987 -1.39843
1.93193 -1.40363
1.9726 -1.40704
2.03232 -1.42304
2.08422 -1.43244
2.1298 -1.43657
2.18145 -1.44387
2.2359 -1.45201
2.25186 -1.43459
2.26768 -1.417
2.2774 -1.39559
2.26035 -1.35816
2.27039 -1.33736
2.28804 -1.321
2.29687 -1.29951
2.28713 -1.26778
2.31129 -1.25493
2.31421 -1.23048
2.32131 -1.2084
2.33265 -1.18855
2.31877 -1.1561
2.33327 -1.13801
2.35033 -1.12105
2.33737 -1.08993
2.36226 -1.07654
2.35786 -1.04979
2.36693 -1.02917
2.36017 -1.00183
2.391 -0.990385
2.39213 -0.966485
2.39583 -0.943741
2.38903 -0.917064
2.40256 -0.898282
2.39997 -0.873519
2.42353 -0.858217
2.43282 -0.837687
2.42581 -0.811666
2.42139 -0.786758
2.43865 -0.768905
2.43762 -0.745255
2.4517 -0.726227
2.45698 -0.704529
2.45822 -0.681725
2.46601 -0.660765
2.46684 -0.637968
2.45679 -0.612546
2.48246 -0.595986
2.48172 -0.57295
2.47784 -0.549324
2.47471 -0.526017
2.51057 -0.510781
2.50511 -0.486945
2.65086 -0.491307
3.88014 -0.684174
4.27259 -0.714986
4.32015 -0.684245
4.33782 -0.648293
4.34233 -0.610274
4.34451 -0.571966
4.36919 -0.536469
4.37271 -0.498208
4.3928 -0.461703
4.40363 -0.424021
4.40517 -0.385403
4.4293 -0.348594
4.44515 -0.310835
4.43571 -0.2713
4.46188 -0.233837
4.46475 -0.194935
4.46328 -0.155861
4.49946 -0.117823
4.50031 -0.0785539
4.50683 -0.0393303
4.521 0
4.53283 0.0395572
4.54831 0.0793905
4.55544 0.119289
4.57521 0.15977
4.59163 0.200475
4.59469 0.240797
4.61637 0.282349
0 0
0 0
0 0
0 0
0 0
0 0
0 0
0 0
0 0
0 0
0 0
0 0
0 0
0 0
0 0
0 0
0 0
9.74148 2.15963
9.67744 2.23421
9.63521 2.31321
9.60981 2.396
9.61274 2.48602
9.63414 2.58146
0 0
0 0
0 0
0 0
0 0
0 0
0 0
0 0
0 0
0 0
0 0
0 0
0 0
0 0
0 0
0 0
0 0
0 0
0 0
0 0
0 0
0 0
0 0
0 0
0 0
0 0
0 0
0 0
0 0
0 0
0 0
0 0
0 0
0 0
0 0
0 0
0 0
0 0
0 0
0 0
0 0
0 0
0 0
0 0
0 0
0 0
0 0
0 0
0 0
0 0
0 0
0 0
0 0
0 0
0 0
0 0
0 0
0 0
0 0
0 0
0 0
0 0
0 0
0 0
0 0
0 0
0 0
0 0
3.26283 3.82028
3.22037 3.83788
3.16194 3.83575
3.12583 3.86008
3.08083 3.87313
3.03891 3.88962
2.99389 3.90171
2.93926 3.90054
2.90333 3.92363
2.86134 3.93829
2.81118 3.94113
2.77267 3.95978
2.73404 3.97806
2.68189 3.97606
2.35953 3.56486
2.28966 3.52577
2.2529 3.53634
2.21453 3.54399
2.17777 3.5538
2.14719 3.57353
2.10222 3.56887
2.0635 3.57409
2.0342 3.59544
2.00129 3.61043
1.95826 3.60667
1.92061 3.61214
1.8867 3.62433
1.85047 3.63174
1.81156 3.63343
1.7776 3.64461
1.74056 3.64915
1.71414 3.67598
1.67246 3.66987
1.63712 3.67702
1.60098 3.682
1.56839 3.69491
1.53341 3.70199
1.4973 3.70595
1.46161 3.71051
1.4367 3.74272
1.39628 3.73451
1.35611 3.72588
1.32455 3.7404
1.29446 3.75938
1.25145 3.74019
1.2166 3.74431
1.18147 3.74715
1.14814 3.75541
1.12101 3.78446
1.08932 3.79891
1.05238 3.79478
1.01897 3.80285
0.986247 3.81353
0.951479 3.81617
0.921409 3.83794
0.890806 3.85851
0.852556 3.84563
0.817509 3.84608
0.784314 3.85502
0.749116 3.85387
0.71655 3.86616
0.683653 3.87719
0.649628 3.88202
0.614162 3.87766
0.583108 3.90167
0.549316 3.90859
0.51845 3.93802
0.483456 3.93743
0.449417 3.94448
0.4155 3.95322
0.383766 3.98557
0.348623 3.98478
0.315092 4.00362
0.28063 4.0132
0.245293 4.01051
0.210705 4.02048
0.175525 4.02017
0.140855 4.03354
0.105781 4.03962
0.0706472 4.04738
0.0353949 4.05585
3.06899e-07 4.065
-0.0355339 4.07185
-0.0714853 4.09538
-0.106985 4.0856
-0.142809 4.08951
-0.179581 4.11308
-0.215257 4.10736
-0.251886 4.1183
-0.288931 4.13191
-0.325606 4.13721
-0.362743 4.14616
-0.401307 4.16772
-0.437974 4.16705
-0.474548 4.16505
-0.514288 4.18854
-0.551212 4.18687
-0.589676 4.19577
-0.628928 4.20826
-0.668287 4.2194
-0.70855 4.23412
-0.745646 4.22876
-0.787987 4.25159
-0.826585 4.25241
-0.86725 4.26267
-0.906495 4.26472
-0.949953 4.28496
-0.993383 4.30282
-1.02949 4.28815
-1.05865 4.24601
-1.0566 4.08558
-1.07358 4.00666
-1.09488 3.94799
-1.11302 3.88157
-1.12839 3.80939
-1.14639 3.74967
-1.17907 3.73952
-1.2679 3.90219
-1.28699 3.8464
-1.23293 3.58068
-1.23542 3.48872
-1.25898 3.45901
-1.259 3.36734
-1.27364 3.31794
-1.29741 3.29368
-1.36357 3.37495
-1.8717 4.51869
-1.92513 4.53533
-1.32424 3.04556
-1.34996 3.03206
-1.35646 2.97648
-1.3714 2.94097
-1.38452 2.90271
-1.39183 2.85367
-1.40151 2.81099
-1.41645 2.77994
-1.4268 2.74086
-1.43705 2.7027
-1.44245 2.65666
-1.45685 2.62823
-1.46545 2.59018
-1.4695 2.54525
-1.47592 2.50562
-1.48794 2.47636
-1.50323 2.45305
-1.51133 2.41863
-1.50981 2.36993
-1.52717 2.35163
-1.53604 2.3207
-1.5389 2.28151
-1.55195 2.25811
-1.56472 2.23465
-1.57719 2.21114
-0 0
-0 0
-0 0
-0 0
-0 0
-0 0
-0 0
-0 0
-0 0
-0 0
-0 0
-0 0
-0 0
-0 0
-0 0
-0 0
-0 0
-0 0
-0 0
0 0
0 0
0 0
0 0
0 0
0 0
0 0
0 0
0 0
0 0
0 0
0 0
0 0
0 0
0 0
0 0
0 0
0 0
0 0
0 0
0 0
0 0
0 0
0 0
0 0
0 0
0 0
0 0
0 0
32.0382 15.4934
1.62663