17820.9 -2131.84
17820.9 -2131.84
17820.9 -2131.84
17820.9 -2131.84
17823 -2133.93
17827.4 -2138.04
17834.2 -2143.97
17843.5 -2151.55
17870.1 -2171
17870.1 -2171
17885.8 -2181.27
17902.5 -2191.37
17920.2 -2201.25
17920.2 -2201.25
17920.2 -2201.25
17920.2 -2201.25
17920.2 -2201.25
17920.2 -2201.25
17920.2 -2201.25
17920.2 -2201.25
17920.2 -2201.25
17921.5 -2207.91
17924.5 -2208.53
17930.4 -2209.55
17939.3 -2210.85
17951.2 -2212.33
17980.3 -2215.15
17980.3 -2215.15
17997.5 -2216.38
17997.5 -2216.38
17997.5 -2216.38
18006.5 -2216.76
18006.5 -2216.76
18015.5 -2216.89
18027.5 -2216.8
18042.5 -2216.36
18060.5 -2215.59
18080.7 -2214.47
18100.9 -2212.91
18121 -2210.91
18139.7 -2208.64
18158.2 -2205.98
18193.7 -2199.71
18210.6 -2196.29
18227.4 -2192.65
18227.4 -2192.65
18244.2 -2188.8
18261 -2184.72
18277.7 -2180.42
18308.1 -2171.97
18308.1 -2171.97
18323.1 -2167.45
18338.2 -2162.74
18368 -2152.71
18368 -2152.71
18381.5 -2147.92
18394.8 -2142.94
18418.5 -2149.74
18431.7 -2144.4
18444.8 -2138.89
18457.9 -2133.21
18469.5 -2127.97
18495.2 -2115.61
18495.2 -2115.61
18509.8 -2107.92
18538.4 -2091.42
18538.4 -2091.42
18551.1 -2083.41
18563.5 -2075.07
18575.8 -2066.42
18587.8 -2057.44
18599.6 -2048.15
18611.1 -2038.56
18621.2 -2029.65
18631.2 -2020.57
18638.9 -2013.38
18645.9 -2006.63
18652.9 -1999.83
18659.8 -1992.96
18669.5 -1979.78
18683 -1965.74
18689.7 -1958.64
18689.7 -1958.64
18696.3 -1951.47
18702.8 -1944.19
18709.2 -1936.8
18715.4 -1929.3
18727.4 -1913.98
18727.4 -1913.98
18733.3 -1906.16
18739 -1898.24
18744.5 -1890.23
18749.9 -1882.12
18756 -1872.65
18761.9 -1863.08
18767.7 -1853.41
18774.7 -1841.03
18781.9 -1827.87
18788.9 -1814.59
18795.6 -1801.19
18808.4 -1774.05
18808.4 -1774.05
18814.5 -1760.32
18828.1 -1730.95
18828.1 -1730.95
18833.5 -1716.93
18843.4 -1688.63
18843.4 -1688.63
18848 -1674.36
18855.6 -1648.45
18855.6 -1648.45
18858.3 -1638.3
18860.7 -1628.84
18862.9 -1619.35
18865.1 -1609.85
18867.2 -1600.32
18869.2 -1590.78
18873 -1571.65
18873 -1571.65
18875 -1560.58
18876.8 -1549.48
18878.2 -1539.84
18879.5 -1530.17
18880.6 -1520.48
18881.6 -1510.78
18882.5 -1501.07
18883.3 -1491.36
18884.1 -1481.64
18884.7 -1471.91
18885.3 -1462.18
18885.8 -1452.44
18886.2 -1442.7
18886.5 -1432.95
18889.8 -1416.65
18889.8 -1416.65
18889.9 -1406.9
18889.9 -1397.15
18889.7 -1377.65
18889.7 -1377.65
18889.5 -1367.9
18889.1 -1358.16
18888.7 -1348.42
18888.2 -1338.68
18887 -1319.22
18887 -1319.22
18886.2 -1309.5
18885.5 -1301.28
18884.8 -1293.06
18883.9 -1284.86
18882 -1268.47
18882 -1268.47
18880.9 -1260.29
18879.8 -1252.12
18878.6 -1243.96
18877.3 -1235.81
18876 -1227.67
18874.5 -1219.54
18873 -1211.43
18871.5 -1203.32
18869.9 -1195.24
18866.4 -1179.11
18866.4 -1179.11
18864.5 -1171.07
18863 -1164.5
18861.3 -1157.95
18859.7 -1151.41
18857.9 -1144.89
18854.3 -1131.89
18854.3 -1131.89
18852.4 -1125.42
18850.4 -1118.96
18848.4 -1112.52
18846.3 -1106.09
18844.2 -1099.69
18843 -1096.14
