11796.1 -1292.74
11772.1 -1292.93
11747.9 -1293.12
11723.5 -1293.32
11698.9 -1293.52
11674.1 -1293.72
11649.1 -1293.92
11623.8 -1294.12
11598.4 -1294.33
11572.6 -1294.54
11546.7 -1294.74
11520.4 -1294.96
11493.9 -1295.17
11467.2 -1295.39
11440.1 -1295.6
11412.8 -1295.82
11385.2 -1296.05
11357.2 -1296.27
11329 -1296.5
11300.4 -1296.73
11271.5 -1296.96
11242.2 -1297.2
11212.6 -1297.44
11182.6 -1297.68
11152.2 -1297.92
11121.5 -1298.17
11090.3 -1298.42
11058.7 -1298.68
11026.7 -1298.93
10994.3 -1299.2
10962.5 -1300.8
10928 -1299.73
10894.1 -1300
10859.7 -1300.28
10824.8 -1300.56
10789.4 -1300.85
10753.4 -1301.14
10716.8 -1301.43
10679.6 -1301.73
10641.8 -1302.04
10603.4 -1302.34
10564.3 -1302.66
10540.5 -1318.56
10488.8 -1307.86
10457 -1316.99
10404.9 -1307.7
10372.7 -1317.57
10320.1 -1309.64
10287.4 -1320.21
12314.8 -3106.59
12314.9 -3114.56
12315 -3122.41
12315 -3130.14
12315.1 -3137.77
12315.1 -3145.28
12315.2 -3152.69
12315.3 -3160
12315.3 -3167.21
12315.4 -3174.33
12315.4 -3181.36
12315.5 -3188.29
12315.5 -3195.14
12315.6 -3201.91
12315.7 -3208.59
12315.7 -3215.19
12315.8 -3221.72
12315.8 -3228.18
12315.9 -3234.56
12315.9 -3240.87
12316 -3247.11
12316 -3253.29
12316.1 -3259.41
12316.1 -3265.46
12316.2 -3271.45
12316.2 -3277.39
12316.3 -3283.26
12316.3 -3289.09
12316.3 -3294.86
12316.4 -3300.58
12316.4 -3306.24
12316.5 -3311.86
12316.5 -3317.44
12316.6 -3322.96
12316.6 -3328.45
12316.7 -3333.89
12316.7 -3339.28
12316.7 -3344.64
12316.8 -3349.96
12316.8 -3355.24
12316.9 -3360.49
12316.9 -3365.7
12317 -3370.87
12317 -3376.01
12317 -3381.12
12317.1 -3386.2
12317.1 -3391.25
12317.2 -3396.27
12317.2 -3401.26
12317.2 -3406.23
12317.3 -3411.17
12317.3 -3416.08
12317.4 -3420.97
12317.4 -3425.84
12317.4 -3430.68
12317.5 -3435.51
12317.5 -3440.31
12317.6 -3445.09
12317.6 -3449.86
12317.6 -3454.61
12317.7 -3459.34
12317.7 -3464.05
12317.7 -3468.75
12317.8 -3473.43
12317.8 -3478.1
12317.9 -3482.76
12317.9 -3487.4
12317.9 -3492.03
12318 -3496.65
12318 -3501.26
12318 -3505.86
12318.1 -3510.46
12318.1 -3515.04
12318.2 -3519.62
12318.2 -3524.19
12318.2 -3528.76
12318.3 -3533.32
12318.3 -3537.87
12318.3 -3542.42
12318.4 -3546.97
12318.4 -3551.52
12318.5 -3556.07
12318.5 -3560.61
12318.5 -3565.15
12318.6 -3569.7
12318.6 -3574.24
12318.6 -3578.79
12318.7 -3583.34
12318.7 -3587.9
12318.7 -3592.45
12318.8 -3597.01
12318.8 -3601.58
12318.9 -3606.16
12318.9 -3610.74
12318.9 -3615.32
12319 -3619.92
12319 -3624.52
12319 -3629.14
12319.1 -3633.76
12319.1 -3638.4
12319.2 -3643.05
12319.2 -3647.71
12319.2 -3652.38
12319.3 -3657.07
12319.3 -3661.77
12319.3 -3666.49
12319.4 -3671.23
12319.4 -3675.98
12319.5 -3680.75
12319.5 -3685.54
12319.5 -3690.36
12319.6 -3695.19
12319.6 -3700.04
12319.7 -3704.91
12319.7 -3709.81
12319.7 -3714.74
12319.8 -3719.69
12319.8 -3724.66
12319.8 -3729.66
12319.9 -3734.69
12319.9 -3739.75
12320 -3744.84
12320 -3749.96
12320.1 -3755.12
12320.1 -3760.31
12320.1 -3765.53
12320.2 -3770.79
12320.2 -3776.08
12320.3 -3781.41
12320.3 -3786.79
12320.4 -3792.2
12320.4 -3797.66
12320.4 -3803.15
12320.5 -3808.7
12320.5 -3814.29
12320.6 -3819.92
12320.6 -3825.61
12320.7 -3831.35
12320.7 -3837.14
12320.8 -3842.98
12320.8 -3848.88
12320.9 -3854.83
12320.9 -3860.85
12321 -3866.92
12321 -3873.06
12042.4 -4052.32
12380.8 -3847.72
12380.8 -3853.33
12400.8 -3845.91
12400.8 -3851.39
12400.9 -3856.94
12420.8 -3848.7
12420.9 -3854.12
12440.8 -3845.24
12440.8 -3850.53
12440.9 -3855.89
12440.9 -3861.32
12441 -3866.82
12441 -3872.4
12441 -3878.05
12441.1 -3883.78
12441.1 -3889.59
12441.2 -3895.49
12441.2 -3901.47
12441.3 -3907.54
12441.3 -3913.71
12441.4 -3919.97
12441.4 -3926.33
12441.5 -3932.79
12441.5 -3939.36
12441.6 -3946.03
12441.7 -3952.82
12441.7 -3959.73
12447.3 -3961.03
12454.2 -3960.97
12460.9 -3960.92
12448.9 -3981.01
12455.8 -3980.96
12444.6 -4001.05
12451.5 -4000.99
12458.3 -4000.94
12448.1 -4021.02
12455 -4020.97
12445.4 -4041.04
12452.4 -4040.99
12459.4 -4040.93
12450.7 -4061
12457.7 -4060.95
12449.6 -4081.01
12456.7 -4080.96
12449.3 -4101.02
12456.5 -4100.96
12449.7 -4121.01
12457 -4120.95
12450.8 -4141.01
12458.1 -4140.95
12452.5 -4160.99
12447.3 -4181.03
12454.9 -4180.97
12450.3 -4201.01
12457.9 -4200.95
12453.9 -4220.98
12450.2 -4241.01
12458.1 -4240.95
12454.9 -4260.98
12452.2 -4281
12449.8 -4301.02
12458.1 -4300.95
12456.2 -4320.97
12454.7 -4340.98
12453.5 -4360.99
12452.8 -4381
12452.3 -4401
12452.3 -4421
12452.5 -4441
12453.2 -4461
12454.1 -4480.99
12455.5 -4500.98
12457.1 -4520.97
12459.1 -4540.95
12453.9 -4580.99
12456.7 -4600.97
12459.9 -4620.95
12456.5 -4660.98
12467.3 -4660.89
12478 -4660.8
12488.7 -4660.72
12499.3 -4660.63
12509.8 -4660.55
12520.3 -4660.46
12530.8 -4660.38
12541.4 -4659.51
12550.6 -4663.6
12564.8 -4647.93
12573.8 -4652.61
12582.7 -4657.63
12591.6 -4663.04
12604.8 -4648.84
12613.5 -4655.17
12622.1 -4662.03
12634 -4651.92
12641.5 -4665.11
12652.4 -4659.57
12663 -4655.55
12673.1 -4653.29
12682.9 -4653.1
12692.4 -4655.37
12701.5 -4660.6
12712.5 -4649.38
12722.6 -4645.38
12730.3 -4665.32
12736.5 -4705.27
12743.4 -4745.22
12727.1 -5120.5
12706.1 -5675.39
12724.3 -5682.35
12738.3 -5785.29
12749.8 -6005.2
12744.2 -6985.28
12774.2 -6985.04
12804.2 -6984.8
12833.1 -7764.59
12869.9 -7764.29
12906.7 -7764
12943.4 -7763.7
12980.2 -7763.41
13017 -7763.11
13053.8 -7762.81
13090.6 -7762.52
13127.5 -7762.22
13164.4 -7761.92
13201.4 -7761.62
13238.4 -7761.32
13271.3 -7721.06
13308.1 -7720.76
13391.1 -8100.1
13431.4 -8099.78
13471.8 -8099.46
13512.2 -8099.13
13552.8 -8098.8
13593.5 -8098.47
13550.2 -7618.81
13527.9 -7298.98
13530.8 -7138.95
13531 -6978.94
13521.7 -6787.49
13518.7 -6640.35
13519.7 -6521.65
13520.5 -6410.45
13516 -6285.95
13515.9 -6187.37
13515.6 -6094.11
13515 -6005.65
13514 -5921.52
13515.7 -5851.49
13514.9 -5777.08
13513.7 -5705.79
13512.2 -5637.36
13510.4 -5571.55
13515.1 -5528.08
13512.8 -5466.89
13510.1 -5407.74
13509 -5355.49
13506.3 -5301.44
13511 -5268.88
13507.7 -5217.83
13512.4 -5188.07
13508.6 -5139.64
13504.4 -5092.38
13508.8 -5066.16
13510.9 -5036.07
13506.5 -4992.96
13501.7 -4950.71
13506.3 -4929.22
13510.8 -4908.5
13505.3 -4868.58
13509.8 -4849.27
13503.7 -4810.7
13509.3 -4795.04
13503.1 -4758.45
13507.7 -4742.29
13501 -4706.73
13505.5 -4691.55
13498.1 -4656.92
13506.6 -4649.32
13499.1 -4616.17
13503.8 -4603.3
13508.6 -4590.79
13500.3 -4558.71
13504.9 -4546.85
13509.6 -4535.31
13508.1 -4515.02
13499 -4484.69
13503.9 -4474.51
13508.9 -4464.58
13498.9 -4434.99
13503.8 -4425.52
13504 -4410.25
13509.2 -4401.66
13498.4 -4373.39
13503.6 -4365.18
13508.7 -4357.13
13497 -4329.39
13499.2 -4318.31
13504.6 -4311.16
13492.2 -4284.29
13497.5 -4277.42
13502.9 -4270.68
13507 -4262.64
13493.7 -4236.67
13499.4 -4230.66
13505.1 -4224.75
13511 -4218.95
13510.5 -4207.07
13510.5 -4195.72
13510.4 -4184.57
13510.3 -4173.6
13510.2 -4162.8
13510.1 -4152.18
13510 -4141.72
13509.9 -4131.42
13509.9 -4121.28
13509.8 -4111.29
13509.7 -4101.44
13509.6 -4091.73
13509.5 -4082.16
13509.5 -4072.72
13509.4 -4063.41
13509.3 -4054.23
13509.2 -4045.16
13509.2 -4036.21
13509.1 -4027.37
13509 -4018.64
13509 -4010.02
13508.9 -4001.5
13508.8 -3993.08
13508.8 -3984.76
13508.7 -3976.53
13508.6 -3968.39
13508.6 -3960.34
13508.5 -3952.37
13508.4 -3944.49
13508.4 -3936.69
13508.3 -3928.97
13508.2 -3921.32
13508.2 -3913.75
13508.1 -3906.25
13508.1 -3898.81
13508 -3891.45
13507.9 -3884.15
13507.9 -3876.91
13507.8 -3869.73
13507.8 -3862.62
13507.7 -3855.56
13507.7 -3848.56
13520.8 -3847.22
13520.8 -3840.19
13520.7 -3833.2
13520.7 -3826.27
13520.6 -3819.39
13520.6 -3812.56
13520.5 -3805.77
13520.4 -3799.02
13520.4 -3792.32
13520.3 -3785.66
13520.3 -3779.03
13520.2 -3772.45
13520.2 -3765.9
13520.1 -3759.39
13520.1 -3752.92
13520 -3746.48
13520 -3740.07
13519.9 -3733.69
13519.9 -3727.34
13519.8 -3721.01
13519.8 -3714.72
13519.7 -3708.45
13519.7 -3702.21
13519.6 -3695.99
13519.6 -3689.79
13519.5 -3683.62
13519.5 -3677.47
13519.4 -3671.33
13519.4 -3665.22
13519.3 -3659.12
13519.3 -3653.04
13519.2 -3646.98
13519.2 -3640.93
13519.1 -3634.89
13519.1 -3628.87
13519 -3622.86
13519 -3616.85
13518.9 -3610.86
13518.9 -3604.88
13518.8 -3598.91
13518.8 -3592.94
13518.7 -3586.98
13518.7 -3581.03
13518.6 -3575.08
13518.6 -3569.13
13518.5 -3563.18
13518.5 -3557.24
13518.5 -3551.3
13518.4 -3545.36
13518.4 -3539.41
13518.3 -3533.47
13518.3 -3527.52
13518.2 -3521.57
13518.2 -3515.61
13518.1 -3509.65
13518.1 -3503.68
13518 -3497.7
13518 -3491.72
13517.9 -3485.72
13517.9 -3479.72
13517.8 -3473.7
13517.8 -3467.67
13517.7 -3461.63
13517.7 -3455.58
13517.6 -3449.51
13517.6 -3443.42
13517.5 -3437.32
13517.5 -3431.2
13517.4 -3425.06
13517.4 -3418.89
13517.3 -3412.71
13517.3 -3406.51
13517.2 -3400.28
13517.2 -3394.03
13517.1 -3387.75
13517.1 -3381.45
13517 -3375.12
13517 -3368.76
13516.9 -3362.36
13516.9 -3355.94
13516.8 -3349.49
13516.8 -3343
13516.7 -3336.48
13516.7 -3329.92
13516.6 -3323.32
13516.6 -3316.68
13516.5 -3310.01
13516.5 -3303.29
13496.5 -3304.21
13476.5 -3305.49
13476.4 -3299.04
13456.4 -3300.84
13436.4 -3303
13416.5 -3305.53
13416.4 -3299.51
13396.4 -3302.57
13376.5 -3306
13376.4 -3300.26
13356.5 -3304.24
13336.5 -3308.6
13336.4 -3303.15
13316.5 -3308.07
13316.4 -3302.75
13296.5 -3308.23
13296.4 -3303.04
13276.5 -3309.1
13276.5 -3304.04
13276.4 -3298.93
13256.5 -3305.76
13256.4 -3300.78
13236.5 -3308.23
13236.4 -3303.38
13236.4 -3298.48
13216.5 -3306.74
13216.4 -3301.97
13196.5 -3310.88
13196.5 -3306.26
13196.4 -3301.58
13176.5 -3311.35
13176.5 -3306.82
13176.4 -3302.24
13176.4 -3297.59
13176.4 -3292.88
13176.3 -3288.11
13176.3 -3283.28
13176.2 -3278.37
13176.2 -3273.4
13176.2 -3268.35
13176.1 -3263.23
13176.1 -3258.03
13176 -3252.74
13176 -3247.38
13175.9 -3241.93
13175.9 -3236.4
13175.9 -3230.77
13175.8 -3225.04
13175.8 -3219.22
13213.4 -3174.83
13206.8 -3174.88
13200.4 -3174.93
13194.1 -3174.99
13187.8 -3175.04
13181.7 -3175.08
13175.7 -3175.13
13169.7 -3175.18
13163.9 -3175.23
13158.1 -3175.27
13152.5 -3175.32
13146.9 -3175.37
13141.3 -3175.41
13135.9 -3175.45
13130.6 -3175.5
13125.3 -3175.54
13120 -3175.58
13114.9 -3175.62
13109.8 -3175.66
13104.8 -3175.7
13099.8 -3175.74
13108.4 -3155.67
13103.3 -3155.72
13111.3 -3135.65
13106.1 -3135.69
13100.9 -3135.73
13108 -3115.68
13102.7 -3115.72
14600.6 -550.116
14611.5 -470.025
14666.1 -309.581
14650.9 -269.702
14667.6 -169.564
14661.3 -109.613
14664.3 -29.5865
14655.7 30.3471
14652.4 102.822
14659.3 198.893
14666.4 299.129
14654.2 361.331
14661.8 469.644
15219.9 1827.31
15212.6 1940.26
15213.3 2076.57
15207.9 2203.88
15218.8 2377.45
15209.6 2507.41
15204.2 2653.04
15201.8 2813.47
15210.7 3013.11
15206.5 3185.56
15201.5 3363.95
15208.3 3587.57
15201.5 3781.02
15194.4 3984.33
15156.9 4098.83
13506.8 -1278.95
13485.2 -1279.13
13463.7 -1279.3
13442.3 -1279.47
13421 -1279.64
13399.8 -1279.81
13378.7 -1279.98
13357.7 -1280.15
13336.7 -1280.32
13315.9 -1280.49
13295.1 -1280.66
13274.4 -1280.82
13253.8 -1280.99
13233.2 -1281.16
13212.7 -1281.32
13192.3 -1281.49
13171.9 -1281.65
13151.6 -1281.81
13131.4 -1281.98
13111.1 -1282.14
13091 -1282.3
13070.8 -1282.46
13050.8 -1282.63
13030.7 -1282.79
13010.7 -1282.95
12990.7 -1283.11
12970.7 -1283.27
12950.8 -1283.43
12930.9 -1283.59
12911 -1283.75
12891.1 -1283.91
12871.2 -1284.07
12851.3 -1284.23
12831.4 -1284.39
12811.6 -1284.55
12791.7 -1284.71
12771.8 -1284.87
12752 -1285.03
12732.1 -1285.19
12712.2 -1285.35
12692.2 -1285.52
12672.3 -1285.68
12652.3 -1285.84
12632.3 -1286
12612.3 -1286.16
12592.3 -1286.32
12572.2 -1286.48
12552.1 -1286.64
12531.9 -1286.81
12511.7 -1286.97
12491.4 -1287.13
12471.1 -1287.3
12450.8 -1287.46
12430.4 -1287.63
12409.9 -1287.79
12389.3 -1287.96
12368.7 -1288.12
12348 -1288.29
12327.3 -1288.46
12306.4 -1288.62
12285.5 -1288.79
12264.5 -1288.96
12243.4 -1289.13
12222.2 -1289.3
12200.9 -1289.47
12179.5 -1289.65
12158 -1289.82
12136.4 -1289.99
12114.7 -1290.17
12092.8 -1290.34
12070.9 -1290.52
12048.8 -1290.7
12026.6 -1290.88
12004.2 -1291.06
11981.7 -1291.24
11959.1 -1291.42
11936.3 -1291.61
11913.3 -1291.79
11890.2 -1291.98
11867 -1292.16
11843.5 -1292.35
11819.9 -1292.54
11796.1 -1292.73
