14679.6 572.653
14660.2 577.153
14660 637.898
14660 702.034
14660 769.822
15200.5 2570.08
15208.4 2726.2
15203 2846.75
15202.7 2992.4
15201.4 3143.52
15193.6 3280.54
15190.4 3444.21
15191 3635.17
15185.5 3814.02
15178.4 3999.9
15183.2 4254.38
15177.3 4479.43
15178 4756.61
15168.8 5007.2
15172.6 5353.35
15159.5 5636.72
15151.5 5980.21
15141.1 6347.54
15072 6357.99
15002.8 6367.85
14933.5 6377.09
14864.1 6385.73
14794.7 6393.77
14725.1 6401.2
14655.6 6408.02
14585.9 6414.23
14516.2 6419.83
14446.5 6424.83
14376.7 6429.21
14306.9 6432.98
14237.1 6436.15
14167.2 6438.7
14097.4 6440.65
14027.5 6441.98
13957.5 6442.7
13887.6 6442.81
13817.7 6442.31
13747.8 6441.2
13677.9 6439.48
13608.1 6437.14
13538.2 6434.2
13468.4 6430.65
13398.6 6426.48
13328.9 6421.71
13259.2 6416.33
13189.5 6410.34
13119.9 6403.74
13050.4 6396.53
12980.9 6388.71
12911.5 6380.29
12842.2 6371.26
12772.9 6361.63
12703.8 6351.39
12634.7 6340.55
13678.7 -200.557
13677.3 -260.587
13680.6 -340.544
13681.4 -400.539
13679.2 -440.578
13673.3 -460.671
13663.3 -460.825
13653.3 -460.979
13643.2 -461.135
13633.1 -461.291
13622.9 -461.447
13612.7 -461.604
13602.4 -461.762
13592.1 -461.921
13581.8 -462.08
13571.4 -462.241
13560.9 -462.402
13550.4 -462.563
13539.8 -462.726
13529.2 -462.89
13518.5 -463.055
13522.3 -503
13519.4 -523.047
13524.5 -562.973
13522.5 -583.007
13528.9 -622.913
13527.7 -642.934
13526.8 -662.95
13526.3 -682.96
13526.2 -702.964
13526.4 -722.964
13526.9 -742.958
13527.8 -762.947
13529 -782.93
13530.6 -802.907
13532.6 -822.88
13524.5 -823.004
13527 -842.968
13529.9 -862.927
13533.1 -882.879
13525.4 -882.998
13529.2 -902.942
13533.3 -922.881
13525.8 -922.996
13530.5 -942.926
13535.6 -962.85
13528.4 -962.961
13521.1 -963.073
13513.7 -963.187
13506.2 -963.302
13498.7 -963.418
13491.1 -963.536
13483.3 -963.655
13475.5 -963.775
13467.6 -963.897
13459.5 -964.021
13451.4 -964.146
13443.2 -964.273
13434.8 -964.401
13426.4 -964.532
13417.8 -964.664
13409.1 -964.798
13400.3 -964.934
13391.3 -965.071
13382.2 -965.211
13373 -965.353
13363.6 -965.498
13354.1 -965.644
13344.4 -965.793
13334.6 -965.944
13324.6 -966.098
13314.4 -966.255
13304.1 -966.414
13300.9 -973.58
13301 -983.853
13280.9 -975.18
13281.1 -985.445
13260.9 -977.425
13240.8 -969.886
13241 -980.297
13220.9 -973.378
13221 -983.779
13200.9 -977.463
13180.8 -971.59
13181 -982.126
13160.9 -976.829
13140.8 -971.957
13141 -982.622
13120.9 -978.302
13100.9 -974.39
13080.8 -970.879
13081 -981.797
13060.9 -978.81
13040.9 -976.21
13020.9 -973.992
13021 -985.152
13001 -983.433
12981 -982.084
12961 -981.102
12940.9 -980.481
12920.9 -980.218
12900.9 -980.309
12880.9 -980.75
12861 -981.537
12841 -982.667
12821 -984.137
12801 -985.943
12781 -988.084
12740.9 -980.616
12721 -983.636
12701 -986.98
12681.1 -990.647
12641 -985.561
12600.9 -981.217
12581 -986.26
12561.1 -991.613
12521 -989.043
12481 -987.193
12441 -986.057
12421.1 -993.25
12381.1 -993.326
12321 -986.883
12281 -988.553
12241 -990.914
12201.1 -993.96
12141 -991.258
12101.1 -995.86
12041.1 -995.092
11981.1 -995.379
11921.1 -996.715
11861.1 -999.095
11781.1 -997.231
11721.1 -1001.87
11621.1 -997.725
11541.1 -1000.07
11461.1 -1003.8
11341.1 -1000.22
11261.2 -1007.09
11121.1 -1003.38
11021.2 -1009.73
10901.2 -1014.19
10721.1 -1010.43
10581.2 -1016.33
10381.2 -1015.44
10221.3 -1023.85
9961.22 -1021.43
9721.27 -1026.11
8566.94 -927.15
8567.67 -974.523
8568.39 -1021.79
8428.91 -1056.15
8049.12 -1073.04
7228.89 -1064.03
6649.14 -1084.99
5922.57 -1107.8
5918.95 -1177.61
5915.93 -1247.46
5913.53 -1317.33
5911.74 -1387.22
5910.56 -1457.12
5909.99 -1527.02
5910.04 -1596.93
5910.69 -1666.84
5911.95 -1736.74
5913.83 -1806.63
5916.31 -1876.49
5919.41 -1946.33
5923.11 -2016.14
5927.43 -2085.92
5932.36 -2155.66
5937.89 -2225.35
5944.03 -2294.99
5950.79 -2364.57
5958.14 -2434.09
5966.11 -2503.55
5974.69 -2572.93
5983.87 -2642.23
5993.65 -2711.46
6004.04 -2780.59
6015.03 -2849.63
6176.9 -2892.62
6576.91 -2889.63
6797.31 -2913.9
6798.3 -2978.23
7616.76 -2871.97
7896.74 -2868.42
8116.84 -2873.56
8436.54 -2851.31
8636.58 -2852.77
8717.03 -2881.23
8817.38 -2903.15
8961.01 -2911.56
9138.2 -2908
9182.28 -2940.26
9192.1 -2982.26
8790.74 -3152.45
9958.53 -2826.52
10072 -2827.18
10197.1 -2821.89
10299.8 -2822.2
10301 -2857.33
10316.7 -2887.25
9974.34 -3053.2
9968.49 -3094.98
9980.99 -3129.8
9963.2 -3177.08
9971.69 -3213.95
9979.01 -3251.45
9965.36 -3298.37
9976.66 -3334.61
9979.81 -3374.71
11272.9 -2804.8
11333.7 -2803.69
11395.8 -2800.87
11434.4 -2808.85
11511.9 -2796.05
11549.2 -2803.04
11604.3 -2799.87
11659.4 -2795.63
11694.3 -2801.82
11744.7 -2798.53
11797.7 -2792.79
11830.4 -2798.14
11882.6 -2791.14
11908.1 -2799.76
11958.9 -2791.95
11989.6 -2796.15
12031.4 -2792.59
12060.9 -2796.45
12110 -2786.49
12128.8 -2796.59
12176.8 -2785.78
12204.9 -2788.44
12232.7 -2790.78
12267.8 -2787.2
12294.8 -2789.19
12321.6 -2790.87
12354.2 -2787.44
12340.7 -2820.57
12346.9 -2838.31
12337.8 -2868.88
12343.2 -2887.72
12348.6 -2906.83
12357.3 -2923.24
12342.3 -2960.91
12349.5 -2979.17
12353.7 -3000.43
12357.9 -3022.03
12343.7 -3061.53
12347.3 -3084.51
12351.6 -3107.15
12354.8 -3131.26
12357.9 -3155.79
12364.3 -3177.37
12353.4 -3217.54
12362.2 -3237.41
12352.8 -3277.56
12362.2 -3297.41
12354.2 -3337.54
12364.4 -3357.39
12357.7 -3397.5
12351.8 -3437.59
12363.2 -3457.42
12358.5 -3497.49
12354.7 -3537.56
12382.8 -3537.13
12410.5 -3536.7
12435.1 -3540.09
12462.1 -3539.68
12488.8 -3539.27
12486.7 -3579.3
12485.3 -3619.33
12484.6 -3659.34
12484.7 -3699.35
12485.4 -3739.34
12486.8 -3779.33
13136 -2789.22
13151.1 -2788.98
13166 -2788.75
13180.7 -2788.53
13195.3 -2788.3
13209.8 -2788.08
13224.1 -2787.86
13238.2 -2787.64
13252.2 -2787.43
13266.1 -2787.21
13279.8 -2787
13293.4 -2786.79
13306.9 -2786.59
13320.3 -2786.38
13333.6 -2786.18
13346.7 -2785.97
13359.7 -2785.77
13372.7 -2785.57
13385.5 -2785.38
13398.2 -2785.18
13410.8 -2784.99
13423.4 -2784.79
13435.8 -2784.6
13448.2 -2784.41
13460.4 -2784.22
13472.6 -2784.03
13484.7 -2783.85
13496.8 -2783.66
13508.7 -2783.48
13520.6 -2783.3
13532.4 -2783.11
13544.2 -2782.93
13555.9 -2782.75
13567.5 -2782.57
13579.1 -2782.4
13590.6 -2782.22
13602 -2782.04
13613.4 -2781.87
13624.8 -2781.69
13636.1 -2781.52
13647.3 -2781.35
13658.5 -2781.17
13669.7 -2781
13680.8 -2780.83
13691.9 -2780.66
13702.9 -2780.49
13713.9 -2780.32
13724.9 -2780.15
13735.9 -2779.98
13746.8 -2779.82
13757.7 -2779.65
13768.5 -2779.48
13779.3 -2779.31
13790.2 -2779.15
13800.9 -2778.98
13811.7 -2778.82
13822.5 -2778.65
13833.2 -2778.48
13843.9 -2778.32
13854.6 -2778.16
13865.3 -2777.99
13876 -2777.83
13886.7 -2777.66
13897.3 -2777.5
13908 -2777.33
13918.7 -2777.17
13929.3 -2777.01
13940 -2776.84
13950.7 -2776.68
13961.3 -2776.51
13972 -2776.35
13982.7 -2776.18
13993.3 -2776.02
14004 -2775.86
14014.8 -2775.69
14025.5 -2775.53
14036.2 -2775.36
14047 -2775.19
14057.7 -2775.03
14068.5 -2774.86
14079.3 -2774.7
14090.2 -2774.53
14101 -2774.36
14111.9 -2774.19
14122.8 -2774.03
14133.8 -2773.86
14144.7 -2773.69
14155.8 -2773.52
14166.8 -2773.35
14177.9 -2773.18
14189 -2773.01
14200.2 -2772.84
14211.4 -2772.66
14222.6 -2772.49
14234 -2772.32
14245.3 -2772.14
14256.7 -2771.97
14268.2 -2771.79
14279.7 -2771.61
14291.3 -2771.43
14302.9 -2771.25
14314.6 -2771.07
14326.3 -2770.89
14338.2 -2770.71
14350.1 -2770.53
14362 -2770.34
14374.1 -2770.16
14386.2 -2769.97
14398.4 -2769.78
14410.7 -2769.6
14423 -2769.41
14435.5 -2769.21
14448 -2769.02
14460.7 -2768.83
14473.4 -2768.63
14486.3 -2768.43
14499.2 -2768.23
14512.2 -2768.03
14525.4 -2767.83
14538.7 -2767.63
14552 -2767.42
14565.5 -2767.21
14579.2 -2767
14592.9 -2766.79
14606.8 -2766.58
14620.8 -2766.36
14635 -2766.14
14649.3 -2765.92
14663.8 -2765.7
14678.4 -2765.48
14693.1 -2765.25
14708.1 -2765.02
14723.2 -2764.79
14738.4 -2764.55
14753.9 -2764.31
14769.5 -2764.07
14785.3 -2763.83
14801.3 -2763.58
14817.6 -2763.33
14834 -2763.08
14850.6 -2762.82
14867.5 -2762.56
14884.6 -2762.3
14901.9 -2762.03
14919.5 -2761.76
14937.3 -2761.49
14955.4 -2761.21
14973.7 -2760.93
14992.3 -2760.64
15011.2 -2760.35
15030.4 -2760.06
15050 -2759.76
15069.8 -2759.45
15089.9 -2759.14
15110.4 -2758.82
15131.3 -2758.5
15148.5 -2754.35
15168.5 -2752.56
15188.5 -2750.45
15208.4 -2748.02
15228.4 -2745.29
15248.3 -2742.24
16025.8 -3397.95
16025.3 -3365.28
16024.9 -3333.11
16024.4 -3301.42
16023.9 -3270.2
16023.4 -3239.44
16022.9 -3209.11
16022.5 -3179.2
16022 -3149.71
16021.6 -3120.62
16021.1 -3091.91
16020.7 -3063.58
16020.3 -3035.61
16019.8 -3007.99
16019.4 -2980.71
16019 -2953.76
16018.6 -2927.14
16018.2 -2900.82
16017.8 -2874.81
16017.4 -2849.08
16017 -2823.65
16016.6 -2798.48
16016.2 -2773.59
16015.9 -2748.95
16055.8 -2746.93
16095.8 -2744.24
16135.7 -2740.86
16195.9 -2747.32
16235.8 -2742.39
16275.7 -2736.81
16335.8 -2740.4
16395.8 -2742.91
16435.7 -2734.95
16515.9 -2744.72
16555.7 -2735.07
16615.7 -2733.55
16675.7 -2730.99
16755.7 -2735.74
16835.8 -2739.05
16875.6 -2725.09
16955.6 -2725.96
17075.9 -2740.47
17095.5 -2716.18
17095 -2684.58
17094.5 -2653.19
17094 -2622
17093.6 -2591
17093.1 -2560.18
17092.6 -2529.54
17092.1 -2499.07
17111.1 -2474.33
17092.9 -2439.09
17107.8 -2413.19
17097.4 -2380.65
17105.9 -2353.1
17105.3 -2323.37
17229.4 -2322.51
17221.9 -2290.36
17279.1 -2272.2
21749.8 -3149.57
21763.5 -3081
21776.5 -3012.31
21788.9 -2943.51
21800.7 -2874.6
21811.9 -2805.6
21822.5 -2736.5
21832.5 -2667.31
21841.9 -2598.03
21850.7 -2528.68
21858.9 -2459.25
21866.5 -2389.75
21873.5 -2320.19
21879.8 -2250.57
21885.6 -2180.9
21890.7 -2111.18
21895.3 -2041.42
21899.2 -1971.62
21902.5 -1901.78
21342.1 -1812.57
21541.2 -1752.67
21908.8 -1692.15
21909.7 -1622.25
21909.9 -1552.34
21909.6 -1482.43
21908.6 -1412.53
21907.1 -1342.63
21904.9 -1272.76
21902.1 -1202.9
21898.7 -1133.08
17854 -1313.21
17254 -1320.97
17193.6 -1296.37
17133.3 -1272.8
17072.9 -1250.25
17072.5 -1222.37
17072.1 -1194.44
17071.6 -1166.47
17071.2 -1138.45
17070.8 -1110.37
17070.3 -1082.22
17069.9 -1054.01
17069.5 -1025.73
17069 -997.374
17068.6 -968.936
17068.1 -940.414
17067.7 -911.804
17067.3 -883.098
17066.8 -854.294
17066.4 -825.384
17065.9 -796.367
17065.5 -767.234
17065 -737.983
17064.6 -708.606
17064.1 -679.099
17063.7 -649.458
17063.2 -619.675
17062.8 -589.747
17062.3 -559.665
17061.8 -529.427
15760.6 -935.774
15700.6 -938.444
15640.7 -942.176
15600.6 -939.711
15560.6 -937.93
15500.7 -944.493
15460.7 -944.287
15420.7 -944.777
15380.7 -945.967
15340.7 -947.863
15320.6 -941.803
15280.7 -944.919
15240.7 -948.756
15220.7 -944.03
15180.7 -949.116
15160.7 -945.226
15120.8 -951.58
15100.7 -948.542
15080.7 -945.825
14703.5 -1133.9
14683.5 -1135.83
14663.6 -1138.12
14643.6 -1140.79
14643.5 -1132.34
14643.4 -1123.82
14643.2 -1115.2
14643.1 -1106.5
14643 -1097.71
14642.8 -1088.83
14642.7 -1079.85
14642.5 -1070.77
14622.6 -1074.98
14602.7 -1079.59
14602.5 -1070.7
14602.4 -1061.7
14602.3 -1052.6
14602.1 -1043.38
14602 -1034.05
14601.8 -1024.59
14601.7 -1015.01
14601.5 -1005.31
14601.4 -995.469
14601.2 -985.494
14601.1 -975.379
14600.9 -965.118
14600.7 -954.707
14600.6 -944.142
14600.4 -933.416
14600.3 -922.524
14600.1 -911.462
14599.9 -900.223
14599.7 -888.801
14599.6 -877.19
14599.4 -865.384
14599.2 -853.374
14593.8 -846.549
14581.8 -846.735
14588.8 -826.624
14595.3 -806.521
14583.2 -806.707
14589.2 -786.613
14594.7 -766.526
14582.6 -766.713
14587.5 -746.634
14592.1 -726.562
14596.2 -706.496
14583.9 -706.686
14587.5 -686.628
14590.7 -666.577
14578.3 -666.767
14580.9 -646.723
14583.2 -626.686
14585.2 -606.654
14586.7 -586.628
14587.9 -566.607
14588.7 -546.593
14589.1 -526.583
14589.2 -506.58
14589 -486.581
14588.4 -466.588
14587.4 -446.601
14586.1 -426.618
14584.5 -406.641
14582.5 -386.669
14625.7 -285.993
14622.1 -266.045
14618.2 -246.102
14624.7 -205.998
14620 -186.068
14615 -166.143
14619.6 -126.067
14613.8 -106.154
14674.5 54.7995
14675.9 94.8254
14676.6 134.84
14676.5 174.844
14675.8 214.838
14674.3 254.82
14672.2 294.792
14669.4 334.753
14680.8 412.853
14680.3 463.435
14679.9 516.641
14679.6 572.653
