18527.9 6561.37
18461.8 6560.65
18395 6559.93
18327.5 6559.2
18259.3 6558.46
18190.3 6557.71
18120.6 6556.96
18050 6556.19
17978.6 6555.42
17906.4 6554.64
17833.4 6553.85
17759.4 6553.05
17684.5 6552.24
17608.6 6551.42
17531.7 6550.59
17453.9 6549.74
17374.9 6548.89
17294.9 6548.03
17213.8 6547.15
17131.5 6546.26
17038.1 6556.9
16961.1 6546.9
16864 6558.49
16837.5 6489.98
16698.2 6544.92
16609.9 6542.01
16501.2 6559
16426.6 6538.63
16332 6537.61
16177.4 6594.69
16128.3 6544.92
16079.7 6494.72
16031.4 6444.1
15983.7 6393.06
15936.3 6341.6
15889.5 6289.74
15843.1 6237.46
15797.1 6184.79
15751.6 6131.71
15831.2 5974.16
15832.2 5884.79
15833.2 5796.73
15574.3 5915.48
15531.1 5860.47
15488.5 5805.08
15446.3 5749.32
15404.6 5693.2
15363.5 5636.71
15322.8 5579.86
15282.6 5522.66
15242.9 5465.11
15318.2 5330.44
15319.1 5247.61
15320 5165.75
15320.8 5084.82
15321.7 5004.81
15322.6 4925.69
15323.4 4847.42
15324.2 4769.98
15325.1 4693.35
15325.9 4617.51
15326.7 4542.43
15327.5 4468.08
15328.3 4394.45
15329.1 4321.51
15329.9 4249.25
15330.6 4177.64
15331.4 4106.66
15332.2 4036.3
15332.9 3966.53
15333.7 3897.35
15334.4 3828.72
15335.2 3760.64
15335.9 3693.08
15336.6 3626.03
15337.3 3559.48
15338 3493.4
15338.8 3427.79
15339.5 3362.63
15340.2 3297.9
15340.9 3233.6
15341.6 3169.69
15342.2 3106.19
15342.9 3043.06
15343.6 2980.3
15344.3 2917.89
15344.9 2855.83
15345.6 2794.09
15346.3 2732.68
15346.9 2671.56
15347.6 2610.75
15348.3 2550.21
15348.9 2489.95
15349.6 2429.95
15350.2 2370.2
15350.8 2310.68
15351.5 2251.4
15352.1 2192.33
15352.8 2133.48
15353.4 2074.82
15354 2016.35
15354.7 1958.06
15355.3 1899.94
15355.9 1841.97
15356.5 1784.16
15357.2 1726.49
15357.8 1668.95
15358.4 1611.53
15359 1554.22
15359.6 1497.02
15360.3 1439.91
15360.9 1382.89
15361.5 1325.94
15362.1 1269.07
15362.7 1212.25
15243.3 1159.26
13850.1 1133.1
13848.9 1063.2
13848.2 993.293
13848.1 923.381
13848.7 853.476
13849.9 783.574
13851.6 713.686
13854 643.817
13857 573.972
13860.6 504.155
15290.1 526.729
15310.7 470.664
15371.3 418.175
16011.3 419.506
16171.7 384.071
16112.3 327.462
15373.8 189.783
15374.4 132.44
15375 74.9815
15375.7 17.3971
15376.3 -40.3214
15376.9 -98.1833
15657 -108.343
15657.6 -164.007
15658.2 -219.837
15658.8 -275.841
15659.5 -332.027
15660.1 -388.407
15760.4 -422.471
15900.7 -445.541
15901.3 -500.352
15901.9 -555.386
15902.5 -610.654
15903.1 -666.165
17096.5 -386.096
17258.1 -383.994
17394.8 -386.534
17547 -381.911
17675 -382.286
17799.3 -381.66
17920.2 -380.023
18037.8 -377.368
18152.6 -373.684
18264.6 -368.963
18354.2 -370.734
18441.5 -371.846
18526.6 -372.294
18629.6 -363.932
18691 -371.172
18770.5 -369.589
18848.4 -367.318
18924.7 -364.351
18979.7 -369.849
19053.3 -365.68
19125.6 -360.795
19176.8 -364.993
19246.8 -358.871
19295.9 -362.251
19343.9 -365.325
19410.9 -357.41
19457.1 -359.641
19502.5 -361.555
19547 -363.15
19610.7 -352.834
19653.8 -353.547
19696.2 -353.929
19737.9 -353.975
19779 -353.682
19819.5 -353.045
19859.4 -352.061
19898.9 -350.724
19937.7 -349.032
19956.3 -360.75
19994.2 -358.587
20031.7 -356.056
20068.7 -353.151
20105.3 -349.868
20141.5 -346.199
20157.6 -357.501
20193 -353.322
20228.2 -348.744
20262.9 -343.759
20277.6 -354.852
20311.7 -349.325
20345.6 -343.375
20359.3 -354.374
20392.6 -347.858
20425.6 -340.897
20438.6 -351.797
20471.1 -344.241
20483.6 -355.178
20515.6 -347.011
20527.6 -357.988
20559.2 -349.189
20574 -356.903
20596.4 -356.662
20618.3 -356.424
20639.9 -356.191
20661.1 -355.961
20682 -355.736
20702.5 -355.513
20722.8 -355.294
20742.7 -355.079
20762.3 -354.867
20781.6 -354.657
20800.7 -354.451
20819.5 -354.248
20838 -354.048
20856.3 -353.85
20874.3 -353.655
20892.1 -353.463
20909.6 -353.273
20926.9 -353.085
20944.1 -352.9
20960.9 -352.717
20977.6 -352.537
20994.1 -352.358
21010.4 -352.182
21026.6 -352.008
21042.5 -351.835
21058.3 -351.665
21073.8 -351.496
21089.3 -351.329
21104.5 -351.164
21119.6 -351
21134.6 -350.838
21149.4 -350.678
21164.1 -350.519
21178.6 -350.362
21193 -350.206
21207.3 -350.052
21221.4 -349.899
21235.5 -349.747
21249.4 -349.597
21263.2 -349.448
21276.8 -349.299
21290.4 -349.153
21303.9 -349.007
21317.3 -348.862
21330.5 -348.719
21343.7 -348.576
21356.8 -348.435
21369.8 -348.294
21382.7 -348.154
21395.5 -348.016
21408.2 -347.878
21420.9 -347.741
21433.5 -347.605
21446 -347.469
21458.5 -347.335
21470.8 -347.201
21483.2 -347.067
21495.4 -346.935
21507.6 -346.803
21519.7 -346.672
21531.8 -346.541
21543.8 -346.411
21555.8 -346.281
21567.7 -346.152
21579.6 -346.024
21591.4 -345.896
21603.2 -345.768
21615 -345.641
21626.7 -345.515
21638.3 -345.388
21650 -345.263
21661.6 -345.137
21673.1 -345.012
21684.7 -344.887
21696.2 -344.762
21707.7 -344.638
21719.2 -344.514
21730.6 -344.39
21742 -344.267
21753.4 -344.143
21764.8 -344.02
21776.2 -343.897
21787.5 -343.774
21798.9 -343.652
21810.2 -343.529
21821.5 -343.406
21832.9 -343.284
21844.2 -343.161
21855.5 -343.039
21866.8 -342.917
21878.1 -342.794
21889.4 -342.672
21900.8 -342.549
21912.1 -342.427
21923.4 -342.304
21934.8 -342.181
21946.1 -342.059
21957.5 -341.936
21968.9 -341.812
21980.3 -341.689
21991.7 -341.566
22003.1 -341.442
22014.6 -341.318
22026.1 -341.194
22037.6 -341.069
22049.1 -340.944
22060.7 -340.819
22072.3 -340.694
22083.9 -340.568
22095.6 -340.442
22107.3 -340.315
22119 -340.188
22130.8 -340.061
22142.6 -339.933
22154.5 -339.805
22166.4 -339.676
22178.3 -339.546
22190.4 -339.416
22202.4 -339.286
22214.6 -339.154
22226.7 -339.023
22239 -338.89
22251.3 -338.757
22263.6 -338.623
22276.1 -338.489
22288.6 -338.353
22301.2 -338.217
22313.8 -338.08
22326.6 -337.943
22339.4 -337.804
22352.3 -337.665
22365.2 -337.524
22378.3 -337.383
22391.5 -337.24
22404.7 -337.097
22391.6 -277.235
22395.5 -257.192
22408.2 -257.055
22392.7 -197.219
22395.3 -177.189
22407.5 -177.057
22389.6 -117.248
22401.3 -117.121
22402.6 -97.106
22392.8 -57.2092
22404.2 -57.0862
22382.1 2.67844
22393 2.79639
22404 2.91563
22387.3 49.5651
22390.3 62.4158
22385.2 87.7669
22388.5 99.2563
22378.9 130.289
22382 141.154
22385.1 151.729
22388.3 162.026
22377.6 191.911
22380.6 201.689
22383.6 211.224
22386.7 220.528
22389.8 229.61
22387.8 245.199
22375.9 273.219
22379.1 281.218
22382.4 289.04
22385.7 296.691
22389.1 304.179
22375.7 331.329
22378.9 338.505
22382.2 345.536
22383 355.194
22386.7 361.557
22408.8 347.995
22412.9 354.122
22417.1 360.135
22440.7 346.248
22445.4 352.051
22450.2 357.753
22452.3 365.966
22472.4 356.977
22472.3 367.403
22492.4 359.075
22492.3 369.487
22512.3 361.8
22512.2 372.2
22532.3 365.134
22532.2 375.525
22552.3 369.064
22572.3 363.047
22592.4 357.467
22592.3 368.134
22612.3 363.12
22612.2 373.776
22632.3 369.315
22652.3 365.263
22672.4 361.614
22692.4 358.36
22692.3 369.398
22712.3 366.66
22732.3 364.306
22732.2 375.457
22752.2 373.603
22772.3 372.119
22792.3 371.002
22832.4 358.107
22852.4 357.95
22852.3 369.808
22852.2 381.543
22912.4 359.576
22932.4 360.805
22932.3 373.107
22952.2 374.782
23012.4 356.221
23012.3 369.07
23032.3 371.96
23052.2 375.175
23092.3 369.303
23112.3 373.375
23152.3 368.781
23192.4 364.924
23232.4 361.796
23232.2 376.101
23272.3 374.003
23292.2 380.563
23372.4 364.204
23412.4 364.437
23994.5 167.221
23994.3 188.498
23994.1 209.64
23993.9 230.649
23993.6 251.53
23995.6 271.604
23995.3 292.264
23995.1 312.81
23994.9 333.245
23994.7 353.573
23994.5 373.799
24034.4 383.5
24114.4 383.803
24174.3 390.344
24294.4 383.943
24374.3 388.607
25755.9 116.448
25754.8 152.317
25754.4 187.899
25754 223.352
25753.7 258.683
25753.3 293.897
25752.9 329.003
25752.5 364.004
25752.1 398.904
25751.8 433.713
25751.4 468.433
25751 503.074
25750.6 537.636
25750.3 572.129
25749.9 606.558
25749.5 640.925
25749.1 675.239
25748.8 709.502
25748.4 743.724
25748 777.905
25747.7 812.055
25747.3 846.176
25746.9 880.275
25746.6 914.358
25746.2 948.426
25745.8 982.489
25745.5 1016.55
25745.1 1050.61
25744.7 1084.69
25744.3 1118.77
25744 1152.88
25743.6 1187.01
25743.2 1221.17
25742.9 1255.36
25742.5 1289.6
25742.1 1323.88
25741.8 1358.21
25741.4 1392.6
25741 1427.04
25740.6 1461.56
25740.3 1496.15
25748.3 1532.06
25759.2 1568.67
25751.5 1602.46
25738.8 1635.34
25738.4 1670.37
25738 1705.51
25737.6 1740.77
25717.3 1771.91
25517.4 1763.09
25357.4 1759.95
25217.4 1758.77
25217.1 1789.89
25216.7 1821.13
25216.4 1852.51
25216 1884.03
25215.7 1915.7
25215.4 1947.52
25215 1979.5
25214.7 2011.64
25214.3 2043.95
25214 2076.44
25213.6 2109.11
25213.2 2141.98
25212.9 2175.04
25212.5 2208.3
25212.2 2241.78
25211.8 2275.47
25211.4 2309.39
25211.1 2343.54
25210.7 2377.93
25210.3 2412.56
25209.9 2447.46
25209.6 2482.62
25726.6 2759.19
25726.2 2800.4
25725.7 2841.95
25725.3 2883.84
25724.8 2926.09
25724.3 2968.71
25723.9 3011.7
25723.4 3055.09
25722.9 3098.88
25722.4 3143.08
25722 3187.72
25721.5 3232.79
25721 3278.32
25720.5 3324.32
25720 3370.8
25719.5 3417.78
25719 3465.27
25718.4 3513.3
25737.8 3575.25
25729.3 3619.17
25732.7 3671.8
25718.5 3712.58
22443.4 1384.26
22443.4 1392.2
22423.4 1385.28
22423.3 1393.15
22403.4 1385.63
22403.3 1393.43
22383.4 1385.28
22383.3 1393.02
22383.3 1400.86
22383.2 1408.82
22383.1 1416.89
22383 1425.09
22382.9 1433.41
22382.8 1441.86
22382.7 1450.44
22382.6 1459.16
22382.5 1468.02
22382.4 1477.04
22382.3 1486.2
22382.2 1495.52
22374.8 1497.4
22365.6 1497.3
22375.3 1517.41
22366.1 1517.31
22374.6 1536.81
22365.6 1537.05
22374.3 1557.5
22367.9 1560.71
22376.2 1581.58
22367.5 1582.27
22362.3 1587.2
22370.1 1608.55
22361.8 1609.74
22373.2 1636.69
22365.1 1638.41
22372 1660.34
22368.8 1669.13
22375.3 1691.64
22372.9 1702.05
22365.3 1705.05
22371.3 1728.27
22363.6 1731.42
22362.6 1744.85
22368.1 1768.9
22373.2 1793.05
22360.5 1789.02
22365.5 1814.04
22370.1 1839.19
22370.8 1858.29
22363.7 1864.3
22367.8 1890.63
22360.6 1897.03
22362.4 1920.45
22366 1948.16
22369.2 1976.13
22362 1984.26
22364.7 2012.75
22367.4 2042.46
22360.4 2052.42
22363.8 2085.6
22366 2117.42
22359.2 2129.6
22360.9 2162.36
22365.1 2202.61
22366.4 2237.61
22359.5 2253.15
22360.3 2289.47
22365.2 2338.49
22358.4 2357.63
22358.7 2397.78
22358.7 2438.9
22357.6 2478.94
22357.4 2523.96
22356.8 2570.32
22362 2638.19
22360.5 2687.56
22355 2725.85
22359 2801.11
22357 2858.5
22354.6 2918.31
22356.1 2997.83
22353.4 3066.14
22355 3157.99
22351.5 3233.68
22353.8 3343.57
22350 3432.37
22349.7 3547.08
22348.5 3668.46
22346.6 3797.45
22346 3947.99
22343.4 4101.89
22342.8 4288.3
22338.3 4469.33
22335.7 4689.15
22335.2 4957.99
22330.8 5233.44
22327 5561.66
22321.4 5930.75
22319.5 6417.71
22281.4 6546.37
22236 6601.48
22186.4 6600.95
22136.9 6600.41
22087.4 6599.88
22037.9 6599.34
21988.5 6598.81
21939.2 6598.27
21889.8 6597.74
21840.5 6597.2
21791.1 6596.67
21741.8 6596.14
21692.5 6595.6
21643.1 6595.07
21593.7 6594.54
21544.3 6594
21586.2 5134.37
21562.4 4954.1
21527.2 4953.72
21492 4953.34
21456.8 4952.96
21421.5 4952.58
21386.2 4952.19
21350.8 4951.81
21315.3 4951.43
21279.7 4951.04
21244.1 4950.66
21208.3 4950.27
21172.5 4949.88
21136.6 4949.49
21100.6 4949.1
21064.4 4948.71
21028.2 4948.32
20991.8 4947.93
20941.9 5007.39
20904.7 5006.99
20867.4 5006.58
20829.9 5006.18
20792.3 5005.77
20754.4 5005.36
20716.5 5004.95
20678.3 5004.54
20640 5004.12
20601.4 5003.71
20562.7 5003.29
20523.8 5002.87
20484.6 5002.44
20445.2 5002.02
20405.6 5001.59
20365.8 5001.16
20325.7 5000.72
20285.3 5000.29
20244.7 4999.85
20203.8 4999.4
20162.6 4998.96
20121.2 4998.51
20079.4 4998.06
20037.3 4997.6
19994.9 4997.15
19952.2 4996.68
19126.9 6627.85
19124.5 6507.82
19064.4 6507.17
19003.7 6506.51
18942.5 6505.85
18880.7 6505.18
18818.4 6504.51
18755.5 6503.82
18692 6503.14
18593.3 6562.07
18527.9 6561.37
