21872.2 -1315.66
21872.2 -1315.66
21872.2 -1315.66
21872.2 -1315.66
21875 -1316.81
21875 -1316.81
21875 -1316.81
21875 -1316.81
21877.8 -1317.94
21877.8 -1317.94
21877.8 -1317.94
21877.8 -1317.94
21880.6 -1319.04
21880.6 -1319.04
21880.6 -1319.04
21880.6 -1319.04
21883.4 -1320.12
21883.4 -1320.12
21883.4 -1320.12
21883.4 -1320.12
21886.2 -1321.17
21886.2 -1321.17
21886.2 -1321.17
21886.2 -1321.17
21889 -1322.2
21889 -1322.2
21889 -1322.2
21889 -1322.2
21891.8 -1323.2
21891.8 -1323.2
21891.8 -1323.2
21891.8 -1323.2
21894.7 -1324.18
21894.7 -1324.18
21894.7 -1324.18
21894.7 -1324.18
21897.5 -1325.14
21897.5 -1325.14
21897.5 -1325.14
21897.5 -1325.14
21900.4 -1326.07
21900.4 -1326.07
21900.4 -1326.07
21900.4 -1326.07
21903.2 -1326.97
21903.2 -1326.97
21903.2 -1326.97
21903.2 -1326.97
21906.1 -1327.85
21906.1 -1327.85
21906.1 -1327.85
21906.1 -1327.85
21909 -1328.71
21909 -1328.71
21909 -1328.71
21909 -1328.71
21911.8 -1329.54
21911.8 -1329.54
21911.8 -1329.54
21911.8 -1329.54
21914.7 -1330.34
21914.7 -1330.34
21914.7 -1330.34
21914.7 -1330.34
21917.6 -1331.12
21917.6 -1331.12
21917.6 -1331.12
21917.6 -1331.12
21920.5 -1331.87
21920.5 -1331.87
21920.5 -1331.87
21920.5 -1331.87
21923.4 -1332.6
21923.4 -1332.6
21923.4 -1332.6
21923.4 -1332.6
21926.4 -1333.31
21926.4 -1333.31
21926.4 -1333.31
21926.4 -1333.31
21929.3 -1333.98
21929.3 -1333.98
21929.3 -1333.98
21929.3 -1333.98
21932.2 -1334.71
21932.2 -1334.71
21932.2 -1334.71
21932.2 -1334.71
21935.1 -1335.41
21935.1 -1335.41
21935.1 -1335.41
21935.1 -1335.41
21938 -1336.09
21943.9 -1337.55
21952.5 -1339.89
21964.1 -1343
21977.9 -1346.7
21991.6 -1350.53
22005.3 -1354.47
22019 -1358.53
22031.2 -1362.26
22043.4 -1366
22055.5 -1369.74
22067.7 -1373.48
22079.9 -1377.22
22092.1 -1380.96
22104.3 -1384.7
22115.1 -1388
22125.8 -1391.3
22136.6 -1394.6
22147.3 -1397.9
22158.1 -1401.2
22168.8 -1404.49
22179.6 -1407.79
22190.3 -1411.09
22201.1 -1414.49
22210.3 -1417.51
22219.6 -1420.53
22228.9 -1423.55
22240 -1434.78
22249.2 -1437.83
22258.5 -1440.87
22267.8 -1443.91
22277 -1446.96
22286.3 -1450
22295.5 -1453.04
22304.8 -1456.09
22314.1 -1459.13
22323.3 -1462.25
22332.5 -1465.46
22341.7 -1468.74
22341.7 -1468.74
22360 -1475.55
22369.1 -1479.07
22378.1 -1482.68
22387.1 -1486.36
22394.8 -1489.54
22402.4 -1492.72
22410 -1495.91
22417.6 -1499.09
22425.2 -1502.27
22432.8 -1505.45
22440.4 -1508.63
22448 -1511.82
22455.6 -1515.06
22463.2 -1518.38
22470.7 -1521.76
22478.2 -1525.2
22485.7 -1528.71
22493.1 -1532.29
22500.5 -1535.93
22507.9 -1539.64
22515.2 -1543.41
22522.6 -1547.11
22530 -1550.75
22537.4 -1554.33
22544.9 -1557.84
22553.7 -1561.91
22562.6 -1565.91
22571.6 -1569.82
22580.5 -1573.66
22588.1 -1576.84
22595.8 -1580.03
22603.4 -1583.21
22612.4 -1586.97
22621.4 -1590.73
22630.3 -1594.49
22639.3 -1598.25
22639.3 -1598.25
22658.5 -1566.21
22667.5 -1569.85
22676.6 -1573.49
22684.2 -1576.57
22689.1 -1578.57
