12437.7 -2291.75
12437.7 -2291.75
12437.7 -2291.75
12437.7 -2291.75
12437.7 -2291.75
12437.7 -2291.75
12437.7 -2291.75
12437.7 -2291.75
12437.7 -2291.75
12437.7 -2291.75
12437.7 -2291.75
12437.7 -2291.75
12437.7 -2291.75
12437.7 -2291.75
12437.7 -2291.75
12437.7 -2291.75
12437.7 -2291.75
12437.7 -2291.75
12437.7 -2291.75
12453.1 -2304.14
12453.1 -2304.14
12453.1 -2304.14
12453.1 -2304.14
12453.1 -2304.14
12453.1 -2304.14
12453.1 -2304.14
12453.1 -2304.14
12453.1 -2304.14
12453.1 -2304.14
12453.1 -2304.14
12453.1 -2304.14
12453.1 -2304.14
12453.1 -2304.14
12453.1 -2304.14
12453.1 -2304.14
12453.1 -2304.14
12453.1 -2304.14
12453.1 -2304.14
12454.8 -2301.7
12456.9 -2298.58
12460.1 -2293.53
12465 -2285.95
12465.7 -2277.29
12485.4 -2250.84
12498.8 -2234.67
12498.8 -2234.67
12514.8 -2216.74
12549.5 -2181.52
12567.8 -2164.85
12567.8 -2164.85
12586.5 -2148.66
12605.7 -2132.97
12625.2 -2117.78
12643.9 -2103.99
12663 -2090.71
12682.4 -2077.92
12698.7 -2063.9
12718.7 -2052.1
12737.8 -2041.55
12775.2 -2022.47
12775.2 -2022.47
12794.1 -2013.43
12811.9 -2005.34
12829.7 -1997.56
12865.9 -1982.94
12865.9 -1982.94
12884.2 -1976.1
12901.1 -1970.09
12918.2 -1964.37
12935.4 -1958.96
12952.6 -1953.84
12971.9 -1935.87
12989.3 -1931.31
13005.3 -1927.41
13021.4 -1923.79
13037.6 -1920.45
13053.8 -1917.4
13070 -1914.63
13084.9 -1912.36
13114.6 -1908.49
13114.6 -1908.49
13142.9 -1905.29
13142.9 -1905.29
13156.4 -1903.96
13169.8 -1902.74
13183.3 -1901.64
13196.7 -1900.66
13210.2 -1899.8
13223.7 -1899.05
13237.2 -1898.42
13249.2 -1897.97
13261.2 -1897.62
13273.1 -1897.37
13297.1 -1897.19
13297.1 -1897.19
13309.1 -1897.26
13319.6 -1897.42
13318.2 -1903.7
13328.7 -1903.98
13339.2 -1904.35
13349.7 -1904.81
13370.7 -1906.01
13370.7 -1906.01
13381.2 -1906.75
13391.6 -1907.57
13402.1 -1908.31
13412.6 -1908.91
13433.6 -1909.69
13444.1 -1909.88
13444.1 -1909.88
13454.6 -1909.93
13465.1 -1909.84
13475.6 -1909.61
13486.1 -1909.25
13507 -1908.11
13507 -1908.11
13517.5 -1907.34
13528 -1906.43
13538.4 -1905.38
13548.8 -1904.19
13569.7 -1901.41
13569.7 -1901.41
13580 -1899.82
13590.4 -1898.09
13600.7 -1896.22
13621.3 -1892.09
13631.6 -1889.82
13641.8 -1887.5
13652 -1885.14
13652 -1885.14
13662.3 -1882.74
13672.5 -1880.29
13682.7 -1877.8
13692.9 -1875.26
13703 -1872.68
13713.2 -1870.06
13720.4 -1868.08
13724.8 -1866.85
