4639.87 -3904.42
4639.87 -3904.42
4639.87 -3904.42
4639.87 -3904.42
4638.08 -3906.83
4634.53 -3911.67
4629.35 -3919.02
4622.6 -3928.95
4614.39 -3941.5
4604.79 -3956.73
4594.55 -3973.32
4574.49 -4006.77
4574.49 -4006.77
4565.43 -4022.32
4556.51 -4037.96
4547.73 -4053.67
4539.09 -4069.46
4530.58 -4085.32
4522.91 -4099.93
4515.37 -4114.6
4507.95 -4129.35
4500.67 -4144.15
4493.51 -4159.02
4486.48 -4173.95
4480.22 -4187.57
4473.95 -4201.2
4467.68 -4214.83
4461.41 -4228.46
4455.14 -4242.08
4449.5 -4254.35
4443.86 -4266.61
4438.22 -4278.88
4432.57 -4291.14
4426.93 -4303.41
4415.65 -4327.94
4415.65 -4327.94
4410.01 -4340.2
4404.99 -4351.1
4399.98 -4362
4394.96 -4372.91
4393.94 -4375.39
4388.93 -4386.29
4383.91 -4397.19
4378.89 -4408.09
4373.88 -4418.99
4368.86 -4429.89
4364.47 -4439.43
4360.08 -4448.97
4355.69 -4458.51
4351.3 -4468.05
4346.91 -4477.59
4342.52 -4487.12
4338.13 -4496.66
4329.35 -4515.74
4329.35 -4515.74
4324.96 -4525.28
4320.57 -4534.81
4316.18 -4544.35
4308.65 -4560.7
4308.65 -4560.7
4304.89 -4568.88
4301.12 -4577.05
4297.36 -4585.23
4293.6 -4593.41
4289.84 -4601.58
4286.07 -4609.76
4282.31 -4617.93
4274.78 -4634.28
4274.78 -4634.28
4271.65 -4641.1
4268.51 -4647.91
4265.38 -4654.72
4262.24 -4661.54
4259.1 -4668.35
4255.97 -4675.16
4252.83 -4681.97
4249.76 -4688.81
4246.74 -4695.68
4243.78 -4702.57
4240.83 -4709.47
4237.87 -4716.36
4231.96 -4730.15
4231.96 -4730.15
4229 -4737.04
4226.05 -4743.93
4223.09 -4750.82
4220.13 -4757.72
4217.18 -4764.61
4214.22 -4771.5
4211.85 -4777.02
4204.25 -4766.51
4201.78 -4771.97
4199.3 -4777.44
4196.83 -4782.91
4194.36 -4788.37
4191.88 -4793.84
4189.41 -4799.31
4184.47 -4810.24
4184.47 -4810.24
4179.52 -4821.17
4179.52 -4821.17
4177.05 -4826.64
4174.57 -4832.11
4169.63 -4843.04
4169.63 -4843.04
4167.15 -4848.51
4164.73 -4853.99
4159.98 -4865.01
4159.98 -4865.01
4157.6 -4870.52
4153.44 -4880.16
4153.44 -4880.16
4151.66 -4884.29
