10584.5 -1281.69
10533.9 -1276.77
10503.1 -1283.13
10453.8 -1280.51
10401.3 -1277.17
10368.5 -1284.42
10315.2 -1282.33
10276.5 -1288.07
10236.6 -1293.85
10148.8 -1278.86
10112.4 -1288
10049.8 -1286.52
9970.85 -1279.32
9911.19 -1281.39
9850.7 -1284.15
9789.33 -1287.61
9715.49 -1287.43
9630.69 -1284.53
8537.81 -924.573
8550.89 -968.404
8544.53 -1005.21
8544.44 -1043.96
8537.93 -1080.45
8534.47 -1117.8
8534.91 -1156.16
8535.35 -1194.32
8535.78 -1232.28
8536.22 -1270.04
8536.65 -1307.62
8396.66 -1309.83
8276.77 -1319.31
8056.62 -1307.57
7896.67 -1313.15
7736.75 -1321.49
7496.68 -1316.19
7276.7 -1319.03
7036.71 -1321.96
6836.86 -1336.19
6436.65 -1320.11
6196.83 -1336.64
5816.8 -1336.2
5436.84 -1342.41
4963 -1342.77
4603.76 -1365.59
4595.47 -1435.01
4587.79 -1504.49
4580.71 -1574.04
4574.24 -1643.65
4568.38 -1713.32
4563.12 -1783.03
4558.48 -1852.79
4554.45 -1922.58
4551.03 -1992.41
4548.21 -2062.26
4546.01 -2132.13
4544.42 -2202.03
4543.44 -2271.93
4543.07 -2341.84
4543.31 -2411.75
4544.16 -2481.65
4545.63 -2551.55
4547.7 -2621.43
4550.38 -2691.29
4553.68 -2761.12
4557.58 -2830.92
4562.1 -2900.68
4567.22 -2970.4
4572.96 -3040.08
4579.3 -3109.7
4586.25 -3179.27
5497.56 -3146.49
5937.69 -3155.21
6437.64 -3148.41
6757.77 -3157.98
6758.36 -3209.5
7557.56 -3135.23
7857.52 -3129.96
8177.38 -3115.93
8397.38 -3114.7
8557.47 -3121.21
8677.61 -3133.05
8678.02 -3168.19
8798.13 -3177
8994.76 -3166.12
9111.74 -3170.83
9139.95 -3195.59
9141.57 -3226.82
8752.84 -3362.52
9868.87 -3089.24
9970.97 -3085.25
10033.1 -3091.27
10134.9 -3084.11
10196.7 -3087.72
10271.4 -3086.09
10271.6 -3108.01
10271.9 -3130.05
10272.1 -3152.23
9933.78 -3297.61
9934.08 -3323.39
9934.38 -3349.34
9934.68 -3375.46
9934.98 -3401.75
9935.28 -3428.23
9935.59 -3454.88
9935.9 -3481.74
9936.21 -3508.78
9936.52 -3536.04
9936.84 -3563.5
9937.15 -3591.18
9937.47 -3619.09
9937.8 -3647.23
9938.12 -3675.61
9938.45 -3704.23
9938.78 -3733.11
9939.12 -3762.25
11231.3 -3075.93
11251.4 -3079.65
11291.3 -3071.59
11311.3 -3074.45
11331.3 -3076.99
11371.2 -3067.04
11391.3 -3068.69
11411.3 -3070.01
11431.3 -3071
11451.3 -3071.65
11471.3 -3071.96
11491.3 -3071.92
11511.3 -3071.53
11531.3 -3070.79
11551.3 -3069.7
11571.3 -3068.24
11591.2 -3066.41
11591.4 -3079.42
11611.4 -3077.12
11631.3 -3074.43
11651.3 -3071.36
11671.3 -3067.9
11691.2 -3064.05
11691.4 -3076.7
11711.3 -3072.33
11731.3 -3067.54
11751.2 -3062.33
11751.3 -3074.83
11771.3 -3069.07
11791.2 -3062.86
11791.4 -3075.32
11811.3 -3068.54
11831.2 -3061.3
11831.3 -3073.71
11840.2 -3077.3
11852.5 -3077.16
11864.7 -3077.02
11876.6 -3076.88
11888.3 -3076.75
11899.8 -3076.61
11911.2 -3076.48
11922.4 -3076.36
11933.4 -3076.23
11944.2 -3076.11
11954.9 -3075.98
11965.4 -3075.86
11975.8 -3075.74
11986.1 -3075.62
11996.2 -3075.51
12006.1 -3075.39
12016 -3075.28
12025.7 -3075.17
12035.3 -3075.06
12044.7 -3074.95
12054.1 -3074.84
12063.3 -3074.74
12072.4 -3074.63
12081.5 -3074.53
12090.4 -3074.43
12099.2 -3074.33
12107.9 -3074.23
12116.6 -3074.13
12125.1 -3074.03
12133.6 -3073.93
12141.9 -3073.84
12150.2 -3073.74
12158.4 -3073.65
12166.5 -3073.55
12174.6 -3073.46
12182.6 -3073.37
12190.5 -3073.28
12198.3 -3073.19
12206.1 -3073.1
12213.8 -3073.01
12221.4 -3072.92
12229 -3072.84
12236.5 -3072.75
12244 -3072.66
12251.4 -3072.58
12258.8 -3072.49
12266.1 -3072.41
12273.3 -3072.33
12280.5 -3072.24
12287.7 -3072.16
12294.8 -3072.08
12301.9 -3072
12308.9 -3071.92
12315.9 -3071.84
12322.8 -3071.76
12317.9 -3111.82
12319.4 -3131.8
12321.3 -3151.78
12323.5 -3171.76
12320.8 -3211.79
12318.9 -3251.82
12322.5 -3271.78
12326.4 -3291.73
12321.8 -3351.79
12322.5 -3391.78
12323.9 -3431.77
12326 -3471.75
12325.1 -3531.76
12325.3 -3591.76
12326.5 -3651.75
12325.6 -3731.77
12329 -3791.73
12171.5 -5013.62
12195.3 -5013.35
12218.9 -5013.08
12378.1 -3811.17
12391.1 -3811.02
12404 -3810.88
12416.9 -3810.73
12429.8 -3810.58
12442.6 -3810.43
12449.4 -3910.36
12452.9 -4110.33
12453.9 -4450.34
12466.9 -4610.21
12486.6 -4609.98
12506.4 -4609.75
12526.2 -4609.53
12545.9 -4609.3
12565.7 -4609.07
12585.4 -4608.84
12605.2 -4608.62
12624.9 -4608.39
12644.7 -4608.16
12664.5 -4607.94
12684.3 -4607.71
12704.1 -4607.48
12723.9 -4607.26
12743.8 -4607.03
13067.8 -7720.04
13115.2 -7719.5
13162.6 -7718.95
13210.2 -7718.41
13257.8 -7717.86
13299.8 -7677.38
13404.6 -8056.2
13455.6 -8055.61
13506.7 -8055.03
13557.9 -8054.44
13609.3 -8053.85
13543.6 -7454.56
13549 -7254.49
13546.6 -7034.5
13549.3 -6854.46
13527.6 -6583.11
13529.1 -6427.73
13528.7 -6275.64
13523.9 -6116.68
13523.7 -5985.36
13518.6 -5844.37
13517.1 -5725.04
13517.7 -5619.3
13512.6 -5501.43
13515.8 -5416.26
13517.2 -5329.96
13512.4 -5229.83
13514.7 -5155.2
13516.9 -5084.06
13512.4 -4997.86
13513.6 -4931.23
13509 -4852.26
13512.4 -4797.16
13508.3 -4725.84
13508.3 -4667.56
13504.1 -4601.69
13508.7 -4558.79
13504.9 -4498.88
13503.7 -4446.67
13509.2 -4410.87
13505.7 -4357.62
13503.4 -4308.69
13499.8 -4259
13496.4 -4211.4
13503.6 -4185.68
13500.8 -4141.95
13496.9 -4097.71
13505 -4076.58
13502.5 -4037.21
13500.2 -3999.4
13498.1 -3963.09
13492.6 -3922.26
13502.6 -3907.94
13515.4 -3898.12
13508.8 -3858.2
13514.4 -3838.13
13506.5 -3798.22
13511.3 -3778.16
13159.6 -3242.16
13157.1 -3222.19
13097.4 -3122.87
13107.6 -3122.75
13103.2 -3102.8
13098.4 -3082.86
13108.5 -3082.74
13103.1 -3062.8
13113.2 -3062.68
13123.4 -3062.57
13133.7 -3062.45
13144.2 -3062.33
13154.8 -3062.21
13165.6 -3062.08
13176.6 -3061.96
13187.7 -3061.83
13199 -3061.7
13210.5 -3061.57
13222.1 -3061.43
13234 -3061.3
13246 -3061.16
13258.3 -3061.02
13270.7 -3060.88
13271.1 -3048.94
13291.2 -3055.76
13291.1 -3043.36
13311.2 -3049.6
13331.2 -3055.38
13331.1 -3042.93
13351.1 -3048.16
13371.2 -3052.95
13391.3 -3057.32
13391.1 -3044.71
13411.2 -3048.55
13431.2 -3051.99
13431 -3039.34
13451.1 -3042.27
13471.1 -3044.81
13491.1 -3046.96
13511.2 -3048.74
13531.2 -3050.14
13551.2 -3051.18
13571.2 -3051.85
13591.2 -3052.16
13611.2 -3052.12
13631.2 -3051.73
13651.2 -3051
13671.2 -3049.92
13691.2 -3048.51
13698 -3038.92
13718.6 -3037.31
13739.1 -3035.37
13779.8 -3044.41
13800.3 -3041.58
13820.9 -3038.42
13861.6 -3045.58
13882.2 -3041.56
13901.2 -3036.42
13942.8 -3042.17
13964.3 -3037.43
14006 -3041.9
14027.7 -3036.32
14069.5 -3039.54
14111.3 -3042.02
14133.1 -3035.12
14175.1 -3036.38
14224.3 -3039.87
14247.6 -3032.06
14311.1 -3039.65
14354.7 -3038.49
14398.4 -3036.64
14442.4 -3034.09
14506.5 -3037.91
14550.8 -3033.8
14595.3 -3029.01
14680 -3036.41
14726.8 -3030.45
14794 -3029.89
14881.7 -3034.15
14949.7 -3031.31
15018.2 -3027.42
15107.3 -3027.8
15197 -3026.78
15978.8 -3194.46
15978.4 -3162.6
15978.1 -3130.88
15977.7 -3099.29
15977.3 -3067.83
15977 -3036.48
16096.9 -3028.24
16196.7 -3014.28
16476.9 -3029.82
16636.8 -3020.7
16856.8 -3018.13
17036.7 -3005.86
17056.3 -2968.49
17055.8 -2928.29
17055.4 -2888.2
17054.9 -2848.19
17054.4 -2808.27
17054 -2768.43
17053.5 -2728.67
17053.1 -2688.96
17052.6 -2649.32
17072.2 -2610.89
20533.5 -2740.88
20536.6 -2671.04
20539.1 -2601.17
20541 -2531.29
20542.3 -2461.39
20543 -2391.48
20543 -2321.57
20542.5 -2251.66
20541.3 -2181.76
20539.5 -2111.88
20537.2 -2042.01
20534.2 -1972.16
20530.6 -1902.34
20526.4 -1832.56
20521.5 -1762.82
20516.1 -1693.12
20510.1 -1623.47
20503.4 -1553.88
20496.2 -1484.34
20488.3 -1414.87
20479.9 -1345.48
18145.5 -1590.88
17660.7 -1610.91
17420.6 -1601.98
17160.6 -1600.46
17160.1 -1559.07
17039.9 -1539.14
17039.4 -1498.59
17038.9 -1457.91
17038.5 -1417.11
17038 -1376.16
17037.5 -1335.07
17037 -1293.82
17036.6 -1252.41
17036.1 -1210.83
17035.6 -1169.08
17035.1 -1127.15
17034.7 -1085.02
17034.2 -1042.7
17033.7 -1000.17
17033.2 -957.421
17032.7 -914.453
17032.2 -871.253
17031.7 -827.814
15736.3 -1235.67
15676.2 -1225.83
15617.9 -1216.31
15524.2 -1221.14
15452 -1219.29
15381.3 -1218.11
15292.1 -1225.73
15224.1 -1226.1
15157.2 -1227.16
14673.5 -1412.62
14623 -1413.08
14600.2 -1401.64
14598.1 -1380.73
14616.7 -1349.7
14576.5 -1347.12
14576.7 -1324.81
14557.8 -1312.19
14559.3 -1289
14561.5 -1265.24
14566.7 -1239.54
14570.8 -1214.16
14575.3 -1188.18
14560.5 -1173.17
14565.9 -1146.19
14571.8 -1118.58
14558.2 -1102.62
14554.4 -1080.48
14560 -1052.22
14567.9 -1021.96
14556.3 -1004.27
14564.8 -972.858
14553.8 -954.49
14562.9 -921.88
14552.4 -902.799
14562 -868.937
14564.5 -839.801
14555.2 -819.165
14565.9 -782.905
14557.1 -761.437
14568.2 -723.767
14559.7 -701.416
14566.6 -666.072
14558.9 -642.487
14590.9 -584.421
14603.2 -542.161
14595.9 -516.587
14588.7 -490.616
14599.4 -447.892
14592.8 -420.445
14606.2 -373.607
14659.2 -287.097
14653 -256.918
14646.8 -226.222
14654.1 -181.336
14636.4 -161.538
14637.7 -121.52
14638.3 -81.5106
14656.5 -21.297
14655.4 18.6928
14635.9 38.4694
14633.7 78.4474
13485.9 -1234.82
13469.1 -1235.01
13452.6 -1235.2
13436.4 -1235.38
13420.4 -1235.57
13404.6 -1235.75
13389 -1235.93
13373.6 -1236.11
13358.4 -1236.28
13343.4 -1236.45
13328.7 -1236.62
13314.1 -1236.79
13299.6 -1236.95
13285.4 -1237.12
13271.3 -1237.28
13257.4 -1237.44
13243.7 -1237.6
13230.1 -1237.75
13216.6 -1237.91
13203.3 -1238.06
13190.2 -1238.21
13177.2 -1238.36
13164.3 -1238.51
13151.5 -1238.65
13138.9 -1238.8
13126.4 -1238.94
13114 -1239.09
13101.7 -1239.23
13089.5 -1239.37
13077.4 -1239.51
13065.5 -1239.64
13053.6 -1239.78
13041.9 -1239.91
13030.2 -1240.05
13018.6 -1240.18
13007.1 -1240.31
12995.7 -1240.44
12984.4 -1240.57
12971.8 -1244.19
12960.7 -1244.32
12949.7 -1244.44
12938.7 -1244.57
12927.8 -1244.69
12916.9 -1244.82
12906.2 -1244.94
12895.5 -1245.06
12884.8 -1245.19
12874.3 -1245.31
12863.7 -1245.43
12853.3 -1245.55
12842.9 -1245.67
12832.5 -1245.79
12822.2 -1245.91
12811.9 -1246.02
12801.7 -1246.14
12791.5 -1246.26
12781.4 -1246.37
12771.3 -1246.49
12761.2 -1246.61
12751.2 -1246.72
12741.2 -1246.83
12731.3 -1246.95
12721.4 -1247.06
12711.5 -1247.18
12701.6 -1247.29
12691.8 -1247.4
12682 -1247.51
12672.2 -1247.63
12662.5 -1247.74
12652.7 -1247.85
12643 -1247.96
12633.3 -1248.07
12623.6 -1248.19
12613.9 -1248.3
12604.3 -1248.41
12594.6 -1248.52
12585 -1248.63
12575.3 -1248.74
12565.7 -1248.85
12556.1 -1248.96
12546.5 -1249.07
12536.9 -1249.18
12527.3 -1249.29
12517.6 -1249.4
12508 -1249.51
12498.4 -1249.62
12488.8 -1249.73
12479.2 -1249.84
12469.5 -1249.95
12459.9 -1250.07
12450.2 -1250.18
12440.5 -1250.29
12430.9 -1250.4
12421.2 -1250.51
12411.4 -1250.62
12401.7 -1250.73
12392 -1250.84
12382.2 -1250.96
12372.4 -1251.07
12362.6 -1251.18
12352.7 -1251.3
12342.8 -1251.41
12332.9 -1251.52
12323 -1251.64
12313 -1251.75
12303 -1251.87
12293 -1251.98
12282.9 -1252.1
12272.8 -1252.21
12262.6 -1252.33
12252.4 -1252.45
12242.2 -1252.56
12231.9 -1252.68
12221.5 -1252.8
12211.1 -1252.92
12200.7 -1253.04
12190.2 -1253.16
12179.6 -1253.28
12169 -1253.4
12158.3 -1253.53
12147.6 -1253.65
12136.8 -1253.77
12125.9 -1253.9
12114.9 -1254.03
12103.9 -1254.15
12092.8 -1254.28
12081.6 -1254.41
12070.4 -1254.54
12059.1 -1254.67
12047.6 -1254.8
12036.1 -1254.93
12024.5 -1255.06
12012.8 -1255.2
12001 -1255.33
11989.2 -1255.47
11977.2 -1255.61
11965.1 -1255.75
11952.9 -1255.89
11940.5 -1256.03
11928.1 -1256.17
11915.6 -1256.31
11902.9 -1256.46
11890.1 -1256.61
11877.1 -1256.76
11864.1 -1256.91
11850.9 -1257.06
11837.5 -1257.21
11824 -1257.37
11810.3 -1257.52
11796.5 -1257.68
11782.6 -1257.84
11768.4 -1258
11754.1 -1258.17
11739.6 -1258.33
11724.9 -1258.5
11710.1 -1258.67
11695 -1258.85
11679.8 -1259.02
11664.3 -1259.2
11648.6 -1259.38
11632.7 -1259.56
11616.6 -1259.75
11597.2 -1256.5
11580.6 -1256.69
11563.7 -1256.88
11546.5 -1257.08
11529 -1257.28
11511.3 -1257.48
11493.3 -1257.69
11475 -1257.9
11456.4 -1258.12
11437.4 -1258.33
11426.3 -1266.4
11404.4 -1264.35
11382.5 -1262.68
11359.3 -1260.23
11357.2 -1277.26
11334.8 -1276.07
11310 -1273.13
11287.1 -1272.37
11264.2 -1271.97
11237.6 -1268.91
11214.1 -1268.92
11190.6 -1269.29
11162.1 -1266.12
11137.9 -1266.89
11113.7 -1268.01
11103.2 -1279.73
11058.2 -1266.27
11033.2 -1268.11
11020.4 -1278.96
10974.4 -1267.03
10948.5 -1269.6
10922.5 -1272.5
10886.3 -1269.19
10859.3 -1272.47
10832.2 -1276.07
10804.9 -1279.98
10764.9 -1276.72
10736.5 -1281.02
10687.8 -1273.96
10658.9 -1279.11
10614.7 -1276.16
10584.5 -1281.69
