9026.98 -3227.69
9135.03 -3240.87
9148.52 -3281.5
8747.45 -3454.41
9873.7 -3133.14
10003.4 -3127.62
10112.1 -3127.12
10214.9 -3126.79
10256 -3147.37
10255.4 -3183.13
9930.49 -3344.99
9924.97 -3386.49
9917.94 -3428.99
9929.33 -3464.21
9919.58 -3508.55
9936.62 -3541.64
9923.35 -3588.31
9928.87 -3626.93
9933.44 -3666.21
9940.92 -3704.34
11249.6 -3102.05
11309.8 -3099.87
11369.2 -3096.99
11428 -3093.36
11465.4 -3100.14
11522.1 -3095.82
11578.1 -3090.77
11610.7 -3098.08
11665 -3092.27
11718.8 -3085.72
11747.1 -3093.62
11799.4 -3086.29
11831.5 -3090.63
11883 -3082.01
11906.6 -3090.71
11956.9 -3081.26
11987.1 -3084.44
12027.1 -3080.36
12056.3 -3083.2
12085.2 -3085.73
12113.8 -3087.95
12150.2 -3083.97
12177.9 -3085.84
12225.2 -3072.16
12239.3 -3083.58
12266 -3084.77
12292.6 -3085.64
12304.3 -3098.34
12310.5 -3115.76
12296.9 -3150.36
12306.6 -3165.31
12312.1 -3184.12
12297.8 -3221.04
12305.6 -3238.41
12310.3 -3258.75
12297.2 -3296.5
12301.4 -3318.16
12305.6 -3340.18
12310.4 -3361.89
12314.2 -3385.02
12300.2 -3426.93
12308 -3446.77
12316.1 -3466.61
12324.3 -3486.44
12314.6 -3526.65
12323.6 -3546.47
12315.2 -3586.65
12325 -3606.45
12318 -3646.61
12328.4 -3666.4
12322.7 -3706.52
12333.9 -3726.29
12329.4 -3766.4
12325.8 -3806.48
12049.8 -4212.34
12365.4 -3825.66
12392.5 -3825.09
12419.1 -3824.53
12431.3 -3844.28
12430.7 -3883.22
12443.6 -3902.96
12443.3 -3942.97
12443.8 -3982.97
12445 -4022.95
12446.9 -4062.92
12437.1 -4123.14
13079.1 -3089.49
13094.1 -3089.18
13108.9 -3088.87
13123.5 -3088.56
13138 -3088.26
13152.4 -3087.96
13166.6 -3087.66
13180.7 -3087.36
13194.6 -3087.07
13208.5 -3086.78
13222.1 -3086.5
13235.7 -3086.21
13249.2 -3085.93
13262.5 -3085.65
13275.7 -3085.38
13288.9 -3085.1
13301.9 -3084.83
13314.8 -3084.56
13327.6 -3084.29
13340.3 -3084.03
13353 -3083.76
13365.5 -3083.5
13378 -3083.24
13390.4 -3082.98
13402.7 -3082.72
13414.9 -3082.47
13427 -3082.21
13439.1 -3081.96
13451.1 -3081.71
13463 -3081.46
13474.9 -3081.21
13486.7 -3080.97
13498.4 -3080.72
13510.1 -3080.48
13521.8 -3080.23
13533.3 -3079.99
13544.9 -3079.75
13556.3 -3079.51
13567.8 -3079.27
13579.1 -3079.03
13590.5 -3078.8
13601.8 -3078.56
13613 -3078.32
13624.2 -3078.09
13635.4 -3077.85
13646.6 -3077.62
13657.7 -3077.39
13668.8 -3077.16
13679.8 -3076.93
13690.9 -3076.7
13701.9 -3076.47
13712.8 -3076.24
13723.8 -3076.01
13734.7 -3075.78
13745.7 -3075.55
13756.6 -3075.32
13767.5 -3075.09
13778.3 -3074.87
13789.2 -3074.64
13800.1 -3074.41
13810.9 -3074.18
13821.8 -3073.96
13832.6 -3073.73
13843.4 -3073.5
13854.3 -3073.28
13865.1 -3073.05
13875.9 -3072.82
13886.8 -3072.6
13897.6 -3072.37
13908.5 -3072.14
13919.3 -3071.92
13930.2 -3071.69
13941.1 -3071.46
13952 -3071.23
13962.9 -3071.01
13973.8 -3070.78
13984.8 -3070.55
13995.7 -3070.32
14006.7 -3070.09
14017.7 -3069.86
14028.8 -3069.63
14039.9 -3069.4
14050.9 -3069.16
14062.1 -3068.93
14073.2 -3068.7
14084.4 -3068.46
14095.7 -3068.23
14106.9 -3067.99
14118.3 -3067.76
14129.6 -3067.52
14141 -3067.28
14152.5 -3067.04
14163.9 -3066.8
14175.5 -3066.56
14181.6 -3047.51
14193.1 -3047.27
14204.6 -3047.03
14216.2 -3046.79
14227.8 -3046.54
14239.5 -3046.3
14251.3 -3046.05
14263.2 -3045.81
14275.1 -3045.56
14287.1 -3045.31
14299.1 -3045.05
14311.3 -3044.8
14323.5 -3044.54
14335.8 -3044.29
14348.2 -3044.03
14360.7 -3043.77
14373.2 -3043.5
14385.9 -3043.24
14398.7 -3042.97
14411.5 -3042.7
14424.5 -3042.43
14437.6 -3042.16
14450.7 -3041.88
14464 -3041.6
14477.5 -3041.32
14491 -3041.04
14504.6 -3040.76
14518.4 -3040.47
14532.4 -3040.18
14546.4 -3039.88
14560.6 -3039.58
14574.9 -3039.28
14589.4 -3038.98
14604.1 -3038.68
14618.9 -3038.37
14633.8 -3038.05
14649 -3037.74
14664.3 -3037.42
14679.8 -3037.09
14695.4 -3036.76
14711.3 -3036.43
14727.4 -3036.1
14743.6 -3035.76
14760.1 -3035.41
14776.8 -3035.06
14793.7 -3034.71
14810.8 -3034.35
14828.2 -3033.99
14845.8 -3033.62
14863.7 -3033.25
14881.8 -3032.87
14900.2 -3032.48
14918.9 -3032.09
14937.9 -3031.69
14957.1 -3031.29
14976.7 -3030.88
14996.6 -3030.47
15016.8 -3030.04
15037.4 -3029.61
15058.3 -3029.18
15075.1 -3024.52
15083.4 -3011.6
15112.2 -3017.67
15141.2 -3023.27
15149.9 -3010.31
15179.2 -3015.34
15208.7 -3019.94
15982.9 -3651.77
15982.2 -3619.2
15981.6 -3587.11
15980.9 -3555.5
15980.3 -3524.35
15979.6 -3493.64
15979 -3463.36
15978.4 -3433.49
15977.7 -3404.03
15977.1 -3374.96
15976.5 -3346.26
15975.9 -3317.93
15975.4 -3289.96
15974.8 -3262.33
15974.2 -3235.03
15973.6 -3208.06
15973.1 -3181.41
15972.5 -3155.05
15972 -3128.99
15971.4 -3103.22
15970.9 -3077.73
15970.4 -3052.5
15969.9 -3027.54
15969.3 -3002.83
16029.5 -3010.8
16069.5 -3007.04
16109.4 -3002.63
16169.5 -3007.67
16209.4 -3001.71
16289.7 -3014.48
16309.3 -2997.32
16369.3 -2998.46
16449.6 -3007.57
16489.4 -2997.55
16549.3 -2995.52
16629.5 -3000.86
16669.2 -2988.36
16749.3 -2991.23
16829.3 -2992.68
16889.2 -2985.13
16969.2 -2983.95
17049.1 -2981.38
17048.5 -2949.51
17047.8 -2917.84
17047.1 -2886.38
17046.5 -2855.1
17045.8 -2824.01
17045.2 -2793.1
17044.6 -2762.37
17051 -2733.76
17061.4 -2706.29
17049.5 -2672.93
17042 -2641.03
17059.5 -2615.45
17042.2 -2581.57
17171.5 -2580.88
17166.7 -2549.22
21662.9 -3440.92
21676.7 -3372.38
21689.8 -3303.71
21702.4 -3234.94
21714.3 -3166.06
21725.7 -3097.07
21736.4 -3027.99
21746.5 -2958.82
21756.1 -2889.56
21765 -2820.23
21773.3 -2750.81
21781 -2681.33
21788.1 -2611.78
21794.6 -2542.17
21800.5 -2472.51
21805.8 -2402.8
21810.5 -2333.05
21814.5 -2263.26
21818 -2193.43
21820.8 -2123.58
21290.4 -2039.04
21824.7 -1983.81
21825.7 -1913.91
21826.1 -1844
21825.9 -1774.09
21825 -1704.19
21823.6 -1634.29
21821.5 -1564.41
21818.9 -1494.55
21815.6 -1424.72
21811.7 -1354.91
17599.8 -1574.27
17179.7 -1573.68
17139.2 -1547.67
17058.7 -1526.14
17018.2 -1501.82
17017.6 -1473.66
17017 -1445.46
17016.4 -1417.21
17015.8 -1388.9
17015.2 -1360.54
17014.6 -1332.11
17014 -1303.62
17013.5 -1275.05
17012.9 -1246.41
17012.2 -1217.68
17011.6 -1188.87
17011 -1159.97
17010.4 -1130.97
17009.8 -1101.87
17009.2 -1072.67
17008.6 -1043.35
17008 -1013.92
17007.4 -984.363
17006.7 -954.682
17006.1 -924.869
17005.5 -894.919
17004.9 -864.826
17004.2 -834.584
15713.7 -1222.07
15653.7 -1223.8
15613.6 -1219.77
15533.8 -1230.44
15493.8 -1228.14
15453.7 -1226.53
15393.9 -1233.2
15353.9 -1233.16
15333.7 -1225.82
15273.9 -1235.18
15233.9 -1237.24
15213.8 -1231.41
15173.8 -1234.69
15153.7 -1229.68
15113.8 -1234.2
15073.9 -1239.45
15053.8 -1235.79
14637.8 -1429.55
14637.6 -1420.75
14597.9 -1432.45
14597.7 -1423.94
14577.7 -1426.08
14577.5 -1417.64
14577.4 -1409.12
14577.2 -1400.52
14577 -1391.83
14576.8 -1383.06
14576.6 -1374.21
14576.4 -1365.26
14556.5 -1368.78
14536.6 -1372.68
14536.4 -1363.93
14536.2 -1355.09
14536 -1346.14
14535.8 -1337.08
14535.7 -1327.93
14535.5 -1318.66
14535.3 -1309.28
14535.1 -1299.78
14534.9 -1290.16
14534.7 -1280.42
14534.5 -1270.55
14534.2 -1260.54
14534 -1250.4
14533.8 -1240.12
14533.6 -1229.7
14533.4 -1219.12
14533.2 -1208.39
14532.9 -1197.5
14532.7 -1186.45
14532.5 -1175.22
14532.2 -1163.81
14532 -1152.23
14531.7 -1140.45
14531.5 -1128.48
14531.2 -1116.31
14531 -1103.92
14523.6 -1098.85
14530.2 -1078.71
14517.8 -1078.97
14523.9 -1058.84
14511.5 -1059.1
14517 -1038.98
14522.1 -1018.87
14509.6 -1019.13
14514.1 -999.027
14518.3 -978.937
14521.9 -958.855
14525.2 -938.782
14512.5 -939.048
14515.3 -918.985
14517.7 -898.931
14519.7 -878.885
14521.3 -858.846
14508.4 -859.117
14509.5 -839.089
14510.3 -819.068
14510.7 -799.055
14510.8 -779.049
14510.5 -759.051
14509.9 -739.06
14508.9 -719.076
14507.5 -699.1
14505.9 -679.13
14550.6 -578.172
14547.4 -558.236
14543.8 -538.307
14550.8 -498.151
14546.4 -478.239
14541.6 -458.335
14546.8 -418.217
14601.7 -277.039
14604.3 -236.975
14606.2 -196.927
14598 -177.095
14598.6 -137.072
14598.6 -97.0642
14597.9 -57.0706
14596.4 -17.0916
14602.7 43.0514
14599.6 82.9973
14605.4 147.065
14604.8 197.23
14604.2 249.952
14603.6 305.405
14603.2 363.777
14602.8 425.276
14602.5 490.132
14602.2 558.597
15128 2302.32
15130.1 2438.94
15125.2 2559.95
15119.6 2685.89
15124.4 2857.42
15114.7 2985.51
15111.3 3146.81
15111.8 3335.06
15101.2 3490.66
15103.7 3714.9
15099.9 3928.27
15090.4 4131.83
15091.8 4407.16
15080.7 4642.35
15081 4961.06
15071.4 5255.72
15069.9 5628.99
15055.6 5963.12
15003.2 6079.33
14934 6089.31
14864.7 6098.69
14795.4 6107.47
14725.9 6115.63
14656.4 6123.19
14586.9 6130.15
14517.2 6136.49
14447.6 6142.23
14377.8 6147.35
14308.1 6151.87
14238.3 6155.78
14168.4 6159.07
14098.6 6161.76
14028.7 6163.84
13958.8 6165.3
13888.9 6166.16
13819 6166.4
13749.1 6166.03
13679.2 6165.05
13609.3 6163.47
13539.4 6161.27
13469.6 6158.46
13399.7 6155.04
13329.9 6151
13260.2 6146.36
13190.5 6141.11
13120.8 6135.26
13051.2 6128.79
12981.7 6121.71
12912.2 6114.03
12842.8 6105.74
12773.4 6096.84
12704.1 6087.34
12635 6077.24
13603.4 -437.946
13607.8 -537.878
13606.8 -597.912
13610.5 -677.851
13611.8 -737.838
13605.9 -757.964
13596.2 -758.169
13586.4 -758.374
13576.5 -758.579
13566.7 -758.786
13556.7 -758.993
13546.8 -759.201
13536.8 -759.41
13526.8 -759.62
13516.7 -759.83
13506.6 -760.042
13496.4 -760.255
13486.2 -760.469
13475.9 -760.684
13465.6 -760.9
13455.2 -761.117
13451.8 -781.192
13456 -821.113
13453.5 -841.171
13458.9 -881.065
13457.2 -901.105
13455.9 -921.137
13454.9 -941.162
13454.3 -961.18
13462.6 -1001.01
13454 -1001.19
13454.4 -1021.19
13455.1 -1041.18
13456.2 -1061.16
13457.7 -1081.14
13459.5 -1101.1
13461.6 -1121.06
13464.2 -1141.01
13456.5 -1141.17
13459.6 -1161.11
13463 -1181.05
13466.8 -1200.97
13459.6 -1201.12
13463.9 -1221.04
13468.6 -1240.94
13461.6 -1241.09
13466.9 -1260.98
13460 -1261.13
13453 -1261.27
13446 -1261.42
13438.8 -1261.57
13431.6 -1261.72
13424.3 -1261.87
13416.9 -1262.03
13409.4 -1262.18
13401.8 -1262.34
13394.1 -1262.5
13386.4 -1262.67
13378.5 -1262.83
13370.5 -1263
13362.4 -1263.17
13354.2 -1263.34
13345.9 -1263.51
13337.5 -1263.69
13328.9 -1263.87
13320.3 -1264.05
13311.5 -1264.23
13302.5 -1264.42
13293.4 -1264.61
13284.2 -1264.8
13274.8 -1265
13265.3 -1265.2
13255.6 -1265.4
13245.8 -1265.61
13235.8 -1265.82
13234.2 -1274.24
13234.5 -1284.14
13214.3 -1275.27
13214.5 -1285.17
13194.3 -1276.97
13194.5 -1286.88
13174.3 -1279.31
13154.2 -1272.22
13154.4 -1282.29
13134.3 -1275.8
13114.1 -1269.77
13114.3 -1279.99
13094.2 -1274.53
13094.4 -1284.76
13074.3 -1279.87
13054.2 -1275.41
13054.5 -1285.77
13034.4 -1281.85
13014.3 -1278.33
12994.2 -1275.21
12994.4 -1285.84
12974.4 -1283.24
12954.3 -1281.02
12934.3 -1279.18
12914.3 -1277.72
12914.5 -1288.73
12894.5 -1287.75
12874.4 -1287.14
12854.4 -1286.88
12834.4 -1286.98
12814.4 -1287.43
12794.4 -1288.23
12774.5 -1289.37
12754.5 -1290.85
12714.3 -1282.66
12694.4 -1285.03
12674.4 -1287.74
12654.5 -1290.78
12614.3 -1284.99
12594.4 -1288.89
12574.5 -1293.11
12534.4 -1289.14
12494.3 -1285.9
12474.4 -1291.48
12434.4 -1289.49
12414.5 -1295.89
12354.3 -1287.65
12334.5 -1295.06
12294.5 -1295.7
12254.5 -1297.04
12194.4 -1292.4
12154.5 -1295.31
12114.5 -1298.92
12054.5 -1297.1
12014.6 -1302.26
11954.6 -1302.37
11874.4 -1298.02
11834.6 -1305.75
11754.5 -1303.86
11674.5 -1303.39
11614.6 -1309.08
11534.7 -1311.22
11434.6 -1310.36
11354.7 -1315.46
11234.6 -1313.89
11134.7 -1318.27
10994.7 -1317.06
10874.7 -1321.79
10754.8 -1328.61
10574.8 -1328.14
10414.9 -1333.77
10174.8 -1331.14
9994.93 -1340.46
9714.87 -1340.9
8510.94 -1243.68
8511.92 -1290.76
8512.9 -1337.73
8353.56 -1371.06
7833.63 -1379.82
7153.63 -1386.94
6373.74 -1400.11
5835.82 -1438.85
5832.68 -1508.69
5830.14 -1578.55
5828.22 -1648.43
5826.91 -1718.33
5826.2 -1788.24
5826.11 -1858.15
5826.63 -1928.06
5827.76 -1997.96
5829.5 -2067.84
5831.86 -2137.72
5834.82 -2207.56
5838.39 -2277.38
5842.58 -2347.16
5847.37 -2416.91
5852.77 -2486.61
5858.78 -2556.26
5865.4 -2625.86
5872.63 -2695.39
5880.46 -2764.87
5888.9 -2834.26
5897.95 -2903.59
5907.61 -2972.82
5917.86 -3041.98
5928.72 -3111.04
5940.19 -3180
6151.6 -3213.04
6511.7 -3214.4
6752.15 -3233.13
6753.49 -3297.21
7571.32 -3185.07
7831.35 -3183.82
8051.48 -3187.37
8371.03 -3162.85
8531.28 -3172.92
8671.57 -3185.47
8732.25 -3217.24
8920.15 -3212.35
9026.98 -3227.69
