13165.6 -5596.56
13165.6 -5596.56
13165.6 -5596.56
13165.6 -5596.56
13165.8 -5605.56
13165.9 -5613.81
13165.9 -5613.81
13166 -5622.05
13166.2 -5630.3
13166.3 -5638.55
13166.6 -5655.05
13166.6 -5655.05
13166.8 -5663.3
13167.1 -5679.79
13167.2 -5688.04
13167.2 -5688.04
13167.3 -5696.29
13167.5 -5704.54
13167.6 -5711.29
13167.7 -5718.04
13167.6 -5734.54
13167.6 -5734.54
13167.5 -5742.79
13167.2 -5751.04
13167 -5759.28
13166.6 -5767.52
13166.2 -5775.76
13165.1 -5792.23
13165.1 -5792.23
13164.4 -5800.45
13163.9 -5807.17
13163.2 -5813.89
13162.5 -5820.61
13161.6 -5828.8
13160.6 -5836.99
13159.5 -5845.17
13109.2 -5863.85
13107.8 -5871.98
13106.3 -5880.09
13103.4 -5894.82
13103.4 -5894.82
13102 -5901.42
13100.6 -5908.02
13098.8 -5916.06
13096.9 -5924.09
13094.9 -5932.1
13092.9 -5940.1
13091.1 -5946.62
13089.4 -5953.13
13084.7 -5968.97
13084.7 -5968.97
13082.6 -5975.37
13080.2 -5981.7
13077.8 -5988
13075.3 -5994.27
13069.5 -6008.08
13069.5 -6008.08
13069.5 -6008.08
13069.5 -6008.08
13068.6 -6010.15
13064.1 -6021.27
13061.1 -6028.17
13061.1 -6028.17
13058 -6035.01
13052.7 -6045.74
13052.7 -6045.74
13049.1 -6052.34
13045.5 -6058.88
13041.7 -6065.36
13037.8 -6071.77
13033.8 -6078.11
13029.6 -6084.38
13025.4 -6090.57
13021.1 -6096.69
13016.6 -6102.74
13012.1 -6108.7
13008.4 -6113.41
13004.6 -6118.05
12999.7 -6123.77
12994.3 -6129.97
12994.3 -6129.97
12994.3 -6129.97
12994.6 -6134.13
12991.6 -6137.55
12986.7 -6143.24
12980.8 -6149.96
12980.8 -6149.96
12980.8 -6149.96
12979.3 -6151.64
12971.4 -6160.71
12971.4 -6160.71
12965.4 -6167.41
12958.7 -6174.52
12958.7 -6174.52
12958.7 -6174.52
12957.2 -6176.15
12954.1 -6179.48
12942.9 -6191.55
12942.9 -6191.55
12936.6 -6197.96
12923.5 -6210.34
12923.5 -6210.34
12916.8 -6216.31
12909.9 -6222.14
12895.8 -6233.34
12895.8 -6233.34
12888.6 -6238.7
12882.5 -6243.04
12868.6 -6259.78
12868.6 -6259.78
12862.2 -6263.72
12849.2 -6271.22
12842.7 -6274.85
12842.7 -6274.85
12836.1 -6278.39
12829.4 -6281.84
12824 -6284.53
12811.9 -6290.34
12811.9 -6290.34
12805 -6293.44
12798.2 -6296.45
12791.2 -6299.37
12777.3 -6304.94
12777.3 -6304.94
12763.2 -6310.13
12756.2 -6312.6
12756.2 -6312.6
12749 -6314.96
12744.8 -6316.33
