-773.867 -7846.54
-711.831 -7907.91
-649.261 -7968.74
-586.161 -8029.02
-522.539 -8088.75
-458.399 -8147.93
-393.745 -8206.54
-328.581 -8264.58
-262.912 -8322.05
-196.745 -8378.95
-130.085 -8435.27
-62.9356 -8491
4.69789 -8546.15
72.8112 -8600.7
141.398 -8654.66
210.451 -8708.02
279.967 -8760.77
349.944 -8812.91
420.37 -8864.44
5564.67 -1787.57
5578.74 -1786.48
5598.97 -1776.16
5616.72 -1768.88
5633.74 -1762.2
5652.23 -1752.78
5668.36 -1746.5
5690.67 -1729.82
5691.78 -1746.96
5714.23 -1728.99
5728.71 -1723.63
5729.58 -1741.49
5758.74 -1709.77
5755.84 -1734.5
5778.58 -1712.74
5789.19 -1712.75
5803.44 -1705.55
5818.88 -1695.5
5824.77 -1704.05
5835.57 -1702.68
5845.46 -1703
5858.27 -1696.87
5863.5 -1706.98
5882.26 -1686.9
5888.3 -1695.01
5897.96 -1694.8
5906.82 -1696.34
5916.43 -1695.94
5934.41 -1674.03
5939.82 -1683.64
5949.22 -1682.91
5957.9 -1683.97
5967.23 -1683.07
5982.04 -1665.99
5993.37 -1658.21
5998.99 -1667.42
6009.24 -1662.3
6017.05 -1664.71
6028.28 -1655.55
6036.03 -1657.8
6045.4 -1654.2
6053.66 -1654.37
6066.88 -1635.1
6072.53 -1644.78
6082.28 -1637.89
6089.65 -1640.64
6098.35 -1637.48
6102.83 -1653.79
6113.34 -1641.67
6121.54 -1640.23
6132.6 -1622.99
6139.89 -1625.31
6146.23 -1633.5
6156.89 -1614.96
6164.43 -1615.1
6170.72 -1624.09
6176.89 -1635.02
6186.88 -1616.12
6194.06 -1618.97
6202 -1614.81
6209.48 -1614.55
6217.13 -1612.23
6224.88 -1607.85
6233.04 -1596.42
6240.03 -1600.88
6246.98 -1607.27
6254.56 -1601.62
6261.94 -1598.9
6269.21 -1598.12
6276.42 -1600.27
6283.73 -1594.36
6290.93 -1593.38
6298.1 -1590.34
6305.52 -1603.24
6312.56 -1594.08
6319.62 -1589.85
6325.98 -1571.58
6333.9 -1588.21
6340.92 -1585.8
6347.49 -1577.35
6354.63 -1577.81
6362.13 -1582.2
6368.26 -1571.59
6375.26 -1570.87
6380.89 -1558.18
6388.77 -1565.3
6395.85 -1565.4
6403.22 -1567.41
6409 -1558.49
6417.78 -1569.27
6423.1 -1558.26
6430.86 -1561.99
6438.15 -1562.7
6441.05 -1540.77
6448.38 -1542.36
6453.88 -1535.08
6462.52 -1542.41
6470.4 -1545.75
6475.77 -1538.31
6483.69 -1541.51
6496.21 -1562.06
6504.43 -1565.05
6510.3 -1559.3
6524.94 -1584.26
6532.62 -1584.09
6536.21 -1570.47
6547.42 -1581.64
6556.06 -1584.12
6562.85 -1580.82
6566.34 -1568.01
6586.03 -1601.38
6596.37 -1607.22
6611.76 -1626.05
6627.13 -1643.74
6641.37 -1657.51
6654 -1666.46
6679.09 -1704.8
7730.22 -4151.63
7330.04 -3153.53
7302.71 -3036.61
7310 -3000.4
7328.17 -2988.7
7345.35 -2975.05
7370.28 -2977.43
7400.69 -2990.28
7482.36 -3102.51
7522.57 -3130.14
7508.33 -3053.99
7523.93 -3035.37
7536.86 -3012.28
7553.93 -2996.97
7574.83 -2988.45
7585.51 -2962.51
7599.97 -2943.42
7622.56 -2937.87
7638.79 -2921.92
7655.92 -2907.54
7665.81 -2882.13
7693.04 -2883.38
7703.05 -2858.63
7811.99 -2977.99
7893.82 -3053.85
7862.53 -2968.17
12176.1 -8852.65
10207 -6050.62
10433.1 -6254.85
10861.2 -6713.16
10793.9 -6521.07
10943.7 -6606.67
10792.8 -6317.35
10908.6 -6359.57
10894.1 -6244.05
11004.8 -6277.36
11239.2 -6450.16
11276 -6392.53
11515.1 -6559.67
11511.4 -6454.93
11599.7 -6450.8
11667 -6423.09
11700.2 -6359.42
11753 -6316.27
11739.6 -6206.93
11874.6 -6245.29
11939.5 -6213.01
11988.3 -6164.87
12035.9 -6115.63
11835.1 -5839.21
11662.7 -5596.12
11811.8 -5643.7
12206.1 -5900.7
12095.4 -5716.55
12037.2 -5580.95
11813.3 -5312.07
11289.7 -4808.64
11278.5 -4728.17
11223.8 -4615.01
10966.6 -4349.3
10782.6 -4146.68
10571.4 -3929.73
10415.9 -3759.6
10265 -3597.65
10123.1 -3446.58
9975.66 -3295.95
9984.31 -3254.76
10002.5 -3220.23
9822.37 -3057.22
9610.97 -2879.32
9449.37 -2738.1
9373.44 -2653.6
9300.57 -2573.15
9232.58 -2497.66
9167.84 -2425.99
9084.66 -2345.77
9023.93 -2280.18
8972.83 -2221.5
8992.48 -2201.78
9013.76 -2182.76
9034.91 -2163.47
9065.79 -2148.81
9084.92 -2128.04
9085.84 -2098.44
9108.23 -2079.05
9149.6 -2068.06
9159.92 -2042.66
9197.53 -2029.1
9213.95 -2006.02
9224.64 -1980.46
9254.58 -1962.65
9267.69 -1937.83
9290.85 -1916.81
9302.63 -1891.28
9250.28 -1842.43
9205.79 -1797.59
9164.53 -1754.9
9138.88 -1718.39
9100.44 -1678.4
9051.99 -1636.15
9002.06 -1594.53
9000.53 -1568.29
8987.22 -1538.84
9023.72 -1523.53
9037.94 -1501.71
8995.81 -1465.23
8960.05 -1431.23
8933.64 -1400.23
8908.84 -1370.2
8871.03 -1337.84
8837.74 -1307.23
8812.94 -1279.02
7555.67 -1013.06
7411.22 -975.004
7394.27 -961.933
7373.23 -948.516
7364.88 -937.503
7338.62 -924.007
7322.11 -912.364
7324.32 -903.482
7324.47 -894.331
7303.66 -882.831
7315.56 -875.121
7311.48 -865.694
7305.32 -856.174
7315.02 -848.008
7315.67 -839.062
7325.23 -830.65
7340.72 -822.384
7316.17 -812.148
7331.51 -803.701
7354.77 -795.191
7373.96 -786.212
7368.07 -776.706
7400.1 -767.267
7393.05 -757.649
7419.91 -747.526
7434.68 -737.26
7436.37 -727.201
7456.94 -716.263
7470.42 -705.335
7472.82 -694.852
7509.04 -681.915
7504.25 -671.599
7504.36 -660.92
7535.22 -647.229
7553.01 -634.363
7562.72 -622.09
7580.26 -608.656
7604.59 -593.984
7605.99 -582.099
7603.32 -570.772
7620.31 -556.329
7664.76 -536.925
7684.35 -521.096
7681.15 -509.122
7699.45 -492.965
7719.52 -476.069
7622.06 -483.869
7506.3 -497.477
7488.3 -490.489
7517.91 -472.307
7492.97 -467.191
7481.59 -458.967
7478.84 -448.582
7468.3 -440.366
7468.27 -429.267
7457.6 -421.278
7425.85 -419.903
7451.36 -400.956
7431 -396.416
7434.35 -384.246
7460.25 -364.153
7483.06 -344.584
7516.9 -320.471
7659.94 -254.653
7717 -219.004
7699.13 -211.717
7705.34 -194.936
7678.12 -191.815
7689.6 -172.675
7666.01 -168.478
7655.25 -158.94
7643.51 -149.959
7641.68 -136.478
7631.61 -126.865
7627.75 -114.304
7623.78 -101.761
7616.14 -91.0583
7594.22 -87.84
7589.11 -76.0152
7571.6 -70.92
7572.46 -55.8781
7567.06 -44.2215
7559.83 -33.6066
7542.17 -29.1633
7546.81 -11.5586
7529.93 -6.90103
7510.53 -4.07223
7506.34 8.16308
7502.87 20.9292
7482.6 22.6379
7477.31 34.1342
7473.56 46.7328
7464.76 55.8802
7460.78 68.4259
7438.88 68.0151
7436.36 81.5819
7424.91 88.5392
7419.76 100.238
7407.42 106.364
7401.3 117.328
7394.31 127.621
7387.99 138.497
7376.97 145.468
7370.48 156.219
7360.86 164.298
7347.44 168.963
7339.96 178.824
7335.34 191.331
7325.46 199.05
7332.2 222.519
7312.02 220.449
7298.36 224.418
7292.48 236.01
7287.88 249.003
7280.35 259.111
7276.16 272.796
7258.86 272.577
7249.07 280.253
7242.55 291.557
7234.59 301.327
7225.22 309.529
7217.72 319.931
7211.4 331.818
7201.13 339.044
7192.06 347.729
7190.37 365.74
7177.36 369.609
7173.48 385.249
7162.18 391.315
7149.65 395.663
7152.37 420.931
7133.26 416.19
7129.19 432.52
7121.51 443.92
7113.69 455.277
7104.08 464.086
7090.58 466.946
7074.4 465.445
7071.01 484.123
7062.14 494.302
7051.09 500.991
7042.01 511.032
7037.3 528.81
7028.91 540.506
7017.94 547.778
7005.47 552.321
6998.14 566.464
6986.46 572.592
6980.62 590.207
6965.18 589.018
6957.68 603.849
6949.98 618.653
6935.32 618.918
6928.98 637.241
6916.29 641.849
6905.94 651.847
6894.31 659.009
6888.7 680.864
6881.63 699.946
6866.24 698.536
6852.7 701.64
6845.09 720.549
6830.03 719.695
6821.68 737.552
6814.69 760.105
6799.75 759.881
6790.4 776.638
6781.69 796.209
6769.77 806.179
6753.18 800.714
6745.24 824.888
6728.92 820.124
6720.2 843.216
6704.87 842.066
6696.59 868.917
6686.93 891.854
6695.5 995.637
6684.18 1017.66
6669 1022.99
6653.35 1026.23
6642.99 1056.82
6626.32 1055.9
6613.15 1074.52
6597.88 1082.2
6583.89 1098.65
6569.65 1114.99
6555.41 1133.2
6541.14 1153.29
6525.2 1162.36
6510.25 1181.23
6495.51 1204.96
6479.04 1214.64
6463.37 1235.14
6446.96 1250.54
6430.57 1269.78
6414.4 1297.88
6396.62 1303.88
6379.35 1323.72
6362.04 1352.4
6343.52 1352.95
6325.41 1377.33
6306.91 1407.55
6287.91 1417.62
6268.43 1459.51
6248.77 1471.24
6228.92 1481.79
6208.61 1500.16
6186.94 1541.32
6166.52 1545.32
6145.1 1564.12
6121.85 1603.66
6099.88 1618.05
6075.45 1657.14
6052.55 1673.09
6031.36 1669.93
6012.71 1644.73
5993.88 1624.35
5967.22 1665.29
5945.3 1667.33
5919.29 1695.88
5890.4 1738.96
5865.71 1752.14
5835.88 1792.65
5805.12 1833.81
5780.32 1840.27
5745.75 1893.53
5711.68 1939.53
5681.33 1964.64
5647.79 2001.11
5611.69 2044.98
5577.69 2076.78
5540.32 2118.85
5507.36 2141.17
5465.91 2192.03
5425.45 2235.66
5396.99 2235.67
5435.05 2018.39
5312.42 2321.64
5244.57 2438.49
5197.85 2485.17
5152.52 2524.67
5102.07 2575.86
5048.24 2633
4992.27 2692.26
4923.31 2781.59
4864.09 2841.14
4803.73 2899.92
4736.49 2971.78
4666.31 3046.41
4591.11 3128.34
4553.1 3122.5
4569.08 2998.04
4352.04 3376.94
4248.64 3500.61
4157.44 3593.13
4054.18 3704.95
3947.45 3817.96
3833.04 3940.07
5012.15 1629.31
4935.82 1719.95
4886.96 1756.99
3308.13 4489.93
3148.66 4660.18
2975.32 4846.12
2799.03 5028.57
4284.09 2497.78
4610.22 1914.01
4715.49 1697.81
4701.67 1672.24
4682.09 1655.78
4657.07 1647.46
4643.43 1622.41
4614.01 1620.23
4591.49 1607.95
404.142 7315.89
333.819 7264.22
263.95 7211.94
194.538 7159.04
125.592 7105.55
57.1109 7051.45
-10.8914 6996.76
-78.4141 6941.48
-145.451 6885.61
-211.998 6829.16
-278.051 6772.13
-343.603 6714.53
-408.65 6656.35
-473.187 6597.61
-537.208 6538.31
-600.714 6478.45
-663.691 6418.05
-726.138 6357.09
-788.051 6295.59
