22316.5 137.357
22316.5 137.357
22316.5 137.357
22316.5 137.357
22316.5 137.357
22316.5 137.357
22316.5 137.357
22316.5 137.357
22316.5 137.357
22316.5 137.357
22316.5 137.357
22316.5 137.357
22316.5 137.357
22316.5 137.357
22316.5 137.357
22317.3 139.154
22317.3 139.154
22317.3 139.154
22317.3 139.154
22317.3 139.154
22317.3 139.154
22317.3 139.154
22317.3 139.154
22317.3 139.154
22317.3 139.154
22317.3 139.154
22317.3 139.154
22317.3 139.154
22317.3 139.154
22317.3 139.154
22315.9 140.65
22315.9 140.65
22315.9 140.65
22318.2 142.605
22322.6 146.67
22344.6 171.177
22344.6 171.177
22352.1 181.512
22359 192.254
22356.6 203.644
22361.7 213.692
22366.2 223.971
22370.3 234.458
22373.9 245.128
22376.9 255.957
22379.5 266.92
22381.5 277.991
22382.9 289.146
22383.8 300.358
22384.3 311.597
22384.4 322.847
22394.5 347.172
22393.2 361.355
22391.1 375.448
22388.5 387.94
22385.4 400.31
22381.8 412.532
22377.6 424.585
22373 436.445
22367.8 448.09
22362.1 459.497
22355.9 470.645
22350 480.234
22347 481.969
22339.7 492.426
22330.7 504.422
22319.4 518.43
22307.6 532.035
22295.3 545.221
22282.6 557.971
22269.5 570.27
22255.9 582.103
22242 593.455
22227.6 604.313
22205.4 631.539
22190.3 641.365
22173.6 651.434
22154 662.371
22132.6 673.299
22110.9 683.475
22090.2 692.298
22069.2 700.392
22047.9 707.75
22027.8 713.92
22007.6 719.562
21990.2 723.943
21981.1 723.944
21963.4 727.64
21947.2 730.603
21930.9 733.141
21898.1 737.075
21866.8 739.75
21851.8 740.625
21837.5 741.209
21824.8 741.509
21812.8 741.581
21799.6 766.292
21789.1 766.029
21778.6 765.583
21766.6 764.864
21753.9 763.878
21741.2 762.67
21728.5 761.352
21717.3 760.091
21706.2 758.635
21695.1 756.985
21684 755.141
21672.9 753.103
21661.9 750.873
21653.8 749.166
21646.5 747.551
21639.2 745.873
21627.5 743.034
21621.7 741.538
21614.4 739.605
21614.4 739.605
21627.6 737.888
21624.7 737.129
21618.9 735.56
21618.9 735.56
21607.4 732.27
21601.6 730.55
21597.3 729.222
21593 727.857
21588.7 726.454
21583.1 724.535
21577.4 722.565
21571.7 720.547
21563.3 717.408
21554.9 714.123
21550.8 712.425
21545.2 710.113
21536.9 706.574
21526.6 702.149
21516.3 697.724
21504.5 692.709
21492.8 687.695
21483.9 683.86
21477 680.91
21464.6 675.438
21458.5 672.622
21451 669.115
21432.1 660.021
21422.6 655.474
21406.5 647.538
21390.6 639.043
21382.7 634.658
21373.6 629.462
21363.2 623.433
21352.3 616.836
21352.3 616.836
21331 602.935
21319.3 594.78
21306.5 585.486
21293.4 575.462
21280.6 565.154
21270.1 556.584
21259.8 547.877
21247.4 536.963
21233.1 523.749
21216.9 508.144
21201 492.19
21182.8 471.232
21168.7 455.641
21157 442.017
21145.5 428.14
21132.5 411.661
21119.8 394.903
21107.6 377.873
21097.3 363.049
21089.1 350.514
21082.6 340.4
21076.3 330.202
21068.6 317.353
21059.5 301.813
21050.4 285.423
21041.6 268.839
21033.8 253.477
21026.2 238.014
21018.8 222.388
21011.9 206.606
21005.3 190.676
20999.5 176.003
20994 161.256
20988.7 146.438
20962.7 113.363
20956.7 94.8111
20951.1 76.1321
20945.9 57.3354
20941.5 39.8843
20937.5 22.341
20933.8 4.71408
20930.6 -12.9882
20927.7 -30.7574
20925.2 -48.5851
20923.3 -64.9729
20921.7 -81.3987
20920.5 -97.8547
20919.7 -114.333
20919.2 -130.826
20919.1 -145.825
20919.1 -160.825
20919.4 -175.823
20919.9 -190.815
20920.6 -205.8
20921.3 -219.278
20925.2 -231.125
20926.4 -244.565
20927.9 -257.987
20929.5 -271.389
20931.3 -284.768
20933.3 -298.123
20935.2 -309.97
20937.3 -321.791
20939.5 -333.584
20941.8 -345.347
20944.4 -357.078
20947.1 -368.775
20949.9 -380.435
20952.5 -390.605
20955.2 -400.74
20958.1 -410.838
20961.1 -420.897
20964.3 -430.916
20967.5 -440.893
20970.9 -450.856
20975.2 -463.646
20979.7 -476.379
20983.3 -486.236
20987 -496.045
20991.5 -507.198
20996 -518.291
21000.2 -527.945
21004.4 -537.544
21008.8 -547.087
21013.9 -557.926
21019.2 -568.697
21024.7 -579.398
21021 -582.52
21025.8 -591.849
21030.8 -601.114
21035.8 -610.314
21041 -619.446
21046.3 -628.51
21051.7 -637.504
21057.3 -646.426
21062.9 -655.275
21068.7 -664.049
21074.6 -672.747
21080.5 -681.419
21086.4 -690.066
21092.4 -698.686
21098.5 -707.28
21104.5 -715.847
21110.6 -724.388
21116.8 -732.903
21123 -741.39
21129.2 -749.85
21135.4 -758.284
21141.7 -766.689
21148.1 -775.067
21154.4 -783.418
21160.8 -791.741
21167.3 -800.035
21173.7 -808.302
21180.3 -816.54
21186.8 -824.749
21193.4 -832.93
21200 -841.083
21206.6 -849.206
21213.3 -857.3
21220.1 -865.365
21226.8 -873.4
21233.6 -881.406
21240.4 -889.383
21247.3 -897.329
21254.2 -905.245
21261.1 -913.131
21268.1 -920.987
21275.2 -928.751
21282.3 -936.422
21289.6 -943.998
21297 -951.478
21304.4 -958.862
21312 -966.147
21316.3 -967.121
21324 -974.274
21331.7 -981.393
21339.5 -988.479
21347.3 -995.53
21355.1 -1002.55
21363 -1009.46
21368.7 -1014.33
21372.1 -1017.25
