-3989.25 2055.74
-3989.25 2055.74
-3989.25 2055.74
-3989.25 2055.74
-3989.22 2058.64
-3989.26 2064.64
-3989.47 2073.64
-3989.69 2083.64
-3984.31 2087.98
-3982.82 2096.85
-3983.12 2107.84
-3983.12 2107.84
-3983.42 2118.84
-3983.72 2129.83
-3984.03 2140.91
-3984.32 2151.83
-3984.57 2160.83
-3984.82 2169.82
-3985.06 2178.82
-3985.06 2178.82
-3985.31 2187.82
-3985.56 2196.81
-3985.8 2205.81
-3986.05 2214.8
-3986.3 2223.8
-4002.11 2233.85
-4007.15 2243.15
-4007.25 2252.18
-4007.36 2261.15
-4007.46 2270.15
-4007.56 2279.15
-4007.67 2288.15
-4007.77 2297.3
-4007.88 2306.16
-3936.65 2227.04
-4008.08 2324.15
-4008.15 2330.15
-4008.22 2336.15
-4008.22 2336.15
-4008.22 2336.15
-4008.22 2336.15
-3998.48 2329.88
-3994.71 2327.45
-3994.78 2330.46
-3994.94 2335.94
-3995.27 2344.45
-3995.58 2352.94
-3995.86 2361.43
-3996.12 2370.11
-3996.28 2375.98
-3996.44 2381.97
-3996.52 2385.05
-3996.52 2385.05
