15004.7 -4004.69
15004.7 -4004.69
15004.7 -4004.69
15004.7 -4004.69
15004.7 -4004.69
15004.7 -4004.69
15004.7 -4004.69
15004.7 -4004.69
15004.7 -4004.69
15004.7 -4004.69
15004.7 -4004.69
15004.7 -4004.69
15004.7 -4004.69
15004.7 -4004.69
15004.7 -4004.69
15004.7 -4004.69
15004.7 -4004.69
15004.7 -4004.69
15006.7 -3992.18
15006.7 -3992.18
15006.7 -3992.18
15006.7 -3992.18
15006.7 -3992.18
15006.7 -3992.18
15006.7 -3992.18
15006.7 -3992.18
15006.7 -3992.18
15006.7 -3992.18
15006.7 -3992.18
15006.7 -3992.18
15006.7 -3992.18
15006.7 -3992.18
15006.7 -3992.18
15006.7 -3992.18
15006.7 -3992.18
15006.7 -3992.18
15006.7 -3992.18
15006.7 -3992.18
15006.7 -3992.18
15006.7 -3992.18
15006.7 -3992.18
15006.7 -3992.18
15006.7 -3992.18
15006.7 -3992.18
15006.7 -3992.18
15008.4 -3994.68
15011.4 -3998.97
15016.3 -4005.59
15023.4 -4014.31
15032.1 -4023.69
15041.3 -4032.48
15051.1 -4040.65
15069.6 -4053.38
15069.6 -4053.38
15080.7 -4059.68
15092.1 -4065.34
15103.4 -4071.56
15114 -4075.35
15124.8 -4078.52
15135.8 -4081.08
15146.8 -4083.11
15158 -4084.61
15169.2 -4085.57
15180.4 -4086
15191.7 -4085.88
15202.9 -4085.22
15214.1 -4084.03
15225.2 -4082.3
15238.3 -4076.75
15253 -4073.35
15267.4 -4069.44
15281.8 -4065.02
15295.9 -4060.11
15321 -4049.94
15321 -4049.94
15330.5 -4045.48
15337.2 -4042.18
15341.2 -4040.2
15342.6 -4039.54
15343.9 -4041.29
15343.9 -4041.29
15343.9 -4041.29
15346.6 -4039.97
15351.9 -4037.25
15359.8 -4032.88
15364.9 -4029.79
15367.5 -4028.2
15367.5 -4028.2
15367.5 -4028.2
15367.5 -4028.2
15370 -4026.61
15375.8 -4024.63
15375.8 -4024.63
15385.5 -4017.48
15394.9 -4010.12
15404.2 -4002.55
15422.4 -3986.82
15422.4 -3986.82
15431.2 -3978.66
15448.2 -3961.78
15448.2 -3961.78
15456.5 -3953.06
15464.5 -3944.17
15472.4 -3935.1
15480.1 -3925.86
15487.5 -3916.46
15494.8 -3906.9
15501.8 -3897.18
15508.6 -3887.31
15515.2 -3877.3
15527.8 -3856.84
15527.8 -3856.84
15533.7 -3846.42
15539.4 -3835.86
15550.2 -3814.39
15550.2 -3814.39
15553.9 -3806.22
15564.9 -3787.42
15568.9 -3777.75
15576.7 -3758.24
15576.7 -3758.24
15580.4 -3748.42
15584 -3738.54
15587.4 -3728.62
15590.7 -3718.66
15593.9 -3708.65
15597 -3698.6
15602.7 -3678.39
15602.7 -3678.39
15605.3 -3668.23
15610.2 -3647.81
15610.2 -3647.81
15612.5 -3637.55
15616.6 -3616.96
15616.6 -3616.96
15617.9 -3609.57
15620.4 -3594.79
15620.4 -3594.79
15621.6 -3587.39
15622.8 -3579.99
15624 -3572.58
15625.1 -3565.16
15622.8 -3554.63
15622.8 -3554.63
15624.8 -3539.76
15624.8 -3539.76
15625.8 -3532.32
15626.7 -3524.88
15627.5 -3517.43
15628.4 -3509.98
15629.2 -3502.52
15630 -3495.06
15630.8 -3487.6
15631.5 -3480.14
15632.2 -3472.67
15633.4 -3457.72
15633.4 -3457.72
15634 -3450.25
15634.6 -3442.77
15635.1 -3435.29
15635.6 -3427.8
15636.1 -3420.32
15636.5 -3412.83
15636.9 -3405.34
15637.2 -3397.85
15637.6 -3390.35
15638.1 -3376.86
15638.1 -3376.86
15638.3 -3371.62
15638.5 -3366.37
15638.8 -3361.13
15639 -3355.89
15639.3 -3350.64
15639.6 -3345.4
15639.9 -3340.16
15640.1 -3334.91
15640.3 -3329.67
15640.5 -3324.42
15640.6 -3319.17
15640.8 -3313.92
15640.9 -3308.68
15641 -3303.43
15641.1 -3298.18
15641.2 -3292.93
15641.3 -3287.68
15641.4 -3282.43
15641.4 -3277.18
15641.6 -3266.68
15641.6 -3266.68
15641.7 -3261.43
15641.8 -3256.18
15641.9 -3250.93
15642 -3245.69
15642.3 -3235.19
15642.3 -3235.19
15642.7 -3224.7
15642.7 -3224.7
15642.9 -3220.95
15643 -3217.2
15643.1 -3213.46
15643.4 -3205.96
15643.4 -3205.96
15643.6 -3202.22
15643.8 -3198.47
15644 -3194.73
15644.3 -3190.99
15644.8 -3183.5
15644.8 -3183.5
15645.3 -3176.02
15645.3 -3176.02
15645.7 -3172.29
15646 -3168.55
15646.3 -3164.82
15647.1 -3157.35
15647.1 -3157.35
15647.5 -3153.62
15647.9 -3149.9
15648.3 -3146.17
15648.7 -3142.44
15649.1 -3138.71
15649.5 -3134.98
15650.2 -3127.52
15650.5 -3123.78
15650.5 -3123.78
15651.1 -3116.3
15651.1 -3116.3
15652.7 -3112.55
15652.9 -3108.81
15653.2 -3105.07
15653.7 -3097.59
15653.7 -3097.59
15654.1 -3090.1
15654.1 -3090.1
15654.3 -3086.35
15654.5 -3082.61
15654.7 -3078.87
15654.9 -3075.12
15655.1 -3071.38
15655.4 -3063.88
15655.4 -3063.88
15655.5 -3060.13
15655.6 -3056.39
15655.8 -3052.64
15656 -3048.89
15656.1 -3045.15
15656.2 -3041.4
15656.3 -3037.65
15656.4 -3033.9
15656.5 -3030.15
15656.6 -3026.4
15656.7 -3021.15
15656.8 -3015.9
15656.9 -3010.66
15656.9 -3006.91
15657 -3003.16
15657.1 -2997.91
15657.3 -2987.41
15657.3 -2987.41
15657.3 -2982.16
15657.3 -2978.41
15657.4 -2969.41
15657.4 -2969.41
15657.4 -2964.16
15657.4 -2955.16
15657.4 -2955.16
15657.5 -2946.16
15657.5 -2940.91
15657.5 -2935.66
15657.5 -2935.66
15657.5 -2931.91
15657.5 -2928.16
15657.5 -2922.91
15657.5 -2917.66
15657.5 -2912.41
15657.4 -2908.66
15657.4 -2904.91
15657.3 -2901.16
15657.2 -2897.41
15657.1 -2893.66
15657 -2889.92
15656.9 -2886.17
15656.7 -2882.42
15656.6 -2878.67
15656.5 -2874.92
15656.4 -2871.18
15656.2 -2863.68
15656.2 -2863.68
15656.1 -2859.93
15656.1 -2856.18
15656.1 -2852.43
15656 -2848.68
15655.9 -2844.93
15655.8 -2841.18
15655.7 -2837.43
15655.6 -2833.68
15655.6 -2829.93
15655.6 -2826.18
15655.5 -2822.43
15655.5 -2818.68
15655.5 -2813.43
15655.5 -2813.43
15655.5 -2813.43
15655.5 -2811.18
15655.6 -2805.93
15655.7 -2799.94
15655.7 -2787.94
15655.7 -2781.94
15655.7 -2781.94
15655.6 -2769.94
15655.6 -2769.94
15655.5 -2763.94
15655.4 -2754.94
15655.4 -2754.94
15655.3 -2750.44
15655.2 -2739.94
15655.1 -2733.94
15655.1 -2727.94
15655 -2721.94
15654.9 -2715.94
15654.9 -2715.94
15654.7 -2709.94
15654.6 -2703.95
15654.3 -2696.45
15654.1 -2688.95
15653.7 -2681.46
15653.4 -2673.97
15653 -2666.48
15652 -2651.51
15651.4 -2644.04
15655.5 -2633.56
15655.5 -2633.56
15653.7 -2618.66
15653.7 -2618.66
15652.6 -2609.73
15651.4 -2600.81
15650.2 -2591.89
15647.4 -2572.6
15647.4 -2572.6
15645.6 -2562.24
15644.1 -2553.37
15641.2 -2537.14
15641.2 -2537.14
15639.5 -2529.05
15637.9 -2520.98
15636.1 -2512.91
15634.1 -2503.38
15629.9 -2485.87
15628 -2478.62
15626.1 -2472.13
15626.1 -2472.13
15624.1 -2465.68
15622.1 -2459.24
15620 -2452.82
15617.8 -2446.43
15615.5 -2440.09
15613.1 -2433.78
15611.2 -2428.92
15609.1 -2424.08
15606.4 -2417.89
15603.7 -2411.72
15600.8 -2405.6
15598.5 -2400.88
15596.2 -2396.2
15592.4 -2388.88
15583.9 -2372.98
15583.9 -2372.98
15580.4 -2366.36
15572.3 -2352
15572.3 -2352
15562.1 -2335.37
15562.1 -2335.37
15556.4 -2326.56
15544.5 -2309.25
15544.5 -2309.25
15538.3 -2300.75
15538.2 -2294.39
15538.2 -2294.39
15531.5 -2286.26
15522.8 -2275.95
15500 -2251.08
15500 -2251.08
15487.9 -2238.83
15475.5 -2226.8
15462.9 -2214.98
15438.3 -2193
15438.3 -2193
15426.3 -2182.82
15411.8 -2170.96
15394.7 -2157.49
15375.1 -2142.34
15354.8 -2126.91
15334.4 -2111.66
15313.8 -2096.58
15294.4 -2082.56
15274.8 -2068.71
15255 -2055.03
15235.2 -2041.53
15216.5 -2029.03
15197.7 -2016.69
15178.7 -2004.52
15159.7 -1992.52
15143.4 -1956.57
15125.6 -1945.39
15107.7 -1934.38
15074.2 -1914.35
15074.2 -1914.35
15057.4 -1904.56
15026.1 -1886.75
15010.5 -1877.84
15010.5 -1877.84
14994.8 -1868.94
14979.2 -1860.03
14949.2 -1842.97
14949.2 -1842.97
14934.8 -1834.81
14906.1 -1818.61
14906.1 -1818.61
14891.6 -1810.7
14865.2 -1796.54
14865.2 -1796.54
14851.9 -1789.47
14838.7 -1782.39
14825.5 -1775.31
14812.3 -1768.24
14800.4 -1761.87
14775 -1766.31
14763 -1760
14751.1 -1753.69
14739.2 -1747.37
14727.2 -1741.06
14716.6 -1735.44
14706 -1729.83
14684.8 -1718.61
14674.2 -1712.99
14674.2 -1712.99
14663.6 -1707.38
14654.3 -1702.47
14645 -1697.64
14635.6 -1692.89
14626.2 -1688.22
14616.8 -1683.64
14607.3 -1679.14
14597.8 -1674.72
14588.2 -1670.38
14578.6 -1666.13
14566.3 -1660.67
14551.3 -1653.72
14535.8 -1646.19
14505.1 -1630.32
14505.1 -1630.32
14490 -1621.99
14475.1 -1613.39
14445.6 -1595.43
14445.6 -1595.43
14432.4 -1586.87
14419.3 -1578.09
14406.4 -1569.09
14393.6 -1559.85
14381 -1550.4
14368.6 -1540.73
14356.4 -1530.84
14348.3 -1520.75
14336.3 -1510.51
14324.5 -1500.06
14314 -1490.43
14303.7 -1480.61
14293.6 -1470.62
14283.6 -1460.45
14273.8 -1450.1
14254.7 -1428.91
14245.5 -1418.07
14245.5 -1418.07
14227.6 -1395.91
14227.6 -1395.91
14218.9 -1384.59
14210.4 -1373.13
14194.1 -1349.78
14194.1 -1349.78
14186.2 -1337.89
14178.6 -1325.86
14171.2 -1313.71
14156.9 -1289.02
14156.9 -1289.02
14143.6 -1263.84
14143.6 -1263.84
14137.2 -1251.09
14131.1 -1238.22
14114.5 -1240.35
14108.9 -1227.26
14098.3 -1200.78
14098.3 -1200.78
14088.7 -1173.94
14084.3 -1160.41
14084.3 -1160.41
14080.1 -1146.79
14076.1 -1133.11
14068.8 -1105.54
14068.8 -1105.54
14062.6 -1077.74
14060.1 -1065.23
14060.1 -1065.23
14058.4 -1055.64
14056.7 -1046.03
14055.2 -1036.4
14053.7 -1026.76
14052.3 -1017.11
14051 -1007.45
14049.8 -997.777
14048.7 -988.094
14047.6 -978.401
14046.6 -968.699
14045.8 -958.989
14056.1 -931.25
14056.1 -931.25
14055.4 -921.522
14054.8 -911.79
14054.3 -902.052
14053.9 -892.311
14053.5 -881.067
14053.2 -869.071
14053.1 -857.073
14053 -845.073
14053 -833.073
14053.1 -821.074
14053.3 -809.076
14053.7 -797.08
14054 -786.587
14054.5 -776.098
14055.1 -765.613
14056.2 -747.648
14056.2 -747.648
14056.8 -738.666
14057.3 -729.683
14058.4 -711.718
14058.4 -711.718
14059.8 -690.759
14060.4 -680.28
14061.1 -669.8
14061.1 -669.8
14062.4 -648.841
14063 -638.362
14063 -638.362
14064.2 -618.9
14064.2 -618.9
14064.8 -609.917
14065.4 -600.935
14065.9 -591.952
14066.5 -582.97
14067.1 -573.987
14067.6 -565.005
14068.2 -556.022
14069.3 -538.057
14069.3 -538.057
14069.9 -529.075
14070.4 -520.093
14071 -511.11
14072.1 -493.145
14072.1 -493.145
14072.7 -484.163
14073.2 -475.18
14070.1 -462.446
14070.7 -451.965
14071.3 -441.483
14072 -431.001
14072.6 -420.519
14073.2 -410.037
14073.8 -399.555
14075 -378.591
14075 -378.591
14075.7 -368.109
14076.9 -347.146
14077.5 -336.664
14078.1 -326.182
14078.6 -315.695
14078.6 -315.695
14079.4 -294.709
14079.4 -294.709
14079.7 -284.212
14079.8 -273.714
14079.9 -263.214
14079.9 -252.714
14079.8 -242.214
14079.5 -231.717
14078.8 -209.229
14078.8 -209.229
14078.4 -197.237
14077.9 -185.246
14077.5 -173.254
14077 -161.262
14076.5 -149.275
14075.8 -137.293
14075 -125.317
14074.2 -113.348
14073.3 -102.883
14071.4 -81.9757
14071.4 -81.9757
14070.2 -71.5358
14069 -61.1061
14067.7 -50.6874
14066.3 -40.2805
14064.6 -28.4012
14062.8 -16.5373
14060.9 -4.68944
14059.2 5.66246
14057.3 15.9986
14055.4 26.3183
14053.1 38.0924
14050.6 49.8458
14060.8 84.3153
14058.6 94.5715
14056.2 104.808
14053.8 115.023
14051.3 125.217
14046 145.537
14043.2 155.661
14043.2 155.661
14040.3 165.761
14034.1 185.803
14034.1 185.803
14030.7 195.738
14027.1 205.613
14023.4 215.424
14019.5 225.169
14011.1 244.445
14011.1 244.445
14006.7 253.972
14002.1 263.419
13997.5 272.827
13992.7 282.193
13987.9 291.518
13978 310.039
13978 310.039
13972.9 319.234
13967.8 328.384
13962.6 337.49
13957.2 346.549
13951.9 355.561
13946.4 364.526
13935.2 382.312
13935.2 382.312
13929.5 391.131
13917.9 408.618
13917.9 408.618
13912 417.285
13906 425.9
13899.9 434.462
13893.7 442.97
13887.5 451.425
13880 457.904
13880 457.904
13873.5 466.175
13867 474.389
13860.4 482.547
13855.6 488.332
13852.8 491.803
