14585.8 -396.688
14583.6 -376.733
14597.8 -376.417
14612.1 -376.097
14626.7 -375.772
14623.9 -355.831
14620.6 -335.899
14617 -315.975
14631.5 -315.651
14627.4 -295.738
14622.8 -275.835
14617.9 -255.94
14632.4 -255.617
14626.9 -235.735
14633.7 -227.998
14633.4 -213.577
14633.1 -199.399
14632.8 -185.457
14632.5 -171.741
14632.2 -158.246
14631.9 -144.963
14631.6 -131.885
14631.3 -119.006
14631 -106.32
14630.8 -93.8198
14630.5 -81.5
14650.6 -84.9471
14670.6 -87.9927
14690.7 -90.6438
14690.4 -78.1577
14690.1 -65.8362
14689.9 -53.6742
14689.6 -41.6671
14689.3 -29.8101
14689.1 -18.0985
14688.8 -6.52791
14688.6 4.9059
14688.3 16.207
14688.1 27.3795
14687.8 38.4273
14687.6 49.3543
14687.3 60.1635
14687.1 70.859
14686.9 81.4439
14686.6 91.9215
14686.4 102.295
14686.2 112.568
14685.9 122.743
14685.7 132.823
14685.5 142.811
14685.3 152.709
14685.1 162.521
14684.8 172.248
14684.6 181.894
14684.4 191.461
14684.2 200.951
14684 210.367
14683.8 219.712
14683.6 228.986
14683.4 238.193
14683.2 247.334
14683 256.412
14682.8 265.428
14682.6 274.385
14682.4 283.285
14682.2 292.129
14682 300.919
14681.8 309.658
14681.6 318.347
14681.4 326.987
14681.2 335.581
14681 344.129
14680.8 352.634
14680.6 361.098
14680.5 369.522
14680.3 377.906
14680.1 386.255
14679.9 394.567
14679.7 402.846
14679.5 411.092
14679.3 419.307
14679.2 427.492
14679 435.649
14678.8 443.779
14678.6 451.883
14678.4 459.964
14678.3 468.022
14678.1 476.058
14677.9 484.074
14677.7 492.071
14677.6 500.05
14677.4 508.013
14677.2 515.961
14677 523.895
14676.8 531.817
14676.7 539.727
14676.5 547.628
14676.3 555.519
14676.1 563.402
14676 571.28
14675.8 579.152
14675.6 587.02
14675.4 594.884
14675.3 602.748
14675.1 610.611
14674.9 618.475
14674.7 626.341
14674.6 634.209
14674.4 642.083
14674.2 649.962
14674 657.848
14673.9 665.741
14673.7 673.644
14673.5 681.558
14673.3 689.483
14673.2 697.421
14673 705.373
14672.8 713.341
14672.6 721.325
14672.4 729.327
14672.3 737.349
14672.1 745.391
14671.9 753.455
14671.7 761.542
14671.6 769.654
14671.4 777.792
14671.2 785.957
14671 794.15
14670.8 802.374
14670.6 810.629
14670.5 818.918
14670.3 827.24
14670.1 835.599
14669.9 843.994
14669.7 852.429
21421 2940.38
21400.1 3007.1
21378.7 3073.64
21356.6 3139.99
21334 3206.14
21310.8 3272.09
21287.1 3337.84
21262.7 3403.37
21237.8 3468.7
21212.3 3533.8
21186.3 3598.67
21159.7 3663.32
21132.5 3727.73
21104.8 3791.9
21076.5 3855.83
21047.6 3919.5
21018.2 3982.93
20988.2 4046.09
20957.7 4108.99
20926.6 4171.62
20895 4233.97
20862.9 4296.05
20830.2 4357.84
20796.9 4419.35
20763.2 4480.56
20728.9 4541.47
20694 4602.09
15254.1 1461.32
15234 1466.71
15233.6 1483.97
15233.2 1501.4
15232.8 1519.01
15232.4 1536.82
15232 1554.81
15231.6 1573.01
15231.2 1591.42
15230.8 1610.04
15230.4 1628.88
15229.9 1647.94
15229.5 1667.24
15229.1 1686.78
15228.6 1706.57
15228.2 1726.61
15227.7 1746.92
15227.3 1767.5
15226.8 1788.36
15226.3 1809.52
15225.9 1830.97
15225.4 1852.74
15224.9 1874.82
15224.4 1897.24
15223.9 1919.99
15223.4 1943.1
15222.8 1966.58
15222.3 1990.43
15221.8 2014.67
15221.2 2039.32
15220.7 2064.38
15220.1 2089.88
15206.2 2101.73
15207.5 2129.95
15209.4 2159.32
15210.3 2188.2
15210.8 2217.25
15212.8 2248.62
15212.9 2278.4
15212.6 2308.36
15198.1 2321.53
15197.7 2352.32
15196.9 2383.33
15199.5 2419.25
15198.3 2451.17
15196.8 2483.35
15199.4 2521.86
15197.5 2555.07
15195.2 2588.58
15197.8 2629.95
15195.1 2664.61
15192.1 2699.64
15188.8 2735.03
15191.4 2780.5
15200.5 2837.56
15196.1 2874.76
15186.1 2903.57
15193.7 2962.61
15188.7 3001.9
15194.9 3062.01
15185.5 3096.17
15190.9 3158.14
15184.6 3200.52
15188.6 3263.83
15179.8 3304.29
15182.9 3369.89
15175.4 3416.09
15177.3 3483.4
15178.4 3551.6
15179.3 3621.72
15179.4 3692.93
15178.7 3765.27
15170.3 3822.38
15168.8 3898.28
15166.5 3975.59
15171.7 4074.59
15163.1 4143
15166.8 4246.55
15161.8 4331.82
15163.4 4439.28
15161.5 4542.13
15154.6 4635.42
15146.9 4731.3
15151.5 4870.29
15148.3 4992.16
15144.3 5118.58
15145.3 5269.3
15139 5403.87
15131.7 5542.78
15131 5716.04
15126.8 5887.41
15121.1 6064.67
15123.4 6288.64
15114.3 6479.58
15112.9 6721.58
15054.8 6711.64
15031.2 6872.8
14972.6 6864.68
14916.8 6869.68
14860.5 6871.74
14804.3 6873.46
14748.2 6875.14
14689.8 6859.83
14635.5 6871.54
14579.1 6867.61
14521.3 6850.5
14465.7 6849.27
14410.2 6848.03
14354.8 6846.8
14299.6 6845.57
14244.5 6844.34
14189.4 6843.12
14134.4 6841.89
14079.6 6840.67
14024.7 6839.45
13970 6838.23
13915.3 6837.02
13860.6 6835.8
13806 6834.58
13751.4 6833.37
13696.8 6832.15
13642.2 6830.94
13587.6 6829.72
13533 6828.51
13478.5 6827.29
13423.8 6826.08
13369.2 6824.86
13314.5 6823.64
13259.7 6822.42
13204.9 6821.2
13150 6819.98
13095.1 6818.76
13040.1 6817.53
12949.5 7095.59
12891.8 7094.3
12834 7093.02
12776.1 7091.73
12718 7090.44
12659.8 7089.14
12601.4 7087.84
12542.9 7086.54
12484.2 7085.23
12425.4 7083.92
12366.3 7082.61
12307 7081.29
12247.5 7079.96
12187.9 7078.63
12127.9 7077.3
12067.8 7075.96
12007.3 7074.62
11946.7 7073.27
11885.7 7071.91
11868.6 6923.97
11820.4 6883.84
11826.4 6676.01
11830.5 6485.34
11833.7 6306.88
11839.5 6130.01
11837.9 5982.74
12279.8 4640.08
12274.3 4547.97
12276.4 4440.29
12279.2 4335.81
12279.4 4242.06
12282.8 4144.63
12286.9 4049.7
12282.9 3976.94
12291.3 3879.46
12302.3 3780.36
12293.6 3726.7
12290.7 3662.92
12297.8 3581.01
12296.6 3518.49
12294.3 3460.31
12302.7 3383.7
12301.2 3328.14
12299.1 3275.33
12297.8 3222.92
12308 3151.81
12307.5 3101.45
12304.5 3056.62
12304.1 3008.82
12304.1 2961.85
12304.3 2915.68
12313 2857.8
12313.6 2813.73
12314.6 2770.34
12309.8 2736.65
12311 2695.08
12312.5 2654.08
12314.3 2613.63
12322.7 2565.27
12325 2526.36
12327.7 2487.91
12320.8 2462.67
12323.6 2425.58
12326.8 2388.89
12318.8 2366.74
12322.2 2331.25
12326 2296.11
12316.8 2276.75
12303.5 2262.29
12272.5 2267.75
12243.3 2270.51
12210.3 2276.87
12194.9 2263.87
12160.5 2270.7
12144.2 2258.15
12117.7 2255.88
12089.1 2255.24
12060 2254.6
12030.5 2253.94
12018.7 2236.02
11986 2237.58
11951.9 2239.74
11918.4 2240.84
11884.5 2241.56
11870.9 2224.35
11874.6 2192.42
11860 2176.33
11865.4 2143.84
11866.5 2115.32
11870.8 2084.75
11874.7 2054.95
11873 2029.9
11875.6 2001.87
11877.9 1974.57
11879.7 1947.96
11873.9 1927.09
11874.3 1902.1
11874.1 1877.76
11873.4 1854.06
11883.3 1823.75
11880.9 1801.78
11878 1780.4
11874.3 1759.6
11867 1741.2
11867.5 1718.22
11868.1 1695.49
11868.6 1673.01
11869 1650.76
11869.5 1628.73
11870 1606.93
11870.5 1585.34
11871 1563.96
11871.5 1542.78
11871.9 1521.8
11872.4 1501
11872.8 1480.4
11873.3 1459.96
11873.7 1439.71
11874.2 1419.62
11874.6 1399.69
11875.1 1379.92
11875.5 1360.3
11875.9 1340.84
11876.4 1321.51
11876.8 1302.33
11877.2 1283.28
11877.6 1264.36
11878.1 1245.56
11878.5 1226.89
11878.9 1208.34
11879.3 1189.9
11879.7 1171.57
11880.1 1153.35
11880.5 1135.23
11880.9 1117.2
11881.3 1099.28
11881.7 1081.45
11882.1 1063.7
11882.5 1046.05
11882.9 1028.47
11883.3 1010.97
11883.7 993.553
11884.1 976.205
11884.4 958.926
11884.8 941.714
11885.2 924.565
11885.6 907.477
11886 890.446
11886.3 873.471
11886.7 856.547
11887.1 839.672
11887.5 822.844
11887.8 806.059
11888.2 789.315
11888.6 772.609
11889 755.939
11889.3 739.302
11889.7 722.695
11890.1 706.115
11890.4 689.56
11890.8 673.028
11891.2 656.516
11891.5 640.021
11891.9 623.54
11892.3 607.073
11892.6 590.614
11893 574.163
11893.4 557.717
11893.7 541.272
11894.1 524.828
11894.5 508.38
11894.8 491.927
11895.2 475.466
11895.6 458.994
11895.9 442.51
11896.3 426.01
11896.7 409.493
11897 392.954
11897.4 376.393
11897.8 359.806
11898.2 343.19
11898.5 326.544
11898.9 309.863
11910.8 294.946
11903.3 277.002
11907.5 260.893
11904.7 243.535
11915.9 228.77
11902.2 209.147
11911.2 193.966
11904.5 175.466
11915 160.685
11903.1 140.72
11908.9 124.841
11918.9 110.039
11937.7 97.7177
12253.5 167.279
12309.6 168.886
12364.7 171.172
12398.9 168.117
12441.5 168.27
12491.7 171.629
12501.6 162.498
12491.1 146.518
12500 137.069
12488 120.179
12494.4 109.78
12500.4 99.3108
9809.05 -966.881
9894.49 -972.687
10011.2 -964.158
10114.6 -959.132
10198 -960.9
10281.3 -961.296
10364.4 -960.306
10453 -955.276
10534.7 -951.93
10616.3 -947.171
10678.1 -950.801
10739.7 -953.419
10821.9 -944.361
10882.5 -945.172
10943.1 -944.951
11003.6 -943.686
12506.4 -129.149
12531 -129.653
12551.1 -132.426
12571.2 -134.879
12591.2 -137.009
12631 -126.538
12651 -127.779
12671 -128.686
12691.1 -129.256
12711.1 -129.486
12731.1 -129.373
12751.1 -128.911
12771.1 -128.098
12791 -126.929
12811 -125.4
12831 -123.505
12850.9 -121.241
12851.2 -133.908
12871.2 -131.162
12891.1 -128.032
12911 -124.515
12930.9 -120.603
12950.8 -116.29
12951.1 -128.573
12971 -123.735
12990.9 -118.48
13010.8 -112.801
13011 -124.904
13030.9 -118.666
13031.2 -130.835
13051 -124.025
13070.9 -116.757
13071.1 -128.866
13091 -120.995
13094.5 -129.81
13106.5 -129.541
13118.4 -129.277
13130.1 -129.017
13141.5 -128.762
13152.8 -128.511
13163.9 -128.263
13174.9 -128.02
13185.7 -127.78
13196.3 -127.544
13206.7 -127.311
13217 -127.082
13227.2 -126.856
13237.2 -126.633
13247.1 -126.413
13256.8 -126.196
13266.4 -125.982
13275.9 -125.771
13285.3 -125.562
13294.5 -125.356
13303.7 -125.153
13312.7 -124.952
13321.6 -124.753
13330.4 -124.557
13339.2 -124.363
13347.8 -124.171
13356.3 -123.982
13364.7 -123.794
13373.1 -123.608
13381.3 -123.425
13389.5 -123.243
13397.6 -123.063
13405.6 -122.885
13413.5 -122.708
13421.4 -122.533
13429.2 -122.36
13436.9 -122.188
13444.5 -122.018
13452.1 -121.849
13459.6 -121.682
13467.1 -121.516
13474.5 -121.351
13481.8 -121.188
13489.1 -121.026
13496.3 -120.865
13503.5 -120.705
13510.6 -120.546
13517.7 -120.389
13524.7 -120.233
13531.7 -120.077
13538.6 -119.923
13545.5 -119.77
13552.4 -119.617
13559.2 -119.466
13565.9 -119.315
13572.7 -119.165
13579.4 -119.016
13586 -118.868
13592.6 -118.721
13599.2 -118.574
13605.8 -118.428
13612.3 -118.283
13618.8 -118.138
13625.3 -117.994
13631.7 -117.851
13638.2 -117.708
13644.6 -117.565
13650.9 -117.423
13657.3 -117.282
13663.6 -117.141
13669.9 -117.001
13676.2 -116.861
13679.8 -136.785
13681.3 -176.762
13683.5 -216.724
13682.1 -296.774
13686 -336.697
13685.3 -436.737
13508.9 -2774.41
13538.4 -2773.75
13568 -2773.09
13597.4 -2772.44
13626.9 -2771.78
13656.3 -2771.13
13685.7 -2770.47
13715 -2769.82
13744.4 -2769.17
13773.7 -2768.51
13803 -2767.86
13832.3 -2767.21
13861.6 -2766.56
13890.9 -2765.91
13920.2 -2765.25
13949.5 -2764.6
13978.8 -2763.95
14008.2 -2763.29
14037.5 -2762.64
14066.9 -2761.99
14096.4 -2761.33
14125.9 -2760.68
14155.4 -2760.02
14184.9 -2759.36
14214.6 -2758.7
14244.2 -2758.04
14274 -2757.38
14303.7 -2756.72
14333.6 -2756.05
14363.6 -2755.38
14393.6 -2754.72
14423.7 -2754.05
14453.9 -2753.37
14484.2 -2752.7
14514.6 -2752.02
14545.1 -2751.34
14575.7 -2750.66
14606.4 -2749.98
14637.3 -2749.29
14668.2 -2748.6
14699.4 -2747.91
14730.6 -2747.21
14762 -2746.52
14793.5 -2745.81
14825.2 -2745.11
14857.1 -2744.4
14889.1 -2743.69
14921.3 -2742.97
14953.7 -2742.25
14986.2 -2741.52
15019 -2740.8
15052 -2740.06
15085.1 -2739.32
15118.5 -2738.58
15152.1 -2737.83
15185.9 -2737.08
15220 -2736.32
15254.3 -2735.56
15288.9 -2734.79
16697.2 -5678.86
16674.4 -5490.76
16678 -5363.94
16671.6 -5221.51
14602.2 -1036.48
14599.3 -996.537
14606.2 -976.378
14602.1 -936.459
14597.3 -896.556
14602.9 -876.426
14596.9 -836.551
14601.7 -816.44
14594.3 -776.594
14598.3 -756.5
14589.6 -716.683
14592.7 -696.609
14595.5 -676.542
14598 -656.481
14586.9 -616.719
14588.5 -596.678
14589.8 -576.645
14590.7 -556.619
14591.3 -536.601
14591.6 -516.59
14591.5 -496.587
14591.1 -476.591
14590.3 -456.603
14589.2 -436.624
14587.7 -416.652
14585.8 -396.688
