-0 -0
-0 -0
-0.755094 -0.781922
-0 -0
-0 -0
-0 -0
-0 -0
-0 -0
-0 -0
-0 -0
-0 -0
-0 -0
-0 -0
-0 -0
-0 -0
-0 -0
-0 -0
-0 -0
-0 -0
-0 -0
-0 -0
-0 -0
-0.85221 -1.26345
-0.832873 -1.25833
-0.812057 -1.25046
-0.805412 -1.26424
-0.776862 -1.24324
-0.76546 -1.24912
-0.75247 -1.25232
-0.732378 -1.24333
-0.7175 -1.24275
-0.699734 -1.23678
-0.686005 -1.23759
-0.685677 -1.26286
-0.68449 -1.28734
-0.68662 -1.31898
-0.687795 -1.34987
-0.684467 -1.37283
-0.687804 -1.41021
-0.672889 -1.41074
-0.67788 -1.45372
-0.674706 -1.48051
-0.677623 -1.52197
-0.677076 -1.55717
-0.665806 -1.56854
-0.669696 -1.61679
-0.71887 -1.77927
-1.21715 -3.08992
-1.20985 -3.15177
-1.20611 -3.2259
-1.25658 -3.45243
-1.61563 -4.56239
-1.59854 -4.6425
-1.55733 -4.65437
-1.51696 -4.66874
-1.46955 -4.66082
-1.43525 -4.6945
-1.39565 -4.71164
-1.35614 -4.72941
-1.31428 -4.73913
-1.27235 -4.74849
-1.23187 -4.76329
-1.18953 -4.77094
-1.15019 -4.79087
-1.11081 -4.81144
-1.06835 -4.819
-1.02521 -4.82325
-0.986672 -4.84965
-0.944314 -4.85807
-0.904253 -4.87891
-0.862858 -4.89351
-0.817645 -4.88606
-0.776228 -4.90091
-0.737126 -4.93222
-0.692665 -4.92856
-0.652631 -4.95722
-0.610321 -4.97067
-0.567148 -4.9778
-0.526196 -5.00642
-0.4822 -5.00784
-0.440224 -5.03178
-0.397317 -5.04839
-0.352549 -5.04169
-0.308906 -5.05056
-0.265971 -5.07504
-0.223331 -5.11513
-0.177813 -5.0919
-0.134262 -5.12724
-0.089601 -5.13322
-0 -0
0 -0
0 -0
0 -0
0 -0
0 -0
0 -0
0 -0
0 -0
0.371244 -5.30904
0.418736 -5.32055
0.465586 -5.32167
0.515171 -5.35025
0.564453 -5.37042
0.613787 -5.38715
0.662238 -5.3935
0.713065 -5.41626
0.761834 -5.42073
0.813691 -5.44453
0.863831 -5.45401
0.91783 -5.48473
0.97052 -5.50409
1.42454 -7.6861
1.46389 -7.53104
1.50882 -7.41607
1.5479 -7.28231
1.58867 -7.16601
1.6291 -7.05639
1.66773 -6.94661
1.42637 -5.72086
1.46597 -5.6685
1.52263 -5.68254
1.59114 -5.73746
1.65024 -5.75507
1.70949 -5.77114
1.76856 -5.78469
1.83461 -5.81863
1.89644 -5.83663
1.96221 -5.86443
2.02536 -5.88207
2.0913 -5.90565
2.1561 -5.92382
2.22207 -5.94318
2.28675 -5.95718
2.3632 -5.99933
2.42782 -6.00908
2.50237 -6.04125
2.57648 -6.06981
2.65049 -6.0957
2.71944 -6.10796
2.76932 -6.07672
0 -0
0 -0
0 -0
0 -0
0 -0
0 -0
0 -0
0 -0
0 -0
0 -0
0 -0
0 -0
0 -0
0 -0
0 -0
0 -0
0 -0
0 -0
0 -0
0 -0
0 -0
0 -0
0 -0
0 -0
0 -0
0 -0
0 -0
0 -0
0 -0
0 -0
0 -0
0 -0
0 -0
0 -0
0 -0
0 -0
0 -0
0 -0
0 -0
0 -0
7.00814 -7.00814
7.04121 -6.91938
7.06823 -6.82571
7.08328 -6.72178
7.10437 -6.62493
7.12726 -6.53093
7.14013 -6.42901
7.14953 -6.32537
7.17578 -6.23781
7.19724 -6.14703
7.21384 -6.05313
7.23244 -5.96196
7.25 -5.87093
6.80243 -5.4109
6.47351 -5.05766
6.40791 -4.91697
6.42502 -4.8416
6.43327 -4.76037
6.47133 -4.70169
6.4885 -4.6282
6.4967 -4.54904
6.52049 -4.48141
6.52038 -4.39805
6.53766 -4.32719
6.54918 -4.25309
6.56665 -4.18341
6.59951 -4.12383
6.61478 -4.05354
6.61647 -3.97558
6.62162 -3.90043
6.63549 -3.831
6.65822 -3.76704
6.65848 -3.69086
6.66495 -3.61877
6.69539 -3.56
6.71378 -3.49498
6.72175 -3.42491
6.72275 -3.35184
6.74815 -3.29129
6.75946 -3.2241
6.76921 -3.15654
6.78376 -3.09154
6.805 -3.02978
6.81834 -2.9647
6.83383 -2.90079
6.84225 -2.83415
6.86394 -2.77321
6.87672 -2.70881
6.87675 -2.63974
6.88829 -2.57543
6.91332 -2.51624
6.91993 -2.45048
6.93538 -2.38804
6.95501 -2.32711
6.98646 -2.27004
7.00505 -2.20868
7.02215 -2.14689
7.0224 -2.08013
7.05182 -2.02208
7.07016 -1.96073
7.08024 -1.89714
7.09071 -1.83378
7.0948 -1.76893
7.11483 -1.70812
7.12849 -1.64574
7.13087 -1.58087
7.13754 -1.51713
7.15933 -1.45658
7.17766 -1.3952
7.18464 -1.33159
7.20387 -1.27024
7.20679 -1.206
7.23087 -1.14526
7.24256 -1.08241
7.25173 -1.01916
7.28117 -0.958584
7.2833 -0.894277
7.30176 -0.831931
7.30874 -0.768181
7.31815 -0.704657
7.33996 -0.642163
7.34529 -0.578087
7.372 -0.515501
7.3852 -0.451699
7.37388 -0.386448
7.39196 -0.32274
7.39549 -0.258257
7.41246 -0.194103
7.42687 -0.129638
7.44072 -0.0649338
7.446 0
7.47272 0.065213
7.48886 0.130718
7.48843 0.196092
4.44929 0.155373
4.39082 0.191707
4.33205 0.227033
4.29198 0.262508
3.57327 0.249868
3.24796 0.25562
3.06131 0.26783
2.93045 0.28217
2.83837 0.298324
2.71841 0.309724
2.63521 0.323563
2.53215 0.333364
2.45487 0.34501
2.35584 0.352082
2.22921 0.353073
2.16687 0.36261
2.1134 0.372649
2.05205 0.380325
2.01332 0.391349
1.97553 0.401926
1.9426 0.412913
1.89304 0.419676
1.85423 0.428082
1.8018 0.432574
1.78049 0.443927
1.73976 0.449933
1.701 0.45578
1.66515 0.461788
1.63991 0.470237
1.62616 0.48169
1.57408 0.481244
1.54788 0.488045
1.52264 0.494736
1.49551 0.50039
1.47974 0.509514
1.43093 0.506719
1.43209 0.521239
1.41812 0.530214
1.3817 0.530385
1.35283 0.532893
1.33514 0.539433
1.32484 0.548768
1.29055 0.547805
1.27655 0.555059
1.26617 0.563737
1.2512 0.570203
1.24074 0.578564
1.20044 0.57258
1.20169 0.586102
1.184 0.59032
1.16098 0.59155
1.13981 0.593347
1.13194 0.601862
1.09588 0.595017
1.08628 0.602134
1.07837 0.610113
1.07214 0.619
1.03654 0.610569
1.0046 0.603625
0.984799 0.603486
1.00154 0.625835
0.968213 0.61682
0.948536 0.615987
0.937288 0.620377
0.935154 0.63077
0.912308 0.627012
0.88878 0.62233
0.875174 0.624256
0.865648 0.62893
0.849677 0.628728
0.838567 0.631906
0.831434 0.637982
0.810863 0.633516
0.792782 0.630607
0.792689 0.641907
0.780113 0.643075
0.764512 0.641502
0.756604 0.646201
0.733578 0.637689
0.728734 0.644729
0.736457 0.663108
0.709261 0.649918
0.704294 0.656764
0.695634 0.660132
0.680496 0.657147
0.672595 0.660957
0.663973 0.663973
0.645537 0.656904
0.631444 0.65388
0.629844 0.663718
0.622665 0.667726
0.610734 0.666499
0.606901 0.674032
0.59437 0.671813
0.58258 0.670182
0.580607 0.679803
0.566939 0.675651
0.554024 0.672085
0.541845 0.669123
0.535363 0.673043
0.532547 0.681629
0.522926 0.681491
0.508534 0.674847
0.507384 0.68569
0.494327 0.680383
0.484306 0.678972
0.474348 0.677439
0.466152 0.678256
0.468045 0.693904
0.452588 0.683786
0.450961 0.694419
0.444347 0.697485
0.440363 0.704728
0.431061 0.703428
0.420786 0.700306
0.402985 0.684134
0.406 0.703213
0.394431 0.697155
0.390272 0.704069
0.37791 0.696023
0.376047 0.707241
0.361087 0.693642
0.358198 0.703004
0.350712 0.703418
0.346752 0.710946
0.334938 0.702211
0.330487 0.708733
0.320558 0.7034
0.319695 0.718047
0.308632 0.709804
0.301254 0.709709
0.288926 0.697529
0.291819 0.722276
0.284039 0.721074
0.273793 0.713255
0.268259 0.717491
0.264382 0.726382
0 0
0 0
0 0
0 0
0 0
0 0
0 0
0 0
0 0
0 0
0 0
0 0
0 0
0 0
0 0
0 0
0 0
0 0
0 0
0 0
0 0
0 0
0 0
0 0
0 0
0 0
1.02415 8.98884
0.945251 8.99346
0.867883 9.01331
0.796517 9.10422
0 0
0.682287 9.75717
0.578862 9.46431
0.481648 9.19039
0.390045 8.93349
0.303487 8.6907
0.22342 8.53207
0.147036 8.42372
0.0729279 8.35668
6.22933e-07 8.251
-0.0709894 8.13469
-0.1377 7.8888
-0.201772 7.70536
-0.26192 7.50043
-0.320297 7.33601
-0.373992 7.13621
-0.425875 6.96299
-0.474135 6.78044
-0.51995 6.60657
-0.565206 6.46032
-0.605842 6.2919
-0.644732 6.13421
-0.680465 5.97236
-0.716348 5.83419
-0.748176 5.68296
-0.779647 5.54748
-0.80896 5.41288
-0.833325 5.26142
-0.857918 5.12671
-0.882481 5.00479
-0.902249 4.8681
-0.922371 4.74519
-0.941814 4.62916
-0.958888 4.51122
-0.975926 4.40212
-0.988884 4.28333
-1.00872 4.20161
-1.0151 4.07136
-1.02956 3.98102
-1.04408 3.89654
-1.05506 3.80441
-1.06038 3.69797
-1.07443 3.62722
-1.08324 3.54311
-1.08855 3.45246
-1.10412 3.39812
-1.10232 3.29448
-1.11572 3.24029
-1.11892 3.15973
-1.12627 3.09441
-1.12942 3.02077
-1.13854 2.96599
-1.14128 2.89732
-1.14779 2.84089
-1.14537 2.76517
-1.14797 2.70444
-1.15199 2.64939
-1.15025 2.58351
-1.15451 2.53333
-1.16431 2.49688
-1.16496 2.4424
-1.16607 2.39079
-1.16235 2.3313
-1.16993 2.29612
-1.17192 2.25123
-1.16804 2.19677
-1.17047 2.15574
-1.1776 2.12445
-1.17345 2.07406
-1.1785 2.04122
-1.17901 2.00156
-1.18922 1.9792
-1.18346 1.93123
-1.18543 1.89708
-1.18421 1.85883
-1.18459 1.82411
-1.17673 1.77784
-0 0
-0 0
-0 0
-0 0
-0 0
-0 0
-0 0
-0 0
-0 0
-0 0
-0 0
-0 0
-0 0
-0 0
-0 0
-0 0
-0 0
-0 0
-0 0
-0 0
-0 0
-0 0
-0 0
0 0
0 0
0 0
0 0
0 0
0 0
0 0
0 0
0 0
0 0
0 0
0 0
0 0
0 0
0 0
0 0
0 0
0 0
0 0
0 0
0 0
0 0
0 0
0 0
0 0
0 0
0 0
0 0
0 0
24.081 24.904
0.0677749