16310.3 -3188.56
16333.6 -3185.45
16354.6 -3183.99
16376.8 -3181.13
16397.4 -3179.27
16418.4 -3176.68
16417.1 -3196.65
16435.5 -3196.38
16453.5 -3196.11
16471.3 -3195.86
16488.7 -3195.6
16505.9 -3195.35
16522.8 -3195.1
16539.4 -3194.86
16555.8 -3194.62
16571.9 -3194.39
16587.8 -3194.16
16603.5 -3193.93
16618.9 -3193.7
16634.2 -3193.48
16649.2 -3193.26
16664 -3193.04
16678.6 -3192.83
16693 -3192.62
16707.3 -3192.41
16721.3 -3192.21
16735.2 -3192.01
16748.9 -3191.81
16762.5 -3191.61
16775.8 -3191.41
16789.1 -3191.22
16802.2 -3191.03
16815.1 -3190.84
16827.9 -3190.65
16840.6 -3190.47
16853.1 -3190.29
16865.5 -3190.11
16877.8 -3189.93
16890 -3189.75
16902 -3189.57
16913.9 -3189.4
16925.8 -3189.23
16937.5 -3189.06
16949.1 -3188.89
16960.6 -3188.72
16972 -3188.55
16983.3 -3188.39
16994.5 -3188.22
17005.7 -3188.06
17016.7 -3187.9
17027.7 -3187.74
17038.6 -3187.58
17049.4 -3187.42
17060.1 -3187.27
17070.8 -3187.11
17081.4 -3186.96
17091.9 -3186.8
17102.3 -3186.65
17112.7 -3186.5
17123 -3186.35
17133.3 -3186.2
17143.5 -3186.05
17153.7 -3185.9
17163.8 -3185.76
17173.8 -3185.61
17183.8 -3185.46
17193.7 -3185.32
17203.6 -3185.17
17213.5 -3185.03
17223.3 -3184.89
17233.1 -3184.74
17242.8 -3184.6
17252.5 -3184.46
17262.2 -3184.32
17271.8 -3184.18
17281.4 -3184.04
17291 -3183.9
17300.5 -3183.76
17310 -3183.62
17319.5 -3183.48
17328.9 -3183.35
17338.4 -3183.21
17347.8 -3183.07
17357.2 -3182.93
17366.5 -3182.8
17375.9 -3182.66
17385.2 -3182.53
17394.5 -3182.39
17403.9 -3182.25
17413.2 -3182.12
17422.5 -3181.98
17431.7 -3181.85
17441 -3181.71
17450.3 -3181.58
17459.5 -3181.44
17468.8 -3181.31
17478.1 -3181.17
17487.3 -3181.04
17496.6 -3180.9
17505.9 -3180.77
17515.1 -3180.63
17524.4 -3180.5
17533.7 -3180.36
17543 -3180.22
17552.3 -3180.09
17561.6 -3179.95
17570.9 -3179.82
17580.3 -3179.68
17589.6 -3179.54
17599 -3179.41
17608.4 -3179.27
17606 -3099.3
17605.4 -3039.3
17603.6 -2979.32
17604.4 -2939.3
17604.4 -2899.3
17611.4 -2899.2
17618.4 -2899.09
17625.5 -2898.99
17632.6 -2898.89
17639.7 -2898.78
17646.9 -2898.68
17654 -2898.58
17661.2 -2898.47
17668.5 -2898.36
17675.7 -2898.26
17683 -2898.15
17690.3 -2898.05
17697.7 -2897.94
17705.1 -2897.83
17712.5 -2897.72
17720 -2897.61
17727.5 -2897.5
17735.1 -2897.39
17742.7 -2897.28
17750.4 -2897.17
17758.1 -2897.06
17765.8 -2896.94
17773.6 -2896.83
17781.5 -2896.72
17789.4 -2896.6
17797.4 -2896.48
17805.4 -2896.37
17813.5 -2896.25
17821.6 -2896.13
17829.8 -2896.01
17838.1 -2895.89
17846.5 -2895.77
17854.9 -2895.65
17863.4 -2895.52
17871.9 -2895.4
17880.6 -2895.27
17889.3 -2895.14
17898.1 -2895.02
17907 -2894.89
17915.9 -2894.76
17925 -2894.62
17934.2 -2894.49
17943.4 -2894.35
17952.8 -2894.22
17962.2 -2894.08
17971.8 -2893.94
17981.4 -2893.8
17991.2 -2893.66
18001.1 -2893.51
18011.1 -2893.37
18021.2 -2893.22
18031.5 -2893.07
18041.8 -2892.92
18052.3 -2892.77
18063 -2892.61
18058.1 -2872.68
18068.7 -2872.52
18063.3 -2852.6
18057.4 -2832.69
18067.9 -2832.53
18061.4 -2812.62
18054.5 -2792.72
18064.9 -2792.57
18057.4 -2772.68
18067.8 -2772.53
18078.4 -2772.37
18089.1 -2772.22
18100 -2772.06
18111.1 -2771.9
18122.4 -2771.73
18130.9 -2768.63
18130.7 -2757.25
18637.5 -3219.36
18657.5 -3218.62
18191 -2779.04
18190.9 -2767.43
18190.7 -2755.99
18190.5 -2744.74
18190.4 -2733.65
18190.2 -2722.73
18190.1 -2711.98
18189.9 -2701.38
18189.8 -2690.93
18189.6 -2680.62
18189.5 -2670.46
18189.3 -2660.43
18189.2 -2650.54
18189 -2640.78
18188.9 -2631.14
18188.8 -2621.62
18188.6 -2612.22
18188.5 -2602.93
18188.3 -2593.76
18188.2 -2584.69
18188.1 -2575.72
18188 -2566.86
18187.8 -2558.09
18187.7 -2549.42
18187.6 -2540.83
18187.4 -2532.34
18187.3 -2523.94
18187.2 -2515.62
18187.1 -2507.38
18187 -2499.21
18186.8 -2491.13
18186.7 -2483.12
18186.6 -2475.18
18186.5 -2467.31
18186.4 -2459.51
18186.3 -2451.78
18186.2 -2444.11
18186.1 -2436.5
18185.9 -2428.95
18185.8 -2421.46
18185.7 -2414.02
18185.6 -2406.64
18185.5 -2399.31
18185.4 -2392.04
18185.3 -2384.81
18185.2 -2377.63
18185.1 -2370.5
18185 -2363.41
18184.9 -2356.37
18184.8 -2349.37
18184.7 -2342.4
18184.6 -2335.48
18184.5 -2328.59
18184.4 -2321.75
18184.3 -2314.93
18184.2 -2308.15
18184.1 -2301.4
18184 -2294.69
18183.9 -2288
18183.8 -2281.34
18183.7 -2274.71
18183.6 -2268.11
18183.5 -2261.53
18183.4 -2254.97
18183.3 -2248.44
18183.2 -2241.93
18183.1 -2235.44
18183 -2228.97
18182.9 -2222.52
18182.8 -2216.08
18182.7 -2209.67
18182.6 -2203.26
18182.6 -2196.87
18182.5 -2190.5
18182.4 -2184.14
18182.3 -2177.79
18182.2 -2171.45
18182.1 -2165.11
18182 -2158.79
18181.9 -2152.48
18181.8 -2146.17
18181.7 -2139.86
18181.6 -2133.56
18181.5 -2127.27
18181.4 -2120.97
18181.4 -2114.68
18181.3 -2108.39
18181.2 -2102.1
18181.1 -2095.81
18181 -2089.51
18180.9 -2083.21
18180.8 -2076.91
18180.7 -2070.6
18180.6 -2064.29
18180.5 -2057.97
18180.4 -2051.64
18180.3 -2045.3
18180.3 -2038.95
18180.2 -2032.59
18180.1 -2026.22
18180 -2019.83
18179.9 -2013.43
18179.8 -2007.02
18179.7 -2000.59
18179.6 -1994.14
18179.5 -1987.68
18179.4 -1981.19
18139.4 -1982.83
18119.4 -1980.92
18079.4 -1983.79
18059.4 -1982.75
18039.4 -1982.05
18019.4 -1981.7
17999.4 -1981.7
17979.4 -1982.04
17959.4 -1982.74
27071.7 643.188
27047.1 727.064
27021.9 810.722
26995.9 894.156
26969.2 977.359
26941.7 1060.33
26913.6 1143.05
26884.7 1225.53
26855.1 1307.75
26824.8 1389.7
26793.7 1471.39
26762 1552.81
26729.5 1633.94
26696.3 1714.79
26662.5 1795.34
26627.9 1875.6
26592.6 1955.55
26556.6 2035.19
26520 2114.51
26482.6 2193.51
26444.5 2272.18
26405.8 2350.51
26366.4 2428.5
26326.3 2506.15
26285.5 2583.44
26244.1 2660.37
26201.9 2736.94
26159.2 2813.13
26115.7 2888.95
26071.6 2964.39
26026.8 3039.43
25981.4 3114.09
25935.3 3188.34
25888.6 3262.19
25841.2 3335.63
25793.2 3408.65
25744.6 3481.25
25695.3 3553.42
25645.4 3625.15
25594.9 3696.45
25543.7 3767.3
25492 3837.71
25439.6 3907.66
25386.6 3977.15
25333 4046.17
25278.8 4114.72
25224 4182.8
25168.6 4250.39
25112.6 4317.5
25056.1 4384.11
24998.9 4450.23
24941.2 4515.85
24882.9 4580.96
24824.1 4645.56
24764.7 4709.64
24704.7 4773.2
24644.2 4836.24
24583.1 4898.74
24521.5 4960.71
24459.3 5022.13
24396.6 5083.01
24333.4 5143.34
24269.7 5203.12
24205.4 5262.33
24140.6 5320.98
24075.3 5379.07
24009.5 5436.58
23943.2 5493.51
23876.5 5549.86
23809.2 5605.63
23741.4 5660.81
23673.2 5715.39
23604.4 5769.37
23535.3 5822.75
23465.6 5875.53
23395.5 5927.69
23324.9 5979.24
23253.9 6030.17
23182.5 6080.48
23110.6 6130.16
23038.2 6179.21
22965.5 6227.63
22892.3 6275.41
22818.7 6322.55
22744.8 6369.04
22670.4 6414.89
22595.6 6460.08
22520.4 6504.62
22444.8 6548.5
22368.9 6591.72
17706.2 -1677.69
17701.1 -1677.76
17706.7 -1657.67
17701.5 -1657.75
17706.6 -1637.67
17701.3 -1637.75
17705.8 -1617.68
17700.3 -1617.76
17704.2 -1597.7
17707.8 -1577.65
17702 -1577.73
17705.1 -1557.69
17699.2 -1557.77
17701.7 -1537.74
17703.8 -1517.7
17705.5 -1497.68
17699.2 -1497.77
17700.4 -1477.75
17701.3 -1457.73
17701.8 -1437.72
17701.9 -1417.72
17701.7 -1397.72
17701.2 -1377.73
17700.3 -1357.74
17699 -1337.75
17697.4 -1317.77
17701.2 -1277.71
17698.8 -1257.75
17696 -1237.79
17698 -1197.75
17699.3 -1157.73
17695.1 -1137.79
18195.3 1091.82
18165.7 1091.39
18136.3 1090.96
18106.9 1090.53
18077.7 1090.11
18048.6 1089.68
18019.6 1089.26
17990.6 1088.84
17961.8 1088.41
17933 1088
17904.4 1087.58
17875.8 1087.16
17847.2 1086.74
17818.8 1086.33
17790.4 1085.91
17762 1085.5
17733.8 1085.09
17705.5 1084.68
17677.3 1084.27
17649.2 1083.86
17621.1 1083.45
17593 1083.04
17564.9 1082.63
17536.9 1082.22
17508.9 1081.81
17480.9 1081.4
17452.9 1080.99
17424.9 1080.58
17397 1080.18
17369 1079.77
17341 1079.36
17313 1078.95
17285 1078.54
17256.9 1078.13
17228.9 1077.73
17200.8 1077.32
17172.7 1076.91
17101 1515.91
17068.9 1515.44
17036.8 1514.97
17004.6 1514.5
16972.3 1514.03
16940 1513.56
16907.6 1513.09
16875.2 1512.61
16822.2 1631.85
16445.1 3546.56
16394.1 3545.81
16342.8 3545.07
16291.5 3544.32
16239.9 3543.57
16188.2 3542.81
16136.2 3542.05
16084.1 3541.29
16031.8 3540.53
15979.2 3539.76
15926.5 3538.99
15873.4 3538.22
15820.2 3537.44
15766.7 3536.66
15712.9 3535.88
15658.8 3535.09
15604.5 3534.3
15549.9 3533.5
15494.9 3532.7
15439.6 3531.89
15384 3531.08
17101 -1166.46
17099.2 -1186.49
17097.7 -1206.51
17096.6 -1226.53
17095.8 -1246.54
17095.3 -1266.55
17095.2 -1286.55
17095.5 -1306.55
17096.1 -1326.54
17097 -1346.53
17098.3 -1366.52
17100 -1386.49
17102 -1406.47
17104.4 -1426.43
17096.8 -1426.55
17099.7 -1446.5
17103 -1466.46
17106.7 -1486.41
17099.4 -1486.51
17103.6 -1506.45
17108.2 -1526.39
17101.2 -1526.49
17106.4 -1546.42
17099.5 -1546.52
17105.2 -1566.44
17098.4 -1566.54
17104.7 -1586.45
17098 -1586.54
17104.9 -1606.45
17098.3 -1606.54
17105.8 -1626.44
17099.2 -1626.53
17107.4 -1646.41
17101 -1646.51
17109.7 -1666.38
17103.4 -1666.47
17097 -1666.57
17106.6 -1686.43
17100.3 -1686.52
17110.6 -1706.37
17104.5 -1706.46
17098.2 -1706.55
17109.4 -1726.39
17103.3 -1726.48
17097 -1726.57
17109.2 -1746.4
17103 -1746.49
17096.8 -1746.58
10425.8 4985.07
17103.9 -1766.48
17097.7 -1766.57
17096.2 -1771.33
17096.3 -1777.49
10122.1 4670.98
10063 4606.58
10004.5 4541.67
9946.58 4476.25
9889.21 4410.33
9832.42 4343.91
9776.21 4277
9720.59 4209.6
9665.57 4141.71
9611.13 4073.35
9557.3 4004.51
9504.07 3935.21
9451.45 3865.44
9399.44 3795.21
9348.04 3724.54
9297.27 3653.41
9247.12 3581.85
9197.59 3509.85
9148.7 3437.42
9100.44 3364.57
9052.82 3291.29
9005.84 3217.61
8959.51 3143.51
8913.83 3069.02
8868.8 2994.13
8824.42 2918.84
8780.71 2843.17
8737.66 2767.13
8695.27 2690.7
8653.56 2613.92
8612.51 2536.77
8572.15 2459.27
8532.46 2381.41
8493.45 2303.21
8455.13 2224.67
8417.49 2145.8
8380.55 2066.61
8344.3 1987.09
8308.75 1907.27
8273.89 1827.13
8239.74 1746.7
8206.29 1665.96
8173.55 1584.94
8141.52 1503.64
8110.19 1422.05
8079.59 1340.2
8049.7 1258.08
8020.53 1175.71
7992.07 1093.08
7964.35 1010.21
7937.34 927.101
7911.07 843.76
7885.52 760.187
7860.71 676.395
7836.63 592.393
7813.28 508.181
7790.67 423.772
7768.8 339.162
16959.5 -1998.57
16939.5 -1998.5
16919.5 -1998.78
16899.5 -1999.41
16879.6 -2000.39
16859.6 -2001.71
16819.5 -1999.57
16799.6 -2001.77
16759.5 -2000.86
16719.5 -2000.66
16679.5 -2001.16
16639.6 -2002.36
16599.6 -2004.25
14441.4 -1737.98
14441.8 -1764.81
14442.2 -1791.58
14442.6 -1818.29
14443 -1844.95
14443.4 -1871.56
14443.8 -1898.13
14444.2 -1924.65
14444.6 -1951.14
14444.9 -1977.59
14445.3 -2004.01
14445.7 -2030.41
14446.1 -2056.79
14446.5 -2083.16
14446.9 -2109.5
14447.2 -2135.85
14447.6 -2162.18
14448 -2188.52
14448.4 -2214.86
14448.8 -2241.21
14449.2 -2267.57
14449.6 -2293.94
14449.9 -2320.34
14450.3 -2346.75
14590.6 -2361.5
15030.4 -2346.11
15070.6 -2363.48
15070.9 -2384.57
15071.2 -2405.69
15071.6 -2426.86
14453 -2532.69
14453.4 -2559.45
14453.8 -2586.27
14454.2 -2613.15
14454.6 -2640.1
14455 -2667.13
14455.4 -2694.24
14455.8 -2721.43
14456.2 -2748.71
14456.6 -2776.08
14457 -2803.54
14457.4 -2831.11
14457.8 -2858.79
14458.2 -2886.58
14458.6 -2914.48
14459 -2942.51
14598.9 -2931.21
14639.1 -2946.53
14759 -2937.18
14819.1 -2944.29
14919 -2937.61
15018.9 -2929.15
15059 -2939.23
15158.9 -2927.76
15179.1 -2943.14
15294 -2923.21
15362.6 -2918.75
15691.7 -2811.48
15721 -2817.64
15739.8 -2827.61
15745.4 -2842.89
15750 -2858.64
15740.8 -2880.5
15742.3 -2897.86
15743 -2915.71
15786.5 -2913.43
15824.4 -2913.09
15861.6 -2912.41
15899.2 -2910.87
15934.3 -2909.95
15968.2 -2909.06
16001.4 -2907.9
16034.3 -2906.39
16063.5 -2906.27
16094.8 -2904.51
16105.8 -2913.99
16150.9 -2903.07
16140.8 -2924.82
16143.6 -2938.98
16152.2 -2949.61
16140.7 -2973.14
16140.3 -2989.86
16147.5 -3001.61
16145 -3020.11
16151.3 -3032.65
16157.5 -3045.35
16152.3 -3066.37
16157.6 -3079.92
16150.6 -3102.87
16155.2 -3117.31
16159.8 -3131.95
16150.5 -3157.66
16154.4 -3173.26
16163.3 -3184.91
16186.4 -3184.75
16213.6 -3180.68
16236.1 -3180.12
16242.2 -3193.62
16264.2 -3192.96
16288.8 -3189.61
16310.3 -3188.56
