12740.4 -6306.74
12740.4 -6306.74
12740.4 -6306.74
12740.4 -6306.74
12740.4 -6306.74
12740.4 -6306.74
12740.4 -6306.74
12743.2 -6305.67
12747.8 -6303.88
12752.5 -6302.08
12757.2 -6300.29
12761.8 -6298.49
12766.5 -6296.7
12771.2 -6294.91
12775.8 -6293.11
12780.5 -6291.32
12785.2 -6289.52
12789.8 -6287.73
12794.5 -6285.93
12799.2 -6284.14
12803.8 -6282.34
12808.5 -6280.55
12813.2 -6278.75
12817.8 -6276.96
12822.5 -6275.16
12827.2 -6273.37
12831.8 -6271.57
12833.7 -6270.86
12833.7 -6270.86
12833.7 -6270.86
12833.7 -6270.86
12833.7 -6270.86
12833.7 -6270.86
12833.7 -6270.86
12833.7 -6270.86
12833.7 -6270.86
12833.7 -6270.86
12833.7 -6270.86
12836.2 -6269.15
12840.3 -6266.3
12844.4 -6263.45
12848.5 -6260.6
12852.6 -6257.74
12856.7 -6254.89
12864.9 -6249.19
12864.9 -6249.19
12869 -6246.33
12873.1 -6243.48
12881.3 -6237.78
12885.4 -6234.92
12885.4 -6234.92
12893.7 -6229.22
12893.7 -6229.22
12897.8 -6226.37
12901.9 -6223.51
12910.1 -6217.81
12910.1 -6217.81
12914.2 -6214.96
12915.8 -6213.81
12915.8 -6213.81
12915.8 -6213.81
12915.8 -6213.81
12915.8 -6213.81
12915.8 -6213.81
12915.8 -6213.81
12915.8 -6213.81
12915.8 -6213.81
12915.8 -6213.81
12915.8 -6213.81
12917.8 -6211.57
12924.5 -6204.08
12924.5 -6204.08
12927.8 -6200.33
12925.6 -6201.84
12928.9 -6198.08
12930.2 -6196.57
12930.2 -6196.57
12930.2 -6196.57
12930.2 -6196.57
12930.2 -6196.57
12930.2 -6196.57
12930.2 -6196.57
12930.2 -6196.57
12930.2 -6196.57
12930.2 -6196.57
12930.2 -6196.57
12930.2 -6196.57
12930.2 -6196.57
12930.2 -6196.57
12930.2 -6196.57
12930.2 -6196.57
12930.2 -6196.57
12930.2 -6196.57
12930.2 -6196.57
12930.2 -6196.57
12930.2 -6196.57
12930.2 -6196.57
12930.2 -6196.57
12930.2 -6196.57
12930.2 -6196.57
12930.2 -6196.57
12930.2 -6196.57
12930.2 -6196.57
12930.2 -6196.57
12930.2 -6196.57
12930.2 -6196.57
12930.2 -6196.57
12930.2 -6196.57
12930.2 -6196.57
12930.2 -6196.57
12930.2 -6196.57
12930.2 -6196.57
12930.2 -6196.57
12930.2 -6196.57
12930.2 -6196.57
12930.2 -6196.57
12930.2 -6196.57
12930.2 -6196.57
12930.2 -6196.57
12930.2 -6196.57
12933.8 -6188.28
12933.8 -6188.28
12933.8 -6188.28
12933.8 -6188.28
12933.8 -6188.28
12933.2 -6186.11
12932.6 -6183.93
12932.1 -6181.73
12931.7 -6179.53
12931.1 -6175.83
12930.4 -6169.87
12930.4 -6169.87
12931.4 -6166.75
12931.2 -6162.25
12931.3 -6160
12931.3 -6160
12931.3 -6157.75
12931.4 -6155.5
12931.6 -6153.26
12931.8 -6151.02
12932 -6148.78
12932.4 -6146.56
12933.1 -6142.12
12933.1 -6142.12
12933.6 -6139.92
12943.5 -6146.09
12944 -6143.9
12944.6 -6141.72
12944.9 -6140.64
12945.2 -6139.56
12946 -6137.05
12946.8 -6134.55
12947.7 -6132.07
12948.6 -6129.61
12949.5 -6127.17
12950.1 -6125.97
12950.6 -6124.76
12951.7 -6122.2
12952.9 -6119.64
12954.1 -6117.1
12955.3 -6114.56
12943.3 -6098.07
12943.3 -6098.07
12944 -6096.82
12944.6 -6095.57
12945.3 -6094.34
12946.7 -6091.79
12948.1 -6089.25
12949.6 -6086.73
12951 -6084.22
12952.5 -6081.72
12954 -6079.23
12955.6 -6076.77
12956.4 -6075.56
12957.2 -6074.34
12958.8 -6071.87
12961.2 -6068.2
12962.1 -6066.98
12962.1 -6066.98
12963.8 -6064.54
12963.8 -6064.54
12965.5 -6062.14
12965.5 -6062.14
12967.2 -6059.76
12967.2 -6059.76
12969 -6057.4
12969 -6057.4
12969.9 -6056.21
12971.7 -6053.83
12973.9 -6050.84
12976.1 -6047.86
12977.4 -6046.06
12980 -6042.44
12980 -6042.44
12982.6 -6038.83
12982.6 -6038.83
12983.9 -6037.02
12985.2 -6035.22
12986.5 -6033.41
12987.8 -6031.6
12989.1 -6029.79
12989.8 -6028.89
12991.1 -6027.08
12991.7 -6026.18
12991.7 -6026.18
12993.3 -6024.06
12995.2 -6021.33
12999.1 -6015.82
12999.1 -6015.82
13002.8 -6010.24
13002.8 -6010.24
13003.9 -6008.68
13005.9 -6005.55
13005.9 -6005.55
13006.9 -6003.98
13007.9 -6002.41
13008.9 -6000.84
13010.9 -5997.71
13010.9 -5997.71
13011.9 -5996.14
13012.9 -5994.57
13013.9 -5993.01
13014.9 -5991.44
13029.3 -6003.27
13030.3 -6001.69
13031.3 -6000.12
13035.3 -5993.79
13037.4 -5990.28
13039.5 -5986.76
13040.9 -5984.5
13042.2 -5982.24
13042.2 -5982.24
13043.5 -5979.96
13045.5 -5976.36
13047.4 -5972.75
13049.3 -5969.11
13050.5 -5966.79
13051.7 -5964.46
13052.9 -5962.13
13054.7 -5958.43
13056.5 -5954.71
13058.2 -5950.98
13059.3 -5948.6
13060.3 -5946.22
13062 -5942.44
13063.6 -5938.65
13065.1 -5934.85
13066.1 -5932.43
13067.1 -5930
13068.5 -5926.15
13070 -5922.3
13071.4 -5918.43
13072.8 -5914.55
13074.1 -5910.66
13075.4 -5906.76
13077.9 -5898.92
13077.9 -5898.92
13079.1 -5894.99
13080.3 -5891.04
13081.4 -5887.09
13083.6 -5879.16
13083.6 -5879.16
13086.7 -5867.6
13086.7 -5867.6
13089.8 -5855.26
13091.3 -5849.07
13091.3 -5849.07
13092.7 -5842.87
13094.1 -5836.66
13096.7 -5824.2
13096.7 -5824.2
13097.9 -5817.95
13099.1 -5811.69
13100.2 -5805.42
13101.2 -5799.15
13102.2 -5792.87
13103.3 -5786.59
13104.3 -5780.32
13105.4 -5774.04
13106.4 -5767.76
13107.5 -5761.49
13108.5 -5755.21
13109.5 -5748.93
13110.5 -5742.65
13111.5 -5736.35
13112.4 -5730.05
13113.2 -5723.75
13115 -5711.14
13115 -5711.14
13116.6 -5698.52
13116.6 -5698.52
13118 -5685.87
13118 -5685.87
13118.7 -5679.55
13113.1 -5674
13113.8 -5667.68
13114.5 -5661.36
13115.4 -5653.54
13116.1 -5645.71
13116.7 -5639.38
13117.3 -5633.04
13118 -5625.21
13118.7 -5616.62
13119.3 -5608.03
13119.7 -5600.93
13120.2 -5593.83
13120.6 -5586.73
13121.2 -5578.14
13121.7 -5569.54
13122 -5560.93
13122.4 -5552.32
13123 -5535.11
13123 -5535.11
13123.6 -5517.89
13123.6 -5517.89
13123.9 -5510.79
13124.2 -5503.68
13124.4 -5496.57
13124.7 -5489.46
13125.2 -5475.24
13125.2 -5475.24
13125.5 -5468.14
13125.7 -5461.03
13126 -5453.92
13126.3 -5446.81
13126.5 -5439.7
13126.8 -5432.59
13127.1 -5425.49
13127.3 -5418.38
13127.6 -5411.27
13127.8 -5404.16
13128.4 -5389.94
13128.4 -5389.94
13128.6 -5382.83
13129.2 -5368.62
13129.2 -5368.62
13129.4 -5361.51
13129.7 -5354.4
13130 -5347.29
13130.2 -5340.18
13130.5 -5333.08
13131 -5318.86
13131 -5318.86
13131.5 -5304.64
13131.5 -5304.64
13132.1 -5290.43
13132.1 -5290.43
13132.3 -5283.32
13132.6 -5276.21
13132.8 -5269.1
13133.1 -5261.99
13133.4 -5254.88
13133.6 -5247.77
13134.2 -5233.56
13134.2 -5233.56
13134.7 -5219.34
13134.7 -5219.34
13134.9 -5212.23
13135.2 -5205.12
13135.5 -5198.02
13135.7 -5190.91
13136 -5183.8
13136.3 -5176.69
13136.5 -5169.58
13136.8 -5162.47
13153.8 -5142.73
13154 -5135.62
13154.3 -5121.4
13154.3 -5121.4
13154.5 -5114.29
13154.6 -5107.18
13154.8 -5100.07
13155 -5092.95
13155.2 -5081.73
13155.2 -5081.73
13155.4 -5076.12
13155.5 -5070.51
13155.6 -5064.9
13155.9 -5053.67
13155.9 -5053.67
13156 -5048.06
13156.1 -5042.45
13156.3 -5036.84
13156.4 -5031.23
13156.5 -5025.61
13156.7 -5020
13156.8 -5014.39
13156.9 -5008.78
13157.1 -5003.17
13157.2 -4997.55
13157.3 -4991.94
13157.4 -4986.33
13157.5 -4979.22
13157.6 -4963.49
13157.6 -4963.49
13157.4 -4950.77
13157.3 -4944.4
13157.3 -4944.4
13157.3 -4936.54
13157.2 -4928.68
13157 -4912.95
13156.9 -4905.09
13156.8 -4897.23
13156.7 -4889.36
13156.7 -4889.36
13156.5 -4873.64
13156.5 -4873.64
13156.4 -4865.78
13156.2 -4850.05
13156.2 -4850.05
13156.2 -4842.19
13156.1 -4834.33
13156 -4826.46
13155.9 -4818.6
13155.8 -4810.74
13155.7 -4802.87
13155.6 -4795.01
13155.5 -4787.15
13155.3 -4771.42
13155.2 -4763.56
13155.2 -4763.56
13155.1 -4755.7
13155 -4747.84
13155 -4739.97
13154.8 -4724.25
13154.8 -4724.25
13154.7 -4716.38
13154.6 -4708.52
13154.5 -4700.66
13154.4 -4692.8
13154.3 -4684.93
13154.2 -4677.07
13154 -4661.34
13154 -4661.34
13153.9 -4645.62
13153.8 -4637.76
13153.8 -4637.76
13147.5 -4628.75
13147.5 -4628.75
13147.5 -4620.89
13147.4 -4613.03
13147.2 -4597.3
13147.1 -4589.44
13147.1 -4589.44
13147 -4581.57
13147 -4573.71
13146.9 -4565.85
13146.7 -4557.99
13146.5 -4550.13
13146.3 -4543.77
13146.1 -4537.41
13145.8 -4529.55
13145.8 -4529.55
13145.8 -4529.55
13145.8 -4527.3
13145.7 -4522.05
13145.5 -4514.55
13145.2 -4507.06
13144.9 -4499.56
13144.6 -4492.07
13144.1 -4484.59
13143.1 -4471.12
13143.1 -4471.12
13142.1 -4459.17
13141.5 -4453.2
13141.5 -4453.2
13140.8 -4447.24
13139.9 -4439.79
13138.8 -4431.61
13137.7 -4423.44
13136.5 -4415.27
13135.2 -4407.12
13133.9 -4398.98
13131.3 -4384.22
13131.3 -4384.22
13130 -4377.58
13127.3 -4362.83
13127.3 -4362.83
13123.7 -4345.19
13123.7 -4345.19
13122 -4336.36
13120.2 -4327.54
13118.4 -4318.72
13116.6 -4309.89
13114.9 -4301.07
13113.1 -4292.25
13111.3 -4283.42
13109.5 -4274.6
13107.8 -4265.78
13106 -4256.95
13104.2 -4248.13
13102.4 -4239.31
13100.7 -4230.48
13098.9 -4221.66
13097.1 -4212.84
13095 -4202.54
13093 -4192.25
13090.9 -4181.96
13086.8 -4161.37
13086.8 -4161.37
13084.7 -4151.07
13082.6 -4140.78
13080.6 -4130.49
13078.2 -4118.72
13077.4 -4093.61
13074.7 -4080.39
13069.2 -4053.95
13066.4 -4040.74
13063.7 -4027.52
13061 -4014.3
13061 -4014.3
13058.2 -4001.08
13053 -3976.11
13053 -3976.11
13050.6 -3964.36
13048.2 -3952.61
13045.7 -3940.86
13040.8 -3917.36
13038.4 -3905.62
13038.4 -3905.62
13036 -3893.87
13033.5 -3882.12
13031 -3870.39
13028.3 -3858.68
13025.2 -3845.54
13018.8 -3819.31
13018.8 -3819.31
13016 -3807.65
13013.1 -3796
13010.2 -3784.37
13004 -3761.18
13004 -3761.18
13000.7 -3749.63
12997.8 -3739.55
12994.8 -3729.49
12988.5 -3709.46
12988.5 -3709.46
12985.3 -3699.46
12982.1 -3689.46
12976.6 -3672.31
12976.6 -3672.31
12973.9 -3663.74
12971.1 -3655.17
12968.4 -3646.59
12965.6 -3638.02
12962.9 -3629.45
12960.2 -3620.88
12953.9 -3621.62
12948.2 -3604.52
12945.3 -3596.01
12945.3 -3596.01
12942.4 -3587.49
12939.5 -3578.98
12933.6 -3561.96
12933.6 -3561.96
12930.7 -3553.44
12928.3 -3546.35
12925.8 -3539.26
12922.9 -3530.74
12920 -3522.23
12915.1 -3508.04
12915.1 -3508.04
12912.7 -3500.95
12910.3 -3493.86
12907.8 -3486.76
12905.4 -3479.67
12903 -3472.57
12898.1 -3458.39
12898.1 -3458.39
12895.7 -3451.29
12893.2 -3444.2
12890.8 -3437.11
12888.3 -3430.03
12885.7 -3422.98
12883.1 -3415.96
12880.5 -3408.93
12877.9 -3401.9
12875.3 -3394.87
12872.6 -3387.85
12870 -3380.82
12864.8 -3366.76
12864.8 -3366.76
12859.5 -3352.71
12859.5 -3352.71
12854.3 -3338.65
12854.3 -3338.65
12851.7 -3331.62
12847 -3318.98
12844.9 -3313.35
12844.9 -3313.35
12842.2 -3306.33
12839.6 -3299.3
12837 -3292.27
12834.4 -3285.24
12832.3 -3279.62
12830.2 -3274
12826 -3262.75
12826 -3262.75
12823.4 -3255.73
12817.6 -3240.27
12815.2 -3233.96
12815.2 -3233.96
12810.3 -3221.4
12810.3 -3221.4
12807.8 -3215.11
12805.3 -3208.83
12802.9 -3202.55
12800.4 -3196.27
12797.9 -3189.98
12793 -3177.42
12793 -3177.42
12790.5 -3171.14
12813.7 -3160.92
12807.9 -3145.5
12807.9 -3145.5
12804.2 -3135.66
12804.2 -3135.66
12804.2 -3135.66
12803.2 -3132.85
12801 -3127.27
12798.2 -3120.29
12795.5 -3113.31
12792.2 -3104.91
12792.2 -3104.91
12792.2 -3104.91
12791.4 -3102.81
12789.4 -3097.96
12786.3 -3090.33
12782.4 -3080.58
12782.4 -3080.58
12782.4 -3080.58
12781.5 -3078.49
12776.8 -3067.45
12773.1 -3058.44
12773.1 -3058.44
12773.1 -3058.44
12773.1 -3058.44
12770.2 -3051.52
12770.2 -3051.52
12767 -3043.92
12760.9 -3028.59
12757.5 -3019.46
12757.5 -3019.46
12757.5 -3019.46
12756.7 -3017.35
12754.9 -3012.44
12754.9 -3012.44
12752 -3004.72
12752 -3004.72
12752 -3004.72
12751.2 -3002.61
12749.3 -2997.72
12746.3 -2990.02
12740.2 -2973.09
12740.2 -2973.09
12737.4 -2964.55
12734.7 -2955.96
12732.1 -2947.32
12729.8 -2938.64
12727.5 -2929.92
12725.5 -2921.16
12723.5 -2912.37
12720.6 -2897.66
12720.6 -2897.66
12718.8 -2888.84
12717.2 -2879.98
12715.7 -2871.1
12714.4 -2862.21
12713 -2853.31
12700.5 -2863.02
12699.2 -2854.11
12697.9 -2845.2
12696.7 -2836.28
12694.4 -2818.43
12694.4 -2818.43
12693.3 -2809.5
12691.1 -2791.63
12691.1 -2791.63
12689 -2775.27
12689 -2775.27
12688 -2767.84
12687 -2760.4
12685.1 -2745.52
12685.1 -2745.52
12684.3 -2738.07
12683.4 -2730.62
12682.6 -2723.16
12681.8 -2715.71
12681 -2708.25
12680 -2699.31
12678.9 -2690.37
12677.8 -2681.44
12676.7 -2672.51
12675.5 -2663.59
12674.1 -2653.18
12672.6 -2642.79
12671.1 -2632.4
12669.5 -2622.01
12667.9 -2611.63
12666.3 -2601.26
12664.6 -2590.9
12662.9 -2580.55
12661.1 -2570.2
12659.2 -2559.87
12657.1 -2549.58
12654.9 -2539.31
12650.1 -2518.86
12650.1 -2518.86
12647.6 -2508.68
12641.9 -2488.46
12638.7 -2478.45
12638.7 -2478.45
12635.4 -2468.51
12631.8 -2458.64
12623.9 -2439.16
12619.7 -2429.55
12619.7 -2429.55
12615.3 -2420.03
12605.8 -2401.3
12600.7 -2392.1
12600.7 -2392.1
12595.5 -2383.01
12590 -2374.03
12584.4 -2365.18
12578.5 -2356.45
12579.8 -2331.75
12573.6 -2323.31
12560.6 -2306.83
12560.6 -2306.83
12546.8 -2290.94
12546.8 -2290.94
12539.7 -2283.23
12530.3 -2273.51
12518.6 -2261.88
12487.9 -2233.3
12487.9 -2233.3
12468.6 -2216.56
12449 -2200.24
12431.4 -2186.21
12395.4 -2159.34
12376.9 -2146.5
12376.9 -2146.5
12355.6 -2132.41
12332.2 -2117.58
12284.3 -2089.48
12284.3 -2089.48
12227 -2062.73
12179.7 -2039.82
12179.7 -2039.82
12155.7 -2029.14
12109.9 -2010.5
12085.3 -2001.42
12085.3 -2001.42
12060.4 -1992.87
12038.3 -1985.78
11993.6 -1973.07
11993.6 -1973.07
11971 -1967.44
11948.3 -1962.31
11902.7 -1953.54
11879.7 -1949.9
11879.7 -1949.9
11858.2 -1946.97
11838.1 -1944.5
11818.7 -1942.38
11799.3 -1940.68
11778.3 -1939.31
11757.3 -1938.21
11737.8 -1937.44
11719.8 -1936.97
11701.8 -1936.9
11682.3 -1937.24
11644.9 -1938.62
11644.9 -1938.62
11626.9 -1939.64
11610.4 -1940.79
11594 -1942.16
11577.6 -1943.74
11561.2 -1945.53
11544.8 -1947.55
11528.4 -1949.77
11512.1 -1952.21
11497.3 -1954.62
11482.6 -1957.23
11467.8 -1960.02
11454.6 -1962.6
11441.3 -1965.23
11425.1 -1968.38
11406 -1972.02
11383.8 -1976.12
11330.7 -1985.61
11330.7 -1985.61
11299.6 -1990.94
11268.6 -1996.14
11237.5 -2001.21
11227.1 -1995.9
11167.8 -2005.23
11167.8 -2005.23
11138.1 -2009.7
11114.4 -2013.17
11093.6 -2016.2
11075.8 -2018.81
11061 -2020.98
11049.1 -2022.71
11040.2 -2024.02
11034.2 -2024.88
11031.3 -2025.32
11031.3 -2025.32
11031.3 -2025.32
11028.3 -2025.75
11028.3 -2025.75
11022.4 -2026.62
11013.5 -2027.92
11002.1 -2032.62
10987.2 -2034.6
10969.3 -2036.82
10948.5 -2039.42
10924.7 -2042.38
10899.3 -2045.31
10877 -2047.7
10857.6 -2049.77
10841.2 -2051.53
10827.7 -2052.96
10817.3 -2054.08
10805.4 -2055.35
10805.4 -2055.35
10803.9 -2055.51
10803.9 -2055.51
10803.9 -2055.51
10800.9 -2055.83
10800.9 -2055.83
10794.9 -2056.41
10786 -2057.21
10759 -2059.25
10759 -2059.25
10741.1 -2060.53
10720.1 -2062.03
10698.4 -2063.59
10676.7 -2065.14
10655.1 -2066.7
10634.9 -2068.14
10614.7 -2069.59
10594.5 -2071.04
10574.3 -2072.48
10555.6 -2073.82
10536.9 -2075.16
10518.2 -2076.5
10477.8 -2079.57
10477.8 -2079.57
10460.6 -2081.11
10432.2 -2083.64
10415 -2085.17
10415 -2085.17
10397.8 -2086.7
10382.1 -2088.1
10366.5 -2089.5
10308.2 -2077.05
10292.5 -2078.4
10276.9 -2079.75
10264.2 -2080.84
10251.5 -2082.15
10241.8 -2083.32
10235.1 -2084.37
10228.5 -2085.76
10208.6 -2092.36
10198.4 -2097.1
10188.6 -2102.71
10188.6 -2102.71
10180.6 -2108.29
10165.9 -2121.05
10159.3 -2128.17
10159.3 -2128.17
10147.5 -2143.72
10142.5 -2152.07
10142.5 -2152.07
10137.3 -2162.04
10132.7 -2172.31
10129.7 -2180.01
10127.1 -2187.85
10125.1 -2195.83
10123.5 -2203.93
10122.4 -2212.11
10172.9 -2222.27
10172.6 -2232.01
10172.8 -2241.76
10173.3 -2250
10174.2 -2258.2
10175.6 -2266.34
10177.3 -2274.39
10179.8 -2283.81
10182.7 -2293.13
10188.2 -2307.88
10188.2 -2307.88
10191.3 -2314.73
10198 -2328.15
10198 -2328.15
10204.7 -2339.84
10204.7 -2339.84
10200 -2345.29
10205.4 -2352.52
10211.4 -2360.17
10218.1 -2368.27
10232 -2384.01
10232 -2384.01
10238.2 -2390.56
10244.4 -2397.03
10251.8 -2404.48
10259.3 -2411.84
10267 -2419.03
10274.8 -2426.04
10288.4 -2437.84
10288.4 -2437.84
10295.2 -2443.65
10302.2 -2449.4
10335 -2462.3
10340.8 -2467.08
10346.6 -2471.81
10350.1 -2474.64
10351.3 -2475.59
10354.9 -2478.28
10354.9 -2478.28
10359.3 -2481.22
10364.9 -2484.91
10376.2 -2492.23
10376.2 -2492.23
10381.9 -2495.97
10387.5 -2499.65
10392 -2502.48
10396.4 -2505.31
10372.9 -2502.71
10377.4 -2505.47
10381.8 -2508.23
10388.8 -2512.57
10397.1 -2517.77
10397.1 -2517.77
10397.1 -2517.77
10397.1 -2517.77
10397.1 -2517.77
10397.1 -2517.77
10397.1 -2517.77
10397.1 -2517.77
10397.1 -2517.77
10397.1 -2517.77
10397.1 -2517.77
10397.1 -2517.77
10397.1 -2517.77
10397.1 -2517.77
10397.1 -2517.77
10397.1 -2517.77
10397.1 -2517.77
10397.1 -2517.77
10397.1 -2517.77
10397.1 -2517.77
10397.1 -2517.77
10397.1 -2517.77
10397.1 -2517.77
10397.1 -2517.77
10397.1 -2517.77
10397.1 -2517.77
10397.1 -2517.77
10397.1 -2517.77
10397.1 -2517.77
10395.7 -2515.09
10395.7 -2515.09
10347.1 -2504.4
10347.1 -2504.4
10344.9 -2499.93
10344.9 -2499.93
10344.9 -2499.93
10344.9 -2499.93
10343.5 -2497.25
10341.3 -2492.78
10339 -2488.32
10338.2 -2486.51
10338.2 -2486.51
10338.2 -2486.51
10338.2 -2486.51
10338.2 -2486.51
10338.2 -2486.51
10338.2 -2486.51
10338.2 -2486.51
10338.2 -2486.51
10338.2 -2486.51
10338.2 -2486.51
10338.2 -2486.51
10338.2 -2486.51
10338.2 -2486.51
10338.2 -2486.51
10338.2 -2486.51
10338.2 -2486.51
10338.2 -2486.51
10338.2 -2486.51
10338.2 -2486.51
10338.2 -2486.51
10377.3 -2489.52
10377.3 -2489.52
10377.3 -2489.52
10377.3 -2489.52
10377.3 -2489.52
10377.3 -2489.52
10377.3 -2489.52
10377.3 -2489.52
10377.3 -2489.52
10377.3 -2489.52
10377.3 -2489.52
10377.3 -2489.52
10377.3 -2489.52
10377.3 -2489.52
10377.3 -2489.52
10377.3 -2489.52
10377.3 -2489.52
10377.3 -2489.52
10377.3 -2489.52
10377.3 -2489.52
10377.3 -2489.52
10377.3 -2489.52
10381.4 -2486.53
10381.4 -2486.53
10381.4 -2486.53
10381.4 -2486.53
10381.4 -2486.53
10381.4 -2486.53
10381.4 -2486.53
10381.4 -2486.53
10381.4 -2486.53
10381.4 -2486.53
10381.4 -2486.53
10381.4 -2486.53
10381.4 -2486.53
10381.4 -2486.53
10381.4 -2486.53
10381.4 -2486.53
10379.8 -2484
10377.1 -2479.79
10374.4 -2475.58
10371.7 -2471.37
10369 -2467.15
10373.4 -2465.32
10372.4 -2463.63
10372.4 -2463.63
10372.4 -2463.63
10370.9 -2461.01
10368.5 -2456.63
10366.1 -2452.25
10361.2 -2443.5
10360.3 -2441.75
10360.3 -2441.75
10360.3 -2441.75
10360.3 -2441.75
10360.3 -2441.75
10360.3 -2441.75
10360.3 -2441.75
10360.3 -2441.75
10360.3 -2441.75
10359.5 -2438.86
10358.1 -2434.04
10356.8 -2429.22
10354.2 -2419.57
10354.2 -2419.57
10352.3 -2412.83
10352.3 -2412.83
10352.3 -2412.83
10352.3 -2412.83
10352.3 -2412.83
10352.3 -2412.83
10352.3 -2412.83
10349.8 -2409.42
10349.8 -2409.42
10349.8 -2409.42
10349.8 -2409.42
10349.8 -2409.42
10349.8 -2409.42
10349.8 -2409.42
10349.8 -2409.42
10350.7 -2410.59
10351.6 -2411.78
10352.1 -2412.4
10352.1 -2412.4
10352.1 -2412.4
10352.1 -2412.4
10352.1 -2412.4
10352.1 -2412.4
10352.1 -2412.4
10352.1 -2412.4
10352.1 -2412.4
10352.1 -2412.4
10352.1 -2412.4
10353 -2413.56
10353.9 -2414.75
10354.4 -2415.36
10354.4 -2415.36
10354.4 -2415.36
10354.4 -2415.36
10354.4 -2415.36
10354.4 -2415.36
10354.4 -2415.36
10354.4 -2415.36
10354.4 -2415.36
10355.3 -2418.22
10357.3 -2423.87
10359.7 -2430.16
10362.6 -2437.09
10366.5 -2446.02
10370.4 -2454.95
10374.4 -2463.85
10377.2 -2470
10380.1 -2476.09
10382.5 -2480.78
10384.9 -2485.43
10387.4 -2490.06
10389.9 -2494.64
10392.5 -2499.2
10395.2 -2503.72
10397.9 -2508.21
10400.7 -2512.66
10401.9 -2514.55
10401.9 -2514.55
10401.9 -2514.55
10401.9 -2514.55
10401.9 -2514.55
10401.9 -2514.55
10401.9 -2514.55
10401.9 -2514.55
10401.9 -2514.55
10401.9 -2514.55
10401.9 -2514.55
10401.9 -2514.55
10401.9 -2514.55
10401.9 -2514.55
10401.9 -2514.55
10401.9 -2514.55
10401.9 -2514.55
10401.9 -2514.55
10401.9 -2514.55
10401.9 -2514.55
10401.9 -2514.55
10401.9 -2514.55
10400 -2517.58
10400 -2517.58
10400 -2517.58
10400 -2517.58
10400 -2517.58
10400 -2517.58
10400 -2517.58
10400 -2517.58
10400 -2517.58
10400 -2517.58
10400 -2517.58
10400 -2517.58
10400 -2517.58
10400 -2517.58
10400 -2517.58
10400 -2517.58
10400 -2517.58
10400 -2517.58
10400 -2517.58
10400 -2517.58
10400 -2517.58
10400 -2517.58
10413.1 -2514.6
10413.1 -2514.6
10413.1 -2514.6
10413.1 -2514.6
10413.1 -2514.6
10413.1 -2514.6
10413.1 -2514.6
10413.1 -2514.6
10413.1 -2514.6
10413.1 -2514.6
10413.1 -2514.6
10413.1 -2514.6
10413.1 -2514.6
10413.1 -2514.6
10413.1 -2514.6
10413.1 -2514.6
10413.1 -2514.6
10413.1 -2514.6
10413.1 -2514.6
10413.1 -2514.6
10403.8 -2518.01
10403.8 -2518.01
10403.8 -2518.01
10403.8 -2518.01
10403.8 -2518.01
10403.8 -2518.01
10406.1 -2516.07
10409.9 -2512.84
10413.7 -2509.62
10417.5 -2506.39
10421.3 -2503.17
10425.2 -2499.95
10426.7 -2498.66
10426.7 -2498.66
10426.7 -2498.66
10426.7 -2498.66
10428.7 -2496.42
10431.9 -2492.61
10435.1 -2488.77
10438.3 -2484.93
10393.5 -2476.86
10393.5 -2476.86
10394.8 -2475.32
10394.8 -2475.32
10394.8 -2475.32
10394.8 -2475.32
10394.8 -2475.32
10394.8 -2475.32
10394.8 -2475.32
10394.8 -2475.32
10394.8 -2475.32
10394.8 -2475.32
10394.8 -2475.32
10394.8 -2475.32
10394.8 -2475.32
10394.8 -2475.32
10394.8 -2475.32
10394.8 -2475.32
10394.8 -2475.32
10394.8 -2475.32
10394.8 -2475.32
10394.8 -2475.32
10394.8 -2475.32
10394.8 -2475.32
10394.8 -2475.32
10394.8 -2475.32
10394.8 -2475.32
10394.8 -2475.32
10452.6 -2482.6
10452.6 -2482.6
10452.6 -2482.6
10452.6 -2482.6
10452.6 -2482.6
10452.6 -2482.6
10452.6 -2482.6
10452.6 -2482.6
10452.6 -2482.6
10452.6 -2482.6
10452.6 -2482.6
10452.6 -2482.6
10452.6 -2482.6
10452.6 -2482.6
10452.6 -2482.6
10452.6 -2482.6
10453.3 -2465.17
10453.3 -2465.17
10453.3 -2465.17
10453.3 -2465.17
10453.3 -2465.17
10453.3 -2465.17
10453.3 -2465.17
10453.3 -2465.17
10453.3 -2465.17
10453.3 -2465.17
10453.3 -2465.17
10454.2 -2468.04
10455.8 -2473.03
10458.3 -2480.09
10461.7 -2489.22
10412.2 -2505.33
10413.5 -2508.84
10413.8 -2509.54
10413.8 -2509.54
10413.8 -2509.54
10413.8 -2509.54
10413.8 -2509.54
10413.8 -2509.54
10413.8 -2509.54
10413.8 -2509.54
10413.8 -2509.54
10413.8 -2509.54
10413.8 -2509.54
10413.3 -2508.16
10413.3 -2508.16
10413.3 -2508.16
10413.3 -2508.16
10413.3 -2508.16
10413.3 -2508.16
10413.3 -2508.16
10413.3 -2508.16
10413.3 -2508.16
10413.3 -2508.16
10413.3 -2508.16
10413.3 -2508.16
10413.3 -2508.16
10413.3 -2508.16
10413.3 -2508.16
10413.3 -2508.16
10413.3 -2508.16
10413.3 -2508.16
10413.3 -2508.16
10413.3 -2508.16
10413.3 -2508.16
10413.3 -2508.16
10413.3 -2508.16
10413.3 -2508.16
10413.3 -2508.16
10413.3 -2508.16
10413.3 -2508.16
10410 -2509.56
10410 -2509.56
10410 -2509.56
10410 -2509.56
10410 -2509.56
10410 -2509.56
10410 -2509.56
10410 -2509.56
10410 -2509.56
10410 -2509.56
10410 -2509.56
10410 -2509.56
10410 -2509.56
10414.9 -2503.25
10414.9 -2503.25
10421.1 -2495.38
10421.1 -2495.38
10424.2 -2491.44
10427.2 -2487.5
10430.3 -2483.57
10433.4 -2479.63
10442.3 -2469.12
10445.4 -2465.2
10451.6 -2457.37
10451.6 -2457.37
10454.7 -2453.45
10457.8 -2449.53
10460.9 -2445.61
10464 -2441.7
10470.2 -2433.86
10473.3 -2429.94
10473.3 -2429.94
10474.6 -2428.38
10474.6 -2428.38
10474.6 -2428.38
10474.6 -2428.38
10474.6 -2428.38
10474.6 -2428.38
10474.6 -2428.38
10474.6 -2428.38
10474.6 -2428.38
10474.6 -2428.38
10474.6 -2428.38
10474.6 -2428.38
10474.6 -2428.38
10474.6 -2428.38
10474.6 -2428.38
10474.6 -2428.38
10474.6 -2428.38
10474.6 -2428.38
10474.6 -2428.38
10474.6 -2428.38
10474.6 -2428.38
10479.5 -2422.05
10479.5 -2422.05
10485.6 -2414.14
10485.6 -2414.14
10536.3 -2409.8
10536.3 -2409.8
10537.5 -2408.2
10537.5 -2408.2
10537.5 -2408.2
10537.5 -2408.2
10537.5 -2408.2
10537.5 -2408.2
10537.5 -2408.2
10537.5 -2408.2
10537.5 -2408.2
10537.5 -2408.2
10537.5 -2408.2
10537.5 -2408.2
10537.5 -2408.2
10537.5 -2408.2
10537.5 -2408.2
10537.5 -2408.2
10537.5 -2408.2
10537.5 -2408.2
10537.5 -2408.2
10530.1 -2412.19
10530.1 -2412.19
10530.1 -2412.19
10530.1 -2412.19
10530.1 -2412.19
10530.1 -2412.19
10530.1 -2412.19
10530.1 -2412.19
10530.1 -2412.19
10530.1 -2412.19
10530.1 -2412.19
10530.1 -2412.19
10530.1 -2412.19
10530.1 -2412.19
10530.1 -2412.19
10530.1 -2412.19
10530.1 -2412.19
10530.1 -2412.19
10530.1 -2412.19
10530.1 -2412.19
10530.1 -2412.19
10530.1 -2412.19
10530.1 -2412.19
10530.1 -2412.19
10530.1 -2412.19
10530.1 -2412.19
10530.1 -2412.19
10530.1 -2412.19
10530.1 -2412.19
10529.8 -2415.17
10529.3 -2421.15
10528.7 -2429.38
10528.5 -2434.62
10528.4 -2436.87
10528.4 -2436.87
10528.4 -2436.87
10528.4 -2436.87
10528.4 -2436.87
10528.4 -2436.87
10528.4 -2436.87
10528.4 -2436.87
10528.4 -2436.87
10528.4 -2436.87
10528.4 -2436.87
10528.4 -2436.87
10528.4 -2436.87
10528.4 -2436.87
10487 -2435.15
10487 -2435.15
10487 -2435.15
10487 -2435.15
10487 -2435.15
10487 -2435.15
10487 -2435.15
10487 -2435.15
10487 -2435.15
10487 -2435.15
10487 -2435.15
10487 -2435.15
10487 -2435.15
10487 -2435.15
10487 -2435.15
10487.1 -2432.16
10487.2 -2427.16
10487.4 -2422.16
10487.5 -2417.16
10487.6 -2412.16
10487.8 -2407.17
10487.8 -2405.17
10487.8 -2405.17
10487.8 -2405.17
10487.8 -2405.17
10487.8 -2405.17
10487.8 -2405.17
10487.8 -2405.17
10487.8 -2405.17
10487.8 -2405.17
10487.8 -2405.17
10487.8 -2405.17
10487.8 -2405.17
10487.8 -2405.17
10487.8 -2405.17
10487.8 -2405.17
10487.8 -2405.17
10487.8 -2405.17
10487.8 -2405.17
10487.8 -2405.17
10487.8 -2405.17
10481.2 -2411.81
10481.2 -2411.81
10481.2 -2411.81
10481.2 -2411.81
10481.2 -2411.81
10481.2 -2411.81
10481.2 -2411.81
10481.2 -2411.81
10481.2 -2411.81
10481.2 -2411.81
10481.2 -2411.81
10481.2 -2411.81
10481.2 -2411.81
10481.2 -2411.81
10481.2 -2411.81
10481.2 -2411.81
10486.9 -2408.32
10486.9 -2408.32
10486.9 -2408.32
10486.9 -2408.32
10486.9 -2408.32
10486.9 -2408.32
10486.9 -2408.32
10486.9 -2408.32
10486.9 -2408.32
10486.9 -2408.32
10486.9 -2408.32
10486.9 -2408.32
10486.9 -2408.32
10486.9 -2408.32
10475.1 -2409.39
10475.1 -2409.39
10475.1 -2409.39
10475.1 -2409.39
10475.1 -2409.39
10475.1 -2409.39
10475.1 -2409.39
10475.1 -2409.39
10475.1 -2409.39
10475.1 -2409.39
10477.7 -2407.88
10481.5 -2405.52
10487.2 -2401.83
10492.7 -2397.89
10497.9 -2393.68
10501.8 -2390.19
10567.5 -2383.59
10571 -2379.67
10576.1 -2373.19
10580.8 -2366.41
10584.3 -2360.64
10587.5 -2354.67
10591.5 -2345.81
10596 -2334.66
10599.7 -2323.27
10603.2 -2310.21
10607.4 -2285.08
10608.4 -2273.12
10608.9 -2258.13
10628.4 -2244.98
10628.4 -2244.98
10627.1 -2225.52
10624.8 -2206.16
10621.5 -2186.94
10617.2 -2167.92
10611.9 -2149.15
10605.7 -2130.69
10590.9 -2096.23
10590.9 -2096.23
10584 -2082.89
10576.6 -2069.87
10567 -2054.64
10555 -2037.39
10541.9 -2020.08
10528 -2003.35
10513.3 -1987.25
10499.1 -1972.87
10426.2 -1945.22
10410.8 -1932.04
10394.9 -1919.55
10380.9 -1909.51
10366.4 -1900.1
10351.6 -1891.32
10336.4 -1883.06
10321 -1875.34
10305.3 -1868.16
10289.4 -1861.54
10273.2 -1855.47
10258.3 -1850.45
10243.9 -1846.17
10229.4 -1842.39
10214.8 -1839.12
10200 -1836.37
10185.2 -1834.13
10155.5 -1849.36
10128.5 -1847.7
10128.5 -1847.7
10116.5 -1847.43
10104.5 -1847.47
10091 -1847.88
10064.1 -1849.74
10050.7 -1851.09
10038.7 -1852.49
10038.7 -1852.49
10026.9 -1854.1
10015 -1855.92
10003.2 -1857.94
9979.62 -1862.61
9979.62 -1862.61
9967.91 -1865.25
9988.16 -1866.42
9988.16 -1866.42
9978.06 -1869.32
9966.59 -1872.83
9955.17 -1876.53
9943.83 -1880.44
9932.55 -1884.55
9921.35 -1888.85
9910.22 -1893.34
9899.18 -1898.03
9889.59 -1902.3
9880.07 -1906.74
9870.63 -1911.35
9861.28 -1916.11
9851.96 -1920.96
9833.51 -1930.98
9833.51 -1930.98
9830.48 -1932.83
9812.59 -1943.81
9803.78 -1949.54
9795.08 -1955.42
9795.08 -1955.42
9786.49 -1961.45
9778 -1967.63
9769.62 -1973.95
9761.35 -1980.42
9753.19 -1987.04
9745.15 -1993.79
9737.23 -2000.69
9729.44 -2007.72
9721.76 -2014.88
9714.22 -2022.18
9706.8 -2029.61
9692.35 -2044.86
9692.35 -2044.86
9685.33 -2052.67
9678.38 -2060.54
9671.5 -2068.47
9664.69 -2076.45
9657.94 -2084.5
9643.63 -2102.89
9643.63 -2102.89
9637.1 -2111.11
9630.64 -2119.4
9618.85 -2134.93
9618.85 -2134.93
9608.42 -2149.59
9608.42 -2149.59
9603.33 -2157.01
9598.3 -2164.48
9588.45 -2179.54
9582.82 -2188.4
9582.82 -2188.4
9572.57 -2204.99
9572.57 -2204.99
9567.94 -2212.71
9563.38 -2220.47
9558.89 -2228.27
9554.46 -2236.11
9550.11 -2243.99
9545.82 -2251.9
9541.61 -2259.85
9537.46 -2267.84
9533.38 -2275.86
9529.37 -2283.92
9525.44 -2292.01
9518.41 -2306.94
9515.31 -2313.77
9512.26 -2320.62
9512.26 -2320.62
9509.28 -2327.51
9506.36 -2334.41
9503.49 -2341.34
9500.69 -2348.3
9497.95 -2355.28
9493.06 -2355.61
9490.46 -2362.64
9485.44 -2376.78
9485.44 -2376.78
9483.03 -2383.88
9480.68 -2391
9476.16 -2405.31
9476.16 -2405.31
9473.99 -2412.49
9471.89 -2419.69
9468.27 -2432.69
9466.74 -2438.49
9466.74 -2438.49
9465.26 -2444.31
9463.83 -2450.14
9461.13 -2461.83
9461.13 -2461.83
9458.63 -2473.56
9458.63 -2473.56
9457.45 -2479.45
9456.33 -2485.34
9455.26 -2491.25
9454.24 -2497.16
9453.27 -2503.08
9452.36 -2509.01
9451.49 -2514.95
9450.68 -2520.89
9449.92 -2526.84
9449.21 -2532.8
9448.56 -2538.77
9447.95 -2544.74
9447.03 -2555.19
9447.03 -2555.19
9446.69 -2559.68
9446.39 -2564.17
9446.14 -2568.66
9445.74 -2577.66
9445.74 -2577.66
9445.6 -2582.15
9445.5 -2586.65
9445.44 -2591.15
9445.42 -2595.65
9445.43 -2600.15
9445.59 -2609.15
9445.59 -2609.15
9445.72 -2613.65
9445.86 -2618.15
9446.13 -2627.14
9446.13 -2627.14
9446.3 -2631.64
9438.27 -2636.9
9438.53 -2641.4
9438.73 -2644.39
9438.94 -2647.38
9439.34 -2653.37
9439.34 -2653.37
9439.54 -2656.36
9439.74 -2659.36
9439.95 -2662.35
9440.35 -2668.33
9440.35 -2668.33
9440.55 -2671.33
9440.75 -2674.32
9441.16 -2680.31
9441.36 -2683.3
9441.56 -2686.29
9441.56 -2686.29
9441.76 -2689.29
9441.99 -2692.28
9442.25 -2695.27
9442.53 -2698.25
9442.83 -2701.24
9443.14 -2704.22
9443.78 -2710.19
9443.78 -2710.19
9444.52 -2716.14
9444.52 -2716.14
9445.37 -2722.08
9445.37 -2722.08
9445.83 -2725.05
9446.32 -2728.01
9446.8 -2730.97
9447.29 -2733.93
9447.78 -2736.89
9448.27 -2739.85
9448.75 -2742.81
9449.24 -2745.77
9450.22 -2751.69
9450.22 -2751.69
9450.71 -2754.65
9451.19 -2757.61
9452.17 -2763.53
9452.17 -2763.53
9452.66 -2766.49
9453.63 -2772.41
9453.63 -2772.41
9454.12 -2775.37
9455.1 -2781.29
9455.1 -2781.29
9456.07 -2787.21
9456.56 -2790.17
9456.56 -2790.17
9457.05 -2793.13
9457.56 -2796.08
9458.1 -2799.04
9458.64 -2801.99
9459.75 -2807.88
9459.75 -2807.88
9460.34 -2810.83
9460.95 -2813.76
9461.59 -2816.69
9462.96 -2822.54
9462.96 -2822.54
9463.65 -2825.45
9464.34 -2828.37
9465.04 -2831.29
9465.73 -2834.21
9466.42 -2837.13
9467.11 -2840.05
9467.81 -2842.97
9468.5 -2845.89
9469.19 -2848.8
9469.54 -2850.26
9469.89 -2851.72
9470.23 -2853.18
9470.58 -2854.64
9471.27 -2857.56
9471.27 -2857.56
9471.62 -2859.02
9472.31 -2861.94
9472.31 -2861.94
9472.66 -2863.4
9473.35 -2866.32
9473.35 -2866.32
9473.7 -2867.78
9474.39 -2870.7
9474.74 -2872.16
9474.74 -2872.16
9475.09 -2873.61
9475.43 -2875.07
9476.13 -2877.99
9476.13 -2877.99
9476.47 -2879.45
9476.82 -2880.91
9477.51 -2883.83
9477.51 -2883.83
9478.21 -2886.75
9478.21 -2886.75
9478.55 -2888.21
9478.9 -2889.67
9479.59 -2892.59
9479.94 -2894.05
9480.28 -2895.51
9480.63 -2896.97
9480.63 -2896.97
9480.98 -2898.42
9481.32 -2899.88
9481.67 -2901.34
9482.02 -2902.8
9482.71 -2905.72
9482.71 -2905.72
9483.06 -2907.18
9483.4 -2908.64
9484.1 -2911.56
9484.1 -2911.56
9484.44 -2913.02
9485.97 -2919.59
9485.97 -2919.59
9486.91 -2924
9486.91 -2924
9487.04 -2924.73
9487.43 -2926.95
9487.8 -2929.17
9488.17 -2931.39
9488.53 -2933.61
9488.87 -2935.83
9489.21 -2938.06
9489.54 -2940.28
9489.85 -2942.51
9490.46 -2946.97
9490.46 -2946.97
9490.75 -2949.2
9491.03 -2951.43
9491.55 -2955.9
9491.55 -2955.9
9492.04 -2960.38
9492.04 -2960.38
9492.27 -2962.61
9492.49 -2964.85
9492.7 -2967.09
9492.9 -2969.34
9493.09 -2971.58
9493.27 -2973.82
9493.45 -2976.06
9493.76 -2980.55
9493.76 -2980.55
9493.9 -2982.8
9494.03 -2985.04
9494.24 -2988.79
9494.42 -2992.53
9494.59 -2996.28
9494.75 -3000.03
9494.89 -3003.77
9495.11 -3011.27
9495.11 -3011.27
9495.2 -3015.02
9498.48 -3021.6
9498.52 -3025.35
9498.52 -3025.35
9498.53 -3027.6
9498.53 -3029.85
9498.51 -3034.35
9498.51 -3034.35
9498.44 -3038.85
9498.44 -3038.85
9498.4 -3041.1
9498.34 -3043.35
9498.2 -3047.85
9498.12 -3050.09
9498.02 -3052.34
9498.02 -3052.34
9497.92 -3054.59
9497.8 -3056.84
9497.68 -3059.08
9497.54 -3061.33
9497.4 -3063.58
9497.24 -3065.82
9497.08 -3068.06
9496.79 -3071.8
9496.16 -3079.28
9496.16 -3079.28
9495.82 -3083.01
9495.47 -3086.74
9494.71 -3094.21
9494.71 -3094.21
9494.31 -3097.93
9494.06 -3100.17
9493.79 -3102.41
9493.52 -3104.64
9493.24 -3106.87
9492.95 -3109.1
9492.65 -3111.33
9492.34 -3113.56
9491.69 -3118.01
9491.69 -3118.01
9491.35 -3120.24
9491 -3122.46
9490.64 -3124.68
9490.28 -3126.9
9489.64 -3130.6
9489 -3134.29
9488.34 -3137.98
9486.96 -3145.36
9486.96 -3145.36
9486.25 -3149.04
9485.82 -3151.25
9485.37 -3153.45
9484.91 -3155.65
9484.45 -3157.86
9483.49 -3162.25
9483 -3164.45
9483 -3164.45
9482.49 -3166.64
9481.64 -3170.29
9480.77 -3173.94
9479.88 -3177.58
9478.06 -3184.86
9478.06 -3184.86
9477.13 -3188.49
9474.82 -3197.19
9474.82 -3197.19
9474.82 -3197.19
9474.82 -3197.19
9474.25 -3199.37
9473.52 -3202.28
9472.76 -3205.18
9471.97 -3208.07
9470.01 -3215.31
9470.01 -3215.31
9468.83 -3219.65
9466.48 -3228.34
9466.48 -3228.34
9463.73 -3238.47
9463.73 -3238.47
9462.16 -3244.27
9460.59 -3250.06
9459.02 -3255.85
9457.45 -3261.64
9455.87 -3267.43
9454.3 -3273.22
9451.16 -3284.8
9451.16 -3284.8
9449.59 -3290.59
9445.67 -3305.07
9445.67 -3305.07
9443.31 -3313.75
9440.95 -3322.44
9438.6 -3331.13
9436.7 -3338.38
9432.73 -3354.4
9432.73 -3354.4
9430.43 -3363.87
9427.94 -3374.07
9425.46 -3384.28
9422.98 -3394.48
9420.5 -3404.68
9418.01 -3414.88
9415.89 -3423.63
9411.28 -3442.58
9411.28 -3442.58
9408.62 -3453.51
9405.96 -3464.44
9400.64 -3486.3
9400.64 -3486.3
9397.98 -3497.23
9395.32 -3508.16
9389.29 -3532.94
9389.29 -3532.94
9385.92 -3546.79
9378.12 -3578.85
9378.12 -3578.85
9373.68 -3597.07
9369.25 -3615.29
9365.17 -3632.05
9357.03 -3664.54
9352.66 -3684.31
9348.3 -3704.86
9343.95 -3725.4
9339.6 -3745.94
9334.93 -3767.95
9330.31 -3790.74
9325.89 -3813.57
9321.94 -3834.95
9317.99 -3856.34
9314.04 -3877.73
9310.09 -3899.12
9306.13 -3920.51
9302.37 -3941.93
9298.79 -3963.38
9295.4 -3984.87
9292.02 -4006.35
9288.63 -4027.84
9285.24 -4049.32
9281.85 -4070.8
9278.65 -4092.32
9275.63 -4113.86
9272.81 -4135.42
9269.98 -4156.99
9267.15 -4178.55
9264.33 -4200.12
9261.5 -4221.69
9258.68 -4243.25
9256.04 -4264.84
9242.38 -4307.83
9239.59 -4329.4
9236.98 -4351
9234.57 -4372.61
9229.82 -4418.87
9229.82 -4418.87
9227.59 -4440.51
9225.37 -4462.14
9223.14 -4483.78
9219.18 -4524.08
9219.18 -4524.08
9217.33 -4545.75
9215.67 -4567.44
9214.21 -4589.14
9212.93 -4610.85
9211.84 -4632.58
9210.94 -4654.31
9210.23 -4676.05
9209.71 -4697.79
9209.38 -4719.54
9209.24 -4741.29
9209.29 -4763.04
9209.53 -4784.79
9210.53 -4826.77
9210.53 -4826.77
9211.26 -4846.26
9212.71 -4885.23
9212.71 -4885.23
9214.16 -4924.21
9214.16 -4924.21
9214.88 -4943.69
9215.5 -4960.18
9216.25 -4976.66
9217.16 -4993.14
9218.3 -5011.1
9219.59 -5029.06
9221.05 -5047
9222.79 -5066.42
9224.53 -5085.84
9226.28 -5105.26
9229.5 -5141.12
9231.11 -5159.05
9232.71 -5176.97
9232.71 -5176.97
9234.06 -5191.91
9235.53 -5206.84
9237.13 -5221.76
9219.33 -5240.62
9219.33 -5240.62
9221.26 -5255.49
9223.32 -5270.35
9227.82 -5300.01
9227.82 -5300.01
9230.03 -5313.33
9232.34 -5326.63
9234.78 -5339.91
9237.33 -5353.16
9242.78 -5379.61
9242.78 -5379.61
9245.67 -5392.79
9251.13 -5416.17
9254.37 -5429.27
9257.61 -5442.38
9260.85 -5455.48
9260.85 -5455.48
9264.09 -5468.59
9267.33 -5481.69
9270.57 -5494.8
9273.45 -5506.45
9276.33 -5518.1
9279.21 -5529.75
9282.09 -5541.39
9284.25 -5550.13
9291.33 -5559.59
9294.01 -5569.74
9296.78 -5579.87
9299.23 -5588.53
9301.76 -5597.17
9304.36 -5605.78
9309.78 -5622.95
9309.78 -5622.95
9313.08 -5632.92
9316.37 -5642.89
9319.67 -5652.86
9322.96 -5662.83
9328.61 -5679.92
9328.61 -5679.92
9333.5 -5694.1
9333.5 -5694.1
9336.04 -5701.15
9339.16 -5709.59
9345.92 -5727.88
9345.92 -5727.88
9349.3 -5737.03
9352.69 -5746.17
9356.07 -5755.32
9359.45 -5764.46
9362.83 -5773.61
9365.69 -5781.35
9368.62 -5789.06
9372.16 -5798.15
9375.7 -5807.23
9382.23 -5824
9382.23 -5824
9385.3 -5831.66
9388.42 -5839.3
9394.68 -5854.56
9394.68 -5854.56
9401.01 -5869.8
9401.01 -5869.8
9407.6 -5884.93
9407.6 -5884.93
9410.99 -5892.45
9414.45 -5899.94
9421.56 -5914.83
9421.56 -5914.83
9425.22 -5922.22
9428.26 -5928.25
9431.35 -5934.25
9437.7 -5946.16
9437.7 -5946.16
9440.95 -5952.08
9444.25 -5957.97
9447.56 -5963.85
9448.19 -5972.81
9454.97 -5984.49
9454.97 -5984.49
9458.38 -5990.31
9461.79 -5996.14
9465.25 -6001.93
9468.76 -6007.7
9471.53 -6012.16
9474.34 -6016.59
9477.19 -6021
