18933.7 -343.006
18978.3 -339.132
19043.6 -352.75
19089.1 -347.969
19135.2 -342.902
19181.8 -337.551
19228.9 -331.919
19296.8 -342.275
19345.1 -335.796
19414.2 -344.735
19463.8 -337.435
19520.1 -334.464
19578.1 -331.773
19650.9 -338.8
19711.9 -336.106
19774.7 -333.671
19851 -339.357
19917.2 -336.899
19985.5 -334.678
20065.7 -339.041
20137.8 -336.774
20212.2 -334.725
20297.1 -337.777
20375.8 -335.66
20443.8 -325.896
20527.2 -323.938
20633.7 -333.486
20707.6 -323.131
20799.3 -321.251
20897.6 -321.203
20995.3 -319.204
21098.2 -318.146
21202.6 -316.015
21330.9 -323.696
21422.5 -311.673
21556.8 -317.917
21676.6 -315.261
21801.5 -312.725
21946.6 -316.817
22075.1 -311.317
22214.4 -308.075
22380 -312.984
22402 -258.849
22399.3 -195.29
22412 -137.918
22403.6 -73.0377
22398.8 -10.0061
22393.2 52.8347
22392.6 113.525
22391.5 174.058
22390.8 234.067
22390.2 293.737
22389.5 353.081
22489.2 383.642
22669.1 393.78
22929.2 385.755
23149.1 392.571
23940.8 262.343
23957.2 330.297
23973.1 398.391
23988.3 466.62
24002.9 534.98
24017 603.465
24030.4 672.071
24043.3 740.791
24055.5 809.621
24067.1 878.555
24078.2 947.59
24088.6 1016.72
24098.4 1085.93
24107.7 1155.23
22377.8 1432.82
22377.2 1487.83
22376.6 1542.73
22376 1597.51
22375.4 1652.19
22374.9 1706.79
22374.3 1761.3
22373.7 1815.74
22373.1 1870.11
22372.5 1924.42
22371.9 1978.69
22371.3 2032.91
22370.7 2087.11
22370.1 2141.27
22369.6 2195.43
22369 2249.58
22368.4 2303.72
22367.8 2357.88
22367.2 2412.05
22366.6 2466.25
22366 2520.49
22365.4 2574.76
22364.9 2629.09
22364.3 2683.48
22363.7 2737.93
22363.1 2792.46
22362.5 2847.08
22361.9 2901.78
22361.3 2956.59
22360.7 3011.51
22360.1 3066.55
22359.5 3121.72
22358.9 3177.03
22358.3 3232.47
22357.7 3288.08
22357.1 3343.85
22356.5 3399.79
22355.9 3455.92
22355.3 3512.23
22354.7 3568.75
22354.1 3625.48
22353.4 3682.44
22352.8 3739.62
22352.2 3797.05
22351.6 3854.73
22350.9 3912.67
22350.3 3970.89
22349.7 4029.39
22349 4088.18
22348.4 4147.28
22347.8 4206.7
22347.1 4266.45
22346.5 4326.55
22345.8 4386.99
22345.1 4447.81
22344.5 4509
22343.8 4570.58
22343.1 4632.58
22342.5 4694.98
22341.8 4757.83
22341.1 4821.12
22340.4 4884.87
22339.7 4949.1
22339 5013.82
22338.3 5079.05
22337.6 5144.81
22336.9 5211.1
22336.1 5277.95
22335.4 5345.38
21482.6 4965.7
21369.8 4964.65
21260.1 4963.29
21156.5 4963.46
21053.2 4961.91
20992.2 4983.2
20953.5 5016.89
20857.5 5015.52
20770.5 5018.03
20679.4 5016.48
20590.4 5014.59
20503.3 5012.37
20417.9 5009.79
20344.2 5013.56
20262.8 5010.79
20198.8 5018.86
20118.9 5014.39
20058.8 5023.02
19978.9 5015.9
19918.8 5022.36
19918.2 5073.91
19917.7 5126.15
19917.1 5179.09
19916.5 5232.77
19915.9 5287.2
19915.3 5342.41
21319.5 6608.29
21214.6 6595.29
21131.6 6599.76
21053.1 6606.9
20981.5 6619.18
20822.3 6547.98
20742.3 6548.6
20662.3 6547.84
20582.3 6545.67
20502.3 6542.07
20439.6 6554.71
20391.2 6581.32
20394.6 6662.81
20395.3 6742.82
20394.5 6822.82
20176.1 6660.44
20105.5 6659.67
20036.1 6658.92
19967.7 6658.18
19900.3 6657.45
19834 6656.73
19768.6 6656.02
19704.1 6655.32
19640.5 6654.64
19577.8 6653.96
19576.2 6733.94
19573.2 6813.91
19554.3 6873.71
19491.9 6873.04
19430.3 6872.37
19369.4 6871.71
19080.5 6528.56
19025.4 6527.96
18971 6527.37
18917.2 6526.79
18863.9 6526.21
18811.3 6525.64
18764.9 6534.5
18711.8 6531.45
18664.6 6537.56
18630.1 6565.83
18594.2 6591.77
18540.5 6584.93
18499.4 6600.6
18448.1 6596.51
18391.7 6581.1
18343.4 6580.57
18295.5 6580.05
18248.1 6579.54
18201 6579.03
18154.3 6578.53
18108 6578.02
18062.1 6577.53
18016.5 6577.03
17971.2 6576.54
17926.3 6576.05
17881.7 6575.57
17837.5 6575.09
17793.5 6574.61
17749.8 6574.14
17706.4 6573.67
17663.3 6573.2
17620.4 6572.74
17577.8 6572.28
17535.4 6571.82
17493.3 6571.36
17451.4 6570.91
17409.7 6570.45
17368.2 6570.01
17327 6569.56
17285.9 6569.11
17245 6568.67
17204.3 6568.23
17163.8 6567.79
17123.5 6567.35
17083.3 6566.92
17043.3 6566.48
17003.4 6566.05
16963.6 6565.62
16924 6565.19
16884.5 6564.76
16835.9 6504.23
16797.2 6503.81
16766.7 6563.49
16727.7 6563.06
16688.7 6562.64
16649.9 6562.22
16611.1 6561.8
16572.3 6561.38
16534.9 6575.68
16495.8 6569.78
16456.6 6560.13
16418.1 6559.71
16379.7 6559.29
16341.3 6558.88
16302.9 6558.46
16264.6 6558.05
16226.3 6557.63
16188 6557.22
16149.7 6556.8
16111.4 6556.39
16073.2 6555.97
16034.9 6555.56
15996.6 6555.14
15958.2 6554.73
15919.9 6554.31
15881.5 6553.89
15843.1 6553.48
15803.1 6570.57
15829.3 5873.29
15802.7 5813.71
15770.7 5812.65
15649.7 6555.82
15609.5 6566.07
15572.6 6550.55
15533.3 6552.45
15492.8 6561.62
15455.3 6550.54
15416.3 6548.85
15376.9 6548.43
15335.4 6559.1
15310.5 6484.7
15277.5 6454.99
15239.6 6449.4
15191.7 6487.36
15314.4 5801.63
15318.3 5649.71
15319.1 5520.05
15327 5372.52
15325.7 5267.8
15324.6 5169.03
15325.6 5068.89
15328 4969.99
15321.4 4905.46
15332 4790.81
15331.2 4716.85
15331.5 4643.64
15332.5 4572.08
15334.2 4501.85
15329.6 4452.07
15333.3 4382.83
15335.2 4321.11
15332.4 4274
15330.3 4227.21
15337.2 4160.81
15340 4106.86
15339.7 4062.05
15340.1 4017.44
15341.2 3973.02
15335.2 3945.25
15337.1 3902.14
15339.7 3859.16
15343.3 3815.69
15336.5 3793.7
15340.6 3751.88
15345.5 3710.14
15338.6 3691.07
15344.2 3650.22
15339.2 3629.28
15346.9 3587.09
15342.2 3567.04
15350 3527.12
15346.1 3507.08
15342.6 3487.04
15352.2 3447.14
15349.6 3427.11
15347.3 3407.08
15345.3 3387.06
15357.4 3347.19
15342.2 3347.03
15355.6 3307.17
15355.1 3287.16
15355.1 3267.16
15355.3 3247.16
15356 3227.17
15356.9 3207.18
15358.3 3187.19
15343.7 3187.03
15362.1 3147.23
15347.7 3147.07
15350.3 3127.1
15353.2 3107.13
15356.5 3087.17
15360.3 3067.21
15346 3067.05
15350.3 3047.1
15354.9 3027.15
15360 3007.2
15345.8 3007.05
15351.4 2987.1
15344.3 2979.97
15344.4 2965.89
15344.6 2952.04
15344.7 2938.42
15344.9 2925.02
15345 2911.84
15345.2 2898.87
15345.3 2886.09
15345.4 2873.51
15345.6 2861.12
15345.7 2848.91
15345.8 2836.88
15346 2825.02
15346.1 2813.32
15346.2 2801.78
15346.3 2790.4
15346.5 2779.17
15346.6 2768.08
15346.7 2757.14
15346.8 2746.33
15346.9 2735.65
15347.1 2725.11
15347.2 2714.68
15347.3 2704.38
15347.4 2694.2
15347.5 2684.13
15347.6 2674.17
15347.7 2664.31
15347.8 2654.56
15347.9 2644.92
15348 2635.37
15348.1 2625.91
15348.2 2616.55
15348.3 2607.27
15348.4 2598.08
15348.5 2588.98
15348.6 2579.96
15348.7 2571.02
15348.8 2562.15
15348.9 2553.36
15349 2544.64
15349.1 2535.99
15349.2 2527.41
15349.3 2518.89
15349.4 2510.44
15349.5 2502.04
15349.6 2493.71
15349.6 2485.44
15349.7 2477.22
15349.8 2469.06
15349.9 2460.95
15350 2452.88
15350.1 2444.87
15350.2 2436.91
15350.3 2428.99
15350.3 2421.11
15350.4 2413.28
15350.5 2405.49
15350.6 2397.74
15350.7 2390.03
15350.8 2382.35
15350.9 2374.71
15350.9 2367.1
15351 2359.52
15351.1 2351.98
15351.2 2344.46
15351.3 2336.98
15351.3 2329.52
15351.4 2322.08
15351.5 2314.67
15351.6 2307.29
15351.7 2299.92
15351.7 2292.58
15351.8 2285.26
15351.9 2277.95
15352 2270.66
15352.1 2263.39
15352.1 2256.13
15352.2 2248.89
15352.3 2241.66
15352.4 2234.44
15352.4 2227.23
15352.5 2220.03
15352.6 2212.84
15352.7 2205.66
15352.8 2198.48
15352.8 2191.3
15352.9 2184.13
15353 2176.97
15353.1 2169.8
15353.1 2162.64
15353.2 2155.47
15353.3 2148.3
15353.4 2141.13
15353.5 2133.96
15353.5 2126.78
15353.6 2119.59
15353.7 2112.4
15353.8 2105.2
15353.8 2097.98
15353.9 2090.76
15354 2083.53
15354.1 2076.28
15354.2 2069.02
15354.2 2061.75
15354.3 2054.46
15354.4 2047.15
15354.5 2039.82
15354.6 2032.47
15354.6 2025.1
15354.7 2017.71
15354.8 2010.29
15354.9 2002.85
15355 1995.39
15355 1987.89
15355.1 1980.37
15355.2 1972.82
15355.3 1965.24
15355.4 1957.62
15355.5 1949.97
15355.5 1942.28
15355.6 1934.56
15355.7 1926.8
15355.8 1919
15355.9 1911.16
15356 1903.27
15356 1895.34
15356.1 1887.37
15356.2 1879.34
15356.3 1871.27
15356.4 1863.15
15356.5 1854.97
15356.6 1846.74
15356.7 1838.45
15356.8 1830.11
15356.8 1821.7
15356.9 1813.23
15357 1804.7
15357.1 1796.1
15357.2 1787.44
15357.3 1778.7
15357.4 1769.89
15357.5 1761
15357.6 1752.04
15357.7 1743
15357.8 1733.88
15357.9 1724.67
15358 1715.37
15358.1 1705.99
15358.2 1696.51
15358.3 1686.94
15358.4 1677.27
15358.5 1667.49
15358.6 1657.61
15358.7 1647.63
15358.8 1637.53
15358.9 1627.32
15359.1 1616.99
15359.2 1606.54
15359.3 1595.96
15359.4 1585.25
15359.5 1574.41
15359.6 1563.43
15359.8 1552.31
15359.9 1541.04
15360 1529.63
15360.1 1518.05
15360.3 1506.31
15360.4 1494.41
15360.5 1482.34
15360.7 1470.08
15360.8 1457.65
15360.9 1445.02
15361.1 1432.2
15361.2 1419.18
15361.3 1405.95
15361.5 1392.5
15361.6 1378.83
15361.8 1364.92
15361.9 1350.78
15372.6 1347.24
15367.4 1327.18
15362.7 1307.13
15376.9 1307.28
15372.7 1287.24
15369 1267.19
15365.6 1247.16
15379.9 1247.31
15377 1227.28
14825.5 541.262
14849.5 541.523
14873.2 541.78
14896.6 542.032
14919.6 542.282
14942.3 542.528
14964.7 542.771
14986.9 543.011
15008.7 543.247
15030.2 543.481
15051.5 543.711
15072.6 543.94
15093.3 544.165
15113.9 544.387
15134.2 544.607
15154.2 544.824
15174.1 545.039
15193.7 545.252
15213.1 545.463
15232.3 545.67
15251.3 545.876
15270.1 546.081
15288.8 546.282
15307.2 546.483
15325.5 546.68
15323.1 506.653
15331.5 486.742
15349.9 486.942
15368.2 487.14
15377 467.234
15376.9 427.23
15395.3 427.43
15413.7 427.629
15431.8 427.826
15449.9 428.021
15467.8 428.215
15485.6 428.408
15503.2 428.599
15520.7 428.789
15537.1 426.026
15553.8 424.497
15570.4 422.883
15587.6 423.403
15603.5 419.916
15619.2 416.233
15640.1 429.308
15654.9 423.205
15673.4 429.637
15687.3 420.548
15706.6 430.939
15721.7 426.457
15734.6 412.776
15752.2 418.188
15768.8 419.75
15784.9 419.602
15800.6 417.861
15815.6 412.819
15831.6 412.993
15847.6 413.166
15863.6 413.339
15879.4 413.511
15895.3 413.683
15911.1 413.854
15926.8 414.025
15942.5 414.195
15958.2 414.364
15973.8 414.534
15989.4 414.703
16004.9 414.871
16020.5 415.04
16036 415.208
16051.5 415.375
16066.9 415.543
16082.4 415.71
16097.8 415.877
16113.2 416.045
16128.6 416.211
16144 416.378
16159.4 416.545
16174.7 416.711
16223.7 -3042.96
16269.3 -3042.47
16314.9 -3041.97
16360.5 -3041.48
16406.1 -3040.98
16451.8 -3040.49
16497.5 -3039.99
16543.3 -3039.5
16589.1 -3039
16634.9 -3038.5
16680.8 -3038.01
16726.8 -3037.51
16772.9 -3037.01
16819 -3036.51
16865.3 -3036.01
16911.6 -3035.51
16958 -3035
17004.6 -3034.5
17051.3 -3033.99
17044.9 -2734.04
17070.5 -2633.76
17114 -2633.29
17178 -2732.6
17192.8 -2592.43
17236.4 -2591.96
17029.9 -1514.13
17030.2 -1374.12
17028 -1234.14
17023.3 -1094.18
17037.7 -1034.02
17023.3 -874.169
17017.5 -754.224
17027.4 -694.113
17018 -574.209
17031.6 -534.059
17018.6 -414.193
17030.3 -374.064
17055 -373.796
17080 -373.525
17105.1 -373.253
17130.3 -372.98
17155.7 -372.705
17181.2 -372.428
17207 -372.149
17232.9 -371.868
17259 -371.586
17285.3 -371.3
17311.7 -371.014
17338.4 -370.724
17365.3 -370.433
17392.4 -370.14
17419.7 -369.844
17447.3 -369.545
17475.1 -369.244
17503.1 -368.94
17531.4 -368.633
17559.9 -368.324
17588.7 -368.012
17617.8 -367.697
17647.2 -367.379
17676.8 -367.058
17706.8 -366.733
17737 -366.405
17767.6 -366.073
17798.5 -365.738
17829.8 -365.4
17861.4 -365.057
17893.4 -364.711
17925.7 -364.36
17958.4 -364.006
17991.5 -363.647
18025 -363.284
18059 -362.916
18093.3 -362.543
18128.2 -362.166
18163.4 -361.783
18199.2 -361.396
18235.5 -361.003
18272.2 -360.606
18309.5 -360.201
18347.3 -359.792
18385.7 -359.375
18424.6 -358.953
18464.2 -358.525
18504.4 -358.089
18545.2 -357.647
18586.6 -357.197
18628.8 -356.741
18671.6 -356.276
18715.2 -355.805
18759.5 -355.324
18802.6 -352.801
18845.8 -349.845
18889.5 -346.578
18933.7 -343.007
