-764.091 -7844.66
-702.002 -7905.98
-639.379 -7966.76
-576.227 -8026.99
-512.554 -8086.66
-448.363 -8145.78
-383.658 -8204.33
-318.444 -8262.32
-252.725 -8319.73
-186.509 -8376.57
-119.801 -8432.83
-52.6036 -8488.51
15.0774 -8543.6
83.2378 -8598.09
151.871 -8651.99
220.97 -8705.29
290.532 -8757.98
360.553 -8810.06
431.024 -8861.53
5559.37 -1794.08
5585.01 -1776.66
5605.2 -1766.31
5628.5 -1750.7
5648.18 -1739.76
5655.66 -1747.04
5677.15 -1732.31
5681.96 -1743.59
5696.81 -1738.65
5710.51 -1735.24
5730.67 -1720.46
5746.55 -1712.33
5764.2 -1700.51
5770.01 -1709.48
5782.59 -1706.09
5798.81 -1695.49
5801.93 -1709.54
5819.28 -1695.96
5832.35 -1690.21
5840.48 -1694.21
5853.8 -1687.29
5865.27 -1683.83
5872.52 -1689.36
5887.12 -1678.37
5894.75 -1682.8
5905.54 -1679.8
5914.34 -1681.3
5924.62 -1679.01
5938.13 -1668.23
5946.06 -1671.3
5956.81 -1666.8
5967.46 -1662.19
5976.67 -1661.23
5986.48 -1658.28
5994.33 -1660.93
6005.27 -1653.99
6014.57 -1651.7
6027.01 -1638.8
6033.28 -1645.89
6039.92 -1651.98
6051.96 -1638.73
6059.63 -1640.81
6067.82 -1640.88
6076.95 -1636.99
6087.85 -1625.23
6096.08 -1624.07
6104.26 -1622.83
6111.18 -1627.39
6120.73 -1619.15
6128.61 -1618.66
6134.84 -1626.96
6144.64 -1615.5
6151.45 -1620.72
6160.51 -1612.05
6168.68 -1608.23
6175.53 -1613.25
6183.75 -1608.3
6191.16 -1609.23
6198.46 -1611.09
6206.4 -1606.91
6214.73 -1597.69
6222.8 -1589.38
6229.51 -1596.95
6236.67 -1599.47
6244.59 -1589.95
6251.48 -1597.34
6259.32 -1584.69
6266.39 -1588.96
6274.08 -1570.17
6280.97 -1581.31
6288.11 -1585.39
6295.31 -1585.41
6302.37 -1572.36
6309.59 -1579.26
6316.79 -1581.09
6323.7 -1573.86
6330.61 -1569.57
6337.89 -1573.21
6344.35 -1562.82
6351.78 -1568.33
6357.95 -1556.83
6365.87 -1567.19
6372.72 -1564.54
6380.16 -1567.8
6387.08 -1566.02
6393.86 -1563.19
6399.41 -1551.39
6406.45 -1551.43
6413.05 -1548.43
6419.44 -1544.4
6425.61 -1539.33
6435.04 -1552.92
6439 -1535.93
6446.54 -1538.56
6454.73 -1544.05
6457.37 -1523.06
6466.42 -1532.34
6470.88 -1521.06
6480.57 -1532.12
6489.49 -1539.19
6500.56 -1553.91
6505.92 -1546.28
6515.46 -1554.03
6529.03 -1575.12
6534.13 -1566.33
6540.86 -1563.25
6550.28 -1568.69
6562.92 -1583.52
6564.98 -1565.98
6572.33 -1564.53
6583.03 -1572.43
6600.07 -1597.11
6611.94 -1606.57
6624.71 -1617.75
6645.81 -1649.23
6660.7 -1663.73
6682.79 -1694.65
7724.64 -4113.91
7337.77 -3149.24
7305.89 -3022.29
7321.84 -3005.19
7339.69 -2992.51
7353.94 -2972.48
7380.69 -2978.41
7411.65 -2992.08
7486.21 -3089.95
7525.5 -3115.79
7510.67 -3038.8
7524.76 -3017.56
7539.55 -2997.99
7561 -2990.51
7572.39 -2965.53
7592.09 -2955.15
7608.61 -2939.45
7628.1 -2928.75
7634.75 -2897.54
7654.96 -2888.28
7677.3 -2882.19
7694.11 -2867.53
7711.88 -2854.4
7809.61 -2957.18
7883.36 -3021.58
7867.51 -2958.03
12186.7 -8839.6
10218.8 -6044.08
10437.3 -6237.72
10868.1 -6698.86
10798.2 -6503.71
10942.4 -6582.18
10793 -6295.41
10897.9 -6324.5
10891.5 -6219.1
11008 -6259.24
11249.8 -6440.17
11289.2 -6385.49
11521.1 -6544.22
11511.1 -6432.88
11608.3 -6438.24
11674.9 -6409.75
11705.2 -6343.19
11766.3 -6308.57
11725.3 -6171.67
11873 -6222.71
11943.5 -6196
11998 -6153.36
12044.9 -6103.38
11838 -5821.73
11668.3 -5581.51
11817.4 -5628.98
12211.2 -5885.01
12105.7 -5705.51
12028.9 -5554.56
11834.8 -5310.76
11292.1 -4792.59
11284.8 -4715.28
11231.5 -4603.4
10966.2 -4331.82
10784.4 -4131.23
10582.6 -3921.63
10422.9 -3748.65
10270.3 -3585.67
10130.8 -3436.45
9976.56 -3281.41
9971.85 -3231.34
10015 -3213.45
9819.61 -3040.78
9619.83 -2870.63
9460.67 -2731.1
9373.61 -2639.84
9296.36 -2556.93
9235.15 -2485.63
9158.2 -2407.07
9098.4 -2340.29
9031.53 -2271.3
8986.55 -2215.97
8997.38 -2191.48
9015.1 -2170.59
9040.68 -2153.58
9054.52 -2130.44
9080.76 -2113.29
9103.3 -2094.06
9121.19 -2072.44
9155.3 -2058.04
9166.51 -2033.02
9184.85 -2011.08
9193.81 -1985.02
9234.9 -1972.24
9250.93 -1948.77
9271.43 -1926.93
9300.18 -1908.03
9300.71 -1878.27
9254.87 -1831.91
9211.28 -1787.43
9155.8 -1739.92
9131.97 -1704.17
9089.66 -1663.09
9045.9 -1622.51
9005.48 -1583.93
9007.77 -1558.83
8998.28 -1530.46
9004.9 -1506.83
9030.64 -1488.28
8987.48 -1451.69
8961.38 -1420.24
8927.15 -1387.43
8896.46 -1356.17
8876.16 -1327.86
8846.77 -1298.09
8825.87 -1270.65
7531.07 -998.522
7416.05 -966.247
7381.35 -950.089
7372.12 -938.796
7362.76 -927.678
7351.32 -916.446
7336.8 -905.014
7334.05 -895.392
7317.32 -884.148
7297.49 -872.873
7334.24 -867.806
7312.24 -856.56
7310.05 -847.413
7326.73 -839.767
7322.39 -830.41
7336.94 -822.26
7310.47 -811.791
7320.87 -803.335
7342.2 -795.064
7369.45 -786.57
7380.64 -777.353
7385.75 -767.902
7391.77 -758.362
7392.71 -748.77
7422.56 -738.601
7442.32 -728.19
7433 -718.499
7461.56 -707.24
7468.04 -696.672
7481.41 -685.547
7499.67 -673.825
7518.8 -661.698
7520.88 -650.745
7536.8 -638.38
7530.71 -628.069
7569.24 -612.677
7575.85 -600.563
7578.37 -588.851
7611.47 -572.712
7620.66 -559.574
7638.6 -544.837
7638.64 -532.776
7674.02 -514.38
7702.29 -496.639
7700.91 -484.165
7716.08 -468.274
7614.72 -477.057
7532.18 -483.437
7489.78 -481.939
7518.41 -463.984
7488.62 -460.133
7478.21 -451.735
7473.54 -441.932
7463.97 -433.532
7455.31 -424.997
7460.97 -412.301
7430.17 -410.66
7427.07 -400.756
7450.5 -382.178
7425.36 -379.437
7447.51 -360.738
7487.31 -335.249
7521.11 -311.099
7660.36 -246.557
7712.73 -212.684
7708.82 -199.954
7695.54 -191.014
7700.67 -174.575
7687.23 -165.852
7665.49 -160.923
7656.56 -150.609
7647.55 -140.405
7642.09 -128.615
7625.7 -122.059
7630.86 -105.18
7625.09 -93.5367
7613.88 -84.6783
7593.75 -80.5986
7584.24 -71.1647
7571.15 -63.7598
7566.77 -51.6664
7553.58 -44.5369
7549.88 -32.0656
7549.5 -17.5675
7536.98 -10.2541
7519.32 -6.24701
7514.38 5.48196
7505.97 15.0267
7505.02 29.399
7484.75 31.083
7476.97 40.8852
7473.23 53.4517
7467.72 64.8634
7449.09 66.9256
7441.82 76.9759
7432.87 85.77
7431.82 100.505
7425.06 111.013
7410.33 115.298
7413.58 133.744
7397.2 136.544
7385.48 142.951
7376.03 151.155
7367.27 159.914
7357.69 167.932
7362.26 188.469
7340.59 185.688
7349.95 211.034
7335.6 214.747
7316.18 213.456
7311.96 226.517
7301.17 233.257
7291.75 241.302
7279.48 246.4
7282.44 267.215
7272.75 275.076
7263.67 283.58
7249.13 286.096
7243.97 298.859
7241.96 315.363
7234.5 325.864
7217.21 324.893
7214.76 341.35
7212.73 358.619
7196.65 358.812
7196.78 379.189
7180.05 378.345
7168.25 383.652
7168.44 404.836
7153.49 405.984
7142.11 411.822
7141.12 432.224
7129.53 437.932
7114.52 438.578
7106.82 449.845
7106.68 472.758
7091 472.248
7078.07 475.78
7073.6 492.766
7067.32 507.206
7052.12 507.043
7042.04 515.338
7033.37 526.154
7023.59 535.172
7014.67 545.869
7004.2 553.87
6998.31 570.626
6992.19 587.378
6976.79 586.286
6964.12 590.404
6956.24 604.298
6947.73 617.255
6938.63 629.259
6933.5 650.316
6923.6 661.33
6913.94 673.197
6903.35 683.161
6885.78 676.406
6875.83 688.012
6868.64 707.003
6861.16 725.977
6845.38 723.373
6836.84 740.355
6823.39 744.094
6815.74 764.742
6801.78 767.341
6789.35 774.571
6783.11 801.74
6767.43 799.253
6757.75 816.758
6748.35 836.135
6730.69 826.543
6718.62 837.06
6708.64 856.205
6696.92 869.471
6691.94 911.839
6698.09 1005.91
6680.73 1000.58
6669.05 1021.5
6654.08 1027.65
6645.46 1067.06
6629.5 1070.06
6616.43 1089.66
6600.44 1093.4
6585.95 1106.87
6571.69 1123.2
6556.2 1132.48
6543.92 1167.43
6527.93 1176.49
6513.69 1202.31
6496.55 1204.15
6480.53 1217.79
6466.07 1252.23
6447.74 1243.68
6431.73 1266.9
6415.16 1286.99
6398.35 1308.95
6381.04 1327.77
6363.64 1353.44
6345.75 1376.96
6327.25 1387.33
6308.69 1414.54
6289.72 1408.59
6270.28 1457.47
6250.85 1461.18
6230.87 1481.71
6210.43 1505.06
6189.07 1539.21
6167.81 1560.17
6145.62 1589.92
6124.83 1592.53
6101.57 1624.86
6078 1653.97
6054.69 1674.88
6031.96 1686.62
6013.26 1661.4
5993.38 1648.94
5972.63 1644.24
5948.84 1661.15
5922.93 1689.68
5892.86 1740.66
5865.7 1768.62
5836.81 1803.18
5807.64 1835.46
5777.3 1870.37
5750.34 1885.36
5716.79 1929.4
5687.22 1951.59
5651.34 1998.79
5613.17 2051.39
5577.2 2090.93
5544.53 2114.56
5509.56 2144.6
5468.37 2194.47
5425.14 2247.68
5400.63 2234.24
5439.25 2016.07
5313.12 2329.72
5247.96 2437.95
5201.58 2483.67
5149.75 2542.05
5099.16 2593.17
5042.78 2656.8
4994.71 2694.43
4927.88 2778.12
4863.91 2849.74
4806.12 2901.98
4743.08 2963.63
4668.25 3049.29
4588.62 3141.26
4555.86 3123.49
4571.16 3000.89
4348.74 3390.48
4252.08 3499.6
4155.58 3602.85
4058.92 3701.15
3949.44 3819.45
3834.49 3942.38
5014.22 1635.29
4940.21 1721.48
4891.36 1758.51
3303.8 4501.41
3148.14 4664.57
2989.93 4824.55
2805.44 5020.68
4278.65 2514.24
4612.64 1918.83
4722.96 1695.15
4701.04 1682.19
4679.79 1668.19
4664.83 1644.91
4641.63 1633.89
4615.04 1627.57
4597.18 1608.76
400.835 7318.78
330.556 7267.05
260.732 7214.7
191.367 7161.75
122.467 7108.2
54.0323 7054.04
-13.9228 6999.29
-81.3978 6943.95
-148.387 6888.03
-214.885 6831.52
-280.888 6774.43
-346.391 6716.77
-411.388 6658.54
-475.873 6599.75
-539.844 6540.39
-603.298 6480.48
-666.222 6420.01
-728.618 6359
-790.477 6297.45
