-0 -0
-0 -0
-0 -0
-0 -0
-0 -0
-0 -0
-0 -0
-0 -0
-0 -0
-0 -0
-0 -0
-0 -0
-0 -0
-0 -0
-0 -0
-0 -0
-0 -0
-0 -0
-0 -0
-1.28974 -1.80815
-1.35479 -1.93484
-1.35371 -1.96966
-1.31466 -1.94907
-1.28877 -1.94712
-1.26901 -1.9541
-1.24546 -1.95498
-1.21987 -1.95221
-1.20227 -1.96193
-1.17377 -1.95348
-1.15414 -1.95934
-1.1335 -1.96328
-1.12322 -1.98528
-1.11555 -2.0125
-1.09699 -2.0204
-1.0873 -2.04491
-1.06295 -2.0419
-1.03328 -2.02793
-0.997698 -2.00107
-0.980198 -2.0097
-0.964345 -2.02179
-0.956808 -2.05188
-0.935133 -2.05196
-0.922478 -2.07192
-0.902768 -2.07622
-0.88188 -2.07758
-0.864099 -2.08612
-0.850732 -2.10563
-0.831591 -2.11112
-0.820304 -2.13697
-0.799173 -2.13749
-0.783226 -2.1519
-0.772429 -2.18127
-0.749458 -2.17658
-0.730118 -2.18209
-0.719701 -2.21501
-0.701547 -2.22502
-0.686196 -2.24445
-0.66914 -2.25898
-0.648299 -2.26089
-0.637096 -2.2973
-0.615989 -2.2989
-0.595904 -2.30419
-0.580129 -2.32677
-0.561203 -2.33758
-0.547756 -2.37259
-0.530926 -2.39485
-0.510631 -2.40233
-0.489648 -2.4067
-0.472443 -2.43051
-0.455042 -2.45519
-0.432037 -2.4502
-0.4179 -2.49728
-0.396874 -2.50577
-0.376766 -2.521
-0.355866 -2.53212
-0.335974 -2.55198
-0.317591 -2.58658
-0.296932 -2.60614
-0.275119 -2.61758
-0.25495 -2.64775
-0.233142 -2.66482
-0.211761 -2.69068
-0.187924 -2.68744
-0.166174 -2.71692
-0.143191 -2.73225
-0.120695 -2.76437
-0.0968809 -2.77431
-0.0734002 -2.80304
-0.0495301 -2.83757
-0.025019 -2.86689
2.16452e-07 -2.867
0.0251412 -2.88089
0.0509959 -2.92156
0.0771433 -2.94599
0.103896 -2.97519
0.130858 -2.99714
0.158055 -3.01586
0.185832 -3.03832
0.214431 -3.06651
0.244557 -3.10739
0.273495 -3.12606
0.303544 -3.15242
0.334909 -3.18645
0.366212 -3.21421
0.397781 -3.23967
0.430998 -3.27375
0.464142 -3.30254
0.493092 -3.29936
0.517641 -3.26826
0.548783 -3.2794
0.603949 -3.42516
0.641651 -3.46204
0 -0
0 -0
0 -0
0 -0
0 -0
0 -0
0 -0
0 -0
0 -0
0 -0
0 -0
0 -0
0 -0
0 -0
0 -0
0 -0
0 -0
0 -0
0 -0
0 -0
0 -0
0 -0
0 -0
0 -0
0 -0
0 -0
0 -0
0 -0
0 -0
0 -0
3.88134 -7.95792
3.94127 -7.90496
3.99875 -7.84799
4.056 -7.7915
4.10975 -7.72932
4.16846 -7.67735
4.22124 -7.61531
4.27768 -7.56078
4.2235 -7.31532
4.11461 -6.98523
4.15481 -6.91477
4.2035 -6.85949
4.24624 -6.79541
4.30055 -6.7505
4.34622 -6.69259
4.39397 -6.63856
4.44335 -6.58753
4.48877 -6.5312
4.53814 -6.48113
4.58755 -6.43151
4.63469 -6.3791
4.67888 -6.32314
4.72906 -6.27568
4.76721 -6.21275
4.79231 -6.13388
4.84565 -6.09182
4.89485 -6.04464
4.94233 -5.99552
4.99125 -5.94834
5.04102 -5.90227
5.07921 -5.84296
5.1247 -5.79242
5.16502 -5.73634
5.21083 -5.68662
5.2548 -5.63508
5.3079 -5.59336
5.36485 -5.55546
5.40471 -5.49987
5.45321 -5.45321
5.50629 -5.41102
5.53532 -5.3454
5.58683 -5.30171
5.63362 -5.25343
5.6645 -5.19056
5.72816 -5.15766
5.76022 -5.09621
5.809 -5.04969
5.85132 -4.9975
5.90161 -4.95204
2.02551 -1.66971
2.01281 -1.62994
2.03165 -1.61605
2.05907 -1.60872
2.07065 -1.58887
1.9894 -1.49912
1.97186 -1.4591
1.97643 -1.43596
2.00761 -1.43201
2.00447 -1.40354
2.01746 -1.38656
2.04441 -1.37897
2.0572 -1.36163
2.07235 -1.3458
2.07221 -1.32015
2.08959 -1.30572
2.10261 -1.28848
2.11377 -1.27008
2.13253 -1.25616
2.13475 -1.2325
2.14891 -1.21579
2.1883 -1.21299
2.19177 -1.19003
2.19766 -1.16851
2.20245 -1.14652
2.21148 -1.1268
2.25076 -1.12219
2.25687 -1.10075
2.27 -1.08274
2.27665 -1.06162
2.30493 -1.05042
2.31036 -1.02864
2.33575 -1.01561
2.31047 -0.980735
2.26443 -0.937957
2.23173 -0.901678
2.1688 -0.854314
2.13416 -0.819229
2.09253 -0.782363
2.06826 -0.752786
2.02856 -0.718352
2.00166 -0.689228
1.97346 -0.660311
1.92589 -0.62576
1.89027 -0.595999
1.87818 -0.574218
1.82559 -0.540765
1.79852 -0.515718
1.77983 -0.49359
1.75026 -0.46898
1.71846 -0.444425
1.71645 -0.42796
1.68706 -0.405028
1.65935 -0.383091
1.61968 -0.359073
1.6159 -0.34347
1.5767 -0.320783
1.57159 -0.305485
1.55059 -0.287385
1.50774 -0.265855
1.52677 -0.255494
1.4924 -0.236373
1.47759 -0.220827
1.4547 -0.204445
1.44751 -0.190568
1.42728 -0.175248
1.39398 -0.158824
1.39333 -0.146445
1.38957 -0.133801
1.31398 -0.114958
1.27107 -0.100035
1.25693 -0.0878933
1.25066 -0.076494
1.24729 -0.0653675
1.25381 -0.0547423
1.25024 -0.0436593
1.23358 -0.0323025
1.21681 -0.0212397
1.23995 -0.0108208
1.219 0
1.22395 0.0106812
1.21282 0.0211696
1.19559 0.0313077
1.21626 0.0424727
1.20285 0.0525177
1.21234 0.0635358
1.19776 0.0732581
1.19109 0.0832893
1.18533 0.0932879
1.17053 0.102408
1.18054 0.113673
1.19044 0.12512
1.18136 0.134599
1.17716 0.144537
1.17585 0.154804
1.16456 0.163667
1.18088 0.176484
1.1556 0.183028
1.15198 0.192776
1.15518 0.203689
1.15926 0.214856
1.1485 0.223246
1.15239 0.234457
1.14541 0.243465
1.1325 0.25107
1.10591 0.255319
1.12406 0.269863
1.12554 0.280629
1.11918 0.289439
1.12724 0.302042
1.11107 0.308126
1.13044 0.32415
1.0921 0.323494
1.09975 0.336227
1.09964 0.346714
1.11464 0.362168
1.09911 0.367756
1.09207 0.376031
1.08027 0.382543
1.08722 0.395717
1.05469 0.394333
1.06895 0.410331
1.04951 0.413413
1.08481 0.43829
1.07078 0.44353
1.0503 0.445824
1.04545 0.454574
1.06063 0.472221
1.05465 0.480629
1.05766 0.493195
1.03888 0.495518
1.04799 0.511141
1.04707 0.522051
1.04426 0.532077
1.04224 0.542554
1.04188 0.553976
1.03613 0.56257
1.02505 0.568197
1.02006 0.57712
1.03663 0.5985
1.03309 0.608539
1.01746 0.61135
1.01379 0.621251
1.02275 0.639083
1.0087 0.64261
1.0064 0.653567
1.00483 0.665084
1.00728 0.679419
1.00379 0.689883
0.997727 0.698616
0.984266 0.70207
0.991855 0.720625
0.979902 0.725089
0.987912 0.744445
0.986138 0.75669
0.980285 0.765883
0.97826 0.778143
0.969101 0.784763
0.957586 0.789373
0.956024 0.802199
0.976361 0.833891
0.973575 0.846316
0.948178 0.838877
1.01216 0.911356
1.12803 1.03365
1.28572 1.19895
1.51168 1.43453
1.78324 1.72206
2.11122 2.07469
2.35679 2.35679
2.7006 2.74815
2.76057 2.85866
2.74722 2.89497
2.71504 2.91152
2.68952 2.9351
2.66649 2.96143
2.64054 2.98459
2.61636 3.00978
2.59195 3.03478
2.55315 3.04273
2.54622 3.08881
2.51917 3.11092
2.4857 3.12495
2.46511 3.15519
2.42957 3.16627
2.40846 3.19614
2.38286 3.22025
2.35937 3.24739
2.33791 3.27763
2.31266 3.30282
2.28488 3.32452
2.2597 3.35014
2.23203 3.37223
2.20579 3.39662
2.17606 3.41574
2.1573 3.4524
2.13075 3.47707
2.10239 3.49896
2.07431 3.52148
2.043 3.53858
2.01844 3.56759
1.98869 3.58769
1.9678 3.62424
1.93469 3.63863
1.90933 3.66779
1.88497 3.69946
1.85395 3.71845
1.82625 3.74438
1.80599 3.78635
1.7788 3.81465
1.73922 3.81638
1.71643 3.85516
1.6903 3.88742
1.66139 3.91399
1.62832 3.93111
1.60107 3.96278
1.57559 3.99986
1.546 4.02747
1.51184 4.04361
1.47821 4.06135
1.44906 4.09201
1.42241 4.13097
1.3936 4.16504
1.36307 4.19511
1.32822 4.21257
1.30047 4.25364
1.265 4.27058
1.23127 4.29396
1.20631 4.34983
1.16934 4.36405
1.13948 4.40604
1.10655 4.43813
1.07175 4.46415
1.035 4.48308
1.00298 4.52416
0.968869 4.55817
0.932843 4.58507
0.89394 4.59892
0.863979 4.66161
0.826392 4.6867
0.788763 4.71346
0.753389 4.75671
0.71451 4.7809
0.678191 4.82558
0.639057 4.85411
0.600816 4.89325
0.561489 4.92812
0.522642 4.97261
0.482775 5.01381
0.440573 5.03576
0.399279 5.07331
0.358269 5.12349
0.316353 5.17233
0.272356 5.19687
0.229482 5.25599
0.184793 5.29177
0.139549 5.32917
0.0937193 5.36918
0.0473678 5.42779
4.12596e-07 5.465
-0.0479778 5.49779
-0.0966518 5.53716
-0.14646 5.59308
-0.197531 5.65655
-0.248805 5.69857
-0.30114 5.74611
-0.354448 5.79517
-0.408215 5.83775
-0.462831 5.88082
-0.519188 5.93433
-0.576417 5.98631
-0.635847 6.04968
-0.695634 6.1055
-0.756321 6.15974
-0.817485 6.20942
-0.880686 6.26642
-0.938145 6.27728
-0.987256 6.2333
-1.0332 6.17415
-1.08252 6.13929
-1.13205 6.10798
-1.17901 6.06547
-1.22312 6.01184
-1.27242 5.98626
-1.31595 5.93588
-1.35983 5.89007
-1.40207 5.84005
-1.44838 5.80916
-1.49177 5.76822
-1.54075 5.75016
-1.58125 5.7018
-1.6235 5.66183
-1.66774 5.63019
-1.72967 5.6575
-1.79882 5.70513
-1.88037 5.78718
-1.96158 5.86254
-2.0475 5.94637
-2.12902 6.01217
-2.22108 6.10236
-2.31067 6.18016
-2.39569 6.24098
-3.51951 8.9348
-3.61458 8.9464
-3.82186 9.22679
-0 0
-0 0
-0 0
-0 0
-0 0
-0 0
-0 0
-0 0
-0 0
-0 0
-0 0
-0 0
-0 0
-0 0
-0 0
-0 0
-0 0
-0 0
-0 0
-0 0
-0 0
-0 0
-4.6044 6.82629
-4.6519 6.76855
-4.69587 6.7064
-4.72634 6.62609
-0 0
-0 0
-0 0
-0 0
-0 0
-0 0
-0 0
-0 0
-0 0
-0 0
-0 0
-0 0
-0 0
-0 0
-0 0
-0 0
-0 0
-0 0
-0 0
0 0
0 0
0 0
0 0
0 0
0 0
0 0
0 0
0 0
0 0
0 0
0 0
0 0
0 0
0 0
0 0
0 0
0 0
0 0
0 0
0 0
0 0
0 0
0 0
0 0
0 0
0 0
0 0
0 0
35.4724 13.3416
-2.4557