10760.3 -1552.82
10727.4 -1560.75
10696.8 -1567.71
10667.2 -1574.44
10638.2 -1581.38
10627.3 -1574.54
10601.8 -1579.61
10574.5 -1586.67
10551.7 -1590.61
10525.6 -1597.74
10505.1 -1600.58
10480.2 -1607.78
10461.9 -1609.54
10437.9 -1616.84
10431.5 -1608.33
10398.6 -1624.95
10392.9 -1616.07
10361.9 -1632.11
10356.9 -1622.87
10327.6 -1638.35
10323.3 -1628.75
10295.6 -1643.67
10285.9 -1640.08
10265.7 -1648.07
10257.3 -1643.39
10237.7 -1651.54
10213.8 -1665.04
10211.4 -1654.07
10193.8 -1661.06
10191.7 -1649.71
10173 -1658.64
10154.4 -1667.99
10152.4 -1656.73
10133.8 -1666.65
10115.4 -1677.02
10113.4 -1665.85
10095 -1676.81
10093 -1665.6
10074.8 -1677.18
10072.7 -1665.92
10061 -1668.72
10049.9 -1670.76
10039.1 -1672.76
10028.4 -1674.73
10017.9 -1676.67
10007.5 -1678.58
9997.35 -1680.46
9987.32 -1682.31
9977.45 -1684.13
9967.72 -1685.93
9958.14 -1687.7
9948.69 -1689.44
9939.37 -1691.16
9930.18 -1692.85
9921.12 -1694.53
9912.18 -1696.18
9903.35 -1697.8
9894.64 -1699.41
9886.04 -1701
9877.54 -1702.57
9869.15 -1704.12
9860.85 -1705.65
9852.66 -1707.16
9844.56 -1708.65
9845.43 -1688.15
9845.9 -1667.73
9837.59 -1669.26
9837.54 -1648.93
9837.1 -1628.68
9828.59 -1630.25
9827.63 -1610.09
9826.31 -1589.99
9824.63 -1569.97
9822.58 -1550.01
9813.59 -1551.66
9811.06 -1531.8
9808.17 -1511.99
9804.93 -1492.25
9801.34 -1472.57
9797.42 -1452.96
9793.15 -1433.41
9788.55 -1413.92
9783.61 -1394.5
9783.03 -1353.93
9777.23 -1334.66
9775.39 -1294.32
9768.74 -1275.22
9761.76 -1256.17
9758.16 -1216.15
9746.85 -1218.24
9735.6 -1220.32
9724.42 -1222.38
9713.31 -1224.43
9702.27 -1226.47
9691.29 -1228.49
9680.37 -1230.51
9669.5 -1232.51
9658.69 -1234.51
9647.94 -1236.49
9637.24 -1238.47
9626.58 -1240.43
9615.98 -1242.39
9605.42 -1244.34
9594.9 -1246.28
9584.43 -1248.21
9574 -1250.13
9563.6 -1252.05
9553.24 -1253.96
9542.92 -1255.87
9532.63 -1257.77
9522.37 -1259.66
9512.14 -1261.55
9501.94 -1263.43
9491.77 -1265.31
9481.62 -1267.18
9471.49 -1269.05
9461.39 -1270.91
9451.3 -1272.77
9441.24 -1274.63
9431.19 -1276.48
9421.15 -1278.34
9411.13 -1280.19
9401.12 -1282.03
9391.12 -1283.88
9381.13 -1285.72
9371.15 -1287.56
9361.17 -1289.4
9351.2 -1291.24
9341.23 -1293.08
9331.26 -1294.92
9321.29 -1296.76
9311.32 -1298.6
9301.34 -1300.44
9291.36 -1302.28
9281.38 -1304.13
9271.38 -1305.97
9261.38 -1307.82
9251.37 -1309.66
9241.34 -1311.51
9231.3 -1313.37
9232.36 -1353.85
9245.55 -1432.76
9254.22 -1492.18
9276.07 -1589.83
9280.89 -1629.62
9292.81 -1688.43
9299.18 -1727.93
9313 -1786.39
9313.96 -1806.55
9308.11 -1807.63
9302.25 -1808.71
9296.37 -1809.8
9290.47 -1810.89
9284.55 -1811.98
9278.61 -1813.08
9272.64 -1814.18
9266.65 -1815.28
9260.63 -1816.39
9254.59 -1817.51
9248.51 -1818.63
9242.41 -1819.76
9236.28 -1820.89
9230.12 -1822.02
9223.93 -1823.17
9217.7 -1824.31
9211.44 -1825.47
9205.15 -1826.63
9198.81 -1827.8
9192.44 -1828.98
9186.03 -1830.16
9179.57 -1831.35
9173.08 -1832.55
9166.54 -1833.76
9159.95 -1834.97
9153.32 -1836.19
9146.64 -1837.43
9139.91 -1838.67
9133.12 -1839.92
9126.29 -1841.18
9119.4 -1842.45
9112.45 -1843.74
9105.44 -1845.03
9098.37 -1846.33
9091.25 -1847.65
9084.05 -1848.98
9076.79 -1850.31
9069.47 -1851.67
9062.07 -1853.03
9054.6 -1854.41
9047.05 -1855.8
9039.43 -1857.21
9031.73 -1858.63
9023.95 -1860.06
9016.08 -1861.52
9008.13 -1862.98
9000.09 -1864.47
8991.95 -1865.97
8983.72 -1867.49
8975.39 -1869.02
8966.96 -1870.58
8958.43 -1872.15
8949.79 -1873.75
8941.03 -1875.36
8932.17 -1877
8923.18 -1878.66
8914.07 -1880.34
8904.84 -1882.04
8900.33 -1887.9
8890.91 -1889.64
8881.34 -1891.41
8871.64 -1893.2
8861.79 -1895.02
8851.78 -1896.86
8841.62 -1898.74
8831.3 -1900.64
8820.81 -1902.58
8810.14 -1904.54
8799.3 -1906.55
8788.27 -1908.58
8780.28 -1912.86
8779.55 -1922.11
8755.6 -1915.95
8753.42 -1924.36
8752.11 -1933.27
8725.51 -1926.37
8723.66 -1935.1
8695.74 -1928.18
8693.31 -1936.76
8668.03 -1932.16
8660.95 -1938.3
8657.78 -1946.67
8626.45 -1939.78
8622.6 -1948.05
8618.63 -1956.25
8585.1 -1949.46
8580.37 -1957.59
8575.47 -1965.66
8539.55 -1959.03
8533.82 -1967.07
8505.7 -1965.01
8489.35 -1968.66
8482.48 -1976.66
8453.32 -1975.32
8433.93 -1978.52
8425.75 -1986.54
8395.38 -1985.95
8372.63 -1988.81
8362.94 -1996.89
8331.14 -1997.1
8320.82 -2005.41
8293.2 -2007.94
8281.36 -2016.17
7729.63 -1850.5
7733.05 -1869.02
7736.44 -1887.36
7739.79 -1905.55
7743.12 -1923.57
7746.41 -1941.44
7749.68 -1959.16
7752.93 -1976.73
7756.14 -1994.16
7759.33 -2011.46
7762.5 -2028.62
7765.64 -2045.65
7768.76 -2062.56
7771.86 -2079.35
7774.93 -2096.02
7777.99 -2112.57
7781.02 -2129.02
7784.04 -2145.36
7745.16 -2155.07
7664.59 -2159.31
7667.76 -2176.5
7670.91 -2193.59
7674.05 -2210.59
7677.17 -2227.49
7618.08 -2237.93
5737.99 -2078.75
5744.27 -2112.8
5750.53 -2146.69
5756.75 -2180.43
5762.95 -2214.02
5769.12 -2247.46
5775.26 -2280.76
5781.38 -2313.93
5787.48 -2346.98
5793.56 -2379.9
5799.61 -2412.72
5805.64 -2445.42
5811.66 -2478.01
5817.65 -2510.51
5823.63 -2542.92
5829.6 -2575.24
5835.55 -2607.48
5841.48 -2639.63
5847.4 -2671.72
5853.31 -2703.74
5859.21 -2735.7
5865.09 -2767.61
5870.97 -2799.46
5876.84 -2831.26
5882.7 -2863.02
5888.55 -2894.75
5894.4 -2926.44
5900.24 -2958.11
5906.08 -2989.76
5911.92 -3021.38
5917.75 -3053
5923.58 -3084.61
5929.41 -3116.21
5935.25 -3147.82
5941.08 -3179.43
5946.91 -3211.06
5952.75 -3242.7
5958.6 -3274.37
5964.44 -3306.06
5970.3 -3337.78
5976.15 -3369.53
5982.02 -3401.33
5987.9 -3433.18
5993.78 -3465.07
5999.68 -3497.02
6005.58 -3529.03
7795.6 -2992.46
7894.41 -2976.89
8012.05 -2953.12
8091.09 -2940.59
8188.95 -2919.85
8248.41 -2911.39
8326.68 -2894.73
8385.72 -2884.04
8425.62 -2879.85
8484.32 -2867.27
8542.82 -2853.65
8582.28 -2847.06
8621.61 -2839.78
8623.25 -2848.69
8624.9 -2857.63
8626.56 -2866.62
8628.22 -2875.64
8629.9 -2884.71
8631.58 -2893.83
8651.85 -2893.44
8672.05 -2892.73
8692.2 -2891.69
8730.75 -2880.21
8750.74 -2878.31
8770.67 -2876.09
8808.9 -2862.83
8828.67 -2859.74
8848.37 -2856.3
8868.01 -2852.52
8887.58 -2848.39
8888.91 -2855.59
8908.4 -2850.96
8927.82 -2845.98
8947.17 -2840.65
8966.46 -2834.96
8967.68 -2841.6
8986.87 -2835.39
9006 -2828.81
9025.05 -2821.87
9026.2 -2828.09
9045.16 -2820.61
9046.29 -2826.73
9065.15 -2818.7
9083.93 -2810.29
9085.01 -2816.13
9103.69 -2807.16
9104.75 -2812.89
9123.32 -2803.34
9124.36 -2808.96
9142.83 -2798.83
9143.84 -2804.33
9144.87 -2809.89
9163.19 -2798.98
9164.2 -2804.42
9182.41 -2792.9
9183.39 -2798.21
9184.38 -2803.59
9202.44 -2791.24
9203.41 -2796.5
9221.35 -2783.5
9222.3 -2788.62
9223.25 -2793.81
9241.03 -2779.93
9241.96 -2784.98
9242.91 -2790.11
9260.51 -2775.31
9261.43 -2780.29
9262.37 -2785.35
9263.31 -2790.48
9280.7 -2774.49
9281.62 -2779.48
9282.56 -2784.54
9299.76 -2767.54
9300.66 -2772.44
9301.58 -2777.43
9302.52 -2782.5
9305.78 -2784.27
9310.85 -2783.33
9315.82 -2782.42
9320.72 -2781.51
9325.53 -2780.62
9330.27 -2779.75
9334.94 -2778.89
9339.53 -2778.04
9344.05 -2777.21
9348.5 -2776.39
9352.89 -2775.58
9357.22 -2774.78
9361.48 -2773.99
9365.69 -2773.21
9369.84 -2772.45
9373.93 -2771.69
9377.97 -2770.95
9381.95 -2770.21
9385.89 -2769.49
9389.77 -2768.77
9393.61 -2768.06
9397.4 -2767.36
9401.15 -2766.67
9404.86 -2765.99
9408.52 -2765.31
9412.14 -2764.64
9415.72 -2763.98
9419.26 -2763.33
9422.77 -2762.68
9426.24 -2762.04
9429.67 -2761.41
9433.07 -2760.78
9436.44 -2760.16
9439.77 -2759.54
9443.08 -2758.94
9446.35 -2758.33
9449.6 -2757.73
9452.81 -2757.14
9456 -2756.55
9459.16 -2755.97
9462.3 -2755.39
9465.41 -2754.81
9468.5 -2754.25
9471.56 -2753.68
9474.6 -2753.12
9477.62 -2752.56
9480.61 -2752.01
9483.59 -2751.46
9486.54 -2750.91
9489.48 -2750.37
9492.4 -2749.83
9495.3 -2749.3
9498.18 -2748.77
9501.04 -2748.24
9503.89 -2747.71
9506.72 -2747.19
9509.54 -2746.67
9512.34 -2746.15
9515.13 -2745.64
9517.91 -2745.13
9520.67 -2744.62
9523.42 -2744.11
9526.15 -2743.61
9528.88 -2743.1
9531.59 -2742.6
9534.3 -2742.1
9536.99 -2741.61
9539.67 -2741.11
9542.35 -2740.62
9545.01 -2740.13
9547.67 -2739.64
9550.32 -2739.15
9552.96 -2738.66
9555.6 -2738.17
9558.22 -2737.69
9560.85 -2737.21
9563.46 -2736.72
9566.07 -2736.24
9568.68 -2735.76
9571.28 -2735.28
9573.88 -2734.8
9576.47 -2734.32
9579.06 -2733.84
9581.65 -2733.37
9584.23 -2732.89
9586.81 -2732.41
9589.4 -2731.94
9591.98 -2731.46
9594.55 -2730.99
9597.13 -2730.51
9599.71 -2730.03
9602.29 -2729.56
9604.87 -2729.08
9607.45 -2728.61
9610.03 -2728.13
9612.61 -2727.65
9615.2 -2727.18
9617.79 -2726.7
9620.38 -2726.22
9622.97 -2725.74
9625.57 -2725.26
9628.18 -2724.78
9630.78 -2724.3
9633.4 -2723.82
9636.01 -2723.34
9638.64 -2722.85
9641.27 -2722.37
9643.91 -2721.88
9646.55 -2721.39
9649.2 -2720.9
9651.86 -2720.41
9654.53 -2719.92
9657.21 -2719.43
9659.89 -2718.93
9662.59 -2718.43
9665.3 -2717.93
9668.02 -2717.43
9670.75 -2716.93
9673.49 -2716.42
9676.24 -2715.91
9679.01 -2715.4
9681.78 -2714.89
9684.58 -2714.38
9687.39 -2713.86
9690.21 -2713.34
9693.05 -2712.81
9695.9 -2712.29
9698.77 -2711.76
9701.66 -2711.22
9704.56 -2710.69
9707.49 -2710.15
9710.43 -2709.61
9713.39 -2709.06
9716.38 -2708.51
9719.38 -2707.95
9722.41 -2707.4
9725.46 -2706.83
9728.53 -2706.27
9731.62 -2705.7
9734.74 -2705.12
9737.89 -2704.54
9741.06 -2703.95
9744.26 -2703.36
9747.48 -2702.77
9750.74 -2702.17
9754.02 -2701.56
9757.34 -2700.95
9760.68 -2700.33
9764.06 -2699.71
9767.47 -2699.08
9770.92 -2698.44
9774.4 -2697.8
9777.92 -2697.15
9781.48 -2696.5
9785.07 -2695.83
9788.71 -2695.16
9792.39 -2694.48
9796.11 -2693.8
9799.87 -2693.1
9803.68 -2692.4
9807.53 -2691.69
9811.44 -2690.97
9815.39 -2690.24
9819.39 -2689.5
9823.45 -2688.75
9827.56 -2687.99
9831.73 -2687.22
9835.96 -2686.44
9840.24 -2685.65
9844.59 -2684.85
9849 -2684.04
9853.48 -2683.21
9858.03 -2682.37
9862.65 -2681.52
9867.34 -2680.65
9872.1 -2679.77
9876.95 -2678.88
9881.87 -2677.97
9886.88 -2677.05
9891.97 -2676.11
9892.22 -2671.81
9891.29 -2666.76
9890.38 -2661.81
9912.54 -2671.7
9911.6 -2666.59
9910.67 -2661.55
9909.75 -2656.6
9931.68 -2665.24
9930.74 -2660.14
9929.81 -2655.11
9951.57 -2662.79
9950.62 -2657.62
9949.67 -2652.52
9971.26 -2659.28
9970.29 -2654.04
9969.34 -2648.87
9990.76 -2654.75
9989.78 -2649.45
9988.82 -2644.22
10010.1 -2649.24
10009.1 -2643.88
10008.1 -2638.59
10029.2 -2642.79
10028.2 -2637.37
10027.2 -2632.01
10026.3 -2626.72
10025.3 -2621.48
10024.3 -2616.3
10023.4 -2611.17
10022.5 -2606.09
10021.5 -2601.07
10020.6 -2596.1
10019.7 -2591.17
10018.8 -2586.29
10017.9 -2581.45
10017 -2576.66
10016.2 -2571.92
10015.3 -2567.21
10014.4 -2562.54
10013.6 -2557.92
10012.7 -2553.33
10011.9 -2548.77
10011 -2544.25
10010.2 -2539.77
10009.4 -2535.32
10008.6 -2530.9
10007.8 -2526.51
10007 -2522.16
10006.2 -2517.83
10005.4 -2513.53
10004.6 -2509.26
10003.8 -2505.01
10003 -2500.79
10002.3 -2496.6
10001.5 -2492.42
10000.7 -2488.28
9999.96 -2484.15
10019.9 -2482.08
10019.1 -2477.81
10039 -2475.22
10058.8 -2472.28
10078.5 -2469
10098.2 -2465.38
10117.8 -2461.41
10137.3 -2457.1
10177.3 -2453.02
10992.6 -2463.09
11071.8 -2451.25
11130.3 -2437.99
11229.3 -2423.43
11307.8 -2407.45
11406.1 -2389.61
11504.2 -2370.06
11642.4 -2347.09
11759.9 -2322.74
11897.2 -2295.13
12114.3 -2259.64
12290.7 -2223.45
12706.7 -2163.54
12701.7 -2136.15
12696.6 -2108.8
12691.6 -2081.49
12686.5 -2054.22
12681.5 -2026.97
12676.5 -1999.75
12671.5 -1972.55
12330.4 -1998.09
12326 -1973.84
12304.1 -1952.64
12083.3 -1968.34
12079.2 -1946.15
12075.1 -1923.96
12286.3 -1856.3
12281.9 -1832.19
12277.4 -1808.07
12273 -1783.94
12268.5 -1759.78
12264.1 -1735.59
12259.6 -1711.38
12255.1 -1687.13
12250.6 -1662.85
12246.1 -1638.52
12241.6 -1614.16
12237.1 -1589.74
12232.6 -1565.27
12228.1 -1540.74
12223.6 -1516.16
12219 -1491.51
12214.5 -1466.79
12209.9 -1442
12205.3 -1417.13
12162.8 -1407.07
12006.8 -1443.39
11945.8 -1443.47
11809.5 -1476.47
11767.8 -1471.1
11651.1 -1499.74
11647.3 -1479.32
11643.5 -1458.81
11639.7 -1438.21
11635.9 -1417.51
12470.3 -979.838
11628.2 -1375.81
11531.5 -1402.98
11445.8 -1426.3
11389.3 -1435.48
11335 -1444.56
11265.5 -1463.25
11219.3 -1469.95
11172.7 -1477.72
11127.5 -1485.59
11072.4 -1500.36
11030.7 -1507.87
10999.7 -1509.48
10961.1 -1516.51
10923.4 -1523.75
10881 -1534.85
10845.8 -1541.91
10829.3 -1536.62
10792.7 -1545.82
10760.3 -1552.82
