19879.8 9680.68
19879.8 9680.68
19879.8 9680.68
19879.8 9680.68
19878.8 9683.51
19876.8 9689.15
19873.6 9697.58
19873.6 9697.58
19869.2 9708.74
19863.4 9722.59
19858.6 9733.59
19855 9741.84
19851.4 9750.09
19851.4 9750.09
19851.4 9750.09
19851.4 9750.09
19850.2 9752.84
19847.7 9758.29
19843.8 9766.41
19838.5 9777.15
19838.5 9777.15
19825.8 9800.97
19819.2 9812.77
19812.6 9824.51
19805.8 9836.19
19798.9 9847.81
19792 9859.38
19785.7 9869.6
19779.3 9879.77
19772.8 9889.88
19766.3 9899.94
19766.3 9899.94
19752.9 9919.88
19752.9 9919.88
19739.2 9939.58
19733.1 9948.12
19726.9 9956.61
19720.7 9965.04
19720.7 9965.04
19724.7 9951.71
19718.2 9959.95
19711.6 9968.13
19705 9976.26
19698.3 9984.32
19691.5 9992.33
19684.6 10000.3
19684.6 10000.3
19670.7 10016
19663.6 10023.8
19663.6 10023.8
19649.3 10039.1
19642 10046.7
19634.7 10054.2
19627.3 10061.6
19620.9 10068
19614.4 10074.2
19607.9 10080.5
19600.3 10087.6
19592.6 10094.8
19584.9 10102
19577.3 10109.2
19569.6 10116.4
19562 10123.6
19554.3 10130.8
19546.7 10137.9
19540.1 10144.1
19533.5 10150.3
19527 10156.4
19520.4 10162.6
19513.9 10168.7
19507.3 10174.9
19500.7 10181.1
19494.2 10187.2
19487.6 10193.4
19481.1 10199.5
19474.5 10205.7
19467.9 10211.9
19461.4 10218
19461.4 10218
19448.2 10230.3
19441.7 10236.5
19436.2 10241.6
19430.7 10246.7
19425.1 10251.8
19419.5 10256.7
19413.9 10261.7
19408.2 10266.6
19402.5 10271.4
19395.6 10277.2
19387.9 10283.3
19380.2 10289.2
19372.4 10295
19364.5 10300.7
19357.7 10305.4
19350.9 10310.1
19344 10314.6
19339.6 10317.5
