7117.18 -4936.26
7117.18 -4936.26
7117.18 -4936.26
7117.18 -4936.26
7116.51 -4934.92
7115.84 -4933.57
7115.17 -4932.23
7114.5 -4930.89
7113.83 -4929.55
7112.5 -4926.86
7111.83 -4925.52
7111.83 -4925.52
7111.16 -4924.18
7110.82 -4923.51
7110.49 -4922.83
7110.15 -4922.16
7109.82 -4921.49
7109.82 -4921.49
7109.82 -4921.49
7109.82 -4921.49
7109.82 -4921.49
7109.82 -4921.49
7109.82 -4921.49
7109.82 -4921.49
7109.82 -4921.49
7109.82 -4921.49
7109.82 -4921.49
7109.82 -4921.49
7109.82 -4921.49
7109.82 -4921.49
7109.82 -4921.49
7109.82 -4921.49
7109.82 -4921.49
7102.27 -4920.76
7102.27 -4920.76
7102.27 -4920.76
7102.27 -4920.76
7102.27 -4920.76
7102.27 -4920.76
7102.27 -4920.76
7102.27 -4920.76
7102.27 -4920.76
7102.27 -4920.76
7102.27 -4920.76
7102.27 -4920.76
7102.27 -4920.76
7102.27 -4920.76
7102.27 -4920.76
7102.27 -4920.76
7102.27 -4920.76
7102.27 -4920.76
7102.27 -4920.76
7102.27 -4920.76
7102.27 -4920.76
7102.27 -4920.76
7102.27 -4920.76
7102.27 -4920.76
7102.27 -4920.76
7102.27 -4920.76
7102.27 -4920.76
7102.27 -4920.76
7102.27 -4920.76
7102.27 -4920.76
7102.27 -4920.76
7102.27 -4920.76
7102.27 -4920.76
7102.27 -4920.76
7102.27 -4920.76
7102.27 -4920.76
7102.27 -4920.76
7102.27 -4920.76
7102.27 -4920.76
7096.04 -4918.72
7096.04 -4918.72
7096.04 -4918.72
7096.04 -4918.72
7096.04 -4918.72
7096.04 -4918.72
7096.04 -4918.72
7096.04 -4918.72
7096.04 -4918.72
7096.04 -4918.72
7096.04 -4918.72
7103.61 -4916.13
7103.61 -4916.13
7108.34 -4914.51
7116.81 -4916.34
7121.54 -4914.72
7126.27 -4913.1
7128.16 -4912.45
7128.16 -4912.45
7128.16 -4912.45
7128.16 -4912.45
7128.16 -4912.45
7128.16 -4912.45
7128.16 -4912.45
7128.16 -4912.45
7128.16 -4912.45
7128.16 -4912.45
7128.16 -4912.45
7128.16 -4912.45
7128.16 -4912.45
7128.16 -4912.45
7128.16 -4912.45
7130.51 -4910.58
7130.51 -4910.58
7134.4 -4907.44
7138.29 -4904.3
7142.18 -4901.17
7146.08 -4898.03
7149.97 -4894.89
7146.51 -4897.07
7146.51 -4897.07
7146.51 -4897.07
7146.51 -4897.07
7146.51 -4897.07
7146.51 -4897.07
7146.51 -4897.07
7146.51 -4897.07
7146.51 -4897.07
7146.51 -4897.07
7146.51 -4897.07
7146.51 -4897.07
7148.71 -4895.03
7152.37 -4891.62
7156.02 -4888.21
7156.02 -4888.21
7159.67 -4884.79
7166.98 -4877.97
7170.63 -4874.55
7174.29 -4871.14
7174.29 -4871.14
7175.75 -4869.77
7175.75 -4869.77
7175.75 -4869.77
7175.75 -4869.77
7175.75 -4869.77
7175.75 -4869.77
7175.75 -4869.77
7175.75 -4869.77
7175.75 -4869.77
7177.51 -4867.34
7180.43 -4863.28
7183.34 -4859.22
7186.26 -4855.16
7189.18 -4851.1
7201.58 -4841.96
7204.51 -4837.91
7204.51 -4837.91
7207.43 -4833.85
7210.36 -4829.8
7211.53 -4828.17
7211.53 -4828.17
7211.53 -4828.17
7216.97 -4822.31
7216.97 -4822.31
7220.52 -4818.79
7224.11 -4815.31
7227.69 -4811.82
7231.28 -4808.34
7232.71 -4806.94
7232.71 -4806.94
7232.71 -4806.94
7232.71 -4806.94
7232.71 -4806.94
7232.71 -4806.94
7232.71 -4806.94
7232.71 -4806.94
7232.71 -4806.94
7232.71 -4806.94
7232.71 -4806.94
7232.71 -4806.94
7232.71 -4806.94
7232.71 -4806.94
7232.71 -4806.94
7232.71 -4806.94
7232.71 -4806.94
7232.89 -4804.32
7232.89 -4804.32
7232.89 -4804.32
7232.89 -4804.32
7232.89 -4804.32
7232.89 -4804.32
7233.78 -4801.45
7235.25 -4796.67
7236.72 -4791.89
7238.19 -4787.12
7239.66 -4782.34
7242.6 -4772.78
7242.6 -4772.78
7244.07 -4768
7245.54 -4763.22
7247.01 -4758.44
7249.95 -4748.88
7249.95 -4748.88
7251.42 -4744.1
7252.89 -4739.32
7254.36 -4734.54
7255.83 -4729.77
7257.3 -4724.99
7257.88 -4723.07
7257.88 -4723.07
7257.88 -4723.07
7257.88 -4723.07
7257.88 -4723.07
7257.88 -4723.07
7258.4 -4720.12
7259.23 -4715.19
7260.06 -4710.26
7260.9 -4705.33
7262.56 -4695.47
7262.56 -4695.47
7263.39 -4690.54
7264.23 -4685.61
7265.06 -4680.68
7272.86 -4674.74
7273.7 -4669.81
7274.54 -4664.89
7275.38 -4659.96
7276.22 -4655.03
7277.06 -4650.1
7277.9 -4645.17
7278.74 -4640.24
7279.08 -4638.27
7279.08 -4638.27
7279.08 -4638.27
7279.08 -4638.27
7279.08 -4638.27
7279.08 -4638.27
7279.4 -4630.28
7279.4 -4630.28
7279.78 -4620.28
7279.78 -4620.28
7279.97 -4615.29
7280.16 -4610.29
7280.34 -4605.29
7280.53 -4600.3
7280.72 -4595.3
7280.91 -4590.3
7281.1 -4585.31
7281.29 -4580.31
7281.48 -4575.31
7281.67 -4570.32
7281.86 -4565.32
7282.05 -4560.33
7282.43 -4550.33
7282.43 -4550.33
7282.62 -4545.34
7282.81 -4540.34
7283.19 -4530.35
7283.19 -4530.35
7283.38 -4525.35
7283.57 -4520.35
7283.76 -4515.36
7284.14 -4505.37
7284.14 -4505.37
7284.33 -4500.37
7284.52 -4495.37
7284.71 -4490.38
7284.9 -4485.38
7285.28 -4475.39
7285.28 -4475.39
7285.47 -4470.39
7285.85 -4460.4
7286.04 -4455.4
7286.04 -4455.4
7286.23 -4450.41
7286.42 -4445.41
7286.8 -4435.42
7286.8 -4435.42
7286.99 -4430.42
7287.37 -4420.43
7287.56 -4415.43
7287.75 -4410.43
7287.75 -4410.43
7287.94 -4405.44
7288.13 -4400.44
7288.51 -4390.45
7288.51 -4390.45
7288.69 -4385.45
7288.88 -4380.46
7289.26 -4370.46
7289.26 -4370.46
7289.45 -4365.47
7289.64 -4360.47
7290.02 -4350.48
7290.02 -4350.48
7290.21 -4345.48
7290.59 -4335.49
7290.59 -4335.49
7290.78 -4330.49
7290.97 -4325.5
7291.35 -4315.5
7291.35 -4315.5
7291.54 -4310.51
7291.73 -4305.51
7291.92 -4300.51
7292.3 -4290.52
7292.3 -4290.52
7292.49 -4285.52
7292.68 -4280.53
7292.87 -4275.53
7293.06 -4270.53
7293.25 -4265.54
7293.63 -4255.55
7293.63 -4255.55
7293.82 -4250.55
7294.01 -4245.55
7294.2 -4240.56
7294.58 -4230.56
7294.58 -4230.56
7294.77 -4225.57
7294.96 -4220.57
7295.15 -4215.57
7295.34 -4210.58
7295.53 -4205.58
7295.91 -4195.59
7295.91 -4195.59
7296.1 -4190.59
7296.29 -4185.6
7296.48 -4180.6
7296.67 -4175.6
7296.86 -4170.61
7297.05 -4165.61
7298.33 -4148.53
7298.5 -4143.53
7298.5 -4143.53
7298.68 -4138.53
7298.85 -4133.54
7298.92 -4131.54
7298.92 -4131.54
7298.92 -4131.54
7298.92 -4131.54
7298.92 -4131.54
7298.92 -4131.54
7298.92 -4131.54
7298.92 -4131.54
7298.92 -4131.54
7298.92 -4131.54
7298.92 -4131.54
7298.92 -4131.54
7298.92 -4131.54
7298.92 -4131.54
7298.92 -4131.54
7298 -4128.68
7296.45 -4123.93
7294.9 -4119.17
7293.35 -4114.42
7291.81 -4109.66
7291.81 -4109.66
7289.64 -4103.01
7289.64 -4103.01
7289.64 -4103.01
7289.64 -4103.01
7289.64 -4103.01
7289.64 -4103.01
7289.64 -4103.01
7289.64 -4103.01
7289.64 -4103.01
7289.64 -4103.01
7289.64 -4103.01
7289.64 -4103.01
7289.64 -4103.01
7289.64 -4103.01
7289.64 -4103.01
7282.62 -4103.53
7282.62 -4103.53
7282.62 -4103.53
7282.62 -4103.53
7282.62 -4103.53
7282.62 -4103.53
7282.62 -4103.53
7282.62 -4103.53
7282.62 -4103.53
7282.62 -4103.53
7282.62 -4103.53
7282.62 -4103.53
7282.62 -4103.53
7282.62 -4103.53
7282.62 -4103.53
7282.62 -4103.53
7282.62 -4103.53
7282.62 -4103.53
7282.62 -4103.53
7282.62 -4103.53
7282.62 -4103.53
7282.62 -4103.53
7282.62 -4103.53
7282.62 -4103.53
7282.62 -4103.53
7282.62 -4103.53
7282.62 -4103.53
7282.62 -4103.53
7282.62 -4103.53
7282.62 -4103.53
7282.62 -4103.53
7282.62 -4103.53
7282.62 -4103.53
7282.62 -4103.53
7282.62 -4103.53
7282.62 -4103.53
7282.62 -4103.53
7282.62 -4103.53
7282.62 -4103.53
7284.19 -4100.97
7286.81 -4096.43
7286.25 -4087.95
7286.25 -4087.95
7289.3 -4081.93
7292.24 -4075.85
7295.08 -4069.73
7297.8 -4063.56
7300.42 -4057.33
7305.34 -4044.76
7307.63 -4038.41
7307.63 -4038.41
7311.88 -4025.6
7311.88 -4025.6
7313.83 -4019.14
7315.67 -4012.64
7322.15 -3958.07
7323.46 -3952.98
7324.71 -3947.89
7325.93 -3942.78
7327.1 -3937.66
7328.22 -3932.53
7329.61 -3925.93
7330.94 -3919.31
7332.22 -3912.68
7334.33 -3900.87
7334.33 -3900.87
7335.19 -3895.69
7336 -3890.5
7336.76 -3885.31
7337.48 -3880.11
7337.96 -3876.39
7338.41 -3872.67
7339.16 -3865.96
7339.85 -3859.24
7340.48 -3852.52
7341.57 -3839.07
7341.57 -3839.07
7342.03 -3832.33
7342.43 -3825.59
7342.76 -3818.85
7354.11 -3809.31
7354.29 -3804.06
7354.42 -3798.82
7354.5 -3793.57
7354.55 -3788.32
7354.54 -3783.07
7354.49 -3777.82
7354.25 -3767.32
7354.25 -3767.32
7354.06 -3762.07
7353.83 -3756.83
7353.22 -3746.35
7353.22 -3746.35
7352.85 -3741.11
7352.44 -3735.87
7351.97 -3730.65
7351.46 -3725.42
7350.75 -3718.71
7349.98 -3712
7349.21 -3705.3
7348.44 -3698.59
7347.67 -3691.88
7346.13 -3678.47
7346.13 -3678.47
7345.36 -3671.77
7343.82 -3658.35
7343.82 -3658.35
7343.05 -3651.65
7341.51 -3638.24
7341.51 -3638.24
7340.74 -3631.53
7339.97 -3624.83
7339.2 -3618.12
7337.65 -3604.71
7337.65 -3604.71
7336.83 -3598.01
7335.94 -3591.32
7334.16 -3577.93
7334.16 -3577.93
7333.28 -3571.24
7332.39 -3564.55
7331.5 -3557.86
7330.61 -3551.17
7329.73 -3544.48
7328.84 -3537.79
7327.95 -3531.09
7327.06 -3524.4
7326.18 -3517.71
7324.34 -3504.34
7324.34 -3504.34
7323.34 -3497.66
7321.16 -3484.34
7321.16 -3484.34
7319.98 -3477.69
7317.62 -3464.4
7317.62 -3464.4
7316.44 -3457.75
7315.26 -3451.11
7314.09 -3444.46
7312.91 -3437.82
7311.73 -3431.17
7310.55 -3424.52
7309.37 -3417.88
7308.19 -3411.23
7307.01 -3404.58
7305.84 -3397.94
7304.66 -3391.29
7303.42 -3384.66
7302.13 -3378.03
7300.77 -3371.42
7298.22 -3359.69
7297.08 -3354.57
7295.94 -3349.44
7295.94 -3349.44
7293.66 -3339.19
7293.66 -3339.19
7291.38 -3328.94
7291.38 -3328.94
7289.54 -3325.67
7288.4 -3320.54
7287.26 -3315.42
7285.8 -3308.83
7282.56 -3294.18
7282.56 -3294.18
7280.87 -3286.87
7279.47 -3281.04
7278.07 -3275.21
7275.27 -3263.54
7275.27 -3263.54
7273.86 -3257.7
7272.46 -3251.87
7271.06 -3246.03
7268.26 -3234.37
7268.26 -3234.37
7266.86 -3228.53
7265.11 -3221.24
7263.36 -3213.95
7261.61 -3206.65
7259.86 -3199.36
7258.46 -3193.53
7257.19 -3188.43
7255.87 -3183.35
7254.18 -3176.81
7252.49 -3170.28
7250.8 -3163.74
7249.49 -3158.66
7248.17 -3153.58
7246.48 -3147.04
7244.67 -3139.77
7242.92 -3132.47
7241.17 -3125.18
7239.42 -3117.89
7238.37 -3113.51
7237.35 -3109.13
7235.45 -3100.33
7235.45 -3100.33
7234.55 -3095.92
7233.69 -3091.51
7232.09 -3082.65
7232.09 -3082.65
7231.35 -3078.21
7230.64 -3073.77
7229.35 -3064.86
7229.35 -3064.86
7228.69 -3060.41
7227.98 -3055.96
7227.32 -3051.51
7226.69 -3047.06
7226.1 -3042.6
7225.04 -3033.66
7225.04 -3033.66
7224.57 -3029.18
7224.14 -3024.7
7223.71 -3020.23
7223.28 -3015.75
7222.89 -3011.26
7222.54 -3006.78
7222.22 -3002.29
7221.71 -2993.3
7221.52 -2988.81
7221.36 -2984.31
7221.36 -2984.31
7221.04 -2975.31
7221.04 -2975.31
7220.89 -2970.82
7220.47 -2960.33
7220.47 -2960.33
7220.47 -2960.33
7220.47 -2960.33
7220.35 -2957.33
7220.19 -2951.33
7220.06 -2945.33
7219.88 -2939.33
7219.41 -2927.34
7219.41 -2927.34
7219.2 -2921.35
7219.02 -2915.35
7218.73 -2903.35
7218.62 -2897.35
7218.55 -2891.36
7218.55 -2891.36
7218.49 -2885.36
7218.26 -2870.36
7218.17 -2862.86
7218.1 -2855.36
7218.1 -2855.36
7218.07 -2847.86
7218.07 -2841.86
7217.96 -2826.86
7217.96 -2826.86
7217.96 -2826.86
7213.21 -2826.55
7212.96 -2817.56
7212.96 -2817.56
7212.7 -2808.56
7212.7 -2808.56
7212.7 -2808.56
7212.4 -2799.56
7212.4 -2799.56
7212.15 -2790.57
7212.15 -2790.57
7212.15 -2790.57
7212.06 -2787.57
7211.84 -2781.57
7211.36 -2760.58
7211.36 -2760.58
7211.34 -2747.83
7211.34 -2747.83
7211.34 -2747.83
7211.36 -2744.83
7211.35 -2738.83
7211.52 -2717.83
7211.52 -2717.83
7211.94 -2705.09
7211.94 -2705.09
7211.94 -2705.09
7212.06 -2702.09
7212.24 -2696.09
7212.37 -2687.84
7212.59 -2676.6
7213.06 -2665.36
7213.68 -2655.62
7214.34 -2645.9
7215.05 -2636.17
7215.8 -2626.45
7216.76 -2616.75
7217.93 -2607.07
7219.14 -2597.4
7220.39 -2587.73
7222.09 -2576.6
7224.02 -2565.52
7225.82 -2555.94
7227.75 -2546.38
7229.88 -2536.87
7232.22 -2527.4
7234.69 -2517.97
7237.28 -2508.57
7239.99 -2499.2
7242.82 -2489.88
7245.78 -2480.58
7248.85 -2471.33
7252.13 -2462.15
7255.61 -2453.04
7259.85 -2442.62
7257.6 -2426.86
7261.76 -2418.04
7266.12 -2409.32
7270.63 -2400.68
7276.01 -2390.79
7281.64 -2381.06
7286.74 -2372.75
7291.99 -2364.53
7299.03 -2353.9
7308.08 -2341.01
7319.31 -2325.99
7330.99 -2311.33
7341.07 -2299.23
7349.44 -2289.61
7368.88 -2268.77
7368.88 -2268.77
7382.2 -2255.58
7395.93 -2242.8
7412.16 -2228.33
7428.71 -2214.22
7443.24 -2202.37
7458.03 -2190.84
7475.47 -2177.84
7495.63 -2163.48
7518.58 -2147.88
7544.38 -2131.15
7573.09 -2113.42
7604.13 -2095.17
7636.21 -2077.24
7668.67 -2060.01
7701.5 -2043.5
7774.19 -2009.49
7774.19 -2009.49
7811.88 -1992.74
7849.8 -1976.49
7886.53 -1961.31
7923.46 -1946.61
7961.99 -1931.86
8002.11 -1917.1
8043.25 -1902.97
8084.69 -1889.74
8124.97 -1877.84
8165.4 -1866.48
8204.6 -1849.44
8286.11 -1829.14
8286.11 -1829.14
8325.6 -1820.13
8365.19 -1811.64
8406.37 -1803.37
8447.65 -1795.64
8486.19 -1789.63
8522.66 -1785.08
8559.18 -1781.02
8597.23 -1777.11
8635.31 -1773.54
8708.58 -1767.63
8743.75 -1765.25
8743.75 -1765.25
8790.78 -1777.75
8826 -1776.27
8858.24 -1775.2
8890.48 -1774.4
8924.22 -1773.87
8988.72 -1773.68
8988.72 -1773.68
9016.47 -1773.97
9041.22 -1774.45
9081.62 -1777.09
9081.62 -1777.09
9097.2 -1779.38
9109.73 -1781.73
9119.28 -1783.73
9125.88 -1785.14
9129.54 -1785.93
9146.41 -1805.48
