-0 -0
-0 -0
-0 -0
-0 -0
-0 -0
-0 -0
-0 -0
-0 -0
-0 -0
-0 -0
-0 -0
-0 -0
-0 -0
-0 -0
-0 -0
-0 -0
-0 -0
-0 -0
-0 -0
-0 -0
-0 -0
-0 -0
-0 -0
-0 -0
-0 -0
-0 -0
-0 -0
-0 -0
-0 -0
-0 -0
-0 -0
-0 -0
-0 -0
-0 -0
-0 -0
-0 -0
-0 -0
-0 -0
-0 -0
-0 -0
-0 -0
-0 -0
-0 -0
-0 -0
-0 -0
-0 -0
-3.50632 -8.67844
-3.20505 -8.1365
-2.94077 -7.66096
-2.67734 -7.16086
-2.58123 -7.09186
-3.18619 -8.99751
-2.11359 -6.13831
-1.96221 -5.86443
-1.82351 -5.61218
-1.69718 -5.38278
-1.64751 -5.38878
-1.59986 -5.40103
-1.55956 -5.43882
-1.51471 -5.46186
-1.46647 -5.47294
-1.24163 -4.80104
-1.10147 -4.41776
-1.00382 -4.18119
-1.0197 -4.41682
-1.23241 -5.55903
-1.14788 -5.40035
-1.07439 -5.28081
-0.745491 -3.83522
-0.700149 -3.77767
-0.714389 -4.0515
-0.566773 -3.3869
-0.524681 -3.31271
-0.510238 -3.41408
-0.465117 -3.30948
-0.455145 -3.45717
-0.517944 -4.21832
-0.339383 -2.97873
-0.299892 -2.85328
-0.283416 -2.94339
-0.27149 -3.10315
-0.225334 -2.86315
-0.199992 -2.86002
-0.18516 -3.02734
-0.178152 -3.39933
-0.141501 -3.24091
-0.091646 -2.6244
-0.0628509 -2.40018
-0.0422001 -2.41763
-0.0209088 -2.39591
1.80289e-07 -2.388
0.0214412 -2.45691
0.0438753 -2.51362
0.0638454 -2.43816
0.0836541 -2.39554
0.102637 -2.35076
0.119431 -2.27887
0.137664 -2.25079
0.153325 -2.19265
0.17057 -2.1673
0.182243 -2.08304
0.190254 -1.97586
0.206235 -1.96219
0.221312 -1.94243
0.235452 -1.9176
0.249044 -1.89168
0.260671 -1.85477
0.275221 -1.84155
0.286901 -1.81142
0.297416 -1.77729
0.309615 -1.75591
0.321099 -1.7325
0.334488 -1.72079
0.346302 -1.70213
0.354905 -1.6697
0.370761 -1.6724
0.377018 -1.63304
0.388686 -1.619
0.398445 -1.59808
0.40837 -1.57905
0.420322 -1.56866
0.429452 -1.54855
0.43909 -1.53129
0.449312 -1.51685
0.457854 -1.49757
0.466094 -1.47826
0.475268 -1.46272
0.481669 -1.43956
0.490957 -1.42584
0.501712 -1.41679
0.514056 -1.41236
0.516906 -1.38253
0.525367 -1.36863
0.533259 -1.35376
0.543929 -1.34627
0.55183 -1.33223
0.559136 -1.31724
0.569812 -1.31048
0.574719 -1.29084
0.585132 -1.28396
0.587017 -1.25886
0.594536 -1.24647
0.604075 -1.23854
0.612183 -1.22785
0.615611 -1.2082
0.618281 -1.18771
0.631439 -1.18756
0.640347 -1.17937
0.642857 -1.15975
0.648522 -1.14626
0.6595 -1.14229
0.664875 -1.12873
0.671095 -1.11689
0.673501 -1.09905
0.681476 -1.09059
0.692579 -1.08713
0.690058 -1.0626
0.70096 -1.05903
0.698432 -1.03547
0.71707 -1.04334
0.720986 -1.02967
0.71833 -1.00706
0.738258 -1.01613
0.732822 -0.990352
0.739029 -0.980724
0.740254 -0.964718
0.74926 -0.959009
0.76009 -0.955564
0.765883 -0.945787
0.76075 -0.922863
0.77713 -0.926148
0.77609 -0.908685
0.782678 -0.900369
0.789181 -0.892006
0.794927 -0.882856
0.758688 -0.827963
0.761792 -0.816922
0.75719 -0.797912
0.754399 -0.781203
0.750674 -0.763891
0.747412 -0.747412
0.742494 -0.729647
0.733007 -0.707857
0.727551 -0.69042
0.73501 -0.685408
0.726955 -0.666132
0.727539 -0.655079
0.723491 -0.640091
0.720748 -0.626536
0.719344 -0.614378
0.71855 -0.602935
0.699092 -0.576287
0.711866 -0.576458
0.705913 -0.561508
0.702118 -0.548554
0.700531 -0.537536
0.702001 -0.528995
0.680063 -0.50322
0.679574 -0.49374
0.689556 -0.491855
0.688088 -0.481804
0.680728 -0.467852
0.686443 -0.463012
0.677949 -0.448725
0.684355 -0.444425
0.664592 -0.423392
0.660629 -0.412807
0.676144 -0.414341
0.675448 -0.40585
0.661731 -0.389789
0.664242 -0.3835
0.669303 -0.378674
0.665586 -0.36894
0.649446 -0.35262
0.668391 -0.35539
0.655501 -0.341232
0.652217 -0.332321
0.653302 -0.325724
0.659715 -0.321764
0.648959 -0.309537
0.670668 -0.312738
0.643343 -0.293188
0.642222 -0.285936
0.647444 -0.281517
0.639751 -0.271558
0.642096 -0.265965
0.644393 -0.260352
0.643849 -0.253619
0.658174 -0.252649
0.631317 -0.23604
0.633353 -0.230522
0.640054 -0.226655
0.63728 -0.219433
0.624945 -0.209104
0.624844 -0.203024
0.630407 -0.198766
0.643593 -0.196766
0.622274 -0.184326
0.619053 -0.177511
0.628287 -0.17424
0.626886 -0.167974
0.621551 -0.160744
0.615167 -0.153379
0.625234 -0.150105
0.616776 -0.142394
0.613114 -0.135924
0.624058 -0.132648
0.621272 -0.126399
0.61548 -0.119637
0.605685 -0.112257
0.619444 -0.109225
0.617415 -0.10332
0.608416 -0.0963637
0.6033 -0.0901638
0.611986 -0.0860089
0.619653 -0.0815789
0.614386 -0.0754371
0.601111 -0.068488
0.610636 -0.0641806
0.614159 -0.0591368
0.599709 -0.0524677
0.59516 -0.0468401
0.602529 -0.042133
0.601875 -0.0368123
0.599178 -0.0314015
0.593435 -0.0259099
0.59064 -0.0206256
0.602793 -0.0157848
0.600908 -0.010489
0.585978 -0.00511372
0.596 0
0.595977 0.00520099
0.59291 0.0103492
0.589798 0.0154445
0.595637 0.0208001
0.593435 0.0259099
0.591189 0.0309829
0.587901 0.0359575
0.594548 0.0415749
0.589178 0.0463693
0.586759 0.0513347
0.588279 0.0566448
0.576823 0.0606264
0.588195 0.0670163
0.586595 0.0720248
0.568098 0.0747915
0.583268 0.0819729
0.581541 0.0869119
0.575822 0.0912013
0.562183 0.0940771
0.580052 0.102279
0.576187 0.10679
0.575234 0.111814
0.574236 0.11683
0.577107 0.122668
0.586754 0.13008
0.591443 0.136545
0.564947 0.135632
0.578296 0.144185
0.577016 0.149226
0.581487 0.155809
0.561797 0.1558
0.571951 0.164004
0.582004 0.172397
0.584302 0.178639
0.575091 0.181326
0.587753 0.190972
0.582271 0.194825
0.58433 0.201201
0.577839 0.204624
0.582609 0.212052
0.58542 0.21888
0.586289 0.225055
0.590815 0.232728
0.589689 0.23825
0.578349 0.23956
0.590044 0.250459
0.582333 0.253206
0.588323 0.261938
0.588745 0.268307
0.588194 0.274279
0.582168 0.27768
0.594103 0.289763
0.591552 0.294937
0.594301 0.302812
0.582766 0.303369
0.588926 0.313137
0.59408 0.322559
0.599115 0.332095
0.593583 0.335833
0.601022 0.347
0.598832 0.352739
0.600874 0.361042
0.592585 0.363137
0.593634 0.370943
0.603025 0.384169
0.604681 0.392685
0.599564 0.396843
0.607685 0.409888
0.604084 0.415176
0.613545 0.429609
0.597561 0.426236
0.614853 0.446717
0.609324 0.450876
0.610158 0.459787
0.609295 0.467529
0.615436 0.480832
0.612782 0.487429
0.6155 0.498422
0.613442 0.505682
0.625092 0.524515
0.622012 0.531249
0.62339 0.541905
0.617888 0.546661
0.636132 0.572776
0.634059 0.581007
0.637009 0.594021
0.644132 0.611259
0.634458 0.612689
0.63622 0.625211
0.641346 0.641346
0.646939 0.65833
0.63978 0.662512
0.647742 0.682577
0.654718 0.7021
0.656674 0.716634
0.658424 0.731255
0.66262 0.748956
0.663932 0.763766
0.665684 0.779416
0.674927 0.804347
0.673607 0.81715
0.678407 0.837763
0.679164 0.853825
0.686463 0.878632
0.684857 0.892523
0.681856 0.904854
0.696538 0.941316
0.703579 0.968393
0.711361 0.997291
0.716971 1.02394
0.726133 1.05653
0.730306 1.08272
0.729109 1.10156
0 0
0 0
0 0
0 0
0 0
0 0
0 0
0 0
0 0
0 0
0 0
0 0
0 0
0 0
0 0
0 0
0 0
0 0
0 0
0 0
0 0
0 0
0 0
3.49935 8.88363
3.40378 8.86715
3.28529 8.78692
3.20952 8.81808
3.12844 8.83444
3.05741 8.87936
2.98012 8.90666
2.90909 8.95325
2.82724 8.96685
2.72754 8.92137
2.55955 8.64088
2.22798 7.76988
2.12374 7.65797
2.0426 7.62309
1.95597 7.56317
1.87417 7.51688
1.78656 7.44155
1.7085 7.40034
1.62784 7.34272
1.55019 7.29307
1.47592 7.25438
1.40264 7.21594
1.33433 7.19939
1.27493 7.23046
1.21492 7.26005
1.15636 7.30099
1.09482 7.32564
1.03628 7.37354
0.973987 7.39816
0.911827 7.42623
0.850044 7.46073
0.789294 7.50963
0.726128 7.54112
0.663604 7.58503
0.600448 7.62941
0.534404 7.64234
0.468914 7.66667
0.404348 7.71541
0.339054 7.7656
0.272112 7.79225
0.205122 7.83331
0.137315 7.8668
0.0690358 7.9107
5.99302e-07 7.938
-0.0696193 7.9777
-0.139812 8.00978
-0.211065 8.06024
-0.282755 8.09706
-0.355192 8.13525
-0.427427 8.15581
-0.50127 8.19569
-0.575282 8.22691
-0.650898 8.27043
-0.72627 8.30129
-0.804626 8.35635
-0.881802 8.38979
-0.959397 8.42052
-1.03601 8.43764
-1.09851 8.344
-1.15681 8.23111
-1.21351 8.11982
-1.26931 8.0141
-1.3222 7.90113
-1.37755 7.81248
-1.42927 7.71167
-1.48201 7.6243
-1.53015 7.52092
-1.57805 7.42414
-1.62762 7.34175
-1.67453 7.25321
-1.72166 7.17123
-1.77087 7.10257
-1.81425 7.0152
-1.85651 6.92859
-1.90194 6.85816
-1.94848 6.79516
-1.99407 6.73187
-2.03344 6.6511
-2.08449 6.61117
-2.10379 6.47479
-2.16402 6.46757
-2.20475 6.40305
-2.24552 6.34115
-2.28504 6.27809
-2.30612 6.16799
-2.36559 6.16256
-2.40132 6.0961
-2.44805 6.05915
-2.48323 5.99505
-2.51787 5.93173
-2.52607 5.80958
-2.58969 5.81654
-2.57483 5.64995
-2.66292 5.71065
-2.69672 5.65379
-2.73018 5.59769
-2.76598 5.5477
-2.81111 5.51711
-2.84529 5.46576
-2.84077 5.34272
-2.82955 5.21139
-2.94619 5.31506
-2.98163 5.27
-3.012 5.21694
-3.05487 5.18615
-3.0995 5.15843
-3.14649 5.1346
-3.16733 5.06878
-3.05777 4.79974
-3.13549 4.82823
-3.29727 4.98163
-3.3272 4.93277
-3.35482 4.8813
-3.41852 4.88215
-3.4517 4.8391
-0 0
-0 0
-0 0
-0 0
-0 0
-0 0
-0 0
-0 0
-0 0
-0 0
-0 0
-0 0
-0 0
-0 0
-0 0
-0 0
-0 0
-0 0
-0 0
0 0
0 0
0 0
0 0
0 0
0 0
0 0
0 0
0 0
0 0
0 0
0 0
0 0
0 0
0 0
0 0
0 0
0 0
0 0
0 0
0 0
0 0
0 0
0 0
0 0
0 0
0 0
0 0
0 0
42.628 13.5744
1.90482