23681.1 -5304.65
23681.1 -5304.65
23681.1 -5304.65
23681.1 -5304.65
23681 -5313.65
23681 -5313.65
23681.3 -5328.65
23681.3 -5328.65
23681.4 -5331.65
23681.4 -5331.65
23681.4 -5331.65
23681.4 -5331.65
23681.4 -5334.65
23681.7 -5340.64
23682.2 -5349.63
23682.9 -5361.6
23683.7 -5375.08
23684.6 -5388.55
23685.6 -5402.01
23686.6 -5413.97
23687.8 -5425.92
23689.3 -5440.84
23692.6 -5467.64
23692.6 -5467.64
23694.5 -5479.48
23696.8 -5492.78
23699.2 -5506.07
23701.9 -5520.83
23704.6 -5535.57
23707.2 -5548.83
23709.8 -5562.08
23712.4 -5575.31
23715.2 -5588.54
23717.9 -5601.75
23721.1 -5616.42
23724.4 -5631.8
23727.9 -5647.18
23731.2 -5662.56
23734.5 -5677.96
23737.8 -5693.38
23740.9 -5708.81
23744.3 -5725.72
23747.8 -5743.38
23751.2 -5761.06
23754.6 -5778.73
23757.9 -5794.9
23761.2 -5811.07
23764.6 -5827.22
23768 -5843.35
23771.4 -5859.5
23774.4 -5874.19
23776.4 -5885.2
23779.2 -5899.92
23782.1 -5914.66
23787.6 -5944.14
23787.6 -5944.14
23790.2 -5957.39
23792.8 -5970.63
23795.5 -5983.85
23798.3 -5997.07
23801.1 -6010.27
23803.9 -6023.48
23806.6 -6036.71
23809.5 -6051.42
23812.4 -6066.9
23817.6 -6097.98
23817.6 -6097.98
23821.5 -6126.21
23821.5 -6126.21
23823.2 -6140.36
23824.7 -6154.53
23826 -6168.71
23827.2 -6184.42
23828.4 -6200.12
23829.4 -6214.34
23830.4 -6228.55
23831.1 -6239.78
23831.7 -6249.51
23832.4 -6259.24
23833.1 -6268.96
23833.8 -6278.69
23834.5 -6288.41
23835.1 -6298.14
23835.6 -6307.88
23831.5 -6318.69
23831.9 -6328.43
23832.4 -6341.17
23832.8 -6353.92
23833.1 -6366.66
23833.4 -6379.41
23833.6 -6390.66
23833.8 -6401.16
23833.8 -6410.91
23833.4 -6431.9
23833.4 -6431.9
23833.1 -6443.15
23832.7 -6454.39
23832.3 -6465.63
23831.9 -6475.37
23831.4 -6485.11
23830.9 -6494.85
23830.4 -6504.59
23829.8 -6514.32
23829.2 -6524.05
23827.8 -6543.5
23827 -6553.22
23827 -6553.22
23825.4 -6572.65
23825.4 -6572.65
23824.5 -6582.36
23823.6 -6592.07
23821.6 -6611.47
23821.6 -6611.47
23819.5 -6630.85
23818.4 -6640.53
23818.4 -6640.53
23817.2 -6650.21
23814.7 -6669.56
23814.7 -6669.56
23812.3 -6687.39
23812.3 -6687.39
23811.1 -6695.56
23809.9 -6703.72
23808.6 -6711.87
23807.4 -6720.02
23806 -6728.17
23804.7 -6736.31
23803.3 -6744.44
23801.9 -6752.56
23800.4 -6760.68
23798.9 -6768.8
23801.6 -6783.19
23800.1 -6791.31
23798.6 -6799.42
23797 -6807.52
23795.7 -6814.14
23793.6 -6824.43
23793.6 -6824.43
