-785.419 -7841.55
-723.458 -7903
-660.963 -7963.9
-597.937 -8024.27
-534.389 -8084.07
-470.321 -8143.32
-405.739 -8202.01
-340.647 -8260.14
-275.048 -8317.69
-208.951 -8374.67
-142.36 -8431.07
-75.2796 -8486.88
-7.71392 -8542.11
60.3324 -8596.75
128.852 -8650.79
197.84 -8704.23
267.291 -8757.07
337.204 -8809.3
407.567 -8860.92
5548.35 -1807.46
5574.05 -1790.12
5600.53 -1770.76
5615.98 -1766.76
5637.39 -1753.41
5647.07 -1757.36
5665.36 -1747.73
5677.61 -1747.19
5696.6 -1735.42
5711.21 -1730.25
5721.12 -1732.66
5737.03 -1724.57
5752.75 -1716.29
5756.64 -1728.78
5772.65 -1719.32
5779.53 -1726.42
5798.04 -1711.3
5810.34 -1707.52
5819.41 -1709.86
5831.56 -1705.81
5843.17 -1702.54
5855.54 -1697.31
5865.29 -1697.41
5874.6 -1698.31
5883.9 -1699.13
5899.82 -1684.2
5908.18 -1686.63
5917.3 -1687.12
5927.86 -1683.8
5935.83 -1686.9
5946.63 -1682.44
5955.96 -1681.62
5963.58 -1685.42
5975.14 -1677.81
5984.01 -1677.65
5995.33 -1669.8
6005.28 -1665.64
6013.96 -1665.2
6022.9 -1663.71
6031.52 -1663.1
6039.31 -1665.3
6049.19 -1659.7
6060.45 -1648.19
6071.49 -1636.56
6077.41 -1645.21
6084.59 -1648.96
6094.2 -1641.91
6103.25 -1636.71
6109.41 -1645.14
6117.6 -1643.72
6128.32 -1628.45
6136.84 -1623.9
6142.96 -1633.07
6150.79 -1632.32
6159.93 -1622.6
6167.36 -1623.67
6175.06 -1622.7
6181.39 -1632.58
6188.9 -1633.47
6199.35 -1606.45
6205.77 -1616.15
6213.32 -1614.83
6220.36 -1619.44
6228.39 -1611.01
6235.77 -1610.49
6243.09 -1610.91
6250.06 -1619.25
6257.98 -1604.56
6265.54 -1593.78
6272.5 -1605.94
6279.86 -1596.04
6287.05 -1602.07
6294.24 -1596.04
6301.47 -1597.95
6308.6 -1594.79
6315.4 -1583.58
6322.95 -1594.29
6329.97 -1590.96
6336.57 -1581.57
6343.35 -1577.12
6350.45 -1577.59
6357.39 -1576.02
6364.5 -1576.37
6371.93 -1579.64
6378.3 -1572.91
6386.26 -1580.03
6394.09 -1585.08
6399.23 -1570.25
6404.87 -1560.34
6413.3 -1569.16
6418.77 -1559.16
6426.33 -1561.92
6434.85 -1569.52
6441.23 -1565.26
6446.96 -1558.01
6452.56 -1550.71
6459.78 -1551.19
6465.23 -1543.81
6471.95 -1542.23
6480.36 -1547.38
6491.87 -1564.06
6504.46 -1583.5
6504.06 -1554.59
6521.35 -1589.2
6526.2 -1579.45
6535.57 -1584.99
6543.86 -1586.6
6552.81 -1590.04
6558.35 -1582.95
6566.07 -1582.44
6574.8 -1584.69
6587.01 -1596.25
6607.14 -1628.26
6622.48 -1645.98
6638.15 -1663.49
6652.28 -1676.16
6674.69 -1708.05
7715.78 -4139.6
7325.44 -3161.25
7294.62 -3036.06
7316 -3030.83
7333.98 -3018.14
7340.2 -2980.93
7369.95 -2993.23
7400.89 -3006.97
7474.81 -3104.1
7514.04 -3130.02
7496.56 -3047.7
7517.8 -3039.7
7533.18 -3021
7544.88 -2996.11
7566.74 -2989.38
7585.53 -2977.27
7599.58 -2957.29
7623.82 -2954.28
7629.57 -2921.33
7654.18 -2918.81
7668.51 -2900.09
7682.06 -2880.45
7700.41 -2868.2
7796.22 -2968.71
7872.1 -3036.56
7865.09 -2985.19
12163.3 -8863.56
10192.3 -6051.88
10427.1 -6268.41
10854.7 -6727.22
10782.1 -6527.92
10927.4 -6608.24
10781.9 -6325.01
10886.7 -6354.27
10887.7 -6257.22
10995.8 -6287.59
11240.5 -6472.75
11266.2 -6402.34
11508.5 -6573.49
11495.4 -6458.39
11595.3 -6466.85
11661.3 -6437.73
11696 -6375.51
11738.4 -6321.67
11728.6 -6215.9
11869.3 -6260.04
11923.5 -6217.38
11980.9 -6177.62
12034.5 -6133.87
11821.6 -5845.65
11654.6 -5607.08
11811.2 -5661.46
12190.9 -5906.4
12088 -5728.66
12026.1 -5589.77
11816.4 -5332.09
11273.3 -4811.54
11278.6 -4744.21
11228 -4634
10963.2 -4361.77
10778 -4157.69
10574.3 -3945.82
10410.9 -3769.53
10260.3 -3607.38
10119.4 -3456.7
9963.92 -3300.2
9969.27 -3256.83
9997.48 -3229.02
9826.75 -3071.79
9613.94 -2892.47
9449.17 -2748.85
9372.52 -2663.69
9293.78 -2579.5
9223.28 -2502.42
9158.61 -2430.72
9092.04 -2359.78
9033.2 -2294.99
8978.73 -2234.21
9001.1 -2215.84
9017.14 -2193.95
9028.55 -2169.62
9038.85 -2144.75
9075.89 -2132.96
9091.27 -2110.3
9106.47 -2087.47
9134.22 -2070.29
9156.4 -2050.28
9194.04 -2036.76
9216.01 -2016.04
9226.75 -1990.43
9239.12 -1965.48
9267.1 -1946.64
9284.71 -1923.46
9294.64 -1897.26
9248.91 -1850.78
9210.14 -1807.86
9165.17 -1763.75
9131.05 -1724.31
9089.8 -1683.37
9032.8 -1638.42
8998.18 -1601.55
8995.72 -1575.02
9000.71 -1550.81
9033.41 -1534.32
9009.05 -1502.03
8997.89 -1473.74
8960.25 -1439.17
8930 -1407.17
8901.34 -1376.2
8872.34 -1345.78
8846.93 -1316.75
8806.51 -1285.21
7536.8 -1015.25
7405.15 -979.523
7386.24 -966.109
7374.09 -954.197
7353.9 -941.26
7343.47 -930.168
7335.9 -919.69
7329.22 -909.488
7322.44 -899.413
7323.51 -890.374
7315.55 -880.384
7298.54 -869.677
7304.33 -861.285
7310.06 -852.799
7322.69 -844.711
7334.27 -836.346
7309.82 -825.892
7334.23 -818.019
7342.59 -809.162
7357.87 -800.347
7370.07 -791.215
7397.19 -782.006
7398.24 -772.32
7400.2 -762.608
7419.07 -752.569
7422.86 -742.589
7435.55 -732.229
7440.15 -721.993
7470.63 -710.318
7488.01 -698.899
7489.32 -688.284
7501.51 -676.78
7518.56 -664.623
7526.53 -653.021
7538.38 -640.855
7550.1 -628.473
7557.73 -616.363
7608.87 -598.376
7603.35 -587.405
7617.51 -573.566
7629.56 -559.778
7649.35 -544.446
7666.02 -529.273
7662.87 -517.432
7707.72 -496.289
7719.95 -480.917
7613.67 -490.44
7512.55 -500.714
7499.42 -492.504
7487.21 -484.269
7484.65 -473.808
7482 -463.37
7460.91 -457.869
7459.09 -447.372
7457.17 -436.883
7446.53 -428.956
7431.06 -422.651
7432.73 -411.18
7420.98 -403.977
7422.47 -392.512
7451.26 -371.558
7471.29 -353.075
7520.22 -323.617
7669.88 -255.475
7721.34 -221.94
7705.32 -213.841
7693.91 -204.109
7680.58 -195.297
7669.05 -185.894
7670.3 -171.068
7667.74 -157.802
7652.32 -150.338
7634.15 -144.363
7625.01 -134.354
7617.6 -123.58
7608.31 -113.779
7608.75 -99.0997
7601.94 -88.0547
7594.16 -77.5465
7590.68 -64.737
7563.47 -65.0201
7557.25 -53.91
7549.2 -43.8543
7535.91 -36.9279
7539.73 -19.8814
7528.85 -11.5917
7522.17 -0.785747
7509.49 6.20179
7499.3 14.6606
7495.72 27.4146
7480.41 32.3399
7465.92 37.6254
7466.18 53.0409
7457.31 62.1368
7451.61 73.4908
7444.18 83.6194
7428.68 87.6666
7420.34 96.986
7407.2 102.533
7397.18 110.406
7393.32 123.204
7378.52 127.099
7380.59 144.942
7374.07 155.747
7365.18 164.54
7350.97 168.611
7340.49 175.851
7332.91 185.681
7334.76 204.316
7316.04 203.785
7306.05 211.337
7307.41 230
7288.02 228.261
7280.66 238.382
7274.58 249.89
7272.51 265.719
7254.55 264.772
7246.81 274.648
7238.31 283.725
7239 303.216
7234.18 316.763
7214.25 312.82
7209.89 326.996
7197.08 331.148
7193.08 346.039
7183.91 354.684
7178.36 367.981
7172.64 381.266
7166.15 393.74
7151.18 394.936
7141.56 403.239
7135.33 416.348
7124.93 423.703
7116.16 433.44
7111.21 448.917
7096.1 449.391
7096.31 473.174
7075.74 465.008
7067.03 475.233
7059.25 487.106
7050.81 498.08
7042.24 509.002
7039.03 529.397
7030.6 541.129
7016.69 543.194
7004.71 548.63
6993.15 554.841
6982.93 563.612
6973.52 574.086
6963.53 583.603
6953.87 593.947
6947.95 612.347
6936.69 619.872
6924.11 624.577
6916.78 641.043
6902.43 641.898
6899.84 670.223
6883.02 665.352
6876.07 684.403
6863.34 689.486
6850.57 694.458
6848.96 729.289
6831.39 721.919
6818.33 726.61
6808.81 741.588
6803.84 770.736
6787.88 767.578
6779.55 788.1
6766.79 795.205
6752.53 797.413
6742.95 815.832
6728.27 816.857
6715.17 823.543
6706.74 848.515
6696.21 866.667
6686.34 888.648
6695.02 992.422
6683.51 1013.49
6667.08 1012.96
6653.68 1026.99
6639.5 1037.97
6625.7 1051.79
6612.2 1068.46
6598.94 1087.99
6583.32 1094.59
6570.28 1118.86
6557.67 1148.99
6541.55 1156.23
6525.32 1163.34
6510.24 1181.24
6494.86 1199.03
6477.94 1203.75
6462.44 1225.26
6446.89 1250.64
6430.07 1263.93
6413.34 1282.06
6396.41 1302.06
6379.01 1318.92
6361.53 1341.62
6343.26 1349.19
6325.33 1382.59
6306.65 1395.84
6287.73 1415.93
6268.37 1447.85
6248.65 1467.6
6228.46 1492.17
6208.32 1502.56
6187.26 1529.76
6166.71 1537.79
6143.88 1580.57
6122.38 1593.19
6098.85 1628.55
6075.91 1649.73
6051.82 1678.65
6032.74 1654.62
6012.7 1642.37
5992.25 1634.92
5968.39 1654.07
5945.01 1667.04
5917.83 1703.52
5890.93 1733.78
5866.44 1746.01
5835.29 1794.44
5808.91 1812.03
5777.8 1851.93
5750.34 1869.93
5714.01 1927.75
5681.61 1962.67
5645.18 2011.85
5613.45 2037.26
5580.26 2066.2
5545.76 2097.69
5505.23 2149.07
5466.41 2190.31
5425.45 2235.91
5399.51 2227.32
5430.93 2031.05
5312.45 2322.01
5250.9 2419.91
5197.08 2488.51
5148.82 2536.56
5103.98 2571.75
5044.08 2645.87
4987 2707.96
4924.45 2780.51
4866.03 2838.27
4802.38 2905.48
4736.68 2973.69
4664.61 3052.99
4593.43 3125.82
4557.45 3115.45
4571.26 2995.56
4346.25 3392.85
4252.74 3495.81
4155.99 3600.14
4060.38 3696.84
3947.95 3821.59
3836.41 3938.51
5016.45 1619.24
4934.58 1720.56
4888.16 1753.27
3313.69 4486.42
3156.96 4652.55
2989.5 4829.26
2804.31 5027.45
4275.31 2512.75
4612.24 1909.83
4722.64 1685.08
4707.79 1661.27
4677.79 1660.74
4661.65 1639.14
4640.1 1625.68
4613.51 1619.41
4595.02 1601.46
411.208 7319.42
340.821 7267.84
270.888 7215.64
201.412 7162.83
132.4 7109.42
63.8524 7055.41
-4.21704 7000.8
-71.8076 6945.61
-138.913 6889.82
-205.53 6833.45
-271.652 6776.5
-337.275 6718.98
-402.394 6660.88
-467.002 6602.22
-531.096 6543
-594.675 6483.22
-657.726 6422.89
-720.249 6362.01
-782.237 6300.59
