7734.23 -6174.07
7731.8 -6140.36
7729.98 -6109
7728.19 -6078.77
7726.1 -6049.01
7734.64 -6039.39
7733.84 -6013.4
7731.36 -5985.32
7731.22 -5962.1
7728.48 -5935.23
7729.04 -5914.56
7726.04 -5888.76
7727.31 -5870.42
7724.05 -5845.58
7733.49 -5840.66
7722.52 -5805.44
7732.2 -5801.34
7721.48 -5768.06
7731.4 -5764.72
7720.95 -5733.25
7731.13 -5730.59
7720.97 -5700.81
7726.1 -5691.83
7721.55 -5670.57
7727.54 -5663.1
7722.73 -5642.36
7713.34 -5616.6
7724.54 -5616.07
7720.54 -5597.56
7732.07 -5597.36
7726.34 -5577.45
7720.18 -5557.56
7731.62 -5557.36
7724.88 -5537.47
7717.68 -5517.6
7729.03 -5517.4
7721.23 -5497.53
7732.63 -5497.33
7724.2 -5477.48
7735.65 -5477.28
7734.81 -5465.24
7734.62 -5454.01
7734.42 -5442.97
7734.23 -5432.11
7734.05 -5421.43
7733.87 -5410.91
7733.69 -5400.56
7733.51 -5390.37
7733.33 -5380.33
7733.16 -5370.44
7732.99 -5360.69
7732.83 -5351.09
7732.66 -5341.62
7732.5 -5332.27
7732.34 -5323.06
7732.18 -5313.97
7732.02 -5304.99
7731.87 -5296.14
7731.72 -5287.39
7731.57 -5278.75
7731.42 -5270.22
7731.27 -5261.79
7731.13 -5253.45
7730.98 -5245.21
7751.06 -5249.44
7771.13 -5253.27
7770.98 -5244.82
7791.04 -5248.1
7811.1 -5251
7810.95 -5242.34
7830.99 -5244.72
7851.03 -5246.72
7871.06 -5248.35
7891.09 -5249.61
7890.93 -5240.47
7910.94 -5241.23
7930.95 -5241.63
7950.96 -5241.68
7970.95 -5241.38
7990.95 -5240.73
8010.93 -5239.73
8030.91 -5238.4
8050.89 -5236.72
8091 -5242.81
8110.96 -5240.26
8151.05 -5245.07
8170.99 -5241.65
8190.93 -5237.9
8230.99 -5240.92
8230.79 -5229.42
8230.59 -5217.98
8230.39 -5206.62
8230.19 -5195.33
8230 -5184.1
8229.8 -5172.93
8229.61 -5161.83
8229.42 -5150.78
8229.23 -5139.79
8229.04 -5128.86
8228.85 -5117.97
8228.66 -5107.14
8228.47 -5096.36
8228.28 -5085.62
8228.1 -5074.93
8227.91 -5064.28
8227.73 -5053.68
8227.55 -5043.11
8227.36 -5032.58
8227.18 -5022.08
8227 -5011.62
8226.82 -5001.19
8226.64 -4990.79
8226.46 -4980.42
8226.28 -4970.07
8226.1 -4959.75
8225.92 -4949.46
8225.74 -4939.18
8225.56 -4928.93
8225.38 -4918.7
8225.2 -4908.48
8225.03 -4898.27
8224.85 -4888.08
8224.67 -4877.91
8224.5 -4867.74
8224.32 -4857.58
8224.14 -4847.43
8223.97 -4837.29
8223.79 -4827.15
8223.61 -4817.01
8223.44 -4806.88
8223.26 -4796.74
8223.08 -4786.6
8222.91 -4776.46
8222.73 -4766.32
8222.55 -4756.16
8222.38 -4746
8222.2 -4735.83
8222.02 -4725.65
8221.85 -4715.46
8221.67 -4705.25
8181.57 -4699.64
8101.55 -4699.69
8041.52 -4698.47
7941.61 -4703.98
7901.57 -4702.19
7841.6 -4704.3
7801.59 -4704.08
7741.65 -4708.11
7721.6 -4705.74
7721.5 -4699.8
7721.4 -4693.84
7721.29 -4687.86
7721.19 -4681.86
7721.08 -4675.84
7720.98 -4669.8
7720.87 -4663.73
7720.77 -4657.64
7720.66 -4651.52
7720.55 -4645.37
7720.45 -4639.2
7720.34 -4633
7720.23 -4626.77
7720.12 -4620.5
7720.01 -4614.21
7719.9 -4607.88
7719.79 -4601.51
7719.68 -4595.11
7719.57 -4588.67
7719.45 -4582.19
7719.34 -4575.67
7719.23 -4569.11
7719.11 -4562.5
7719 -4555.85
7718.88 -4549.16
7718.76 -4542.41
7718.64 -4535.62
7718.52 -4528.78
7718.41 -4521.88
7718.28 -4514.93
7718.16 -4507.92
7718.04 -4500.86
7717.92 -4493.74
7717.79 -4486.55
7717.66 -4479.3
7717.54 -4471.99
7717.41 -4464.61
7717.28 -4457.16
7717.15 -4449.64
7717.02 -4442.04
7716.88 -4434.37
7716.75 -4426.62
7716.61 -4418.79
7716.47 -4410.88
7716.34 -4402.88
7716.19 -4394.8
7716.05 -4386.62
7715.91 -4378.35
7715.76 -4369.98
7715.62 -4361.51
7715.47 -4352.94
7715.32 -4344.26
7715.16 -4335.48
7715.01 -4326.58
7714.85 -4317.56
7714.69 -4308.43
7714.53 -4299.17
7714.37 -4289.78
7709.33 -4284.37
7709.16 -4274.79
7708.99 -4265.06
7708.82 -4255.2
7708.65 -4245.18
7708.47 -4235.01
7708.29 -4224.68
7708.11 -4214.18
7707.92 -4203.52
7707.73 -4192.67
7707.54 -4181.65
7707.35 -4170.44
7704.44 -4161.85
7695.44 -4159.61
7705.44 -4136.99
7697.51 -4133.46
7688.94 -4130.71
7700.12 -4105.6
7691.8 -4102.34
7703.22 -4075.94
7695.15 -4072.13
7703.84 -4047.95
7698.95 -4039.96
7691.22 -4035.46
7703.16 -4005.68
7695.63 -4000.53
7688.2 -3995.26
7700.41 -3963.31
7693.17 -3957.3
7686.01 -3951.15
7698.46 -3916.81
7691.46 -3909.83
7698.12 -3882.44
7697.21 -3865.71
7690.44 -3857.61
7696.55 -3829.07
7696.58 -3809.42
7690.02 -3800.03
7695.58 -3770.17
7696.51 -3747.26
7690.13 -3736.38
7695.15 -3704.97
7688.65 -3693.42
7690.69 -3665.76
7684.51 -3652.73
7938.6 -3135.73
7919.77 -3136.06
7901.11 -3136.38
7882.63 -3136.7
7864.3 -3137.02
7846.13 -3137.34
7828.12 -3137.65
7810.25 -3137.96
7792.53 -3138.27
7774.94 -3138.58
7757.5 -3138.88
7740.18 -3139.18
7722.99 -3139.48
7705.92 -3139.78
7688.97 -3140.07
7672.14 -3140.37
7655.42 -3140.66
7638.8 -3140.95
7635.61 -3100.99
7644.67 -3020.82
7627.19 -3021.13
7609.82 -3021.43
7592.54 -3021.73
7575.35 -3022.03
7574.76 -2962.03
8040.72 -1133.65
8006.1 -1134.26
7971.64 -1134.85
7937.34 -1135.45
7903.19 -1136.04
7869.19 -1136.64
7835.33 -1137.22
7801.6 -1137.81
7768 -1138.4
7734.53 -1138.98
7701.17 -1139.56
7667.92 -1140.14
7634.78 -1140.71
7601.73 -1141.29
7568.79 -1141.86
7535.93 -1142.43
7503.15 -1143
7470.45 -1143.57
7437.83 -1144.14
7405.27 -1144.7
7372.78 -1145.27
7340.34 -1145.83
7307.96 -1146.4
7275.62 -1146.96
7243.33 -1147.52
7211.07 -1148.08
7178.85 -1148.64
7146.65 -1149.2
7114.48 -1149.76
7082.32 -1150.32
7050.17 -1150.88
7018.04 -1151.44
6985.9 -1152
6953.77 -1152.56
6921.63 -1153.12
6889.47 -1153.67
6857.3 -1154.23
6825.11 -1154.79
6792.89 -1155.35
6760.63 -1155.92
6728.35 -1156.48
6696.02 -1157.04
6663.64 -1157.6
6631.21 -1158.17
6598.73 -1158.73
6566.18 -1159.3
6801.32 -3013.15
6800.44 -3113.18
6804.55 -3233.13
6803.93 -3313.15
6808.3 -3413.09
6806.88 -3473.12
6810.45 -3553.07
6811.29 -3613.07
6808.87 -3653.12
6811.63 -3713.08
6815.46 -3773.02
6815.47 -3813.03
6816.19 -3853.02
6807.13 -3853.18
6798.04 -3853.33
6788.9 -3853.49
6779.73 -3853.65
6770.51 -3853.81
6761.24 -3853.97
6758.29 -3874.03
6755.67 -3894.08
6753.39 -3914.12
6758.38 -3954.04
6756.96 -3974.07
6755.88 -3994.09
6762.67 -4033.98
6762.48 -4053.98
6762.63 -4073.98
6763.14 -4093.98
6763.99 -4113.97
6756.68 -4114.09
6758.04 -4134.07
6759.76 -4154.05
6761.84 -4174.01
6764.28 -4193.97
6757.53 -4194.09
6760.5 -4214.04
6763.84 -4233.99
6767.56 -4253.93
6761.24 -4254.04
6765.5 -4273.96
6759.28 -4274.07
6764.1 -4293.99
6769.31 -4313.9
6763.37 -4314.01
6769.15 -4333.91
6763.33 -4334.01
6769.69 -4353.9
6763.98 -4354
6770.94 -4373.88
6765.35 -4373.98
6759.69 -4374.08
6767.44 -4393.95
6761.91 -4394.04
6770.29 -4413.9
6764.88 -4414
6759.41 -4414.09
6768.62 -4433.93
6763.28 -4434.03
6773.16 -4453.86
6767.95 -4453.95
6762.67 -4454.04
6773.45 -4473.86
6768.31 -4473.95
6763.1 -4474.04
6774.8 -4493.84
6769.74 -4493.92
6764.59 -4494.01
6759.37 -4494.1
6772.29 -4513.88
6767.22 -4513.97
6762.07 -4514.06
6776.01 -4533.82
6771.03 -4533.91
6765.96 -4534
6760.8 -4534.09
6758.52 -4537.02
6758.61 -4542.16
6758.7 -4547.23
6758.79 -4552.2
6758.87 -4557.1
6758.96 -4561.92
6759.04 -4566.66
6759.12 -4571.33
6759.2 -4575.92
6759.28 -4580.45
6759.36 -4584.92
6759.43 -4589.31
6759.51 -4593.65
6759.58 -4597.92
6759.66 -4602.14
6759.73 -4606.3
6759.8 -4610.41
6759.87 -4614.46
6759.94 -4618.46
6760.01 -4622.41
6760.08 -4626.31
6760.14 -4630.17
6760.21 -4633.98
6760.27 -4637.75
6760.34 -4641.47
6760.4 -4645.15
6760.47 -4648.79
6760.53 -4652.39
6760.59 -4655.96
6760.65 -4659.49
6760.71 -4662.98
6760.77 -4666.43
6760.83 -4669.86
6760.89 -4673.25
6760.95 -4676.61
6761.01 -4679.94
6761.07 -4683.24
6761.12 -4686.51
6761.18 -4689.75
6761.24 -4692.96
6761.29 -4696.15
6761.35 -4699.31
6761.4 -4702.45
6761.45 -4705.57
6761.51 -4708.66
6761.56 -4711.72
6761.61 -4714.77
6761.67 -4717.8
6761.72 -4720.8
6761.77 -4723.79
6761.82 -4726.75
6761.87 -4729.7
6761.92 -4732.63
6761.98 -4735.54
6762.03 -4738.44
6762.08 -4741.32
6762.13 -4744.18
6762.18 -4747.03
6762.22 -4749.87
6762.27 -4752.69
6762.32 -4755.5
6762.37 -4758.29
6762.42 -4761.07
6762.47 -4763.84
6762.52 -4766.6
6762.56 -4769.35
6762.61 -4772.09
6762.66 -4774.82
6762.71 -4777.54
6762.75 -4780.25
6762.8 -4782.95
6762.85 -4785.64
6762.89 -4788.33
6762.94 -4791.01
6762.99 -4793.68
6763.03 -4796.34
6763.08 -4799
6763.13 -4801.66
6763.17 -4804.31
6763.22 -4806.95
6763.26 -4809.59
6763.31 -4812.23
6763.36 -4814.86
6763.4 -4817.49
6763.45 -4820.12
6763.49 -4822.75
6763.54 -4825.37
6763.58 -4828
6763.63 -4830.62
6763.67 -4833.24
6763.72 -4835.86
6763.77 -4838.48
6763.81 -4841.1
6763.86 -4843.73
6763.9 -4846.35
6763.95 -4848.98
6763.99 -4851.61
6764.04 -4854.24
6764.09 -4856.87
6764.13 -4859.51
6764.18 -4862.15
6764.22 -4864.8
6764.27 -4867.45
6764.32 -4870.11
6764.36 -4872.77
6764.41 -4875.44
6764.46 -4878.11
6764.5 -4880.79
6764.55 -4883.48
6764.6 -4886.18
6764.64 -4888.88
6764.69 -4891.6
6764.74 -4894.32
6764.78 -4897.05
6764.83 -4899.79
6764.88 -4902.54
6764.93 -4905.31
6764.98 -4908.08
6765.02 -4910.87
6765.07 -4913.67
6765.12 -4916.48
6765.17 -4919.31
6765.22 -4922.15
6765.27 -4925
6765.32 -4927.87
6765.37 -4930.76
6765.42 -4933.66
6765.47 -4936.58
6765.52 -4939.51
6765.57 -4942.47
6765.63 -4945.44
6765.68 -4948.43
6765.73 -4951.45
6765.78 -4954.48
6765.84 -4957.53
6765.89 -4960.61
6765.94 -4963.71
6766 -4966.83
6766.05 -4969.98
6766.11 -4973.15
6766.16 -4976.35
6766.22 -4979.57
6766.28 -4982.82
6766.33 -4986.1
6766.39 -4989.41
6766.45 -4992.75
6766.51 -4996.12
6766.57 -4999.53
6766.63 -5002.96
6766.69 -5006.43
6766.75 -5009.93
6766.81 -5013.47
6766.87 -5017.05
6766.93 -5020.67
6767 -5024.32
6767.06 -5028.02
6767.13 -5031.76
6767.19 -5035.54
6767.26 -5039.37
6767.33 -5043.24
6767.39 -5047.16
6767.46 -5051.13
6767.53 -5055.15
6767.6 -5059.22
6767.68 -5063.34
6767.75 -5067.52
6767.82 -5071.76
6767.9 -5076.06
6767.97 -5080.42
6768.05 -5084.84
6768.13 -5089.32
6768.21 -5093.88
6768.29 -5098.5
6768.37 -5103.19
6768.45 -5107.96
6768.54 -5112.81
6768.62 -5117.73
6768.71 -5122.74
6768.8 -5127.83
6768.89 -5133.01
6773.09 -5133.96
6778.22 -5133.87
6783.26 -5133.79
6769.85 -5154.02
6775.05 -5153.93
6780.17 -5153.84
6785.21 -5153.75
6773.08 -5173.97
6778.27 -5173.88
6783.38 -5173.79
6772.23 -5193.99
6777.49 -5193.89
6782.68 -5193.8
6772.46 -5213.99
6777.79 -5213.89
6783.04 -5213.8
6773.73 -5233.97
6779.11 -5233.87
6784.43 -5233.78
6775.98 -5253.93
6781.43 -5253.84
6786.81 -5253.74
6779.2 -5273.88
6784.71 -5273.78
6790.15 -5273.69
6795.54 -5273.59
6800.87 -5273.5
6806.13 -5273.41
6811.35 -5273.32
6816.51 -5273.23
6821.62 -5273.14
6826.67 -5273.05
6831.68 -5272.96
6836.64 -5272.88
6841.56 -5272.79
6846.43 -5272.71
6851.26 -5272.62
6856.04 -5272.54
6860.79 -5272.46
6865.49 -5272.38
6870.16 -5272.3
6874.79 -5272.21
6879.38 -5272.13
6883.94 -5272.06
6888.47 -5271.98
6892.96 -5271.9
6897.42 -5271.82
6901.85 -5271.74
6906.25 -5271.67
6910.62 -5271.59
6914.97 -5271.52
6919.28 -5271.44
6923.57 -5271.37
6927.84 -5271.29
6932.08 -5271.22
6936.3 -5271.14
6940.49 -5271.07
6939.26 -5291.1
6943.6 -5291.02
6942.89 -5311.04
6942.53 -5331.05
6942.53 -5351.05
6942.87 -5371.05
6943.56 -5391.04
6944.6 -5411.02
6942.07 -5451.07
6798.15 -6253.7
6796.82 -6333.73
6800.27 -6393.68
6798.38 -6493.73
6801.25 -6573.69
6802.68 -6673.68
6805.85 -6773.64
6805.81 -6913.66
6810.51 -7033.6
6815.19 -7173.54
6814.51 -7393.58
6821.23 -7573.49
6811.96 -7993.72
6839.81 -7993.23
6867.62 -7992.75
6895.38 -7992.27
6923.11 -7991.79
6950.81 -7991.3
6978.49 -7990.82
7006.15 -7990.34
7037 -7649.75
7061.65 -7649.32
7086.15 -7631.23
7106.95 -7410.84
7129.51 -7410.45
7152.08 -7410.05
7184.11 -7629.53
7208.62 -7629.1
7233.14 -7628.68
7257.68 -7628.25
7282.24 -7627.82
7306.83 -7627.4
7331.45 -7626.97
7356.1 -7626.54
7380.79 -7626.11
7405.52 -7625.68
7430.3 -7625.25
7455.13 -7624.82
7480.01 -7624.38
7504.94 -7623.95
7529.94 -7623.52
7555 -7623.08
7580.13 -7622.64
7605.34 -7622.2
7630.62 -7621.76
7647.53 -7581.46
7637.35 -7421.62
7647.29 -7361.44
7637.13 -7221.59
7649.27 -7181.37
7640.2 -7061.51
7660.96 -7061.15
7681.82 -7060.79
7702.76 -7060.43
7723.81 -7060.06
8018.42 -7955.07
7766.21 -7059.32
7755.29 -6959.5
7746.38 -6871.1
7746.6 -6813.89
7746.57 -6758.83
7739.55 -6687.18
7740.54 -6640.47
7740.53 -6593.27
7740.2 -6547.34
7734.68 -6490.58
7734.12 -6448.28
7737.64 -6417.36
7737.04 -6378.15
7736.1 -6339.74
7732.12 -6296.13
7730.93 -6260.24
7738.86 -6244.81
7735.8 -6207.26
7734.23 -6174.07
