-8115.99 9372.21
-8197.56 9341.2
-8278.86 9309.47
-8359.87 9277.04
-8440.6 9243.91
-8521.04 9210.07
-8601.18 9175.53
-8681.01 9140.29
-8760.54 9104.36
-8839.75 9067.73
-8918.63 9030.41
-8997.19 8992.41
-9075.41 8953.73
-9153.3 8914.36
-9230.83 8874.31
-9308.01 8833.59
-9384.84 8792.2
-9461.3 8750.13
-5386.7 1390.74
-5386.2 1362.22
-5387.81 1338.11
-5396.79 1326.93
-5399.36 1305.47
-5413.82 1303.56
-5418.09 1285.48
-5426.46 1274.13
-5434.15 1261.89
-5446.17 1256.25
-5457.58 1249.67
-5453.43 1220.89
-5453.5 1198.78
-5479.74 1213.14
-5491.41 1207.05
-5490.37 1184.09
-5493.88 1167.58
-5503.95 1159.77
-5508.34 1144.82
-5511.92 1129.12
-5524.2 1124.23
-5529.39 1110.79
-5538.31 1101.91
-5547.15 1092.95
-5553.25 1080.93
-5555.87 1065.17
-5573.84 1066.4
-5570.73 1044.73
-5579.04 1035.53
-5581.69 1020.5
-5597.5 1019.05
-5602.02 1006.1
-5606.4 993.142
-5617.1 986.431
-5616.87 969.296
-5628.14 963.137
-5631.99 950.108
-5632.72 934.411
-5646 930.024
-5661.55 927.44
-5653.54 904.549
-5660.54 894.707
-5673.63 889.892
-5669.61 871.09
-5689.62 871.697
-5690 856.65
-5692.59 843.486
-5710.22 841.759
-5715.02 830.285
-5714.86 815.269
-5723.47 806.697
-5727.93 795.172
-5742.16 790.415
-5738.15 773.189
-5735.59 757.194
-5762.22 760.332
-5756.91 742.68
-5764.96 733.642
-5770.38 722.954
-5778.28 713.769
-5785.24 703.994
-5802.52 700.139
-5784.99 676.378
-5813.52 678.618
-5821.95 669.459
-5819.71 654.582
-5821.74 642.098
-5829.89 632.798
-5834.39 621.624
-5841.48 611.731
-5843.98 599.614
-5854.52 591.292
-5871.39 585.727
-5873.62 573.421
-5874.83 560.722
-5883.27 551.162
-5889.8 540.734
-5902.73 532.847
-5902.6 519.659
-5914.47 511.159
-5914.11 497.951
-5914.57 485.128
-5574.46 352.222
-5449.72 299.928
-5410.48 278.616
-5418.51 273.408
-5410.28 262.987
-5407.68 254.477
-5415.54 249.145
-5408.95 239.575
-5418.64 234.664
-5430.23 230.116
-5439.88 224.884
-5464.05 223.113
-5464.9 215.36
-5479.34 210.741
-5498.64 206.963
-5503.26 199.761
-5506.85 192.296
-5511.36 184.972
-5532.52 180.662
-5543.83 174.27
-5541.29 165.399
-5571.26 161.71
-5587.39 155.456
-5587.63 146.724
-5603.67 140.068
-5615.69 132.66
-5622.69 124.492
-5639.56 117.245
-5657.39 109.806
-5665.2 101.205
-5691.88 93.9431
-5711.53 85.7427
-5713.15 76.1273
-5739.66 67.7691
-5761.1 58.7412
-5758.49 48.5331
-5799.77 39.4756
-5820.99 29.3743
-5830.11 18.8143
-5853.15 8.08032
-5855.09 -2.84751
-5885.93 -14.3487
-5893.67 -25.7607
-5921.29 -38.0305
-5958.79 -51.2327
-5986.17 -64.558
-6003.43 -77.7436
-6030.55 -91.9453
-6059.51 -106.786
-6084.34 -121.786
-6115.98 -137.907
-6140.49 -153.851
-6180.73 -172.063
-6204.89 -189.021
-6236.8 -207.468
-6272.47 -227.048
-6313.85 -248.16
-9023.23 -695.766
-8965.63 -725.67
-8909.82 -754.972
-8868.58 -786.107
-8812.4 -813.703
-8765.87 -842.384
-8744.59 -875.751
-8774.77 -920.343
-8738.25 -950.155
-8708.33 -981.044
-8663.64 -1007.84
-8619.76 -1034.18
-8568.98 -1058.01
-8531.58 -1084.8
-8486.32 -1108.8
-8453.41 -1135.8
-8410.77 -1159.38
-8381.36 -1186.52
-8341.3 -1209.84
-8298.29 -1231.59
-8264.63 -1255.94
-8228.95 -1279.14
-8195.03 -1302.5
-8145.99 -1319.74
-8123.99 -1346.65
-8090.63 -1368.87
-8046.96 -1386.48
-7911.83 -1365.44
-7102.02 -1054.58
-7040.39 -1053.56
-7018.24 -1069.08
-6991.45 -1082.21
-6964.62 -1094.96
-6945.87 -1111.21
-6944.99 -1136.01
-6944.74 -1161.32
-6946.01 -1187.63
-7006.39 -1245.05
-7035.94 -1287.61
-7060.54 -1328.4
-7082.86 -1368.74
-7102.92 -1408.58
-7144.11 -1461.41
-7178.53 -1511.49
-7196 -1552.49
-7233.39 -1606.46
-7121.73 -1568.3
-7017.69 -1532.62
-7010.85 -1558
-6990.41 -1574.53
-6964.07 -1586.9
-6938.52 -1599.5
-6935.85 -1627.86
-7047.56 -1738.31
-7162.35 -1854.35
-7145.19 -1876.02
-7126.24 -1896.32
-7088.11 -1901.81
-7064.25 -1917.87
-7041.09 -1934.29
-7014.71 -1947.93
-6999.08 -1970.17
-6976.36 -1986.5
-6952.77 -2001.93
-6920.8 -2009.87
-6888.88 -2017.42
-6869.62 -2035.95
-6842.11 -2046.85
-6826.27 -2068.36
-6805.88 -2085.61
-6778.89 -2096.41
-6756.15 -2111.11
-6738.27 -2130.52
-6723.02 -2152.64
-6686.72 -2153.06
-6662.96 -2166.07
-6645.94 -2186.16
-6626.02 -2203.17
-6598.62 -2211.81
-6587.76 -2238.88
-6559.55 -2246.3
-6539.79 -2263.28
-6512.18 -2270.89
-6496.02 -2292.1
-6470.83 -2302.31
-6445.61 -2312.25
-6429.58 -2333.76
-6415.14 -2357.55
-6388.41 -2365.28
-6361.68 -2372.73
-6336.72 -2382.31
-6318.68 -2401.42
-6297.57 -2416.3
-6283.12 -2440.89
-6251.63 -2440.53
-6232.94 -2458.99
-6209.71 -2470.6
-6185.86 -2481.15
-6168.29 -2501.66
-6141.63 -2507.54
-6120.63 -2522.59
-6099.49 -2537.46
-6077.2 -2550.42
-6053.34 -2560.57
-6031.82 -2574.88
-6008.26 -2585.49
-5989.78 -2605.6
-5964.6 -2613.17
-5937.13 -2616.03
-5916.39 -2632.05
-5901.17 -2659.6
-5896.72 -2710.56
-5887.27 -2752.57
-5866.42 -2770.96
-5846.57 -2791.93
-5815.32 -2787.08
-5793.6 -2804
-5773.96 -2826.29
-5749.92 -2838.26
-5733.06 -2868.63
-5711.47 -2887.73
-5677.42 -2873.86
-5660.74 -2906.63
-5633.59 -2911.03
-5611.63 -2930.32
-5586.89 -2941.85
-5563.56 -2957.93
-5538.53 -2969.06
-5515.99 -2988.59
-5492.06 -3004.12
-5463.26 -3003.11
-5445.18 -3040.38
-5419.31 -3050.51
-5394.32 -3064.29
-5371.32 -3086.61
-5349.38 -3114.59
-5321.64 -3119.04
-5295.61 -3131.05
-5271.9 -3154.58
-5244.06 -3159.32
-5219.42 -3180.5
-5193.73 -3197.56
-5166.93 -3209.48
-5143.24 -3240.92
-5115.32 -3248.47
-5089.07 -3267.65
-5059.76 -3266.82
-5026.24 -3233
-4997.32 -3231.6
-4968.8 -3232.93
-4941.53 -3245.94
-4916.04 -3279.63
-4888.44 -3295.19
-4860.91 -3314.5
-4833.54 -3340.57
-4804.23 -3341.45
-4776.21 -3367.05
-4747.84 -3394.41
-4717.87 -3387.55
-4689.09 -3423.41
-4659.42 -3442.02
-4629.48 -3466.38
-4599.12 -3490.48
-4568.64 -3484.31
-4537.45 -3521.87
-4505.95 -3546.15
-4474.85 -3547.17
-4442.47 -3575.88
-4410.23 -3592.32
-4385.27 -3486.7
-4343.92 -3637.28
-4308.53 -3679.74
-4276.79 -3672.05
-4240.5 -3711.85
-4206.35 -3724.46
-4169.78 -3755.62
-4134.35 -3772.54
-4098.08 -3793.09
-4060.28 -3821.21
-4021.96 -3848.96
-3985.63 -3860.53
-3952.71 -3850.06
-4063.78 -3028.98
-4008.13 -3180.46
-3824.46 -3972.05
-3787.74 -3974.9
-3822.82 -3641.01
-3826.89 -3473.02
-3795.85 -3469.03
-3855.13 -3090.51
-3841.71 -3029.55
-2088.22 -9669.07
-2003.85 -9646.76
-1919.69 -9623.71
-1835.72 -9599.92
-1751.97 -9575.41
-1668.44 -9550.16
-1585.13 -9524.19
-1502.05 -9497.49
-3712.92 -2640.97
-3692.11 -2626.49
-3678.18 -2593
-3651.73 -2595.16
-3619.55 -2612.04
-3575.86 -2657.48
-3544.54 -2668.87
-3510.69 -2685.48
-765.693 -9224.87
-685.253 -9191.03
-605.114 -9156.49
-525.279 -9121.25
-445.755 -9085.32
-366.547 -9048.7
-3222.62 -2876.27
-3184.31 -2891.06
-130.882 -8934.69
-3083.85 -2963.81
-2734.03 -3570.97
-2630.87 -3689.53
-2597.23 -3674.82
255.002 -8731.1
331.093 -8688.37
406.806 -8644.98
482.141 -8600.93
557.086 -8556.23
631.639 -8510.87
-1943.9 -4235.3
-1895.65 -4229.63
-1844.58 -4227.63
-1798.31 -4217.56
-1772.73 -4176.36
-1738.58 -4148.2
-1711.6 -4109.95
-1686.23 -4069.92
-1663.1 -4027.33
-1639.31 -3986.26
-1624.44 -3933.92
-1601.73 -3892.71
-1561 -3875.03
-1525.35 -3850.68
-1505.02 -3807.37
-1486.48 -3762.46
-1418.28 -3777.21
-1175.95 -3993.88
-1101.07 -4009.81
-423.219 -4704.1
-145.74 -4929.5
209.029 -5229.94
285.979 -5221.36
374.859 -5224.14
535.096 -5299.06
997.351 -5676.5
1808.48 -6387.38
1862.63 -6329.79
1893.22 -6249.53
1945.41 -6190.54
1971.45 -6107.27
2020.89 -6046.29
2058.6 -5974.89
2112.07 -5917.85
2152.96 -5849.85
2186.33 -5775.76
2233.49 -5713.72
2102.44 -5505.21
1986.18 -5313.88
2337.1 -5497.99
2406.98 -5454.42
2441.69 -5383.32
2482.09 -5316.83
2523.47 -5251.23
2561.01 -5182.97
2355.91 -4942.27
2239 -4769.69
2673.86 -4979.52
2722.93 -4919.74
2765.66 -4855.62
2805.32 -4789.49
2808.94 -4700.53
-1677.83 -1813.75
-1773.8 -1719.84
-1893.49 -1614.37
-1882.01 -1589.15
-1872.49 -1562.84
-1858 -1539.45
-1850.72 -1512.04
-1837.54 -1487.97
-1803.38 -1475.02
-1786.98 -1452.37
-1773.44 -1428.2
-1750.25 -1408.79
-1752.37 -1376.84
-1724.13 -1359.64
-1577.18 -1397.28
2347.13 -3148.26
2392.7 -3095.6
2886.55 -3236.86
3610.84 -3465.97
3666.73 -3404.84
3686.01 -3328.44
3291.29 -3089.71
3795.31 -3203.27
3772.42 -3111.01
3411.08 -2896.99
3427.65 -2823.95
3969.47 -2931.25
4017.58 -2863.92
4060.4 -2794.43
4103.62 -2724.71
4137.67 -2651.83
4182.63 -2581.96
4225.1 -2510.96
4273.75 -2441.28
4318.95 -2370.16
4366.5 -2299.19
4398.92 -2223.96
4455.03 -2154.14
4458.94 -2071.66
4436.72 -1983.67
4574.11 -1930.14
3967.31 -1723.9
4633.08 -1774.81
4736.81 -1710.44
4782.98 -1634.38
4825.58 -1557.17
4897.17 -1483.99
4924.68 -1403.23
4965.37 -1324.03
5008.38 -1244.62
4827.37 -1137.4
4710.81 -1040.83
4454.06 -931.907
5351.91 -937.491
2236.41 -580.941
2180.49 -516.517
2240.69 -461.142
2314.41 -405.595
2351.72 -346.953
2444.49 -290.07
2665.71 -235.949
3333.37 -189.177
428.183 -72.5186
365.709 -28.1302
383.849 15.2526
404.608 58.9787
3168.51 154.112
3085.98 219.712
322.649 187.201
296.935 229.105
286.843 271.429
304.333 315.335
299.482 358.007
2068.61 542.317
2043.79 598.752
1924.93 645.677
1834.6 693.638
1724.08 737.784
-378.478 533.173
173.899 644.016
173.13 686.381
234.283 738.163
5271.93 1585.22
5257.8 1671.33
214.537 864.719
131.196 892.609
5210.92 1928.89
5193.8 2014.46
5175.93 2099.88
5157.32 2185.14
5137.96 2270.23
5117.86 2355.15
5097.02 2439.89
5075.44 2524.45
5053.13 2608.81
5030.08 2692.98
5006.29 2776.94
4981.78 2860.69
4956.53 2944.23
4930.56 3027.54
4903.86 3110.62
4876.43 3193.46
4848.29 3276.07
4819.42 3358.42
4789.84 3440.52
4759.54 3522.36
