15997.5 -3570.59
15997.7 -3548.12
15997.9 -3525.34
15998.2 -3502.23
15998.4 -3478.78
15998.6 -3454.99
15998.8 -3430.84
15999 -3406.32
15999.3 -3381.42
15999.5 -3356.13
15999.7 -3330.42
16000 -3304.29
16000.2 -3277.73
16000.5 -3250.71
16000.6 -3223.36
15994.2 -3202.03
15987.9 -3180.32
16000.9 -3138.39
15995.9 -3114.43
17296.6 -1690.73
17246.7 -1690.27
17215.4 -1669.98
17201.9 -1629.85
17153.3 -1629.4
17105.5 -1628.96
17091.7 -1588.83
17093.7 -1528.85
17110.8 -1449
17094.6 -1408.85
17093.6 -1348.84
17092.8 -1286.99
17094.4 -1220.71
17096.2 -1152.5
17083.9 -1102.13
17086.5 -1029.81
17095.7 -946.24
17099.4 -868.275
17095.4 -799.873
17097 -721.056
17091.9 -650.59
17099.1 -558.834
17097.8 -478.201
18580.3 2026.25
18520.6 2062.52
15297.1 -3272.33
15279.4 -3272.16
15261.8 -3272
15244.4 -3271.84
15227.2 -3271.68
15210.1 -3271.52
15193.2 -3271.37
15176.5 -3271.21
15159.8 -3271.06
15143.4 -3270.91
15127 -3270.75
15110.8 -3270.6
15094.7 -3270.46
15078.8 -3270.31
15062.9 -3270.16
15047.2 -3270.02
14841.9 -3728.14
14831.1 -3728.04
14820.3 -3727.94
14809.6 -3727.84
14799 -3727.74
14788.4 -3727.65
14777.9 -3727.55
14767.5 -3727.45
14757.1 -3727.36
14746.8 -3727.26
14736.6 -3727.17
14726.4 -3727.07
14716.1 -3727.59
14706.1 -3726.89
14696.1 -3726.79
14686.1 -3726.7
14676.1 -3726.61
14666.2 -3726.52
14656.4 -3726.43
14646.5 -3726.33
14636.7 -3726.24
14627 -3726.15
14617.2 -3726.06
14607.6 -3725.97
14597.9 -3725.89
14588.3 -3725.8
14578.7 -3725.71
14569.1 -3725.62
14559.5 -3725.53
14550 -3725.44
14540.5 -3725.36
14531 -3725.27
14521.6 -3725.18
14512.1 -3725.09
14502.7 -3725.01
14493.3 -3724.92
14483.8 -3724.83
14474.5 -3724.74
14465.1 -3724.66
14455.7 -3724.57
14446.3 -3724.49
14437 -3724.4
14427.6 -3724.31
14418.2 -3724.23
14408.9 -3724.14
14399.5 -3724.05
14390.2 -3723.97
14380.8 -3723.88
14371.4 -3723.79
14362.1 -3723.71
14352.7 -3723.62
14343.3 -3723.53
14333.9 -3723.45
14324.5 -3723.36
14315.1 -3723.27
14305.6 -3723.19
14296.2 -3723.1
14286.7 -3723.01
14277.2 -3722.92
14267.7 -3722.83
14258.2 -3722.75
14248.6 -3722.66
14239 -3722.57
14229.4 -3722.48
14219.8 -3722.39
14210.1 -3722.3
14200.4 -3722.21
14190.7 -3722.12
14180.9 -3722.03
14171.1 -3721.94
14161.3 -3721.85
14151.4 -3721.76
14141.4 -3721.67
14131.5 -3721.58
14121.5 -3721.48
14111.4 -3721.39
14101.3 -3721.3
14091.1 -3721.2
14080.9 -3721.11
14070.6 -3721.01
14060.3 -3720.92
14049.9 -3720.82
14039.5 -3720.73
14029 -3720.63
14022.3 -3731.37
14010.6 -3728.19
13998.5 -3724.24
13993.7 -3739.63
13981 -3734.29
13971.1 -3736.38
13965.4 -3748.74
13968.3 -3780.68
13962.7 -3792.08
13966.1 -3823.12
13961.9 -3836.35
13965.5 -3865.64
13969.4 -3894.6
13963.9 -3903.16
13968.4 -3931.52
13962.1 -3937.73
13966.7 -3964.75
13961 -3971.44
13966.2 -3998.02
13957.9 -3999.46
13963.2 -4024.95
13957.3 -4030.17
13963.2 -4055.34
13957.4 -4060.26
13958.9 -4076.98
13965.4 -4101.13
13959.4 -4105.05
13966.4 -4129
13966.9 -4142.3
13960.7 -4145.37
13968.4 -4168.49
13962.3 -4171.42
13956.1 -4174.27
13955 -4184
13963.4 -4206.37
13957 -4208.54
13966 -4230.81
13963.7 -4237.95
13957.1 -4239.54
13966.7 -4261.24
13963.3 -4266.51
13956.3 -4267.58
13966.6 -4288.78
13959.7 -4289.8
13954.7 -4292.92
13965.5 -4313.68
13958.4 -4314.26
13966 -4330.83
13977.5 -4350.94
13970 -4350.87
13964.4 -4352.88
13964.3 -4360.47
13964.3 -4367.93
13964.2 -4375.26
13964.1 -4382.48
13964.1 -4389.58
13964 -4396.56
13963.9 -4403.44
13963.9 -4410.22
13963.8 -4416.89
13963.7 -4423.46
13963.7 -4429.94
13963.6 -4436.32
13963.6 -4442.62
13963.5 -4448.83
13963.5 -4454.96
13963.4 -4461
13963.3 -4466.97
13963.3 -4472.86
13963.2 -4478.67
13963.2 -4484.42
13963.1 -4490.09
13963.1 -4495.7
13963 -4501.24
13963 -4506.72
13962.9 -4512.14
13962.9 -4517.5
13962.8 -4522.8
13962.8 -4528.04
13962.7 -4533.23
13962.7 -4538.36
13962.6 -4543.45
13962.6 -4548.49
13962.5 -4553.47
13962.5 -4558.41
13962.5 -4563.31
13962.4 -4568.16
13962.4 -4572.97
13962.3 -4577.73
13962.3 -4582.46
13962.2 -4587.15
13962.2 -4591.8
13962.2 -4596.41
13962.1 -4600.99
13962.1 -4605.53
13962 -4610.04
13962 -4614.52
13961.9 -4618.97
13961.9 -4623.38
13961.9 -4627.77
13961.8 -4632.13
13961.8 -4636.46
13961.7 -4640.77
13961.7 -4645.05
13961.7 -4649.3
13961.6 -4653.53
13961.6 -4657.74
13961.5 -4661.92
13961.5 -4666.09
13961.5 -4670.23
13961.4 -4674.36
13961.4 -4678.46
13961.4 -4682.55
13961.3 -4686.62
13961.3 -4690.67
13961.2 -4694.7
13961.2 -4698.72
13961.2 -4702.73
13961.1 -4706.72
13961.1 -4710.7
13961.1 -4714.67
13961 -4718.62
13961 -4722.56
13960.9 -4726.5
13960.9 -4730.42
13960.9 -4734.33
13960.8 -4738.24
13960.8 -4742.13
13960.8 -4746.02
13960.7 -4749.9
13960.7 -4753.78
13960.7 -4757.65
13940.6 -4759.99
13620.8 -4742.58
13620.7 -4749.42
13620.7 -4756.25
13620.6 -4763.07
13620.5 -4769.89
13620.5 -4776.71
13620.4 -4783.53
13620.3 -4790.34
13620.3 -4797.16
13620.2 -4803.98
13620.2 -4810.8
13620.1 -4817.62
13620 -4824.45
13620 -4831.28
13619.9 -4838.13
13619.8 -4844.97
13619.8 -4851.83
13619.7 -4858.7
13619.6 -4865.58
13619.6 -4872.47
13619.5 -4879.37
13619.5 -4886.29
13619.4 -4893.22
13619.3 -4900.17
13619.3 -4907.14
13619.2 -4914.12
13619.1 -4921.13
13619.1 -4928.15
13619 -4935.2
13618.9 -4942.27
13618.9 -4949.37
13618.8 -4956.49
13618.7 -4963.64
13618.7 -4970.82
13618.6 -4978.02
13618.5 -4985.26
13618.5 -4992.53
13618.4 -4999.84
13618.3 -5007.17
13618.3 -5014.55
13618.2 -5021.96
13618.1 -5029.41
13618.1 -5036.9
13618 -5044.43
13617.9 -5052.01
13617.9 -5059.63
13617.8 -5067.3
13617.7 -5075.02
13617.6 -5082.78
13617.6 -5090.6
13617.5 -5098.47
13617.4 -5106.4
13617.4 -5114.38
13617.3 -5122.42
13617.2 -5130.53
13617.1 -5138.69
13617.1 -5146.92
13617 -5155.22
13616.9 -5163.58
13616.8 -5172.02
13616.7 -5180.52
13616.7 -5189.11
13616.6 -5197.77
13616.5 -5206.51
13616.4 -5215.33
13616.3 -5224.24
13616.3 -5233.24
13616.2 -5242.32
13616.1 -5251.5
13616 -5260.78
13615.9 -5270.15
13615.8 -5279.62
13615.7 -5289.21
13615.6 -5298.89
13615.6 -5308.7
13615.5 -5318.61
13615.4 -5328.65
13615.3 -5338.8
13615.2 -5349.09
13615.1 -5359.5
13615 -5370.05
13614.9 -5380.73
13614.8 -5391.56
13614.7 -5402.54
13614.6 -5413.67
13614.5 -5424.95
13614.4 -5436.4
13614.3 -5448.02
13614.2 -5459.81
13614 -5471.78
13613.9 -5483.93
13613.8 -5496.27
13613.7 -5508.82
13613.6 -5521.56
13613.5 -5534.52
13613.3 -5547.7
13613.2 -5561.1
13620.2 -5567.69
13633.6 -5567.81
13627.5 -5587.75
13621.7 -5607.7
13616.5 -5627.65
13611.6 -5647.61
13625.2 -5647.74
13620.9 -5667.7
13617 -5687.66
13613.5 -5707.63
13627.2 -5707.76
13624.2 -5727.73
13621.5 -5747.71
13619.3 -5767.69
13617.4 -5787.67
13615.9 -5807.66
13614.8 -5827.65
13614 -5847.64
13613.5 -5867.64
13613.5 -5887.64
13613.7 -5907.64
13614.4 -5927.65
13615.3 -5947.66
13616.6 -5967.67
13618.2 -5987.69
13620.2 -6007.7
13622.4 -6027.73
13612.7 -6067.64
13615.8 -6087.67
13619.3 -6107.7
13623.1 -6127.74
13615.8 -6167.67
13620.4 -6187.71
13614.4 -6227.66
13619.8 -6247.71
13615.1 -6287.67
13611.1 -6327.63
13617.9 -6347.7
13615.1 -6387.67
13613 -6427.66
13611.7 -6467.65
13620.2 -6487.73
13629.1 -6507.81
13646.9 -6507.97
13664.7 -6508.14
13682.3 -6508.3
13699.7 -6508.46
13717.1 -6508.62
13734.3 -6508.78
13751.4 -6508.94
13768.4 -6509.1
13785.4 -6509.25
13802.2 -6509.41
13818.9 -6509.56
13835.5 -6509.72
13852 -6509.87
13868.4 -6510.02
13884.8 -6510.17
13901 -6510.32
13917.2 -6510.47
13933.3 -6510.62
13949.3 -6510.77
13965.3 -6510.91
13981.2 -6511.06
13997 -6511.21
14012.8 -6511.35
14028.5 -6511.5
14044.1 -6511.64
14059.7 -6511.79
14075.2 -6511.93
14090.7 -6512.07
14106.2 -6512.22
14121.6 -6512.36
14136.9 -6512.5
14152.3 -6512.64
14167.5 -6512.78
14182.8 -6512.92
14198 -6513.06
14213.2 -6513.21
14228.4 -6513.35
14243.5 -6513.49
14258.6 -6513.62
14273.7 -6513.76
14288.8 -6513.9
14288.2 -6793.91
14262.7 -7702.96
14288.1 -7703.19
14313.6 -7703.43
14339 -7703.66
14364.4 -7703.9
14389.8 -7704.13
14415.3 -7704.37
14440.7 -7704.6
14466.1 -7704.84
14454.9 -6535.44
14459.7 -6275.47
14460 -6015.46
14462.6 -5875.48
14461.5 -5715.46
14463.5 -5635.48
14464.2 -5555.48
14465.3 -5495.49
14465.4 -5435.49
14466.7 -5395.5
14464.8 -5335.48
14467.1 -5315.5
14466.2 -5275.49
14467.6 -5255.5
14468.6 -5235.51
14466 -5195.48
14469.6 -5195.52
14473.2 -5195.55
14476.8 -5195.58
14480.5 -5195.62
14484.1 -5195.65
14487.8 -5195.69
14491.5 -5195.72
14495.2 -5195.75
14498.9 -5195.79
14502.6 -5195.82
14506.4 -5195.86
14510.2 -5195.89
14513.9 -5195.93
14517.8 -5195.96
14521.6 -5196
14525.4 -5196.03
14529.3 -5196.07
14533.2 -5196.1
14537.1 -5196.14
14541 -5196.18
14545 -5196.21
14549 -5196.25
14553 -5196.29
14557 -5196.33
14561.1 -5196.36
14565.2 -5196.4
14569.4 -5196.44
14573.5 -5196.48
14577.7 -5196.52
14581.9 -5196.56
14586.2 -5196.59
14590.5 -5196.63
14594.8 -5196.67
14599.2 -5196.71
14603.6 -5196.76
14608.1 -5196.8
14612.6 -5196.84
14617.1 -5196.88
14621.7 -5196.92
14626.3 -5196.97
14631 -5197.01
14635.7 -5197.05
14640.5 -5197.1
14645.3 -5197.14
14650.2 -5197.19
14655.1 -5197.23
14660.1 -5197.28
14665.1 -5197.32
14670.2 -5197.37
14675.4 -5197.42
14680.6 -5197.47
14685.9 -5197.52
14691.2 -5197.57
14696.7 -5197.62
14702.2 -5197.67
14707.7 -5197.72
14713.4 -5197.77
14719.1 -5197.82
14724.9 -5197.88
14730.8 -5197.93
14736.8 -5197.99
14742.9 -5198.04
14749 -5198.1
14755.3 -5198.16
14761.6 -5198.22
14768.1 -5198.28
14774.7 -5198.34
14781.3 -5198.4
14788.1 -5198.46
14795 -5198.52
14796.7 -5193.2
14796.7 -5186.36
14796.8 -5179.63
14816.7 -5191.93
14816.7 -5185.1
14836.6 -5196.64
14836.7 -5189.7
14836.8 -5182.88
14856.7 -5193.49
14856.7 -5186.57
14876.6 -5196.48
14876.7 -5189.46
14876.8 -5182.55
14896.7 -5191.59
14896.8 -5184.58
14916.7 -5192.98
14916.7 -5185.89
14936.7 -5193.65
14936.7 -5186.47
15552.8 -5620.85
15552.9 -5605.8
15553 -5590.93
15553.2 -5576.23
15553.3 -5561.7
15553.4 -5547.34
15553.6 -5533.14
15553.7 -5519.09
15553.8 -5505.19
15553.9 -5491.44
15554.1 -5477.83
15554.2 -5464.36
15554.3 -5451.02
15554.4 -5437.81
15554.6 -5424.72
15554.7 -5411.76
15554.8 -5398.91
15554.9 -5386.18
15555 -5373.56
15555.2 -5361.04
15555.3 -5348.63
15555.4 -5336.32
15555.5 -5324.11
15555.6 -5312
15555.7 -5299.98
15555.8 -5288.04
15555.9 -5276.19
15556 -5264.43
15556.2 -5252.75
15556.3 -5241.14
15556.4 -5229.61
15556.5 -5218.16
15556.6 -5206.78
15556.7 -5195.46
15596.7 -5197.64
15636.7 -5199.11
15676.6 -5199.87
15716.7 -5199.94
15728.8 -5191.01
15769.9 -5190.27
15811.1 -5188.83
15869.2 -5191.26
15913.4 -5189.04
16579.4 -5342.23
16567.7 -5319.21
16566.3 -5298.88
16579.8 -5281.98
16574.4 -5260.87
16572.5 -5240.65
16574.9 -5221.36
16572 -5201.13
16562.7 -5179.85
16562.9 -5160.42
16563 -5141.04
16563.2 -5121.71
16563.4 -5102.42
16563.6 -5083.19
16563.8 -5063.99
16563.9 -5044.83
16564.1 -5025.71
16564.3 -5006.62
16564.5 -4987.56
16564.6 -4968.53
16564.8 -4949.52
16565 -4930.53
16565.2 -4911.56
16565.3 -4892.6
16565.5 -4873.66
16565.7 -4854.72
16565.9 -4835.79
16566 -4816.87
16566.2 -4797.94
16566.4 -4779.01
16566.6 -4760.08
16566.7 -4741.14
16566.9 -4722.18
16567.1 -4703.21
16567.3 -4684.23
16567.4 -4665.22
16567.6 -4646.2
16567.8 -4627.14
16568 -4608.06
16568.1 -4588.94
16568.3 -4569.79
16568.5 -4550.61
16568.7 -4531.38
16568.9 -4512.11
16569 -4492.79
16569.2 -4473.42
16569.4 -4453.99
16569.6 -4434.51
16569.7 -4414.97
16569.9 -4395.37
16570.1 -4375.7
16570.3 -4355.96
16570.5 -4336.15
16570.7 -4316.26
16570.8 -4296.29
16571 -4276.23
16571.2 -4256.09
16571.4 -4235.86
16571.6 -4215.54
16571.8 -4195.11
16572 -4174.58
16572.2 -4153.95
16572.4 -4133.21
16572.5 -4112.35
16572.7 -4091.37
16572.9 -4070.27
16573.1 -4049.04
16573.3 -4027.68
16573.5 -4006.19
16573.7 -3984.55
16573.9 -3962.77
16574.1 -3940.84
16012.2 -4145.28
15992.3 -4137.08
15992.4 -4120.67
15992.6 -4104.14
15992.8 -4087.47
15992.9 -4070.68
15993.1 -4053.74
15993.2 -4036.66
15993.4 -4019.44
15993.5 -4002.07
15993.7 -3984.54
15993.9 -3966.85
15994 -3949
15994.2 -3930.97
15994.4 -3912.77
15994.5 -3894.39
15994.7 -3875.83
15994.9 -3857.07
15995.1 -3838.11
15995.2 -3818.95
15995.4 -3799.58
15995.6 -3779.99
15995.8 -3760.18
15996 -3740.14
15996.1 -3719.86
15996.3 -3699.33
15996.5 -3678.56
15996.7 -3657.52
15996.9 -3636.21
15997.1 -3614.63
15997.3 -3592.76
15997.5 -3570.59
