-763.478 -7845.69
-701.373 -7907
-638.736 -7967.76
-575.569 -8027.97
-511.88 -8087.63
-447.674 -8146.73
-382.955 -8205.27
-317.726 -8263.24
-251.993 -8320.64
-185.763 -8377.46
-119.04 -8433.71
-51.8287 -8489.36
15.8662 -8544.43
84.0403 -8598.91
152.687 -8652.79
221.8 -8706.07
291.374 -8758.75
361.409 -8810.81
431.893 -8862.27
5554.4 -1799.23
5578.37 -1784.3
5600.33 -1771.51
5622.56 -1757.59
5635.7 -1756.72
5650.94 -1752.34
5662.3 -1753.68
5678.39 -1747.25
5691.2 -1745.74
5708.04 -1737.22
5721.15 -1734.52
5736.15 -1728.2
5751 -1721.69
5772.46 -1702.74
5773.1 -1721.32
5785.25 -1718.74
5806.52 -1698.27
5814.28 -1703.37
5826.97 -1698.55
5835.18 -1702.57
5847.29 -1698.4
5858.02 -1696.81
5868.69 -1695.1
5876.87 -1698.76
5889.84 -1691.34
5896.04 -1699.42
5907.31 -1695.45
5921.82 -1683
5931.35 -1682.48
5943.69 -1674.38
5949.25 -1683.95
5963.79 -1669.05
5969.42 -1678.49
5979.71 -1674.65
5989.92 -1670.7
6001.56 -1661.89
6012.43 -1654.85
6025.19 -1640.99
6033.74 -1640.41
6035.96 -1661.88
6048.09 -1648.65
6055.6 -1651.72
6063.89 -1651.82
6074.56 -1642.13
6082.27 -1644
6091.56 -1638.98
6100.52 -1634.84
6108.79 -1633.54
6117.4 -1630.21
6125.39 -1629.74
6136.05 -1614.45
6143.17 -1617.75
6148.22 -1633.82
6158.48 -1618.25
6165.97 -1619.39
6173.34 -1621.45
6181.13 -1620.48
6187.8 -1628.37
6197.28 -1612.36
6204.93 -1611.17
6213.95 -1594.97
6220.99 -1598.62
6226.87 -1618.15
6236.19 -1591.76
6242.86 -1602.2
6249.81 -1610.59
6257.49 -1604.94
6264.74 -1609.21
6272.75 -1584.43
6279.86 -1590.57
6287.12 -1589.65
6294.37 -1593.66
6301.61 -1590.62
6309.12 -1603.51
6315.94 -1584.34
6323.1 -1583.1
6330.15 -1579.81
6336.65 -1567.47
6344.52 -1580.03
6351.53 -1577.55
6357.94 -1568.03
6365.44 -1572.41
6371.84 -1564.78
6379.61 -1571.01
6385.19 -1557.31
6392.77 -1561.43
6399.1 -1555.57
6406.89 -1560.55
6413.57 -1557.55
6420.53 -1556.46
6427.14 -1553.34
6435.82 -1561.98
6438.58 -1538.1
6448.45 -1552.49
6454.36 -1546.21
6461.43 -1545.74
6470.9 -1555.95
6474.21 -1538.78
6480.77 -1536.19
6483.88 -1519.98
6497.32 -1544.4
6508.6 -1559
6516.37 -1559.97
6531.12 -1584.89
6536.31 -1576.07
6542.54 -1571.04
6551.13 -1573.6
6562.57 -1584.61
6568.81 -1579.38
6576.28 -1577.89
6588.11 -1588.57
6602.9 -1606.61
6611.68 -1607.62
6632.41 -1639.32
6648.17 -1656.77
6661.26 -1666.6
6684.16 -1699.35
7729.02 -4123.84
7336.4 -3146.4
7308.15 -3027.68
7319.15 -2999.64
7336.54 -2986.07
7361.11 -2987.7
7388.88 -2995.35
7405.66 -2980.33
7487.45 -3092.47
7531.87 -3128.03
7513.84 -3044.8
7523.68 -3015.63
7545.26 -3008.29
7568.3 -3003.36
7581.31 -2980.9
7589.95 -2951.49
7612.12 -2945.23
7630.62 -2932.78
7648.47 -2919.32
7655.41 -2888.88
7675.03 -2878.58
7697.9 -2873.1
7716.85 -2861.58
7821.49 -2974.16
7894.26 -3036.8
7871.56 -2963.4
12187.6 -8837.37
10219.5 -6043.15
10436.9 -6235.13
10873.3 -6703.3
10803.4 -6508.12
10949.5 -6588.86
10807.2 -6310.6
10909.6 -6336.46
10902.7 -6230.2
11012.1 -6261.87
11258.6 -6447.98
11296.7 -6391.72
11527.4 -6548.84
11514.8 -6434.5
11608.5 -6436.16
11681.3 -6414.17
11722.8 -6359.03
11772.9 -6312.86
11746 -6190.02
11891.8 -6238.75
11951 -6200.77
11993.1 -6146.37
12056 -6111.39
11850.6 -5831.05
11683.2 -5592.77
11810.7 -5620.9
12197.7 -5870.99
12124.8 -5719.5
12039.7 -5561.34
11823.2 -5299.11
11292 -4790.58
11285.4 -4713.9
11240.8 -4608.78
10977 -4338.4
10780.9 -4126.95
10583.9 -3920.99
10425.7 -3749.21
10281.3 -3592.03
10140.1 -3441.6
9984.27 -3285.39
9980.44 -3235.8
10013.6 -3211.22
9824.89 -3042.94
9628.48 -2874.94
9462.55 -2731.15
9390.84 -2649.26
9303.36 -2560.05
9242.18 -2488.7
9159.17 -2406.6
9100.24 -2340.31
9028.99 -2268.91
8994.54 -2219.3
9000.99 -2192.4
9033.82 -2179.28
9033.61 -2148.98
9070.72 -2137.45
9086.23 -2114.9
9113.31 -2097.75
9139.4 -2079.82
9152.63 -2055.75
9174.8 -2035.6
9196.84 -2015.16
9226.12 -1997.55
9246.98 -1976.09
9265.83 -1953.61
9283.59 -1930.54
9305.84 -1909.03
9304.5 -1878.51
9256.79 -1831.44
9224.52 -1790.93
9178.53 -1746.54
9136.73 -1704.61
9084.91 -1660.41
9058.31 -1625.26
9017.91 -1586.57
8993.37 -1553.45
9015.58 -1534.23
9039.59 -1515.21
9041.25 -1489.93
8995.21 -1452.51
8976.88 -1422.9
8949.49 -1391.58
8905.18 -1357
8883.92 -1328.4
8853.56 -1298.35
8830.71 -1270.46
7553.53 -1002
7424.77 -967.023
7392.05 -951.13
7374.94 -938.433
7375.47 -928.826
7359.09 -916.747
7352.5 -906.338
7334.9 -894.643
7325.11 -884.225
7333.12 -875.988
7336.08 -867.108
7306.12 -855.092
7315.88 -847.009
7320.59 -838.382
7336.2 -830.422
7337.78 -821.372
7338.28 -812.248
7333.7 -802.914
7338.04 -793.958
7374.29 -785.7
7374.47 -776.26
7396.58 -766.963
7417.6 -757.285
7414.53 -747.5
7429.38 -737.416
7440.14 -727.185
7437.82 -717.247
7448.39 -706.752
7463.86 -695.796
7489.21 -683.936
7518.42 -671.34
7514.61 -660.888
7530.64 -648.71
7545.55 -636.344
7547.41 -625.095
7579.96 -610.229
7580.59 -598.753
7608.87 -583.54
7624.11 -569.659
7641.19 -555.199
7646.26 -542.328
7666.01 -526.847
7681.64 -511.707
7687.29 -498.121
7725.18 -478.052
7710.92 -467.978
7625.21 -473.461
7528.98 -482.819
7505.1 -477.035
7491.89 -469.055
7487.37 -459.088
7494.38 -446.149
7466.5 -442.456
7458.87 -433.571
7469.43 -419.518
7459.71 -411.264
7458.53 -400.504
7447.73 -392.765
7432.13 -386.742
7427.88 -377.131
7464.19 -353.48
7492.62 -331.855
7535.79 -304.199
7681.52 -237.017
7741.27 -200.052
7714.02 -196.275
7703.49 -186.152
7692.89 -176.17
7681.31 -166.721
7675.17 -155.025
7672.58 -141.757
7673.49 -126.822
7653.43 -121.589
7636.09 -115.359
7625.93 -105.861
7612.13 -98.2832
7608.97 -85.4259
7603.93 -73.5006
7595.24 -63.4976
7585.61 -54.0723
7589.01 -37.4625
7567.88 -34.5794
7556.31 -26.4893
7550.73 -14.9798
7548.46 -1.44482
7527.32 0.572433
7522.33 12.3817
7515.55 23.0835
7505.32 31.5404
7500.04 43.2005
7481.4 45.8533
7477.61 58.4693
7467.97 67.0532
7466.41 81.3559
7445.29 81.5455
7439.51 92.7655
7434.42 104.552
7432.38 118.756
7412.08 118.792
7418.44 139.763
7406.67 146.398
7386.39 145.882
7379.21 156.037
7371.94 166.136
7371.35 182.096
7369.07 196.788
7345.85 192.731
7336.76 201.209
7331.99 213.702
7332.14 231.014
7315.56 232.39
7304.73 239.172
7301.62 253.635
7287.84 257.398
7278.93 266.045
7270.63 275.34
7262.24 284.568
7253.09 292.99
7244.53 302.076
7237.88 313.344
7239.6 334.406
7231.32 344.152
7221.01 351.534
7209.37 357.275
7199.59 365.232
7190.36 373.888
7185.96 388.783
7175.9 396.535
7171.78 412.199
7165.08 424.657
7151.78 428.174
7142.54 437.257
7129.2 440.527
7129.43 463.463
7117.05 468.228
7101.35 467.861
7093.32 479.071
7091.59 500.368
7075.28 498.801
7069.47 514.12
7053.2 512.269
7048.14 529.21
7035.36 533.153
7037.79 563.984
7024.76 567.81
7006.5 561.831
7003.35 583.922
6991.6 590.073
6979.8 596.121
6967.94 602.067
6957.34 610.607
6951.79 629.908
6938.37 632.886
6934.04 655.775
6924.5 667.719
6910.82 670.425
6899.88 679.451
6886.15 681.922
6878.77 700.038
6866.01 705.097
6857.84 722.192
6851.5 744.879
6839.37 752.52
6828.14 762.894
6813.86 764.671
6799.91 767.264
6792.09 788.763
6784.24 811.196
6771.38 818.297
6757.59 822.415
6745.41 832.184
6734.68 847.645
6719.87 848.542
6706.81 856.084
6699.17 885.849
6688.04 902.954
6696.03 1004.8
6683.83 1022.91
6669.7 1033.1
6658.58 1058.87
6641.75 1057.09
6627.87 1070.88
6614.62 1089.5
6599.29 1097.18
6584.31 1107.69
6570.62 1127.97
6556.33 1146.17
6541.75 1164.27
6526.51 1179.28
6510.8 1192.17
6495.91 1214.89
6479.51 1225.55
6466.01 1271.95
6447.28 1260.42
6430.93 1280.65
6415.36 1319.71
6398.27 1341.68
6380.26 1350.51
6362.3 1365.19
6343.99 1375.71
6325.56 1389.08
6307.11 1435.29
6287.95 1434.33
6268.57 1456.2
6248.84 1475.91
6228.35 1510.42
6207.65 1533.76
6186.82 1550.91
6166 1561.88
6144.11 1586.64
6122.06 1607.2
6098.1 1646.49
6075.69 1660.63
6051.64 1688.5
6030.92 1680.34
6009.29 1680.95
5990.24 1660.52
5968.73 1660.76
5947.06 1661.8
5920.69 1693.3
5889.15 1753.15
5862.73 1776.16
5836.22 1796.92
5808.21 1823.31
5776.82 1864.12
5743.67 1909.47
5711.58 1945.64
5680.56 1973.65
5645.84 2014.95
5611.29 2051.96
5573.12 2100.22
5537.33 2135.44
5500.88 2170.25
5467.26 2192.12
5422.65 2250.13
5394.99 2247.22
5427.96 2047.18
5308.75 2337.84
5247.85 2432.73
5193.53 2502.14
5145.45 2549.12
5092.11 2607.74
5037.31 2666.62
4984.21 2717.31
4922.21 2787.85
4856.3 2864.07
4794.23 2926.43
4727.12 2997.22
4659.05 3066.18
4580.85 3154.4
4547.58 3137.49
4565.71 3008.47
4339.73 3405.22
4249.84 3499.83
4148.91 3612.03
4052.59 3709.38
3942.1 3829.4
3829.82 3946.93
5007.26 1645.42
4932.19 1733.3
4879.82 1776.37
3306.74 4491.84
3147.61 4661.07
2972.07 4850.27
2794.55 5034.25
4269.84 2525.54
4615.58 1911.53
4714.7 1705.6
4694.34 1690.07
4680.22 1665.2
4658.56 1651.86
4638.15 1636.69
4608.09 1635.25
4589.59 1617.21
397.63 7318.04
327.365 7266.29
257.554 7213.93
188.202 7160.96
119.316 7107.39
50.8945 7053.21
-17.0468 6998.45
-84.5079 6943.09
-151.483 6887.15
-217.967 6830.62
-283.956 6773.52
-349.444 6715.84
-414.426 6657.6
-478.897 6598.79
-542.852 6539.41
-606.291 6479.48
-669.201 6419
-731.58 6357.98
-793.425 6296.41
