25794.8 1455.06
25793.2 1516.67
25791.6 1578.33
25790 1640.04
25788.4 1701.8
25786.8 1763.65
25785.2 1825.56
25783.6 1887.57
25782 1949.68
25793.1 2013.64
25778.8 2074.24
25777.2 2136.71
25775.5 2199.31
25574.7 2227.88
25254.5 2231.44
25253 2289.87
25251.5 2348.47
22424.2 1819.82
22423.4 1853.12
22422.5 1886.52
22421.6 1920.04
22420.8 1953.68
22419.9 1987.46
22419 2021.36
22418.1 2055.41
22417.2 2089.6
22416.4 2123.94
22415.5 2158.44
22414.6 2193.11
22413.7 2227.95
22412.8 2262.96
22411.9 2298.17
22410.9 2333.56
22410 2369.15
22409.1 2404.95
22408.2 2440.96
22407.2 2477.19
22406.3 2513.65
22405.3 2550.35
22404.4 2587.29
22403.4 2624.48
22402.4 2661.94
22401.5 2699.66
22400.5 2737.66
22399.5 2775.95
22398.5 2814.53
22397.5 2853.42
22396.5 2892.63
22395.5 2932.15
22394.4 2972.02
22393.4 3012.23
22392.3 3052.8
22391.3 3093.73
22390.2 3135.04
22389.1 3176.74
22388 3218.85
22386.9 3261.37
22385.8 3304.32
22384.7 3347.71
22383.6 3391.55
22382.4 3435.86
22381.3 3480.65
22380.1 3525.94
22378.9 3571.75
22377.7 3618.08
22376.5 3664.96
22375.3 3712.4
22374 3760.42
22372.8 3809.04
22371.5 3858.27
22370.2 3908.14
22368.9 3958.67
22367.6 4009.87
22366.2 4061.78
22364.9 4114.4
22363.5 4167.77
22362.1 4221.91
22360.7 4276.84
22359.2 4332.59
22357.8 4389.19
22356.3 4446.67
22354.8 4505.05
22353.2 4564.37
22351.7 4624.66
22350.1 4685.94
22348.5 4748.27
22346.8 4811.66
22339.9 4870.58
22329.9 4927.11
22338.6 5005.15
22328.4 5063.77
22336.3 5143.97
22326.1 5204.84
22315.9 5266.91
22322.9 5350.66
22329.3 5435.67
22318.8 5501.58
22308.5 5568.87
22314 5658.02
22319 5748.65
22308.3 5820.43
22312.6 5914.21
22301.8 5989.29
22305 6085.93
22296.8 6168.48
22295.5 6263.2
22297.4 6365.18
21575.6 5363.74
21521.2 5362.33
21467.6 5360.94
21414.5 5359.57
21362 5358.21
21310.1 5356.87
21258.8 5355.54
21208.1 5354.23
21157.8 5352.93
21108.1 5351.65
21058.9 5350.37
21010.2 5349.11
20961.9 5347.87
20944.7 5407.44
20896.7 5406.2
20849.1 5404.97
20802 5403.75
20755.2 5402.54
20708.9 5401.34
20662.9 5400.15
20617.3 5398.97
20572.1 5397.8
20527.3 5396.64
20482.7 5395.49
20438.6 5394.35
20394.7 5393.22
20351.1 5392.09
20307.9 5390.97
20264.9 5389.86
20222.2 5388.76
20179.8 5387.66
20137.7 5386.57
20095.8 5385.49
20054.2 5384.41
20012.8 5383.34
19971.6 5382.27
19930.6 5381.21
19900.4 5420.45
19910.4 5620.77
20264.3 7250.47
20155 7027.56
20099.7 7026.14
20044.8 7024.71
19990 7023.3
19935.5 7021.89
19881.1 7020.48
19827 7019.08
19773.1 7017.69
19719.4 7016.3
19665.8 7014.91
19612.4 7013.53
19559.2 7012.16
19528.8 7191.43
19478.9 7230.15
19424.1 7228.74
19369.5 7227.32
19315 7225.91
19260.5 7224.51
19206.2 7223.1
19152 7221.7
19079.1 6879.7
19028.1 6878.38
18977.1 6877.06
18926.1 6875.74
18875.2 6874.43
18824.3 6873.11
18773.5 6871.8
18722.7 6870.48
18671.9 6869.17
18621.2 6867.86
18514.7 8585.68
18517.2 6925.19
18465.8 6923.86
18414.5 6922.53
18363.1 6921.21
18311.7 6919.88
18260.3 6918.54
18208.8 6917.21
18157.2 6915.88
18105.6 6914.54
18053.9 6913.21
18002.1 6911.87
17950.2 6910.53
17898.2 6909.18
17846.1 6907.83
17793.9 6906.48
17741.6 6905.13
17689.1 6903.77
17636.5 6902.41
17583.7 6901.05
17530.8 6899.68
17477.7 6898.3
17424.4 6896.93
17370.9 6895.54
17317.2 6894.16
17263.4 6892.76
17209.3 6891.36
17155 6889.96
17100.4 6888.55
17043.8 6893.24
16984.6 6905.42
16929.3 6903.42
16877 6891.07
16836.9 6841.72
16787.9 6820.45
16711.1 6878.48
16654.3 6877.01
16597.2 6875.53
16539.7 6874.05
16481.9 6872.55
16423.7 6871.05
16365.1 6869.53
16306.1 6868.01
16246.7 6866.47
16186.9 6864.92
16126.7 6863.37
16066 6861.8
16004.9 6860.22
15943.3 6858.62
15881.2 6857.02
15818.6 6855.4
15749.8 6864.55
15683.9 6867.03
15807.1 6518.28
15815.7 6390.43
15813.5 6285.89
15822.5 6165.02
15785.6 6126.21
15287.4 6858.77
15286.5 6746.81
15212.3 6755.74
15160.6 6727.85
15170.8 6604.03
15168.7 6502.26
15166.9 6402.76
15300 6108.84
15301.2 6013.64
15302.7 5920.4
15304.4 5829.06
15306.5 5739.52
15308.9 5651.71
15311.6 5565.56
15314.5 5480.99
15317.9 5397.95
15321.5 5316.36
15325.5 5236.17
15329.8 5157.33
15334.5 5079.79
15339.6 5003.49
15327.7 4947.94
15343.5 4862.45
15339 4801.13
15345.3 4729.34
15333.5 4678.11
15340.2 4608.34
15347.3 4539.52
15335.4 4491.13
15343 4424.12
15351.1 4357.97
15339.1 4312.12
15338.9 4255.89
15340.3 4198.97
15341.8 4143.01
15343.2 4087.96
15344.6 4033.81
15346 3980.52
15347.4 3928.07
15348.7 3876.42
15350 3825.55
15351.3 3775.44
15352.6 3726.06
15353.8 3677.38
15355.1 3629.4
15356.3 3582.07
15357.5 3535.39
15358.7 3489.33
15359.9 3443.88
15361 3399.01
15375.2 3345.9
15363.3 3310.95
15364.4 3267.73
15365.5 3225.03
15366.6 3182.83
15367.7 3141.12
15368.8 3099.87
15369.8 3059.09
15370.9 3018.75
15371.9 2978.84
15372.9 2939.35
15373.9 2900.26
15374.9 2861.56
15375.9 2823.25
15376.9 2785.31
15377.9 2747.72
15378.8 2710.49
15379.8 2673.59
15380.7 2637.02
15381.7 2600.77
15382.6 2564.82
15383.5 2529.18
15384.4 2493.82
15385.4 2458.75
15386.3 2423.94
15387.1 2389.41
15388 2355.12
15388.9 2321.09
15389.8 2287.29
15390.7 2253.73
15391.5 2220.39
15392.4 2187.27
15393.2 2154.36
15394.1 2121.66
15394.9 2089.15
15395.7 2056.83
15396.6 2024.69
15397.4 1992.73
15398.2 1960.94
15399 1929.31
15399.9 1897.85
15400.7 1866.53
15401.5 1835.37
15402.3 1804.34
15403.1 1773.45
15403.9 1742.69
15404.7 1712.05
15405.5 1681.53
15406.2 1651.12
15407 1620.82
15407.8 1590.63
15408.6 1560.53
15409.4 1530.53
15349.9 1508.58
15290.5 1485.63
15291.3 1454.81
11881.6 1784.4
11883.2 1723.54
11902.5 1661.24
11886.3 1602.19
11887.9 1541.69
11889.5 1481.29
11891 1420.98
11892.6 1360.76
11894.1 1300.61
11895.7 1240.52
11897.2 1180.49
11898.8 1120.51
11900.3 1060.56
11901.9 1000.64
11903.4 940.741
11905 880.848
11906.5 820.956
11908.1 761.052
11909.6 701.133
14687.7 810.121
15367.7 821.732
15368.4 791.999
15429.1 767.46
15429.8 738.194
15670 733.994
16009.9 745.316
16090.3 730.814
16230.4 725.544
16231 703.126
16231.6 680.663
16172.4 648.695
16173 625.597
15436.7 472.631
15437.5 442.798
15438.3 412.883
15439 382.878
15439.8 352.782
15440.6 322.588
15441.4 292.291
15442.2 261.887
15443 231.368
15443.7 200.732
14769 -11.0133
15723.4 216.195
15724.2 187.774
15724.9 159.224
15725.7 130.54
15726.4 101.716
15727.2 72.7469
15727.9 43.6274
15728.7 14.3517
15729.4 -15.086
15730.2 -44.6922
15731 -74.4717
15771.4 -89.2176
15851.3 -87.7524
15951.1 -76.8862
15971.6 -97.0226
15972.4 -125.352
15973.1 -153.876
15973.8 -182.604
15974.6 -211.541
15975.3 -240.693
15976.1 -270.067
15976.9 -299.672
15977.6 -329.514
15978.4 -359.6
15979.2 -389.938
15980 -420.537
15980.8 -451.404
15804.1 -581.015
15804.9 -614.453
15805.8 -648.203
15806.7 -682.275
15807.6 -716.68
15808.5 -751.427
15809.4 -786.527
15810.3 -821.991
15811.2 -857.83
15812.2 -894.057
17123.9 -45.758
17157.2 -43.7581
17200.1 -34.402
17212.5 -45.9797
17244.3 -43.4251
17275.7 -40.5056
17306.8 -37.2157
17337.7 -33.5501
17355.5 -39.4872
17385.4 -35.6097
17415 -31.3452
17444.4 -26.6873
17454 -38.0787
17482.9 -32.9014
17511.7 -27.3138
17524.4 -35.3507
17552.4 -29.5323
17580.2 -23.289
17588.3 -34.8531
17615.7 -28.0502
17625.3 -37.9936
17652.1 -30.9503
17678.7 -23.4534
17685.7 -35.3574
17712.1 -27.2655
17720.4 -37.739
17738.8 -37.2614
17757 -36.792
17774.8 -36.3303
17792.4 -35.8764
17809.7 -35.4297
17826.7 -34.9901
17843.4 -34.5571
17859.9 -34.131
17876.1 -33.7115
17892.1 -33.298
17907.8 -32.8903
17923.4 -32.4886
17938.7 -32.0924
17953.8 -31.7019
17968.7 -31.3167
17983.4 -30.9362
17997.9 -30.5612
18012.2 -30.1905
18026.4 -29.8249
18040.3 -29.4634
18054.1 -29.1066
18067.8 -28.7542
18081.3 -28.4055
18094.6 -28.0611
18107.8 -27.7204
18120.8 -27.3836
18133.7 -27.0503
18146.4 -26.7207
18159 -26.3942
18171.5 -26.0714
18183.9 -25.7519
18196.1 -25.4353
18208.2 -25.1217
18220.2 -24.8111
18232.1 -24.5035
18243.9 -24.1983
18255.6 -23.8963
18267.2 -23.5965
18278.7 -23.2995
18290.1 -23.0049
18301.4 -22.7127
18312.6 -22.4229
18323.7 -22.135
18334.8 -21.8497
18345.7 -21.5661
18356.6 -21.2848
18363.1 -32.7863
18374 -32.5058
18384.8 -32.2273
18395.5 -31.9503
18406.1 -31.6752
18416.7 -31.4017
18427.2 -31.1299
18437.6 -30.8595
18448 -30.5911
18458.4 -30.3236
18468.6 -30.0579
18478.9 -29.7934
18489 -29.5302
18499.2 -29.2684
18509.2 -29.0077
18519.3 -28.7483
18529.3 -28.4898
18539.2 -28.2325
18549.1 -27.9762
18559 -27.721
18568.8 -27.4667
18578.6 -27.2131
18588.4 -26.9606
18598.1 -26.7087
18607.9 -26.4577
18617.5 -26.2074
18627.2 -25.9577
18636.8 -25.7088
18646.4 -25.4603
18656 -25.2126
18665.6 -24.9652
18675.1 -24.7184
18684.6 -24.472
18694.1 -24.2262
18703.6 -23.9804
18713.1 -23.7353
18722.6 -23.4904
18732.1 -23.2455
18741.5 -23.0009
18751 -22.7566
18760.4 -22.5125
18769.8 -22.2684
18779.3 -22.0243
18788.7 -21.7803
18798.1 -21.5364
18807.6 -21.2922
18817 -21.048
18826.5 -20.8038
18835.9 -20.5594
18845.4 -20.3147
18854.8 -20.0699
18864.3 -19.8249
18873.8 -19.5794
18883.3 -19.3336
18892.8 -19.0875
18902.4 -18.841
18911.9 -18.5938
18921.5 -18.3463
18931.1 -18.0981
18940.7 -17.8497
18950.3 -17.6002
18960 -17.3503
18969.7 -17.0995
18979.4 -16.8483
18989.2 -16.596
18999 -16.3429
19008.8 -16.0891
19018.6 -15.8342
19028.5 -15.5785
19038.5 -15.3217
19048.4 -15.0639
19058.4 -14.8049
19068.5 -14.5448
19078.6 -14.2836
19088.7 -14.0211
19098.9 -13.7574
19109.2 -13.4922
19119.5 -13.2258
19129.9 -12.9578
19140.3 -12.6884
19150.8 -12.4173
19161.3 -12.1446
19171.9 -11.8704
19182.6 -11.5944
19193.3 -11.3167
19204.1 -11.0371
19215 -10.7556
19226 -10.4721
19237 -10.1868
19248.1 -9.89905
19259.3 -9.60926
19270.6 -9.31757
19282 -9.02317
19293.5 -8.72679
19305 -8.4275
19316.7 -8.12615
19328.4 -7.82191
19340.3 -7.51503
19352.3 -7.2055
19364.4 -6.89281
19376.6 -6.57753
19388.9 -6.25903
19401.3 -5.93754
19413.9 -5.61278
19426.6 -5.28486
19439.4 -4.95323
19452.3 -4.61834
19465.4 -4.27952
19478.7 -3.93706
19492.1 -3.59086
19505.6 -3.24058
19519.3 -2.88639
19533.2 -2.52758
19538.7 9.2855
19552.7 9.64899
19567 10.0168
19581.4 10.3898
19596 10.7677
19610.8 11.1502
19625.8 11.5382
19641 11.9313
19656.4 12.3303
19672 12.7346
19687.9 13.1453
19704 13.5615
19720.4 13.9845
19737 14.4141
19753.8 14.85
19771 15.2932
19788.4 15.7432
19806.1 16.2012
19824.1 16.6662
19842.4 17.14
19855.1 23.1463
19878.6 19.3749
19881.6 34.6904
19906.4 30.309
19930.4 27.1349
19954.5 24.3698
19960.5 37.3232
19985.2 34.7414
20009.8 32.5582
20038.3 27.8258
20063.6 26.132
20068.5 40.6735
20099 35.6622
20125.1 34.5426
20151.3 33.7976
20177.6 33.4229
20210.9 28.5521
20238.1 28.6445
20265.3 29.0957
20272.4 43.5422
20309 38.569
20337.3 39.572
20365.9 40.9256
20405.3 36.0337
20434.9 37.8428
20464.8 39.9935
20494.9 42.4848
20518.1 49.4432
20569.8 40.7467
20601.5 44.0221
20633.6 47.6282
20681.9 43.1931
20715.5 47.2476
20749.5 51.6317
20783.9 56.3419
20839.1 51.5805
20874.2 57.3471
20931.3 53.4759
20968.8 59.5055
21027.1 56.9278
21089.5 53.6561
21130 60.6762
21191.5 59.7247
21233.7 67.5974
21317.3 60.0311
21370.3 65.5783
21436.8 66.9766
21504.6 69.1059
21573.6 71.9606
21664.2 68.6705
21731.6 74.6351
21806.5 79.3092
21903.4 78.4274
21982.1 84.7492
22083 85.9043
22190.6 86.9435
22298.3 89.8033
22408.8 93.7802
22482.1 109.141
22478.4 144.642
22474.2 180.016
22481.3 212.629
22473 248.562
22470.2 283.086
22473.5 316.225
22475.4 349.555
22477.1 382.865
22467.6 418.01
22468.4 451.202
22461 485.6
22463.2 518.35
22457 552.225
22456.2 585.221
22455.3 618.126
22454.5 650.95
22453.6 683.693
22452.8 716.366
22451.9 748.97
22451.1 781.512
22730.8 795.467
23270.9 799.384
24051.1 801.085
24250.2 839.512
25810.7 839.19
25809.1 900.896
25807.5 962.553
25805.9 1024.16
25804.3 1085.75
25802.7 1147.3
25801.1 1208.84
25799.6 1270.38
25798 1331.92
25796.4 1393.48
25794.8 1455.06
