19882.3 5683.66
19882.3 5683.66
19882.3 5683.66
19882.3 5683.66
19882.3 5683.66
19882.3 5683.66
19882.3 5683.66
19882.3 5683.66
19882.3 5683.66
19882.3 5683.66
19882.3 5683.66
19882.3 5683.66
19882.3 5683.66
19882.3 5683.66
19882.3 5683.66
19882.3 5683.66
19882.3 5683.66
19882.3 5683.66
19882.3 5683.66
19882.3 5683.66
19882.3 5683.66
19882.3 5683.66
19882.3 5683.66
19882.3 5683.66
19877.9 5670.56
19877.9 5670.56
19877.9 5670.56
19877.9 5670.56
19877.9 5670.56
19877.9 5670.56
19877.9 5670.56
19877.9 5670.56
19877.9 5670.56
19877.9 5670.56
19877.9 5670.56
19877.9 5670.56
19877.9 5670.56
19891.4 5673.01
19888.4 5672.65
19888.4 5672.65
19888.4 5672.65
19885.5 5671.95
19882.6 5671.17
19882.6 5671.17
19882.6 5671.17
19882.6 5671.17
19882.6 5671.17
19882.6 5671.17
19882.6 5671.17
19882.6 5671.17
19882.6 5671.17
19866.4 5672.76
19866.4 5672.76
19864.2 5670.74
19859.8 5666.59
19853.5 5660.19
19846.3 5652.54
19839.3 5644.71
19832.5 5636.75
19825.7 5628.68
19819.2 5620.49
19812.8 5612.18
19806.5 5603.77
19800.3 5595.24
19795.5 5586.61
19789.7 5577.87
19784 5569.03
19778.5 5560.1
19773.1 5551.07
19767.9 5541.94
19762.9 5532.73
19758 5523.44
19753.3 5514.05
19748.8 5504.59
19744.4 5495.05
19740.2 5485.44
19736.1 5475.75
19732.2 5465.99
19728.5 5456.17
19725 5446.28
19721.6 5436.34
19718.4 5426.33
19718.4 5426.33
19712.6 5406.16
19709.9 5396.01
19707.4 5385.81
19707.4 5385.81
19689.2 5366.26
19687 5356
19685.1 5345.67
19683.4 5335.31
19682.1 5324.9
19681.3 5317.44
19680.8 5312.96
19680.7 5311.47
