24686.6 -4857.41
24686.6 -4857.41
24686.6 -4857.41
24686.6 -4857.41
24686.6 -4857.41
24686.6 -4857.41
24686.6 -4857.41
24686.6 -4857.41
24686.6 -4857.41
24686.6 -4857.41
24686.6 -4857.41
24686.6 -4857.41
24686.6 -4857.41
24686.6 -4857.41
24686.6 -4857.41
24686.6 -4857.41
24686.6 -4857.41
24686.6 -4857.41
24686.6 -4857.41
24686.6 -4857.41
24685.9 -4863.6
24685.9 -4863.6
24685.9 -4863.6
24685.9 -4863.6
24685.9 -4863.6
24685.9 -4863.6
24685.9 -4863.6
24685.9 -4863.6
24685.9 -4863.6
24685.9 -4863.6
24685.9 -4863.6
24685.9 -4863.6
24685.9 -4863.6
24685.9 -4863.6
24685.9 -4863.6
24685.9 -4863.6
24685.9 -4863.6
24685.9 -4863.6
24685.9 -4863.6
24685.9 -4863.6
24685.9 -4863.6
24685.9 -4863.6
24685.9 -4863.6
24685.9 -4863.6
24685.9 -4863.6
24685.9 -4863.6
24685.9 -4863.6
24685.9 -4863.6
24684.7 -4866.35
24683.4 -4869.07
24682.1 -4871.75
24680.7 -4874.4
24679.2 -4877.01
24677.7 -4879.59
24676.1 -4882.12
24674.4 -4884.61
24670.9 -4893.33
24670.9 -4893.33
24669.1 -4895.67
24665.1 -4900.21
24663.1 -4902.42
24663.1 -4902.42
24661.1 -4904.61
24659 -4906.75
24656.8 -4908.86
24654.7 -4910.93
24652.5 -4912.96
24650.2 -4914.96
24647.9 -4916.91
24645.4 -4924.94
24645.4 -4924.94
24643 -4926.79
24640.6 -4928.59
24638.2 -4930.35
24635.7 -4932.07
24633.2 -4933.75
24630.7 -4935.38
24628.2 -4936.97
24625.6 -4938.52
24620.4 -4941.47
24620.4 -4941.47
24617.7 -4942.88
24615.1 -4944.24
24612.4 -4945.56
24609.7 -4946.82
24608.3 -4947.43
24605.5 -4948.62
24605.5 -4948.62
24592.3 -4939.35
24590.9 -4939.91
24588.1 -4941
24588.1 -4941
24585.3 -4942.04
24585.3 -4942.04
24583.8 -4942.54
24581 -4943.51
24581 -4943.51
24578.1 -4944.42
24576.7 -4944.86
24576.7 -4944.86
24575.3 -4945.29
24573.8 -4945.71
24572.4 -4946.11
24570.9 -4946.5
24569.5 -4946.87
24566.6 -4947.59
24566.6 -4947.59
24565.1 -4947.93
24562.2 -4948.56
24560.7 -4948.86
24560.7 -4948.86
24559.2 -4949.15
24556.3 -4949.7
24553.3 -4950.22
24550.4 -4950.72
24547.4 -4951.19
24544.4 -4951.63
24541.5 -4952.05
24538.5 -4952.45
24535.5 -4952.81
24532.5 -4953.16
24529.6 -4953.47
24526.6 -4953.76
24526.6 -4953.76
24525.1 -4953.91
24532.7 -4953.5
24532.7 -4953.5
24531.2 -4953.65
24529.7 -4953.79
24528.2 -4953.94
24526.7 -4954.09
24523.7 -4954.39
24523.7 -4954.39
24522.2 -4954.54
24520.7 -4954.69
24517.7 -4954.98
24517.7 -4954.98
24516.3 -4955.13
24514.8 -4955.28
24513.3 -4955.43
24511.8 -4955.58
24510.3 -4955.73
24508.8 -4955.88
24507.3 -4956.02
24505.8 -4956.17
24504.3 -4956.32
24502.8 -4956.47
24501.3 -4956.62
24499.8 -4956.77
24498.3 -4956.92
24496.9 -4957.07
24495.4 -4957.21
24492.4 -4957.51
24492.4 -4957.51
24489.4 -4957.81
24489.4 -4957.81
24487.9 -4957.96
24486.4 -4958.11
24484.9 -4958.25
24483.4 -4958.4
24480.4 -4958.7
24480.4 -4958.7
24477.4 -4959
24477.4 -4959
24474.5 -4959.3
24474.5 -4959.3
24473 -4959.44
24471.5 -4959.59
24470 -4959.74
24468.5 -4959.89
24465.5 -4960.19
24465.5 -4960.19
24462.5 -4960.49
24462.5 -4960.49
24461 -4960.63
24459.5 -4960.78
24458 -4960.93
24456.5 -4961.08
24455.1 -4961.23
24453.6 -4961.38
24452.1 -4961.53
24450.6 -4961.68
24449.1 -4961.82
24447.6 -4961.97
24444.6 -4962.27
24443.1 -4962.42
24442.4 -4962.49
24441.8 -4962.55
24441.8 -4962.55
24441.3 -4962.6
24440.7 -4962.66
24440.1 -4962.72
24439.6 -4962.77
24439 -4962.83
24438.5 -4962.88
24437.9 -4962.94
24437.3 -4962.99
24436.8 -4963.05
24436.2 -4963.11
24435.7 -4963.16
24435.1 -4963.22
24434.5 -4963.27
24434 -4963.33
24433.4 -4963.39
24432.9 -4963.44
24432.3 -4963.5
24431.2 -4963.61
24430.6 -4963.66
24430.6 -4963.66
24430.1 -4963.72
24428.9 -4963.83
24428.4 -4963.89
24428.4 -4963.89
24427.8 -4963.94
24427.3 -4964
24426.1 -4964.11
24426.1 -4964.11
24425.6 -4964.17
24425 -4964.22
24424.5 -4964.28
24423.9 -4964.33
24423.3 -4964.39
24422.8 -4964.44
24422.2 -4964.5
24421.7 -4964.56
24421.1 -4964.61
24420 -4964.72
24420 -4964.72
24419.4 -4964.78
24418.3 -4964.89
24418.3 -4964.89
24417.7 -4964.95
24416.6 -4965.06
24416.6 -4965.06
24416.1 -4965.11
24415.5 -4965.17
24414.4 -4965.28
24414.4 -4965.28
24413.3 -4965.39
24413.3 -4965.39
24412.7 -4965.45
24412.1 -4965.5
24411.6 -4965.56
24411 -4965.62
24410.5 -4965.67
24409.9 -4965.73
24409.3 -4965.78
24408.2 -4965.89
24408.2 -4965.89
24407.7 -4965.95
24407.1 -4966.01
24406.5 -4966.06
24406 -4966.12
24405.4 -4966.17
24404.9 -4966.23
24404.3 -4966.28
24403.7 -4966.34
24403.2 -4966.4
24402.6 -4966.45
24402.1 -4966.51
24401 -4966.62
24401 -4966.62
24400.4 -4966.68
24399.8 -4966.73
24399.3 -4966.79
24398.7 -4966.84
24398.2 -4966.9
24397 -4967.01
24397 -4967.01
24396.5 -4967.07
24395.9 -4967.12
24394.8 -4967.23
24394.2 -4967.29
24394.2 -4967.29
24393.7 -4967.34
24393.1 -4967.4
24392.6 -4967.46
24391.4 -4967.57
24391.4 -4967.57
24390.3 -4967.68
24390.3 -4967.68
24389.8 -4967.73
24389.2 -4967.79
24388.6 -4967.85
24387.5 -4967.96
24387.5 -4967.96
24387 -4968.01
24386.4 -4968.07
24385.8 -4968.13
24384.7 -4968.24
24384.7 -4968.24
24384.2 -4968.29
24383.6 -4968.35
24382.5 -4968.46
24381.9 -4968.52
24381.9 -4968.52
24380.8 -4968.63
24380.2 -4968.68
24380.2 -4968.68
24379.7 -4968.74
24379.1 -4968.79
24378 -4968.91
24378 -4968.91
24376.9 -4969.02
24376.9 -4969.02
24376.3 -4969.07
24375.2 -4969.18
24375.2 -4969.18
24374.1 -4969.3
24374.1 -4969.3
24373.5 -4969.35
24373 -4969.41
24372.4 -4969.46
24371.8 -4969.52
24371.3 -4969.58
24370.7 -4969.63
24370.2 -4969.69
24369.6 -4969.74
24369 -4969.8
24368.5 -4969.85
24367.9 -4969.91
24367.4 -4969.97
24366.2 -4970.08
24365.7 -4970.13
24365.7 -4970.13
24364 -4970.3
24364 -4970.3
24363.4 -4970.36
24363.4 -4970.36
24362.9 -4970.41
24362.3 -4970.47
24362.3 -4970.47
24361.8 -4970.52
24361.2 -4970.58
24360.6 -4970.63
24360.1 -4970.69
24359.5 -4970.75
24359 -4970.8
24358.4 -4970.86
24357.3 -4970.97
24357.3 -4970.97
24356.2 -4971.08
24356.2 -4971.08
24355.6 -4971.14
24355.1 -4971.19
24354.5 -4971.25
24353.9 -4971.3
24353.4 -4971.36
24352.8 -4971.42
24352.3 -4971.47
24351.1 -4971.58
24350.6 -4971.64
24350.6 -4971.64
24349.5 -4971.75
24348.9 -4971.81
24348.9 -4971.81
24348.3 -4971.86
24347.8 -4971.92
24346.7 -4972.03
24346.7 -4972.03
24345.5 -4972.14
24345.5 -4972.14
24345 -4972.2
24344.4 -4972.25
24343.9 -4972.31
24343.3 -4972.36
24342.7 -4972.42
24342.2 -4972.47
24341.6 -4972.53
24340.5 -4972.64
24340.5 -4972.64
24339.9 -4972.7
24339.4 -4972.75
24338.8 -4972.81
24337.7 -4972.92
24337.7 -4972.92
24337.1 -4972.98
24336.6 -4973.03
24336 -4973.09
24335.5 -4973.14
24334.3 -4973.26
24334.3 -4973.26
24333.8 -4973.31
24333.2 -4973.37
24332.7 -4973.42
24332.1 -4973.48
24331 -4973.59
24331 -4973.59
24329.9 -4973.7
24329.9 -4973.7
24329.3 -4973.76
24328.7 -4973.81
24328.2 -4973.87
24327.1 -4973.98
24327.1 -4973.98
24326.5 -4974.04
24325.9 -4974.09
24324.8 -4974.2
24324.3 -4974.26
24324.3 -4974.26
24323.7 -4974.31
24322.6 -4974.43
24322.6 -4974.43
24322 -4974.48
24321.5 -4974.54
24320.9 -4974.59
24319.8 -4974.71
24319.2 -4974.76
24318.7 -4974.82
24318.7 -4974.82
24318.1 -4974.87
24317.6 -4974.93
24317 -4974.98
24316.4 -4975.04
24315.9 -4975.1
24315.3 -4975.15
24314.2 -4975.26
24314.2 -4975.26
24313.6 -4975.32
24313.1 -4975.37
24312.5 -4975.43
24312 -4975.49
24311.4 -4975.54
24310.8 -4975.6
24310.3 -4975.65
24309.2 -4975.76
24309.2 -4975.76
24308 -4975.88
24308 -4975.88
24307.5 -4975.93
24306.4 -4976.04
24306.4 -4976.04
24305.8 -4976.1
24305.2 -4976.16
24304.7 -4976.21
24304.1 -4976.27
24303.6 -4976.32
24303 -4976.38
24302.4 -4976.43
24301.9 -4976.49
24301.3 -4976.55
24300.8 -4976.6
24300.2 -4976.66
24299.6 -4976.71
24299.1 -4976.77
24298.5 -4976.82
24298 -4976.88
24297.4 -4976.94
24296.8 -4976.99
24296.3 -4977.05
24295.2 -4977.16
24294.6 -4977.21
24294.6 -4977.21
24294 -4977.27
24293.5 -4977.33
24292.4 -4977.44
24292.4 -4977.44
24291.8 -4977.49
24291.2 -4977.55
24290.7 -4977.61
24290.1 -4977.66
24289.6 -4977.72
24289 -4977.77
24288.4 -4977.83
24287.9 -4977.88
24287.3 -4977.94
24286.2 -4978.05
24286.2 -4978.05
24285.6 -4978.11
24284.5 -4978.22
24284.5 -4978.22
24284 -4978.27
24283.4 -4978.33
24282.3 -4978.44
24282.3 -4978.44
24281.7 -4978.5
24280.6 -4978.61
24280.6 -4978.61
24280 -4978.66
24279.5 -4978.72
24278.9 -4978.78
24277.8 -4978.89
24277.8 -4978.89
24276.7 -4979
24276.7 -4979
24275.6 -4979.11
24275.6 -4979.11
24275 -4979.17
24274.5 -4979.22
24273.9 -4979.28
24273.3 -4979.33
24272.8 -4979.39
24272.2 -4979.45
24271.7 -4979.5
24270.5 -4979.61
24270 -4979.67
24270 -4979.67
24269.4 -4979.72
24268.9 -4979.78
24268.3 -4979.84
24267.7 -4979.89
24267.2 -4979.95
24266.6 -4980
24265.5 -4980.11
24265.5 -4980.11
24264.9 -4980.17
24263.8 -4980.28
24263.8 -4980.28
24263.3 -4980.34
24262.7 -4980.39
24262.1 -4980.45
24261.6 -4980.5
24260.5 -4980.62
24259.9 -4980.67
24259.9 -4980.67
24259.3 -4980.73
24258.8 -4980.78
24258.2 -4980.84
24257.7 -4980.9
24257.1 -4980.95
24256.5 -4981.01
24256 -4981.06
24255.4 -4981.12
24254.9 -4981.17
24254.3 -4981.23
24253.7 -4981.29
24253.2 -4981.34
24252.6 -4981.4
24252.1 -4981.45
24251.5 -4981.51
24250.9 -4981.56
24250.4 -4981.62
24249.8 -4981.68
24249.3 -4981.73
24248.7 -4981.79
24248.1 -4981.84
24247.6 -4981.9
24247 -4981.95
24245.9 -4982.07
24245.3 -4982.12
24245.3 -4982.12
24244.8 -4982.18
24243.7 -4982.29
24243.7 -4982.29
24243.1 -4982.35
24242 -4982.46
24242 -4982.46
24241.4 -4982.51
24240.9 -4982.57
24240.3 -4982.62
24239.2 -4982.74
24239.2 -4982.74
24238.6 -4982.79
24238.1 -4982.85
24237.5 -4982.9
24236.9 -4982.96
24236.4 -4983.01
24233.8 -4983.27
24233.8 -4983.27
24231.7 -4983.48
24227.6 -4983.94
24227.6 -4983.94
24225.6 -4984.2
24225.6 -4984.2
24225.6 -4984.2
24225.6 -4984.2
24223.3 -4984.44
24221.1 -4984.68
24218.9 -4984.96
24218.9 -4984.96
24218.9 -4984.96
24218.9 -4984.96
24218.9 -4984.96
24218.9 -4984.96
24218.9 -4984.96
24218.9 -4984.96
24216.6 -4985.18
24216.6 -4985.18
24214.4 -4985.38
24212.2 -4985.57
24212.2 -4985.57
24209.9 -4985.77
24207.7 -4986
24205.4 -4986.27
24205.4 -4986.27
24204.7 -4986.37
24204.7 -4986.37
24204 -4986.47
24203.2 -4986.57
24202.5 -4986.67
24201.7 -4986.77
24201 -4986.88
24200.2 -4986.99
24199.5 -4987.1
24198.8 -4987.22
24198 -4987.34
24197.3 -4987.46
24196.5 -4987.59
24195.8 -4987.72
24195.1 -4987.84
24192.8 -4988.21
24189.5 -4988.76
24189.5 -4988.76
24188.4 -4988.98
24185.8 -4989.52
24183.3 -4990.06
24178.1 -4991.17
24178.1 -4991.17
24175.6 -4991.77
24173 -4992.4
24173 -4992.4
24173 -4992.4
24171.6 -4992.8
24168.7 -4993.59
24168.7 -4993.59
24165.8 -4994.46
24165.8 -4994.46
24163 -4995.4
24163 -4995.4
24161.6 -4995.9
24145.9 -5016.96
24143.1 -5018.03
24143.1 -5018.03
24142.4 -5018.31
24141.7 -5018.6
24141 -5018.89
24139.6 -5019.49
24138.9 -5019.79
24138.9 -5019.79
24138.2 -5020.1
24137.6 -5020.41
24136.9 -5020.72
24134.8 -5021.66
24134.8 -5021.66
24132.8 -5022.59
24132.8 -5022.59
24132.8 -5022.59
24132.8 -5022.59
24130 -5023.78
24127.3 -5024.98
24124.5 -5026.2
24119.1 -5028.75
24119.1 -5028.75
24116.4 -5030.08
24115.1 -5030.76
24113.8 -5031.46
24112.4 -5032.18
24111.1 -5032.91
24109.8 -5033.66
24106 -5036
24106 -5036
24102.2 -5038.42
24102.2 -5038.42
24100.9 -5039.24
24096 -5042.59
24096 -5042.59
24093.5 -5044.32
24088.7 -5047.9
24086.3 -5049.71
24086.3 -5049.71
24085.1 -5050.63
24083.9 -5051.56
24082.8 -5052.5
24080.4 -5054.4
24078.1 -5056.32
24075.9 -5058.26
24073.6 -5060.22
24068 -5065.2
24068 -5065.2
24068 -5065.2
24068 -5065.2
24064 -5068.65
24064 -5068.65
24047.1 -5072.47
24047.1 -5072.47
24044.8 -5074.45
24042.6 -5076.47
24040.4 -5078.51
24038.2 -5080.58
24036.1 -5082.67
24031.8 -5086.93
24031.8 -5086.93
24025.6 -5093.41
24025.6 -5093.41
24022.5 -5096.72
24020.6 -5098.96
24018.6 -5101.22
24015.6 -5104.63
24012.7 -5108.07
24009.9 -5111.54
24006.1 -5116.21
24006.1 -5116.21
24004.3 -5118.57
24002.4 -5120.95
24000.6 -5123.34
23997 -5128.15
23997 -5128.15
23997 -5128.15
23995.7 -5129.96
23992.5 -5134.15
23992.5 -5134.15
23992.5 -5134.15
23991.2 -5135.93
23988.4 -5139.46
23985.6 -5143
23982.9 -5146.58
23981.1 -5149.01
23979.4 -5151.46
23976.8 -5155.18
23974.4 -5158.93
23971.9 -5162.7
23968.7 -5167.75
23965.5 -5172.86
23962.5 -5178.02
23959.5 -5183.24
23956.6 -5188.5
23943.4 -5195.22
23940.7 -5200.58
23938.1 -5205.99
23933.2 -5216.94
23933.2 -5216.94
23930.9 -5222.48
23928.7 -5228.06
23926.6 -5233.67
23924.5 -5239.3
23922.5 -5244.95
23920.5 -5250.62
23916.7 -5262.01
23915 -5267.74
23915 -5267.74
23913.3 -5273.5
23911.7 -5279.28
23910.1 -5285.07
23907.1 -5296.7
23907.1 -5296.7
23905.7 -5302.53
23904.4 -5308.37
23902.4 -5317.15
23900.6 -5325.97
23898.9 -5334.81
23897.4 -5343.68
23896.3 -5351.1
23895.3 -5358.53
23894.3 -5365.97
23893.5 -5373.42
23892.7 -5380.88
23891.9 -5388.34
23891.1 -5397.31
23890.4 -5406.28
23889.8 -5415.26
23889.4 -5424.25
23898.2 -5428.44
23898.2 -5437.44
23898.4 -5446.44
23898.6 -5456.94
23899 -5467.43
23899.4 -5477.92
23899.9 -5488.41
23900.6 -5500.39
23901.4 -5512.36
23902.3 -5522.83
23903.1 -5533.29
23905.4 -5555.68
23905.4 -5555.68
23906.7 -5567.61
23908 -5578.03
23909.3 -5588.45
23910.8 -5598.85
23912.3 -5609.23
23913.9 -5619.61
23915.6 -5629.97
23917.4 -5640.31
23919.3 -5650.64
23923.4 -5671.24
23923.4 -5671.24
23925.5 -5681.52
23927.8 -5691.77
23932.6 -5712.22
23932.6 -5712.22
23937.7 -5732.59
23937.7 -5732.59
23940.4 -5742.73
23943.2 -5752.86
23946.1 -5762.96
23949 -5773.03
23952.1 -5783.08
23955.2 -5793.1
23958.4 -5803.09
23961.8 -5813.05
23965.2 -5822.99
23968.6 -5832.89
23994.5 -5833.41
23998.3 -5843.18
24002.3 -5852.92
24006.3 -5862.63
24014.3 -5882.04
24014.3 -5882.04
24018.3 -5891.74
24022.3 -5901.45
24026.3 -5911.15
24029.2 -5918.08
24031.4 -5923.63
