22892.8 -1828.31
22892.8 -1828.31
22892.8 -1828.31
22892.8 -1828.31
22892.8 -1828.31
22892.8 -1828.31
22892.8 -1828.31
22892.8 -1828.31
22892.8 -1828.31
22892.8 -1828.31
22892.8 -1828.31
22892.8 -1828.31
22892.8 -1828.31
22892.8 -1828.31
22892.8 -1828.31
22892.8 -1828.31
22892.8 -1828.31
22891.1 -1817.91
22891.1 -1817.91
22891.1 -1817.91
22891.1 -1817.91
22891.1 -1817.91
22891.1 -1817.91
22891.1 -1817.91
22891.1 -1817.91
22891.1 -1817.91
22891.1 -1817.91
22891.1 -1817.91
22891.1 -1817.91
22891.1 -1817.91
22891.1 -1817.91
22891.1 -1817.91
22891.1 -1817.91
22891.1 -1817.91
22891.1 -1817.91
22891.1 -1817.91
22891.1 -1817.91
22891.1 -1817.91
22891.1 -1817.91
22891.1 -1817.91
22891.1 -1817.91
22891.1 -1817.91
22891.1 -1817.91
22891.1 -1817.91
22891.1 -1817.91
22891.1 -1817.91
22891.1 -1817.91
22891.1 -1817.91
22888.1 -1817.85
22885.1 -1817.89
22882.1 -1818.02
22876.1 -1818.55
22876.1 -1818.55
22873.2 -1818.96
22870.2 -1819.45
22867.3 -1820.04
22864.3 -1820.71
22855.5 -1831.99
22855.5 -1831.99
22849.9 -1833.98
22849.9 -1833.98
22847.1 -1835.1
22844.3 -1836.31
22838.9 -1838.9
22836.3 -1840.31
22836.3 -1840.31
22835 -1841.05
22833.7 -1841.82
22831.2 -1843.42
22828.7 -1845.1
22819.4 -1842.11
22815.8 -1844.81
22815.8 -1844.81
22813.5 -1846.68
22808.9 -1850.55
22808.9 -1850.55
22806.7 -1852.57
22805.6 -1853.6
22804.5 -1854.64
22800.3 -1858.92
22798.3 -1861.13
22798.3 -1861.13
22796.4 -1859.47
22794.6 -1861.81
22794.6 -1861.81
22793.6 -1862.99
22792.7 -1864.18
22791.8 -1865.38
22790.1 -1867.83
22790.1 -1867.83
22789.2 -1869.06
22787.6 -1871.56
22785.9 -1874.08
22784.3 -1876.62
22782.8 -1879.18
22782 -1880.47
22781.3 -1881.76
22780.5 -1883.06
22779 -1885.66
22777.5 -1888.27
22776.1 -1890.88
22774.6 -1893.5
22773.1 -1896.13
22771.7 -1898.76
22768.9 -1904.08
22771.9 -1905.44
22770.6 -1908.13
22769.3 -1910.83
22769.3 -1910.83
22767.9 -1913.53
22767.9 -1913.53
22767.9 -1913.53
22767 -1915.58
22765.8 -1918.32
22764.6 -1921.07
22763.4 -1923.83
22763.4 -1923.83
22763.4 -1923.83
22762.6 -1925.92
22761 -1930.11
22761 -1930.11
22760.2 -1932.22
22759.4 -1934.32
22757.8 -1938.55
22757.8 -1938.55
22757.4 -1939.6
22756.7 -1941.72
22756.3 -1942.79
22756 -1943.85
22756 -1943.85
22755.6 -1944.92
22754.8 -1947.41
22754 -1949.91
22754 -1949.91
22754 -1949.91
22753.4 -1951.31
22752.9 -1952.72
22752.4 -1954.13
22751.9 -1955.54
22751.4 -1956.95
22750.9 -1958.37
22750.4 -1959.78
22749.9 -1961.2
22749 -1964.05
22749 -1964.05
22748.5 -1965.47
22748 -1966.9
22747.6 -1968.33
22747.1 -1969.76
22746.7 -1971.2
22745.8 -1974.07
22744.1 -1979.81
22743.1 -1982.66
22742.2 -1985.5
22742.2 -1985.5
22741.2 -1988.32
22740.1 -1991.14
22739 -1993.94
22738.5 -1995.33
22737.9 -1996.71
22736.8 -1999.49
22733.9 -2006.42
22733.9 -2006.42
22732.4 -2009.85
22730.8 -2013.25
22728.2 -2018.63
22727.1 -2020.62
22727.1 -2020.62
22725.3 -2023.92
22722.8 -2028.52
22720.2 -2033.08
22717.5 -2037.57
22717.2 -2048.52
22715.1 -2051.64
22712.1 -2055.98
22709.1 -2060.28
22705.1 -2065.72
22705.1 -2065.72
22705.1 -2065.72
22705.1 -2065.72
22705.1 -2065.72
22705.1 -2065.72
22705.1 -2065.72
22705.1 -2065.72
22705.1 -2065.72
22705.1 -2065.72
22705.1 -2065.72
22705.1 -2065.72
22705.1 -2065.72
22705.1 -2065.72
22705.1 -2065.72
22705.1 -2065.72
22705.1 -2065.72
22705.1 -2065.72
22705.1 -2065.72
22705.1 -2065.72
22705.1 -2065.72
22705.1 -2065.72
22705.1 -2065.72
22704 -2061.02
22704 -2061.02
22704 -2061.02
22704 -2061.02
22704 -2061.02
22704 -2061.02
22704 -2061.02
22704 -2061.02
22704 -2061.02
22704 -2061.02
22704 -2061.02
22704 -2061.02
22704 -2061.02
22704 -2061.02
22704 -2061.02
22704 -2061.02
22704 -2061.02
22704 -2061.02
22704 -2061.02
22705.4 -2066.23
22705.4 -2066.23
22705.4 -2066.23
22705.4 -2066.23
22705.4 -2066.23
22705.4 -2066.23
22705.4 -2066.23
22705.4 -2066.23
22705.4 -2066.23
22705.4 -2066.23
22705.4 -2066.23
22705.4 -2066.23
22705.4 -2066.23
22705.4 -2066.23
22705.4 -2066.23
22705.4 -2066.23
22705.4 -2066.23
22705.4 -2066.23
22705.4 -2066.23
22705.4 -2066.23
22705.4 -2066.23
22710.6 -2058.47
22710.6 -2058.47
22710.6 -2058.47
22710.6 -2058.47
22710.6 -2058.47
22710.6 -2058.47
22710.6 -2058.47
22710.6 -2058.47
22710.6 -2058.47
22710.6 -2058.47
22710.6 -2058.47
22710.6 -2058.47
22710.6 -2058.47
22710.6 -2058.47
22710.6 -2058.47
22710.6 -2058.47
22710.6 -2058.47
22710.6 -2058.47
22710.6 -2058.47
22704.3 -2063.04
22704.3 -2063.04
22704.3 -2063.04
22704.3 -2063.04
22706.2 -2065.37
22709.3 -2069.27
22712.4 -2073.16
22715.6 -2077.06
22718.7 -2080.96
22721.8 -2084.85
22725 -2088.75
22731.2 -2096.54
22732.5 -2098.1
22732.5 -2098.1
22732.5 -2098.1
22732.5 -2098.1
22732.5 -2098.1
22732.5 -2098.1
22732.5 -2098.1
22732.5 -2098.1
22732.5 -2098.1
22732.5 -2098.1
22732.5 -2098.1
22732.5 -2098.1
22732.5 -2098.1
22732.5 -2098.1
22732.5 -2098.1
22732.5 -2098.1
22733.4 -2100.97
22733.4 -2100.97
22733.4 -2100.97
22733.4 -2100.97
22733.4 -2100.97
22733.4 -2100.97
22733.4 -2100.97
22733.4 -2100.97
22733.4 -2100.97
22733.4 -2100.97
22733.4 -2100.97
22733.4 -2100.97
22733.4 -2100.97
22732.3 -2098.64
22726.6 -2100.52
22718.8 -2103.17
22710.9 -2105.83
22703.1 -2108.48
22696.7 -2110.66
22684 -2115
22677.6 -2117.17
22677.6 -2117.17
22661.2 -2122.72
22661.2 -2122.72
22661.2 -2122.72
22661.2 -2122.72
22656.8 -2130.95
22643.4 -2135.96
22643.4 -2135.96
22643.4 -2135.96
22643.4 -2135.96
22640.6 -2137.06
22635.1 -2139.37
22626.8 -2142.82
22618.4 -2146.2
22611.5 -2148.96
22604.5 -2151.72
22597.5 -2154.47
22590.5 -2157.17
22583.5 -2159.8
22568 -2165.47
22568 -2165.47
22559.5 -2168.56
22551.1 -2171.64
22542.6 -2174.73
22528.5 -2179.88
22528.5 -2179.88
22521.5 -2182.45
22503.9 -2188.89
22503.9 -2188.89
22494.7 -2192.15
22485.5 -2195.34
22467.1 -2201.71
22467.1 -2201.71
22457.8 -2204.9
22448.6 -2208.08
22438 -2211.76
22415.2 -2219.3
22415.2 -2219.3
22392.3 -2226.45
22392.3 -2226.45
22380.8 -2229.97
22369.4 -2233.49
22357.9 -2237.02
22346.4 -2240.44
22334.9 -2243.76
22323.3 -2246.98
22311.7 -2250.2
22300.2 -2253.47
22278.6 -2259.75
22268.5 -2262.74
22257 -2266.11
22257 -2266.11
22245.5 -2269.38
22233.9 -2272.55
22222.3 -2275.72
22200.6 -2281.67
22190.5 -2284.44
22190.5 -2284.44
22168.8 -2290.39
22168.8 -2290.39
22157.2 -2293.56
22145.6 -2296.73
22125.4 -2302.37
22125.4 -2302.37
22100 -2306.34
22100 -2306.34
22087.9 -2310.22
22066.5 -2317.16
22066.5 -2317.16
22057.2 -2320.05
22046.4 -2323.37
22035 -2326.92
22022.1 -2330.91
22008.5 -2335.13
21994.9 -2339.34
21981.2 -2343.56
21966.2 -2348.21
21951.1 -2352.74
21917.2 -2362.2
21917.2 -2362.2
21917.2 -2362.2
21917.2 -2362.2
21914.3 -2363
21908.5 -2364.7
21899.9 -2367.32
21874.1 -2375.18
21874.1 -2375.18
21859.7 -2379.37
21846.7 -2383.02
21834.4 -2386.36
21822.1 -2389.71
21809.8 -2393.05
21797.4 -2396.29
21785.1 -2399.41
21772.7 -2402.43
21757.3 -2406.03
21739 -2409.99
21719.9 -2413.78
21684.4 -2419.87
21684.4 -2419.87
21671.1 -2422.03
21641.4 -2426.68
21641.4 -2426.68
21599.8 -2432.11
21599.8 -2432.11
21547.5 -2436.72
21547.5 -2436.72
21516.4 -2437.49
21490.2 -2438.42
21464 -2438.77
21437.7 -2438.56
21411.5 -2437.77
21385.3 -2436.41
21360.6 -2434.59
21335.9 -2432.24
21311.4 -2429.34
21288.3 -2426.12
21265.3 -2422.59
21242.4 -2418.77
21221 -2414.91
21199.7 -2410.77
21178.4 -2406.36
21157.1 -2401.66
21137.4 -2397.03
21117.8 -2392.14
21095.2 -2386.43
21069.8 -2379.99
21041.4 -2372.93
21010.1 -2365.28
20976.5 -2357.24
20940.7 -2348.84
20907.5 -2345.15
20868 -2336.1
20826.3 -2326.74
20784.5 -2317.55
20741.3 -2308.23
20697.2 -2298.95
20652.4 -2289.7
20606.1 -2280.36
20559.1 -2271.08
20511.5 -2261.92
20463.9 -2252.96
20417.7 -2244.47
20325.2 -2228.12
20325.2 -2228.12
20281.9 -2220.74
20241.5 -2214.05
20203.3 -2207.89
20165.1 -2201.9
20128 -2193.73
20091.2 -2188.37
20055.1 -2183.28
19982.9 -2173.57
19948.2 -2169.14
19948.2 -2169.14
19914.3 -2164.96
19880.3 -2160.92
19846.3 -2157.03
19813.8 -2153.46
19781.3 -2150.02
19748.7 -2146.73
19717.7 -2143.72
19686.6 -2140.85
19661.5 -2125.03
19631.9 -2122.33
19602.3 -2119.75
19572.7 -2117.31
19544.6 -2115.11
19516.4 -2113.03
19488.3 -2111.08
19463.2 -2109.44
19412.9 -2105.84
19412.9 -2105.84
19387.7 -2103.87
19362.6 -2101.8
19339 -2099.74
19315.4 -2097.59
19291.8 -2095.33
19264.8 -2076.14
19219.1 -2071.44
19219.1 -2071.44
19197 -2069.01
19173.5 -2066.32
19149.9 -2063.74
19127.8 -2061.41
19085.2 -2057.01
19085.2 -2057.01
19063.8 -2054.67
19024.2 -2050.05
19004.4 -2047.61
18984.6 -2045.09
18964.8 -2042.48
18964.8 -2042.48
18925.3 -2037.18
18925.3 -2037.18
18907.7 -2051.74
18889.4 -2049.45
18871.1 -2047.09
18852.8 -2044.65
18834.5 -2042.13
18816.2 -2039.53
18799.5 -2037.06
18782.7 -2034.53
18766 -2031.92
18749.2 -2029.23
18732.5 -2026.48
18715.8 -2023.8
18699 -2021.19
18667 -2016.27
18651.7 -2013.83
18636.5 -2011.31
18636.5 -2011.31
18607.5 -2006.35
18607.5 -2006.35
18593.7 -2003.9
18580 -2001.39
18552.6 -1996.2
18552.6 -1996.2
18538.9 -1993.63
18525.2 -1991.12
18511.4 -1988.67
18481 -1995.87
18456.4 -1991.78
18456.4 -1991.78
18444.1 -1989.65
18431.9 -1987.47
18407.4 -1982.96
18396.6 -1980.9
18385.9 -1978.79
18375.1 -1976.64
18375.1 -1976.64
18364.4 -1974.44
18353.7 -1972.2
18342.9 -1970
18332.2 -1967.85
18321.4 -1965.74
18312.2 -1963.97
18302.9 -1962.15
18293.6 -1960.29
18284.4 -1958.4
18275.1 -1956.54
18265.8 -1954.72
18253.6 -1952.38
18239.9 -1949.82
18225.4 -1947.19
18209.4 -1944.35
18176 -1938.64
18176 -1938.64
18159.3 -1935.89
18142.6 -1933.21
18112 -1928.41
18112 -1928.41
18099 -1926.27
18086.7 -1924.2
18075.2 -1922.2
18063.7 -1920.15
18052.1 -1918.05
18040.6 -1915.91
18029.1 -1913.81
18006.1 -1909.76
18008 -1911.3
18008 -1911.3
17996.4 -1909.32
17984.9 -1907.29
17973.4 -1905.22
17961.9 -1903.09
17950.4 -1901.01
17938.8 -1898.99
17915.8 -1895.09
17915.8 -1895.09
17904.2 -1893.21
17884.1 -1890.08
17884.1 -1890.08
17872.5 -1888.25
17849.4 -1884.45
17836.4 -1882.22
17836.4 -1882.22
17823.4 -1880.05
17810.3 -1877.94
17784.2 -1873.88
17784.2 -1873.88
17772.7 -1872.15
17761.1 -1870.48
17749.5 -1868.86
17736.4 -1867.08
17722.6 -1865.27
17706.5 -1863.23
17690.4 -1861.27
17675.8 -1859.55
17661.2 -1857.89
17646.6 -1856.3
17632 -1854.77
17617.3 -1853.31
17602.7 -1851.9
17588.1 -1850.57
17558.8 -1848.08
17558.8 -1848.08
17544.1 -1846.94
17530.9 -1845.97
17517.8 -1845.05
17504.6 -1844.2
17475.2 -1828.77
17462 -1827.97
17448.8 -1827.23
17432.6 -1826.39
17416.5 -1825.62
17387.1 -1824.42
17387.1 -1824.42
17372.4 -1823.91
17343 -1823.1
17343 -1823.1
17328.3 -1822.78
17313.6 -1822.53
17298.9 -1822.35
17284.2 -1822.23
17269.5 -1822.17
17254.8 -1822.18
17240.1 -1822.25
17225.4 -1822.39
17209.2 -1822.61
17176.8 -1823.26
17176.8 -1823.26
17160.6 -1823.69
17144.4 -1824.2
17128.2 -1824.77
17113.5 -1825.35
17098.8 -1826
17084.1 -1826.72
17069.4 -1827.49
17053.3 -1828.42
17036.3 -1829.46
17018.7 -1830.63
17000.3 -1831.93
16981.9 -1833.3
16963.5 -1834.76
16915.5 -1838.41
16915.5 -1838.41
16894.9 -1840.37
16872.8 -1842.58
16830.1 -1847.11
16830.1 -1847.11
16809.5 -1849.44
16789 -1851.85
16768.4 -1854.36
16747.9 -1856.95
16708.3 -1862.21
16708.3 -1862.21
16670.3 -1867.6
16670.3 -1867.6
16651.3 -1870.42
16633.8 -1873.1
16616.3 -1875.85
16598.8 -1878.68
16563.9 -1884.57
16563.9 -1884.57
16548 -1887.37
16532 -1890.23
16516.1 -1893.17
16500.2 -1896.18
16468.4 -1902.4
16468.4 -1902.4
16469.5 -1897.58
16455.1 -1900.55
16455.1 -1900.55
16440.7 -1903.57
16426.3 -1906.66
16411.9 -1909.82
16383.3 -1916.31
16383.3 -1916.31
16370.4 -1919.31
16357.6 -1922.37
16344.7 -1925.48
16331.9 -1928.64
16306.3 -1935.15
16293.5 -1938.48
16293.5 -1938.48
16270.9 -1944.54
16270.9 -1944.54
16259.7 -1947.65
16248.4 -1950.8
16237.1 -1954
16225.9 -1957.26
16214.7 -1960.56
16204.9 -1963.48
16195.1 -1966.44
16175.6 -1972.49
16165.9 -1975.58
16156.2 -1978.72
16156.2 -1978.72
16136.8 -1985.19
16127.3 -1988.66
16127.3 -1988.66
16117.7 -1992.3
16108.2 -1996.1
16098.8 -2000.07
16080.3 -2008.5
16080.3 -2008.5
16059.6 -2038.11
16050.5 -2042.78
16041.5 -2047.53
16023.6 -2057.27
16023.6 -2057.27
16007.1 -2066.57
16007.1 -2066.57
15992.2 -2075.6
15992.2 -2075.6
15983.6 -2081.12
15975.1 -2086.72
15966.6 -2092.38
15958.2 -2098.13
15944 -2108.17
15944 -2108.17
15935.8 -2114.28
15927.7 -2120.45
15919.6 -2126.7
15910.4 -2133.95
15888.4 -2152.33
15876.9 -2162.62
15865.1 -2173.67
15865.1 -2173.67
15852.9 -2185.5
15831.4 -2207.67
15831.4 -2207.67
15823.9 -2215.68
15818.1 -2222.12
15812.3 -2228.64
15806.6 -2235.23
15801 -2241.9
15795.5 -2248.64
15790.1 -2255.45
15784.8 -2262.33
15780.4 -2268.09
15771.1 -2280.98
15766.2 -2288.13
15766.2 -2288.13
15752.4 -2286.21
15747.6 -2293.5
15743.8 -2299.58
15736.3 -2311.9
15736.3 -2311.9
15731.9 -2319.43
15723.5 -2334.65
15723.5 -2334.65
15719.4 -2342.34
15715.5 -2350.09
15711.6 -2357.89
15707.8 -2365.73
15704.2 -2373.63
15700.6 -2381.57
15697.2 -2389.56
15693.8 -2397.59
15691.1 -2404.28
15688.5 -2411
15683.6 -2424.53
15683.6 -2424.53
15679 -2438.19
15679 -2438.19
15676.9 -2445.07
15674.8 -2451.97
15672.8 -2458.9
15671 -2465.85
15669.2 -2472.83
15667.5 -2479.83
15665.9 -2486.85
15663.1 -2499.85
15662 -2505.44
15660.2 -2515.19
15660.2 -2515.19
15659.5 -2519.33
15658.8 -2523.48
15658.1 -2527.63
15657.5 -2531.78
15656.8 -2535.94
15656.2 -2540.09
15655.6 -2544.26
15655.1 -2548.42
15654.5 -2552.58
15654 -2556.75
15653.4 -2560.92
15652.9 -2565.1
15652.5 -2569.27
15652 -2573.45
15651.5 -2577.63
15651.1 -2581.81
15650.7 -2585.99
15650.3 -2590.18
15649.9 -2594.36
15649.6 -2598.55
15648.9 -2606.93
15648.9 -2606.93
15648.3 -2615.32
15648.3 -2615.32
15648.1 -2619.51
15647.8 -2623.71
15647.6 -2627.9
15647.4 -2632.1
15647.2 -2636.3
15647 -2640.5
15646.8 -2644.7
15646.7 -2648.9
15646.5 -2657.31
15646.5 -2657.31
15646.5 -2661.51
15646.6 -2665.71
15646.8 -2674.11
15646.8 -2674.11
15647 -2679.52
15647 -2679.52
15647.1 -2682.22
15647.2 -2684.92
15647.3 -2687.62
15647.5 -2690.32
15647.6 -2693.02
15647.8 -2695.71
15648 -2698.41
15648.4 -2703.8
15648.6 -2706.5
15648.6 -2706.5
15648.8 -2709.19
15649.1 -2711.88
15649.5 -2716.07
15650.3 -2724.43
15650.3 -2724.43
15650.8 -2728.61
15640 -2715.47
15640.5 -2719.65
15640.9 -2723.83
15641.4 -2728.01
15641.9 -2732.18
15642.4 -2736.35
15642.8 -2739.03
15643.1 -2741.71
15643.5 -2744.39
15643.9 -2747.07
15644.6 -2752.42
15644.6 -2752.42
15645.1 -2755.09
15645.5 -2757.76
15645.9 -2760.43
15646.4 -2763.09
15646.8 -2765.76
15647.3 -2768.42
15648 -2772.56
15648.9 -2777.43
15648.9 -2777.43
15648.9 -2777.43
15650.2 -2784.06
15651 -2788.48
15651 -2788.48
15651.9 -2792.9
15652.6 -2797.33
15653.2 -2800.29
15653.7 -2803.24
15654.2 -2806.2
15654.7 -2809.15
15655.2 -2812.11
15655.8 -2815.06
15656.8 -2820.97
15656.8 -2820.97
15657.2 -2823.94
15657.7 -2826.9
15658.3 -2831.36
15658.9 -2835.82
15659.6 -2840.27
15660.1 -2844.74
15660.7 -2849.2
15661.2 -2853.67
15661.7 -2858.15
15662.5 -2867.11
15662.5 -2867.11
15662.8 -2871.6
15663.2 -2876.09
15663.4 -2880.58
15663.7 -2885.07
15664 -2892.57
15664 -2892.57
15664.1 -2895.56
15664.2 -2898.56
15664.3 -2901.56
15664.4 -2904.56
15664.5 -2907.56
15664.6 -2910.55
15664.7 -2913.55
15664.8 -2916.55
15664.9 -2919.55
15664.9 -2922.55
15665 -2925.55
15665 -2928.55
15664.9 -2931.55
15664.9 -2934.55
15664.8 -2937.55
15664.6 -2942.04
15664.4 -2946.54
15664.2 -2951.03
15663.9 -2955.53
15663.6 -2960.01
15663.3 -2964.5
15662.9 -2968.98
15662.4 -2973.46
15662 -2977.94
15661.6 -2980.92
15661.3 -2983.9
15660.5 -2989.84
15660.5 -2989.84
15660 -2992.81
15659.5 -2995.77
15658.8 -3000.21
15654.9 -2997.9
15654.9 -2997.9
15654.1 -3002.33
15652.6 -3011.2
15651.8 -3015.64
15651.8 -3015.64
15650.3 -3024.51
15650.3 -3024.51
15649.6 -3028.95
15648.5 -3034.86
15648.5 -3034.86
15648 -3037.81
15648 -3037.81
15647.3 -3041.5
15646.6 -3045.18
15645.9 -3048.87
15644.5 -3056.24
15644.5 -3056.24
15643.1 -3063.61
15643.1 -3063.61
15641.5 -3072.45
15641.5 -3072.45
15640.5 -3077.61
15639.5 -3082.77
15638.5 -3087.92
15636.6 -3098.24
15636.6 -3098.24
15635.6 -3103.4
15634.6 -3108.56
15633.4 -3115.19
15631.4 -3125.5
15631.4 -3125.5
15630.6 -3129.17
15629.6 -3134.31
15627.1 -3146.06
15627.1 -3146.06
15625.9 -3151.93
15624.2 -3159.25
15622.3 -3167.28
15618.6 -3183.34
15616.7 -3191.37
15616.7 -3191.37
15614.4 -3200.86
15612.2 -3210.36
15610 -3219.85
15607.8 -3229.34
15602.7 -3249.72
15602.7 -3249.72
15599.8 -3260.6
15593.4 -3283.73
15593.4 -3283.73
15589.7 -3296.69
15585.6 -3310.34
15581.5 -3323.99
15577.4 -3337.64
15573.6 -3349.82
15569.7 -3361.96
15565.3 -3375.5
15556 -3402.45
15556 -3402.45
15551.7 -3414.46
15547.3 -3426.42
15542.8 -3438.35
15538.2 -3450.23
15533.5 -3462.08
15528.6 -3473.88
15524.3 -3484.26
15519.9 -3494.6
15515.3 -3504.9
15510.7 -3515.16
15500 -3538.27
15500 -3538.27
15487.9 -3602.93
15481.7 -3614.1
15481.7 -3614.1
15477 -3622.62
15472.2 -3631.13
15462.4 -3647.94
15462.4 -3647.94
15452 -3664.49
15446.7 -3672.67
15446.7 -3672.67
15441.3 -3680.77
15435.8 -3688.8
15430.1 -3696.76
15424.4 -3704.64
15418.6 -3712.45
15412.6 -3720.18
15404.7 -3730.19
15388.3 -3749.67
15388.3 -3749.67
15379.7 -3759.14
15372 -3767.33
15364.2 -3775.41
15356.3 -3783.4
15348.2 -3791.27
15340.1 -3799.05
15331.9 -3806.71
15323.5 -3814.27
15315.1 -3821.72
15306.6 -3829.06
15299.1 -3835.32
15283.9 -3847.54
15283.9 -3847.54
15276.2 -3853.51
15268.4 -3859.37
15256.9 -3874.87
15248.9 -3880.44
15232.7 -3891.25
15224.5 -3896.5
15216.2 -3901.64
15216.2 -3901.64
15199.4 -3911.59
15199.4 -3911.59
15191 -3916.39
15173.8 -3925.68
15165.1 -3930.15
15165.1 -3930.15
15156.5 -3934.59
15147.8 -3938.98
15139 -3943.34
15130.3 -3947.66
15112.8 -3956.19
15112.8 -3956.19
15104 -3960.39
15095.1 -3964.56
15077.5 -3972.78
15068.6 -3976.83
15059.7 -3980.85
15059.7 -3980.85
15041.9 -3988.76
15041.9 -3988.76
15032.9 -3992.65
15015 -4000.33
15008.8 -4002.94
15008.8 -4002.94
15005.3 -4004.4
