20083.3 81.1179
20083.3 60.4155
20083.4 40.0146
20083.4 19.9056
20083.4 0.0788518
20083.4 -19.4742
20083.5 -38.7619
20083.5 -57.7927
20083.5 -76.5745
20083.5 -95.115
20083.5 -113.422
20083.5 -131.501
20083.6 -149.361
20083.6 -167.008
20083.6 -184.448
20083.6 -201.688
20083.6 -218.733
20083.7 -235.589
20083.7 -252.263
20083.7 -268.759
20083.7 -285.082
20083.7 -301.239
20083.7 -317.233
20083.8 -333.07
20083.8 -348.755
20083.8 -364.291
20083.8 -379.684
20083.8 -394.938
20083.8 -410.056
20083.9 -425.043
20083.9 -439.904
20083.9 -454.641
20083.9 -469.258
20083.9 -483.76
20083.9 -498.149
20084 -512.43
20084 -526.605
20084 -540.678
20084 -554.652
20084 -568.53
20084 -582.316
20084 -596.012
20084.1 -609.621
20084.1 -623.146
20084.1 -636.591
20084.1 -649.957
20084.1 -663.248
20084.1 -676.465
20084.1 -689.613
20084.2 -702.693
20084.2 -715.707
20084.2 -728.659
20084.2 -741.55
20084.2 -754.383
20084.2 -767.161
20084.2 -779.885
20084.2 -792.558
20084.3 -805.182
20084.3 -817.76
20084.3 -830.294
20084.3 -842.784
20084.3 -855.235
20084.3 -867.647
20084.3 -880.024
20084.4 -892.366
20084.4 -904.676
20084.4 -916.957
20084.4 -929.209
20084.4 -941.435
20084.4 -953.638
20084.4 -965.817
20084.4 -977.977
20084.5 -990.118
20084.5 -1002.24
20084.5 -1014.35
20084.5 -1026.45
20084.5 -1038.54
20084.5 -1050.61
20084.5 -1062.68
20084.5 -1074.75
20084.6 -1086.81
20084.6 -1098.87
20084.6 -1110.93
20084.6 -1122.99
20084.6 -1135.06
20084.6 -1147.13
20084.6 -1159.21
20084.6 -1171.3
20084.7 -1183.4
20084.7 -1195.51
20084.7 -1207.64
20084.7 -1219.78
20084.7 -1231.95
20084.7 -1244.13
20084.7 -1256.34
20084.7 -1268.57
20084.8 -1280.83
20084.8 -1293.12
20084.8 -1305.43
20084.8 -1317.78
20084.8 -1330.17
20084.8 -1342.59
20084.8 -1355.05
20084.9 -1367.55
20084.9 -1380.09
20084.9 -1392.68
20084.9 -1405.31
20084.9 -1418
20084.9 -1430.74
20084.9 -1443.52
20084.9 -1456.37
20085 -1469.28
20085 -1482.24
20085 -1495.27
20085 -1508.37
20085 -1521.53
20085 -1534.76
20085 -1548.07
20085.1 -1561.45
20085.1 -1574.92
20085.1 -1588.46
20085.1 -1602.09
20085.1 -1615.8
20085.1 -1629.61
20085.1 -1643.51
20085.2 -1657.51
20085.2 -1671.6
20085.2 -1685.8
20085.2 -1700.1
20085.2 -1714.52
20085.2 -1729.05
20085.3 -1743.69
20085.3 -1758.45
20085.3 -1773.34
20085.3 -1788.36
20085.3 -1803.51
20085.3 -1818.79
20085.3 -1834.22
20085.4 -1849.79
20085.4 -1865.51
20085.4 -1881.38
20085.4 -1897.41
20085.4 -1913.6
20085.4 -1929.96
20085.5 -1946.5
20085.5 -1963.21
20085.5 -1980.11
20085.5 -1997.2
20085.5 -2014.48
20085.6 -2031.97
20085.6 -2049.66
20085.6 -2067.57
20085.6 -2085.7
20085.6 -2104.06
20085.7 -2122.66
20085.7 -2141.49
20085.7 -2160.58
20085.7 -2179.93
20705.2 -1703.77
20725.2 -1698.45
20725.2 -1709.26
20745.2 -1703.37
20745.2 -1714.21
20765.2 -1707.73
20785.2 -1700.8
20785.2 -1711.52
20805.2 -1703.98
20805.2 -1714.72
20825.2 -1706.55
20845.2 -1697.9
20845.2 -1708.5
20847.8 -1716.71
20858.5 -1716.7
20869 -1716.69
20879.3 -1716.67
20889.5 -1716.66
20899.5 -1716.65
20909.4 -1716.64
20919.1 -1716.63
20928.6 -1716.62
20938 -1716.61
20947.3 -1716.6
20956.4 -1716.59
20965.4 -1716.58
20974.3 -1716.57
20983.1 -1716.57
20991.7 -1716.56
21000.2 -1716.55
21008.6 -1716.54
21016.9 -1716.53
21025.1 -1716.52
21033.2 -1716.51
21041.2 -1716.5
21049.1 -1716.5
21056.9 -1716.49
21064.7 -1716.48
21072.3 -1716.47
21079.9 -1716.46
21087.3 -1716.46
21094.7 -1716.45
21102 -1716.44
21109.3 -1716.43
21116.4 -1716.42
21123.5 -1716.42
21130.6 -1716.41
21137.5 -1716.4
21144.4 -1716.4
21151.3 -1716.39
21158.1 -1716.38
21164.8 -1716.37
21171.4 -1716.37
21178 -1716.36
21175.6 -1736.36
21173.5 -1756.36
21171.7 -1776.37
21178.7 -1776.36
21177.5 -1796.36
21176.6 -1816.36
21176.1 -1836.36
21175.9 -1856.36
21176.1 -1876.36
21176.7 -1896.36
21177.5 -1916.36
21172 -1956.37
21173.7 -1976.36
21175.8 -1996.36
21178.2 -2016.36
21175 -2056.36
21178.3 -2076.36
21176.2 -2116.36
21174.9 -2156.36
21174.3 -2196.36
21174.4 -2236.36
21175.1 -2276.36
21176.6 -2316.36
21174.3 -2376.36
21033.6 -3076.51
21051.7 -3076.49
21069.8 -3076.47
21087.7 -3076.46
21105.6 -3076.44
21161.4 -2856.38
21177.2 -2856.36
21193 -2856.34
21208.7 -2856.33
21224.4 -2856.31
21240.1 -2856.29
21255.7 -2856.28
21271.3 -2856.26
21286.8 -2856.25
21302.3 -2856.23
21317.8 -2856.21
21333.3 -2856.2
21348.8 -2856.18
21364.2 -2856.16
21379.6 -2856.15
21395.1 -2856.13
21410.5 -2856.12
21425.9 -2856.1
21441.2 -2856.08
21456.6 -2856.07
21472 -2856.05
21487.4 -2856.03
21502.8 -2856.02
21524.9 -3075.99
21542.2 -3075.98
21559.5 -3075.96
21576.9 -3075.94
21594.2 -3075.92
21611.6 -3075.9
21629 -3075.88
21646.4 -3075.87
21663.9 -3075.85
21681.4 -3075.83
21616.1 -2375.9
21617.2 -2295.9
21617 -2215.9
21615.4 -2135.9
21615.4 -2075.9
21614.4 -2015.9
21615.8 -1975.9
21616.5 -1935.9
21616.5 -1895.9
21615.8 -1855.9
21614.4 -1815.9
21616.6 -1795.9
21614 -1755.9
21615.3 -1735.9
21616.4 -1715.9
21622.1 -1715.89
21627.9 -1715.89
21633.7 -1715.88
21639.5 -1715.87
21645.4 -1715.87
21651.3 -1715.86
21657.2 -1715.85
21663.2 -1715.85
21669.1 -1715.84
21675.2 -1715.84
21681.2 -1715.83
21687.3 -1715.82
21693.5 -1715.82
21699.6 -1715.81
21705.8 -1715.8
21712.1 -1715.8
21718.4 -1715.79
21724.7 -1715.78
21731.1 -1715.78
21737.6 -1715.77
21744.1 -1715.76
21750.6 -1715.76
21757.2 -1715.75
21763.8 -1715.74
21770.5 -1715.73
21777.3 -1715.73
21784.1 -1715.72
21791 -1715.71
21797.9 -1715.71
21805 -1715.7
21812 -1715.69
21819.2 -1715.68
21826.4 -1715.68
21833.7 -1715.67
21841.1 -1715.66
21848.5 -1715.65
21856 -1715.64
21863.7 -1715.64
21871.4 -1715.63
21879.1 -1715.62
21887 -1715.61
21895 -1715.6
21903.1 -1715.59
21911.2 -1715.59
21919.5 -1715.58
21927.9 -1715.57
21936.4 -1715.56
21945 -1715.55
21953.7 -1715.54
21962.6 -1715.53
21971.5 -1715.52
21980.6 -1715.51
21989.9 -1715.5
21999.2 -1715.49
22008.7 -1715.48
22018.4 -1715.47
22028.2 -1715.46
22038.2 -1715.45
22048.3 -1715.44
22058.6 -1715.43
22069 -1715.42
22079.7 -1715.41
22085.2 -1710.14
22085.2 -1699.49
22105.2 -1708.15
22105.2 -1697.51
22125.2 -1705.53
22145.2 -1713.06
22145.2 -1702.3
22165.2 -1709.22
22165.2 -1698.48
22185.2 -1704.81
22205.2 -1710.7
22205.2 -1699.84
22225.2 -1705.17
22245.2 -1710.07
22245.2 -1699.09
22265.2 -1703.45
22285.2 -1707.4
22305.2 -1710.95
22305.2 -1699.74
22325.2 -1702.77
22345.2 -1705.42
22365.2 -1707.7
22385.2 -1709.59
22405.2 -1711.12
22405.2 -1699.44
23045.6 -2090.85
23045.6 -2071.66
23045.6 -2052.67
23045.6 -2033.88
23045.5 -2015.29
23045.5 -1996.89
23045.5 -1978.67
23045.5 -1960.62
23045.5 -1942.75
23045.4 -1925.04
23045.4 -1907.5
23045.4 -1890.11
23045.4 -1872.88
23045.4 -1855.79
23045.4 -1838.85
23045.3 -1822.05
23045.3 -1805.38
23045.3 -1788.84
23045.3 -1772.43
23045.3 -1756.14
23045.2 -1739.97
23045.2 -1723.91
23045.2 -1707.97
23045.2 -1692.13
23045.2 -1676.4
23045.2 -1660.77
23045.1 -1645.24
23045.1 -1629.8
23045.1 -1614.45
23045.1 -1599.19
23045.1 -1584.02
23045.1 -1568.92
23045.1 -1553.91
23045 -1538.97
23045 -1524.11
23045 -1509.31
23045 -1494.59
23045 -1479.93
23045 -1465.33
23044.9 -1450.79
23044.9 -1436.31
23044.9 -1421.88
23044.9 -1407.51
23044.9 -1393.18
23044.9 -1378.9
23044.9 -1364.67
23044.8 -1350.48
23044.8 -1336.33
23044.8 -1322.22
23044.8 -1308.14
23044.8 -1294.1
23044.8 -1280.08
23044.7 -1266.1
23044.7 -1252.14
23044.7 -1238.21
23044.7 -1224.3
23044.7 -1210.41
23044.7 -1196.53
23044.7 -1182.68
23044.6 -1168.83
23044.6 -1155
23044.6 -1141.18
23044.6 -1127.36
22244.6 -1104.69
22244.6 -1097.88
22244.6 -1091.06
22244.6 -1084.24
22244.5 -1077.42
22244.5 -1070.6
22244.5 -1063.78
22244.5 -1056.95
22244.5 -1050.11
22244.5 -1043.27
22244.5 -1036.42
22244.5 -1029.56
22244.5 -1022.69
22244.5 -1015.81
22244.5 -1008.91
22244.5 -1002.01
22244.5 -995.087
22244.5 -988.15
22244.4 -981.197
22244.4 -974.226
22244.4 -967.236
22244.4 -960.226
22244.4 -953.195
22244.4 -946.141
22244.4 -939.064
22244.4 -931.962
22244.4 -924.834
22244.4 -917.678
22244.4 -910.494
22244.4 -903.28
22244.4 -896.036
22244.3 -888.758
22244.3 -881.448
22244.3 -874.101
22244.3 -866.719
22244.3 -859.298
22244.3 -851.839
22244.3 -844.338
22244.3 -836.795
22244.3 -829.208
22244.3 -821.576
22244.3 -813.897
22244.3 -806.17
22244.3 -798.392
22244.2 -790.562
22244.2 -782.679
22244.2 -774.74
22244.2 -766.744
22244.2 -758.689
22244.2 -750.573
22244.2 -742.394
22244.2 -734.15
22244.2 -725.84
22244.2 -717.46
22244.2 -709.009
22244.2 -700.484
22244.1 -691.884
22244.1 -683.205
22244.1 -674.446
22244.1 -665.605
22244.1 -656.677
22244.1 -647.662
22244.1 -638.555
22244.1 -629.355
22244.1 -620.058
22244.1 -610.662
22244 -601.163
22244 -591.559
22244 -581.845
23043.4 -34.5445
23043.4 -14.4065
23043.4 5.97444
23043.3 26.5189
23043.2 47.4054
23043.2 68.5571
23043.2 89.9821
23043.2 111.69
23043.2 133.689
23043.1 155.99
23043.1 178.601
23043.1 201.533
23043.1 224.795
23043 248.401
23043 272.359
23043 296.682
23043 321.383
23042.9 346.473
23042.9 371.967
23042.9 397.877
23042.8 424.219
23042.8 451.007
23042.8 478.257
23027.2 490.141
23026.3 517.186
23024.8 544.094
23080.4 632.541
23079.2 661.816
23076.4 689.89
23075.6 720.629
23075.1 752.332
23072 781.714
23071.8 815.021
23068.4 845.221
23068.5 880.232
23068.9 916.357
23065.2 948.143
23065.8 986.15
23061.8 1018.95
23033 1018.94
23000 1012.82
22973.6 1014.96
22948.3 1018.5
22918.2 1014.51
22895.2 1020.46
22866.7 1017.87
22832.8 1006.41
22806.1 1005.37
22780.1 1004.86
22754.7 1004.9
22729.9 1005.52
22705.7 1006.75
22682.2 1008.61
22659.2 1011.14
22636.8 1014.39
22614.9 1018.37
22593.9 1023.68
22570.2 1023.65
22546.7 1023.63
22523.5 1023.6
21738.4 -535.768
21732.3 -535.774
21726.3 -535.781
21720.4 -535.787
21714.5 -535.793
21708.7 -535.799
21702.8 -535.805
21697.1 -535.812
21691.4 -535.817
21685.7 -535.824
21680 -535.829
21674.4 -535.835
21676.2 -515.833
21670.4 -515.84
21671.6 -495.838
21672.5 -475.837
21673 -455.837
21673.1 -435.837
21672.9 -415.837
21672.4 -395.837
21671.5 -375.838
21675.8 -335.834
21674.1 -315.836
21671.9 -295.838
21674.5 -255.835
21671.5 -235.838
21672.8 -195.837
21673.5 -155.836
21673.4 -115.836
21672.6 -75.8371
21675 -15.8344
21672.7 24.1631
21673.1 84.1637
21672.6 144.163
21801 1022.84
21782 1022.82
21763.1 1022.8
21744.2 1022.78
21725.4 1022.76
21729.5 1222.77
21723.7 1362.76
21717.5 1522.75
21694.4 1522.73
21671.3 1522.7
21648.3 1522.68
21625.3 1522.66
21602.4 1522.63
21579.4 1522.61
21556.5 1522.58
21533.6 1522.56
21510.7 1522.53
21487.8 1522.51
21465 1522.49
21442.1 1522.46
21419.2 1522.44
21396.3 1522.41
21373.4 1522.39
21350.5 1522.37
21321.3 1642.34
21297.3 1642.31
21143.3 3502.15
21102.9 3502.11
21062.4 3502.06
21021.9 3502.02
20981.3 3501.98
20940.6 3501.93
20902.4 3481.89
20901.2 3181.89
20871.6 3121.86
20833.9 3121.82
19899.5 8780.71
19813.3 8766.66
19727.1 8751.85
19641.1 8736.29
19555.3 8719.99
19559.7 8260.48
19474.4 8260.39
19388.8 8260.3
19302.8 8260.21
19216.6 8260.12
19129.9 8260.03
19042.9 8259.94
18998.4 8099.89
18912.1 8099.8
18825.3 8099.71
19868.1 4288.57
19869.2 4117.16
19870.2 3955.64
19825.1 3944.87
19771.5 3958.92
20562.3 1521.53
20536.7 1521.51
20510.9 1521.48
20489.2 1509.82
20488.5 1444.05
20490.8 1373.33
20493.8 1303.95
20492.8 1247.44
20488.1 1201.63
20495.2 1130.8
20491 1088.1
20496.2 1026.28
20494.2 982.315
20490.8 943.045
20488.2 903.405
20494.9 846.391
20491.8 810.649
20506.8 741.476
20495.9 723.401
20471.8 730.082
20447.1 737.184
20430.5 729.305
20092.3 1277.57
20091.1 1232.54
20093.6 1182.49
20092.4 1140.06
20095.9 1091.21
20094.7 1051.18
20086.2 1023.39
20098 965.591
20090 938.776
20088.6 903.019
20094.9 857.099
20093.5 823.257
20086.3 798.122
20084.5 766.067
20092.7 721.676
20090.9 691.293
20088.9 661.942
20098.3 618.754
20096.3 590.914
20090.3 568.284
20087.9 541.866
20085.1 516.339
20096.8 474.707
20093.9 450.478
20088.7 429.287
20085.5 406.288
20100.5 364.088
20095.8 343.708
20092.2 322.496
20087.6 302.491
20083.4 282.487
20083.1 258.872
20083.2 235.364
20083.2 212.249
20083.2 189.514
20083.2 167.147
20083.3 145.135
20083.3 123.467
20083.3 102.132
20083.3 81.1183
