20090.5 -575.695
20090.5 -595.01
20090.5 -614.188
20090.4 -633.235
20090.4 -652.154
20090.4 -670.951
20090.4 -689.628
20090.4 -708.19
20090.3 -726.641
20090.3 -744.984
20090.3 -763.223
20090.3 -781.362
20090.3 -799.404
20090.3 -817.353
20090.2 -835.213
20090.2 -852.987
20090.2 -870.677
20090.2 -888.287
20090.2 -905.822
20090.2 -923.282
20090.1 -940.673
20090.1 -957.996
20090.1 -975.255
20090.1 -992.454
20090.1 -1009.59
20090.1 -1026.68
20090.1 -1043.71
20090 -1060.69
20090 -1077.63
20090 -1094.52
20090 -1111.37
20090 -1128.18
20090 -1144.96
20089.9 -1161.7
20089.9 -1178.41
20089.9 -1195.09
20089.9 -1211.75
20089.9 -1228.39
20089.9 -1245
20089.8 -1261.6
20089.8 -1278.18
20089.8 -1294.75
20089.8 -1311.31
20089.8 -1327.87
20089.8 -1344.41
20089.8 -1360.96
20089.7 -1377.5
20089.7 -1394.05
20089.7 -1410.61
20089.7 -1427.17
20089.7 -1443.74
20089.7 -1460.32
20089.6 -1476.92
20089.6 -1493.54
20089.6 -1510.18
20089.6 -1526.84
20089.6 -1543.53
20089.6 -1560.24
20089.6 -1576.99
20089.5 -1593.77
20089.5 -1610.58
20089.5 -1627.44
20089.5 -1644.34
20101.3 -1659.41
20094.4 -1677.44
20097.2 -1693.94
20098.8 -1710.66
20098.4 -1727.79
20096.4 -1745.32
20106.6 -1760.35
20097.9 -1779.44
20108.4 -1794.34
20101.1 -1813.38
20107.1 -1829.33
20712.8 -1690.15
20758 -1689.91
20794.8 -1691.22
20837 -1690.32
20879.1 -1688.72
20902.7 -1692
20942.7 -1689.74
20962.7 -1693.26
21002.7 -1689.76
21022.7 -1692.43
21062.8 -1687.68
21082.7 -1689.47
21102.7 -1690.93
21122.7 -1692.05
21142.7 -1692.83
21162.7 -1693.26
21182.7 -1693.34
21182.7 -1701.56
21182.7 -1709.85
21182.7 -1718.21
21182.7 -1726.63
21182.7 -1735.11
21182.7 -1743.67
21182.7 -1752.29
21182.7 -1761
21182.7 -1769.77
21182.7 -1778.63
21182.7 -1787.57
21182.6 -1796.59
21182.6 -1805.7
21182.6 -1814.89
21182.6 -1824.18
21182.6 -1833.57
21182.6 -1843.05
21182.6 -1852.63
21182.6 -1862.31
21182.6 -1872.1
21182.6 -1882
21182.6 -1892.02
21182.6 -1902.15
21182.5 -1912.4
21182.5 -1922.77
21182.5 -1933.28
21182.5 -1943.91
21182.5 -1954.69
21182.5 -1965.6
21182.5 -1976.66
21182.5 -1987.86
21182.5 -1999.23
21182.4 -2010.75
21182.4 -2022.44
21182.4 -2034.29
21182.4 -2046.33
21182.4 -2058.54
21182.4 -2070.94
21182.4 -2083.54
21182.4 -2096.33
21182.4 -2109.34
14733.9 -8250.1
14794.4 -8313.18
14855.4 -8375.74
14917 -8437.76
14979.1 -8499.24
15041.7 -8560.17
15104.9 -8620.55
15168.6 -8680.38
15232.8 -8739.65
15297.6 -8798.36
15362.8 -8856.49
15428.5 -8914.06
15494.8 -8971.05
15561.5 -9027.46
15628.8 -9083.28
15696.5 -9138.51
15764.7 -9193.15
15833.4 -9247.2
15902.5 -9300.63
15972.1 -9353.47
16042.2 -9405.69
16112.7 -9457.3
16183.7 -9508.29
16255.1 -9558.66
16326.9 -9608.4
16399.2 -9657.51
16471.9 -9705.99
16545 -9753.83
16618.6 -9801.03
16692.5 -9847.59
16766.9 -9893.49
16841.7 -9938.75
16916.8 -9983.35
16992.3 -10027.3
17068.3 -10070.6
17144.5 -10113.2
17221.2 -10155.1
17298.2 -10196.4
17375.6 -10237
17453.4 -10276.9
17531.4 -10316.2
17609.9 -10354.7
17688.6 -10392.6
17767.7 -10429.8
17847.1 -10466.3
17926.8 -10502.1
18006.8 -10537.2
18087.2 -10571.6
18167.8 -10605.3
18248.7 -10638.3
18329.9 -10670.5
18411.4 -10702.1
18493.2 -10733
18575.2 -10763.1
18657.5 -10792.5
18740 -10821.2
18822.8 -10849.2
18905.9 -10876.5
18989.1 -10903
19072.6 -10928.8
19156.3 -10953.9
19240.3 -10978.2
19324.4 -11001.8
19408.7 -11024.7
19493.3 -11046.8
19578 -11068.2
19662.9 -11088.8
19748 -11108.7
19833.3 -11127.9
19918.7 -11146.3
20004.3 -11164
20090 -11180.9
20175.9 -11197
20261.9 -11212.5
20348.1 -11227.1
20434.3 -11241
20520.7 -11254.2
20607.2 -11266.6
20693.8 -11278.2
20780.5 -11289.1
20867.3 -11299.2
20954.2 -11308.6
21041.2 -11317.2
21128.2 -11325.1
21215.3 -11332.2
21302.5 -11338.5
21389.7 -11344.1
21476.9 -11348.9
21564.2 -11352.9
21651.6 -11356.2
21738.9 -11358.7
21826.3 -11360.5
21913.7 -11361.4
22001.1 -11361.7
22088.4 -11361.1
22175.8 -11359.8
22263.2 -11357.8
22350.5 -11354.9
22437.8 -11351.3
22525.1 -11347
22612.4 -11341.9
22699.5 -11336
22786.7 -11329.3
22873.8 -11321.9
22960.8 -11313.8
23047.7 -11304.9
23134.5 -11295.2
23221.3 -11284.7
23308 -11273.5
23394.5 -11261.6
23481 -11248.9
23567.3 -11235.4
23653.6 -11221.2
23739.6 -11206.2
23825.6 -11190.5
23911.4 -11174
23997.1 -11156.8
24082.6 -11138.8
24168 -11120.1
24253.2 -11100.6
24338.2 -11080.4
24423 -11059.4
24507.7 -11037.8
24592.1 -11015.3
24676.4 -10992.2
24760.5 -10968.2
24844.3 -10943.6
24927.9 -10918.2
25011.3 -10892.1
25094.5 -10865.3
25177.4 -10837.8
25260.1 -10809.5
25342.5 -10780.5
25424.7 -10750.8
25506.6 -10720.3
25588.3 -10689.2
25669.7 -10657.3
25750.7 -10624.8
25831.6 -10591.5
25912.1 -10557.5
25992.3 -10522.8
26072.2 -10487.4
26151.8 -10451.3
26231 -10414.6
26310 -10377.1
26388.6 -10338.9
26466.9 -10300.1
26544.8 -10260.6
26622.4 -10220.4
26699.7 -10179.5
26776.5 -10137.9
26853 -10095.7
26929.2 -10052.8
27004.9 -10009.3
27080.3 -9965.06
27155.3 -9920.18
27229.9 -9874.66
27304.1 -9828.48
27377.9 -9781.66
27451.2 -9734.2
27524.2 -9686.09
27596.7 -9637.35
27668.8 -9587.98
27740.5 -9537.98
27811.7 -9487.36
27882.5 -9436.11
27952.9 -9384.25
28022.7 -9331.77
28092.1 -9278.69
28161.1 -9225
28229.6 -9170.72
28297.6 -9115.83
28365.1 -9060.36
28432.1 -9004.29
28498.7 -8947.64
28564.7 -8890.41
28630.3 -8832.61
28695.3 -8774.24
28759.8 -8715.3
28823.8 -8655.8
28887.3 -8595.74
28950.2 -8535.13
29012.7 -8473.97
29074.5 -8412.27
29135.9 -8350.03
29196.7 -8287.26
29256.9 -8223.96
29316.6 -8160.13
29375.7 -8095.79
29434.3 -8030.93
22362.7 -1695.6
22362.7 -1689.76
29606.6 -7833.31
22382.7 -1695.02
22382.7 -1689.14
22402.7 -1699.44
22402.7 -1693.44
22402.8 -1687.52
22422.7 -1696.93
22422.7 -1690.9
22422.8 -1684.94
23062.3 -2140.71
23062.3 -2126.46
23062.4 -2112.39
23062.4 -2098.49
23062.4 -2084.75
23062.4 -2071.17
23062.4 -2057.75
23062.4 -2044.48
23062.4 -2031.35
23062.4 -2018.37
23062.5 -2005.52
23062.5 -1992.8
23062.5 -1980.21
23062.5 -1967.75
23062.5 -1955.41
23062.5 -1943.19
23062.5 -1931.08
23062.5 -1919.09
23062.5 -1907.2
23062.6 -1895.41
23062.6 -1883.73
23062.6 -1872.14
23062.6 -1860.65
23062.6 -1849.25
23062.6 -1837.94
23062.6 -1826.72
23062.6 -1815.58
23062.6 -1804.52
23062.7 -1793.55
23062.7 -1782.64
23062.7 -1771.81
23062.7 -1761.06
23062.7 -1750.37
23062.7 -1739.75
23062.7 -1729.19
23062.7 -1718.7
23062.7 -1708.27
23062.7 -1697.89
23062.8 -1687.57
23062.8 -1677.31
23062.8 -1667.09
23062.8 -1656.93
23062.8 -1646.82
23062.8 -1636.75
23062.8 -1626.72
23062.8 -1616.74
23062.8 -1606.8
23062.8 -1596.9
23062.8 -1587.04
23062.9 -1577.21
23062.9 -1567.42
23062.9 -1557.66
23062.9 -1547.93
23062.9 -1538.22
23062.9 -1528.55
23062.9 -1518.9
23062.9 -1509.28
23062.9 -1499.68
23062.9 -1490.1
23062.9 -1480.54
23063 -1471
23063 -1461.47
23063 -1451.96
23063 -1442.47
23063 -1432.99
23063 -1423.51
23063 -1414.05
23063 -1404.59
23063 -1395.14
23063 -1385.7
23063 -1376.26
23063 -1366.82
23063.1 -1357.38
23063.1 -1347.94
23063.1 -1338.5
23063.1 -1329.06
23063.1 -1319.61
23063.1 -1310.15
23063.1 -1300.69
23063.1 -1291.21
23063.1 -1281.73
23063.1 -1272.23
23063.1 -1262.72
23063.2 -1253.19
23063.2 -1243.65
23063.2 -1234.09
23063.2 -1224.51
23063.2 -1214.9
23063.2 -1205.28
23063.2 -1195.63
23063.2 -1185.95
23063.2 -1176.24
23063.2 -1166.51
23063.2 -1156.74
23063.3 -1146.95
23063.3 -1137.11
23063.3 -1127.25
23063.3 -1117.34
23063.3 -1107.4
23063.3 -1097.41
23063.3 -1087.38
23063.3 -1077.31
23063.3 -1067.19
22943.3 -1090.87
22903.3 -1093.45
22883.3 -1090.72
22843.3 -1094.54
22823.3 -1092.68
22803.3 -1091.16
22783.3 -1089.97
22763.3 -1089.14
22723.3 -1095.83
22723.3 -1088.5
22703.3 -1088.71
22683.3 -1089.27
22663.3 -1090.18
22643.3 -1091.45
22623.3 -1093.08
22603.3 -1095.07
22603.3 -1088.63
22583.3 -1091.15
22563.3 -1094.04
22563.3 -1087.86
22543.3 -1091.29
22523.3 -1095.1
22523.3 -1089.2
22503.3 -1093.56
22503.3 -1087.78
22483.3 -1092.7
22483.3 -1087.03
22463.3 -1092.53
22463.3 -1086.98
22443.3 -1093.06
22443.3 -1087.64
22423.3 -1094.31
22423.3 -1089.01
30438.2 3977.82
30391.2 4051.51
22403.3 -1085.9
30295.3 4197.63
30246.4 4270.05
30196.9 4342.05
30146.8 4413.61
30096 4484.73
30044.6 4555.4
29992.6 4625.62
29939.9 4695.39
29886.7 4764.69
29832.9 4833.52
29778.4 4901.88
29723.4 4969.77
29667.8 5037.16
29611.6 5104.07
29554.8 5170.49
29497.4 5236.41
29439.4 5301.82
29380.9 5366.72
29321.8 5431.11
29262.2 5494.99
29202 5558.34
29141.3 5621.15
29080 5683.44
29018.1 5745.19
28955.8 5806.4
28892.9 5867.06
28829.4 5927.16
28765.5 5986.71
28701 6045.7
28636 6104.12
28570.5 6161.97
28504.5 6219.25
28438 6275.95
28371 6332.07
28303.5 6387.6
28235.6 6442.53
28167.1 6496.88
28098.2 6550.61
28028.9 6603.75
27959 6656.28
27888.7 6708.2
27818 6759.5
27746.8 6810.17
27675.2 6860.23
27603.1 6909.66
27530.6 6958.45
22257.7 -941.942
27384.3 7054.14
22259.9 -921.944
22254.6 -921.939
22249.3 -921.934
22255.9 -901.94
22250.5 -901.935
22256.6 -881.941
22251 -881.936
22256.5 -861.941
22250.9 -861.936
22255.8 -841.94
22250 -841.935
22254.3 -821.939
22258.3 -801.943
22252.2 -801.937
22255.6 -781.94
22249.5 -781.934
22252.3 -761.937
22254.8 -741.939
22257 -721.941
22250.4 -721.935
22252 -701.937
22253.2 -681.938
22254.1 -661.939
22254.7 -641.939
22254.9 -621.939
22254.7 -601.939
22254.2 -581.939
22784.1 1008.52
22762.8 1013.78
22736.6 1003.4
22717 1013.5
22694 1012.38
22670.2 1008.37
22650.6 1018.15
22628.4 1018.79
22606.1 1018.81
22583.9 1018.83
22561.9 1018.85
22539.9 1018.87
22518 1018.89
22496.2 1018.91
22474.5 1018.93
22452.8 1018.95
22431.2 1018.97
22409.7 1018.99
22388.3 1019.01
22366.9 1019.03
22345.6 1019.05
22324.4 1019.07
22303.2 1019.09
22282 1019.11
22260.9 1019.13
22239.8 1019.15
22218.8 1019.17
22197.8 1019.19
22176.9 1019.21
22155.9 1019.23
22135 1019.25
22114.1 1019.27
22093.3 1019.29
22072.4 1019.31
22051.6 1019.33
22030.8 1019.35
22010 1019.37
21989.2 1019.39
21968.4 1019.4
21947.6 1019.42
21926.7 1019.44
21905.9 1019.46
21885.1 1019.48
21864.2 1019.5
21843.4 1019.52
21822.5 1019.54
21801.5 1019.56
21780.6 1019.58
21759.6 1019.6
21738.6 1019.62
21661.8 1519.69
21636.3 1519.71
21610.7 1519.74
21585.1 1519.76
21559.4 1519.79
21755.3 98.5259
21755.4 18.5259
21753.4 -41.4724
21752.5 -101.471
21752.6 -161.471
21753.8 -221.473
21751.8 -261.471
21754.9 -321.474
21754.5 -361.473
21754.8 -401.474
21755.8 -441.475
21752.4 -461.471
21754.6 -501.474
21752 -521.471
21744.1 -521.464
21736.1 -521.456
21728.1 -521.449
21720.1 -521.442
21712 -521.434
21703.9 -521.426
21695.7 -521.419
18664.8 8071.7
18582.4 8042.35
19882.7 4291.52
19884.2 4139.82
19888.3 3988.3
19846.8 3956.98
19793.7 3954.25
19744.3 3942.03
19706.1 3903.82
19702.6 3787.87
19696.8 3681.52
19689.8 3581.53
19675 3501.54
20574.4 1540.7
20552.9 1520.72
20521.3 1520.75
20510.2 1480.76
20520.9 1400.75
20498 1385.64
20502.6 1320.87
20496.7 1276.89
20502.5 1213.62
20497.4 1171.06
20504.5 1109.15
20500.2 1067.87
20496.3 1027.2
20505.3 967.087
20502.2 927.529
20499.4 888.493
20496.9 849.952
20508.4 791.874
20506.9 754.262
20491.4 737.098
20460.9 740.808
20432.7 740.834
20098.2 1148.36
20106.2 1092.74
20099.4 1057.49
20108.8 1002.55
20102.8 967.962
20097.1 933.682
20108.4 879.685
20103.6 845.993
20099 812.578
20094.7 779.431
20108.7 726.523
20105.3 693.881
20102.2 661.477
20099.4 629.303
20096.9 597.352
20094.7 565.615
20092.9 534.085
20091.5 502.602
20091.5 470.322
20091.4 438.582
20091.4 407.366
20091.4 376.654
20091.3 346.431
20091.3 316.68
20099.7 280.037
20091.3 258.535
20091.2 230.111
20091.2 202.102
20091.2 174.493
20091.2 147.273
20091.1 120.429
20091.1 93.9486
20091.1 67.8225
20091.1 42.0373
20091 16.5847
20091 -8.54733
20091 -33.3669
20091 -57.8854
20090.9 -82.1099
20090.9 -106.051
20090.9 -129.717
20090.9 -153.115
20090.9 -176.254
20090.8 -199.141
20090.8 -221.785
20090.8 -244.192
20090.8 -266.369
20090.8 -288.323
20090.7 -310.062
20090.7 -331.591
20090.7 -352.916
20090.7 -374.044
20090.7 -394.981
20090.6 -415.732
20090.6 -436.302
20090.6 -456.699
20090.6 -476.925
20090.6 -496.988
20090.5 -516.892
20090.5 -536.64
20090.5 -556.241
20090.5 -575.695
