-767.803 -7843.59
-705.732 -7904.93
-643.128 -7965.72
-579.994 -8025.97
-516.339 -8085.67
-452.165 -8144.8
-387.478 -8203.37
-322.281 -8261.38
-256.58 -8318.82
-190.381 -8375.68
-123.689 -8431.96
-56.5088 -8487.65
11.1558 -8542.76
79.2998 -8597.28
147.917 -8651.2
217 -8704.51
286.546 -8757.23
356.552 -8809.33
427.007 -8860.82
5557.47 -1794.91
5583.11 -1777.5
5603.31 -1767.15
5626.61 -1751.54
5646.29 -1740.62
5653.77 -1747.89
5675.27 -1733.17
5680.07 -1744.46
5694.93 -1739.52
5708.62 -1736.11
5728.79 -1721.33
5744.67 -1713.21
5762.33 -1701.4
5768.13 -1710.37
5780.72 -1706.99
5796.94 -1696.39
5800.06 -1710.44
5817.41 -1696.87
5830.48 -1691.12
5838.61 -1695.12
5851.93 -1688.2
5863.4 -1684.75
5870.65 -1690.28
5885.25 -1679.29
5892.88 -1683.73
5903.67 -1680.73
5912.47 -1682.24
5922.76 -1679.95
5936.26 -1669.17
5944.2 -1672.24
5954.95 -1667.75
5965.6 -1663.13
5974.81 -1662.18
5984.62 -1659.24
5992.47 -1661.89
6003.41 -1654.95
6012.72 -1652.67
6025.16 -1639.76
6031.42 -1646.86
6038.06 -1652.94
6050.1 -1639.7
6057.78 -1641.78
6065.96 -1641.86
6075.1 -1637.97
6086 -1626.22
6094.23 -1625.06
6102.42 -1623.82
6109.33 -1628.38
6118.88 -1620.14
6126.76 -1619.66
6132.99 -1627.95
6142.79 -1616.5
6149.61 -1621.72
6158.67 -1613.05
6166.84 -1609.24
6173.69 -1614.26
6181.91 -1609.31
6189.31 -1610.24
6196.61 -1612.1
6204.55 -1607.93
6212.89 -1598.71
6220.97 -1590.4
6227.66 -1597.97
6234.83 -1600.5
6242.75 -1590.98
6249.63 -1598.38
6257.49 -1585.73
6264.55 -1590
6272.25 -1571.21
6279.14 -1582.35
6286.27 -1586.43
6293.47 -1586.45
6300.54 -1573.41
6307.76 -1580.31
6314.96 -1582.14
6321.86 -1574.91
6328.78 -1570.63
6336.06 -1574.27
6342.52 -1563.88
6349.95 -1569.39
6356.12 -1557.89
6364.04 -1568.26
6370.88 -1565.61
6378.32 -1568.87
6385.25 -1567.1
6392.03 -1564.27
6397.58 -1552.46
6404.62 -1552.5
6411.22 -1549.52
6417.62 -1545.48
6423.79 -1540.42
6433.21 -1554.01
6437.18 -1537.02
6444.71 -1539.65
6452.9 -1545.14
6455.55 -1524.16
6464.59 -1533.44
6469.06 -1522.16
6478.75 -1533.23
6487.66 -1540.3
6498.74 -1555.01
6504.09 -1547.39
6513.63 -1555.14
6527.2 -1576.24
6532.3 -1567.45
6539.03 -1564.37
6548.45 -1569.81
6561.08 -1584.65
6563.15 -1567.11
6570.5 -1565.66
6581.19 -1573.56
6598.23 -1598.24
6610.09 -1607.71
6622.86 -1618.9
6643.95 -1650.39
6658.84 -1664.89
6680.92 -1695.81
7722.04 -4115.38
7335.46 -3150.6
7303.62 -3023.64
7319.58 -3006.54
7337.43 -2993.87
7351.69 -2973.84
7378.43 -2979.78
7409.39 -2993.47
7483.92 -3091.36
7523.2 -3117.21
7508.4 -3040.21
7522.49 -3018.97
7537.29 -2999.41
7558.74 -2991.94
7570.14 -2966.96
7589.84 -2956.58
7606.37 -2940.89
7625.86 -2930.19
7632.52 -2898.98
7652.73 -2889.73
7675.08 -2883.65
7691.88 -2869
7709.66 -2855.87
7807.36 -2958.68
7881.09 -3023.11
7865.27 -2959.55
12182.7 -8842.41
10215.6 -6046.3
10434 -6240
10864.8 -6701.28
10794.9 -6506.1
10939 -6584.62
10789.8 -6297.8
10894.7 -6326.93
10888.3 -6221.52
11004.8 -6261.7
11246.5 -6442.7
11285.9 -6388.03
11517.8 -6546.84
11507.8 -6435.49
11605 -6440.88
11671.6 -6412.41
11701.9 -6345.86
11763.1 -6311.26
11722.1 -6174.35
11869.8 -6225.43
11940.3 -6198.74
11994.8 -6156.11
12041.7 -6106.14
11834.9 -5824.44
11665.2 -5584.17
11814.4 -5631.68
12208.1 -5887.83
12102.6 -5708.3
12025.9 -5557.32
11831.9 -5313.47
11289.3 -4795.13
11282 -4717.82
11228.8 -4605.92
10963.5 -4334.27
10781.8 -4133.62
10580.1 -3923.96
10420.4 -3750.94
10267.9 -3587.9
10128.4 -3438.64
9974.21 -3283.56
9969.52 -3233.48
10012.7 -3215.61
9817.34 -3042.88
9617.61 -2872.67
9458.49 -2733.1
9371.46 -2641.81
9294.23 -2558.87
9233.04 -2487.56
9156.11 -2408.97
9096.34 -2342.18
9029.49 -2273.17
8984.52 -2217.82
8995.36 -2193.34
9013.08 -2172.46
9038.67 -2155.45
9052.52 -2132.32
9078.77 -2115.17
9101.32 -2095.95
9119.2 -2074.33
9153.32 -2059.94
9164.54 -2034.93
9182.88 -2012.99
9191.85 -1986.94
9232.94 -1974.17
9248.98 -1950.7
9269.49 -1928.86
9298.25 -1909.98
9298.78 -1880.21
9252.96 -1833.84
9209.38 -1789.35
9153.91 -1741.82
9130.1 -1706.07
9087.8 -1664.97
9044.06 -1624.38
9003.64 -1585.79
9005.94 -1560.69
8996.46 -1532.31
9003.08 -1508.69
9028.83 -1490.15
8985.69 -1453.54
8959.59 -1422.08
8925.37 -1389.27
8894.69 -1358
8874.4 -1329.68
8845.01 -1299.9
8824.13 -1272.46
7529.41 -999.938
7414.4 -967.629
7379.71 -951.46
7370.47 -940.164
7361.12 -929.044
7349.69 -917.808
7335.16 -906.372
7332.42 -896.749
7315.69 -885.5
7295.87 -874.219
7332.62 -869.163
7310.62 -857.911
7308.44 -848.763
7325.11 -841.122
7320.78 -831.764
7335.33 -823.618
7308.87 -813.141
7319.27 -804.688
7340.6 -796.423
7367.86 -787.938
7379.04 -778.724
7384.15 -769.275
7390.18 -759.736
7391.12 -750.144
7420.98 -739.984
7440.74 -729.579
7431.42 -719.886
7459.99 -708.636
7466.47 -698.069
7479.85 -686.948
7498.1 -675.231
7517.24 -663.111
7519.32 -652.158
7535.24 -639.797
7529.16 -629.485
7567.7 -614.105
7574.3 -601.992
7576.83 -590.282
7609.94 -574.152
7619.13 -561.017
7637.08 -546.285
7637.12 -534.224
7672.5 -515.839
7700.77 -498.106
7699.4 -485.631
7714.58 -469.745
7613.22 -478.498
7530.67 -484.854
7488.27 -483.342
7516.91 -465.396
7487.12 -461.536
7476.71 -453.135
7472.05 -443.331
7462.48 -434.928
7453.82 -426.39
7459.48 -413.696
7428.68 -412.045
7425.59 -402.141
7449.03 -383.57
7423.88 -380.821
7446.04 -362.129
7485.84 -336.652
7519.66 -312.513
7658.92 -248.012
7711.3 -214.155
7707.4 -201.424
7694.12 -192.48
7699.26 -176.042
7685.82 -167.315
7664.08 -162.379
7655.15 -152.063
7646.14 -141.856
7640.69 -130.064
7624.3 -123.504
7629.46 -106.626
7623.7 -94.981
7612.49 -86.1192
7592.36 -82.0335
7582.86 -72.5967
7569.77 -65.1879
7565.39 -53.0932
7552.21 -45.9598
7548.51 -33.4873
7548.14 -18.9892
7535.62 -11.672
7517.95 -7.65961
7513.02 4.07085
7504.61 13.6181
7503.66 27.9907
7483.4 29.6807
7475.62 39.4853
7471.88 52.0529
7466.37 63.4663
7447.75 65.5341
7440.48 75.5865
7431.53 84.3833
7430.49 99.1181
7423.73 109.629
7409 113.918
7412.26 132.363
7395.88 135.168
7384.16 141.578
7374.71 149.785
7365.96 158.547
7356.38 166.567
7360.95 187.103
7339.28 184.329
7348.65 209.672
7334.3 213.389
7314.89 212.104
7310.66 225.166
7299.88 231.91
7290.46 239.958
7278.19 245.06
7281.16 265.873
7271.47 273.738
7262.4 282.244
7247.86 284.764
7242.7 297.529
7240.7 314.034
7233.24 324.537
7215.95 323.571
7213.5 340.028
7211.47 357.298
7195.39 357.496
7195.53 377.873
7178.8 377.034
7167.01 382.345
7167.2 403.528
7152.25 404.681
7140.87 410.522
7139.88 430.924
7128.3 436.636
7113.29 437.287
7105.59 448.556
7105.46 471.469
7089.78 470.963
7076.85 474.5
7072.38 491.487
7066.11 505.929
7050.91 505.77
7040.83 514.068
7032.17 524.887
7022.39 533.908
7013.47 544.608
7003 552.612
6997.12 569.369
6991.01 586.123
6975.6 585.036
6962.93 589.157
6955.05 603.055
6946.55 616.013
6937.46 628.02
6932.33 649.079
6922.43 660.096
6912.78 671.966
6902.2 681.933
6884.62 675.183
6874.67 686.792
6867.49 705.785
6860.02 724.762
6844.24 722.163
6835.7 739.147
6822.25 742.889
6814.61 763.54
6800.65 766.144
6788.22 773.377
6781.99 800.548
6766.31 798.065
6756.63 815.573
6747.24 834.953
6729.57 825.367
6717.51 835.888
6707.53 855.035
6695.82 868.305
6690.86 910.675
6697.03 1004.74
6679.66 999.415
6668 1020.34
6653.03 1026.49
6644.42 1065.91
6628.46 1068.91
6615.4 1088.52
6599.4 1092.26
6584.92 1105.74
6570.66 1122.07
6555.18 1131.36
6542.91 1166.31
6526.92 1175.37
6512.68 1201.2
6495.55 1203.05
6479.53 1216.69
6465.08 1251.13
6446.75 1242.59
6430.75 1265.81
6414.19 1285.91
6397.38 1307.87
6380.08 1326.7
6362.68 1352.37
6344.8 1375.9
6326.31 1386.27
6307.76 1413.49
6288.78 1407.54
6269.35 1456.43
6249.92 1460.14
6229.95 1480.68
6209.52 1504.04
6188.17 1538.19
6166.92 1559.17
6144.73 1588.92
6123.94 1591.54
6100.69 1623.87
6077.13 1652.99
6053.83 1673.91
6031.1 1685.66
6012.4 1660.44
5992.51 1647.98
5971.76 1643.29
5947.97 1660.2
5922.07 1688.75
5892.02 1739.74
5864.87 1767.7
5835.99 1802.27
5806.83 1834.56
5776.5 1869.48
5749.54 1884.47
5716 1928.53
5686.45 1950.73
5650.57 1997.93
5612.42 2050.55
5576.46 2090.1
5543.8 2113.74
5508.84 2143.79
5467.66 2193.67
5424.45 2246.9
5399.94 2233.46
5438.49 2015.28
5312.45 2328.96
5247.33 2437.22
5200.97 2482.95
5149.15 2541.35
5098.57 2592.48
5042.22 2656.13
4994.15 2693.77
4927.35 2777.48
4863.4 2849.12
4805.62 2901.38
4742.6 2963.05
4667.8 3048.74
4588.19 3140.72
4555.43 3122.96
4570.7 3000.36
4348.39 3390.02
4251.77 3499.17
4155.3 3602.44
4058.66 3700.77
3949.22 3819.11
3834.31 3942.07
5013.34 1634.63
4939.36 1720.84
4890.53 1757.88
3303.79 4501.26
3148.18 4664.47
2990.01 4824.49
2805.58 5020.68
4278.04 2513.8
4611.85 1918.29
4722.1 1694.57
4700.19 1681.62
4678.93 1667.63
4663.96 1644.35
4640.75 1633.34
4614.17 1627.02
4596.3 1608.22
401.665 7319.5
331.371 7267.79
261.532 7215.46
192.15 7162.53
123.234 7109
54.7834 7054.86
-13.1881 7000.14
-80.6797 6944.82
-147.685 6888.91
-214.201 6832.42
-280.221 6775.36
-345.741 6717.71
-410.755 6659.5
-475.258 6600.73
-539.247 6541.39
-602.718 6481.5
-665.661 6421.05
-728.075 6360.06
-789.953 6298.53
