23379.9 4825.48
23379.9 4825.48
23379.9 4825.48
23379.9 4825.48
23379.9 4825.48
23379.9 4825.48
23379.9 4825.48
23379.9 4825.48
23379.9 4825.48
23379.9 4825.48
23379.9 4825.48
23379.9 4825.48
23379.9 4825.48
23379.9 4825.48
23379.9 4825.48
23379.9 4825.48
23379.9 4825.48
23379.9 4825.48
23379.9 4825.48
23379.9 4825.48
23379.9 4825.48
23379.9 4825.48
23379.6 4828.47
23379.6 4828.47
23379.3 4834.46
23378.9 4843.45
23378.9 4855.45
23381.1 4864.51
23382.3 4882.47
23384.5 4903.36
23387.5 4927.16
23391.7 4953.84
23397.3 4983.3
23404.5 5014.75
23412.5 5045.99
23421.3 5077.02
23430.9 5107.8
23441.3 5138.33
23463.9 5197.11
23463.9 5197.11
23476.1 5225.34
23489 5253.25
23502 5279.46
23515.7 5305.33
23530 5330.83
23559.8 5379.39
23559.8 5379.39
23574.5 5401.19
23604.8 5444.02
23620.6 5465.03
23620.6 5465.03
23636.7 5485.76
23652.2 5505.03
23668 5524.04
23684.2 5542.76
23717.6 5579.35
23717.6 5579.35
23733.7 5596.12
23750.1 5612.61
23766.7 5628.81
23783.7 5644.71
23807.2 5659.52
23823.6 5673.82
23840.2 5687.84
23855.9 5700.62
23871.8 5713.26
23887.7 5725.77
23903.7 5738.13
23918.7 5749.45
23933.7 5760.64
23964.1 5782.62
23964.1 5782.62
23979.4 5793.41
24007.9 5812.89
24007.9 5812.89
24038.1 5826.13
24038.1 5826.13
24052.6 5835.43
24066 5843.81
24079.4 5852.07
24092.9 5860.22
24106.4 5868.25
24120 5876.15
24133.7 5883.94
24146.2 5890.88
24158.7 5897.71
24171.3 5904.43
24196.6 5917.54
24196.6 5917.54
24220.7 5929.55
24220.7 5929.55
24243.8 5940.48
24243.8 5940.48
24267 5951.01
24278.7 5956.13
24278.7 5956.13
24289 5960.55
24299.4 5964.88
24309.8 5969.12
24320.3 5973.27
24341.3 5981.29
24351.8 5985.26
24361 5988.69
24370.1 5992.13
24380.9 5989.97
24380.9 5989.97
24390.1 5993.38
24399.2 5996.8
24408.3 6000.21
24417.5 6003.62
24426.6 6007.04
24438.5 6011.5
24450.4 6016.17
24462.2 6021.05
24473.9 6026.14
24485.5 6031.42
24497 6036.91
24518.4 6047.8
24518.4 6047.8
24528.2 6053.16
24538 6058.7
24547.7 6064.41
24557.3 6070.29
24566.8 6076.33
24576.2 6082.54
24592.2 6093.66
24592.2 6093.66
24600.2 6099.32
24615.8 6110.92
24615.8 6110.92
24623.5 6116.92
24638.6 6129.32
24638.6 6129.32
24645.9 6135.72
24653.2 6142.24
24660.3 6148.89
24667.3 6155.66
24674.2 6162.56
24681 6169.57
24687.6 6176.7
24694.2 6183.95
24700.5 6191.3
24706.8 6198.77
24713 6206.35
24719 6214.03
24779.2 6248.71
24785.1 6256.5
24790.8 6264.38
24796.8 6272.98
24797.3 6273.6
24797.3 6273.6
24797.3 6273.6
24797.3 6273.6
24797.3 6273.6
24797.3 6273.6
24797.3 6273.6
24797.3 6273.6
24797.3 6273.6
24797.3 6273.6
24798.5 6276.33
24800.5 6281.18
24803.5 6288.86
24806.7 6297.29
24810 6306.47
24813.1 6315.69
24816.2 6324.95
24821.1 6340.71
24821.1 6340.71
24823.3 6348.64
24825.5 6356.6
24829.5 6372.6
24829.5 6372.6
24831.4 6380.64
24814 6391.36
24817.1 6407.56
24817.1 6407.56
24818.5 6415.69
24819.8 6423.83
24822.1 6440.17
24823.1 6448.37
24824 6456.57
24824 6456.57
24824.8 6464.78
24825.4 6473.01
24826 6481.24
24826.4 6489.48
24826.6 6494.72
