-0 -0
-0 -0
-0 -0
-0 -0
-0 -0
-0 -0
-0 -0
-0 -0
-0 -0
-0 -0
-0 -0
-0 -0
-0 -0
-0 -0
-0 -0
-0 -0
-0 -0
-0 -0
-0 -0
-0 -0
-0 -0
-1.18775 -1.72819
-1.16704 -1.7302
-1.14527 -1.73031
-1.12958 -1.7394
-1.10469 -1.73401
-1.11018 -1.77666
-1.09934 -1.79396
-1.08725 -1.80948
-1.07801 -1.8301
-1.0615 -1.83857
-1.05871 -1.87126
-1.04525 -1.88568
-1.00251 -1.84639
-0.991055 -1.8639
-0.978445 -1.87958
-0.990607 -1.94418
-0.988328 -1.98228
-0.976252 -2.00161
-0.963053 -2.01908
-0.94751 -2.03194
-0.937621 -2.05742
-0.929393 -2.08745
-0.915927 -2.10649
-0.897119 -2.11348
-0.880937 -2.12677
-0.864967 -2.14087
-0.864943 -2.19579
-0.852916 -2.22192
-0.834544 -2.23209
-0.816744 -2.24399
-0.786783 -2.22181
-0.791456 -2.29856
-0.778983 -2.32813
-0.743495 -2.28824
-0.729212 -2.31276
-0.71251 -2.33051
-0.692429 -2.3376
-0.695433 -2.42526
-0.685734 -2.47268
-0.670859 -2.50368
-0.649986 -2.51331
-0.643996 -2.58293
-0.628201 -2.61665
-0.613217 -2.65613
-0.596075 -2.68872
-0.581529 -2.73588
-0.549657 -2.70165
-0.527969 -2.71616
-0.522834 -2.82096
-0.504101 -2.8589
-0.48458 -2.89573
-0.463202 -2.92455
-0.441211 -2.95221
-0.421695 -3.00051
-0.402151 -3.05464
-0.375114 -3.05506
-0.347307 -3.04828
-0.329369 -3.13374
-0.303448 -3.15142
-0.276284 -3.15794
-0.260013 -3.30378
-0.233893 -3.34483
-0.208542 -3.40963
-0.180873 -3.45126
-0.152319 -3.48868
-0.119705 -3.42791
-0.0905461 -3.45781
-0.0616247 -3.53046
-0.0312584 -3.58186
2.81758e-07 -3.732
0.0331871 -3.80286
0.0671742 -3.84841
0.1012 -3.86468
0.134677 -3.85665
0.171686 -3.93225
0.208664 -3.98154
0.25909 -4.23608
0.304626 -4.35636
0.34522 -4.38644
0.387233 -4.42609
0.438303 -4.55195
0.485221 -4.61657
0.525602 -4.61315
0.568642 -4.63122
0.62 -4.70936
0.673319 -4.79092
0.728109 -4.87189
0.79015 -4.98881
0.856102 -5.11586
0.922072 -5.22933
0.992272 -5.35382
1.07025 -5.50595
1.14617 -5.63359
1.23063 -5.78966
1.32742 -5.98762
1.42574 -6.17556
1.5188 -6.32624
1.64023 -6.57861
1.73288 -6.70055
1.87023 -6.97978
2.0123 -7.25614
2.13536 -7.44689
2.29712 -7.75493
2.45885 -8.04252
2.60201 -8.25251
2.7932 -8.5966
3.01281 -9.00433
0 -0
0 -0
0 -0
0 -0
0 -0
0 -0
0 -0
0 -0
0 -0
0 -0
0 -0
0 -0
0 -0
0 -0
0 -0
0 -0
0 -0
0 -0
0 -0
0 -0
0 -0
0 -0
0 -0
0 -0
0 -0
0 -0
0 -0
0 -0
0 -0
0 -0
0 -0
1.29707 -1.88725
1.32095 -1.88651
1.33852 -1.87654
1.35249 -1.86155
1.37404 -1.85691
1.38779 -1.84165
1.39345 -1.81599
1.29043 -1.65167
1.21764 -1.53078
1.1504 -1.42062
1.08197 -1.31253
1.02975 -1.2272
1.03977 -1.21741
1.0451 -1.20225
1.01248 -1.1444
0.965555 -1.07236
0.915425 -0.999011
0.887962 -0.952223
0.841169 -0.886407
0.840537 -0.870401
0.853007 -0.868026
1.18228 -1.18228
1.06132 -1.04295
0.867524 -0.837758
0.775425 -0.735851
0.754757 -0.703822
0.745387 -0.683022
0.727539 -0.655079
0.709261 -0.627501
0.692823 -0.602262
0.683605 -0.583854
0.679482 -0.570153
0.666684 -0.549572
0.652025 -0.528
0.644087 -0.51233
0.636713 -0.497455
0.612469 -0.469964
0.614949 -0.463398
0.603697 -0.446712
0.590582 -0.429083
0.590234 -0.42101
0.574226 -0.402077
0.574416 -0.394785
0.574523 -0.387521
0.562039 -0.372006
0.559393 -0.363274
0.553265 -0.352469
0.546143 -0.341268
0.544837 -0.333877
0.53573 -0.321899
0.532487 -0.313659
0.528276 -0.305
0.525695 -0.297424
0.524772 -0.290886
0.507077 -0.275321
0.511227 -0.271824
0.510031 -0.265505
0.511438 -0.260591
0.503848 -0.251209
0.496134 -0.241981
0.496422 -0.236781
0.482156 -0.224833
0.481369 -0.219373
0.48692 -0.216791
0.487876 -0.212135
0.487868 -0.207087
0.47857 -0.19823
0.481208 -0.194421
0.46893 -0.184717
0.476126 -0.182768
0 -0
0 -0
0.472263 -0.167237
0 -0
0 -0
0 -0
0 -0
0 -0
0 -0
0 -0
0 -0
0 -0
0 -0
0 -0
0 -0
0 -0
0 -0
0 -0
0 -0
0 -0
0 -0
0 -0
0 -0
0 -0
0 -0
0 -0
2.33783 -0.307781
2.31363 -0.284077
2.32198 -0.264556
2.27845 -0.239475
2.27448 -0.219007
2.28527 -0.199935
2.26101 -0.177945
2.24552 -0.157022
2.26776 -0.138703
0 -0
0 -0
0 -0
0 -0
0 -0
0 -0
0 0
0 0
0 0
0 0
0 0
0 0
0 0
0 0
0 0
0 0
0 0
0 0
0 0
0 0
0 0
0 0
0 0
0 0
0 0
0 0
0 0
0 0
0 0
0.501721 0.102076
0.493965 0.104995
0.512555 0.113631
0.52616 0.121474
0.526052 0.126294
0.538514 0.134267
0.540226 0.139712
0.54285 0.145456
0.55216 0.153128
0.565222 0.162075
0.566662 0.167853
0.579521 0.177177
0.576045 0.181626
0.603921 0.196226
0.61641 0.206248
0.622151 0.214224
0.625914 0.221648
0.643689 0.234284
0.659417 0.246546
0.683381 0.262325
0.703396 0.277075
0.720422 0.291069
0.728941 0.301937
0.757576 0.321572
0.782252 0.340133
0.792044 0.352641
0.818965 0.373224
0.860992 0.401487
0.885436 0.422331
0.915871 0.4467
0.929837 0.4636
0.96496 0.491672
1.02982 0.53609
1.0666 0.567121
1.1117 0.603606
1.19473 0.66225
1.57621 0.891779
1.73551 1.002
1.68535 0.992745
3.65068 2.19355
3.63054 2.2248
3.61693 2.26011
3.59706 2.29158
3.59035 2.3316
3.57153 2.36395
3.55491 2.39782
3.53138 2.42705
3.51498 2.46122
3.48604 2.48657
3.4723 2.52277
3.45417 2.55595
3.42774 2.58299
3.42173 2.62559
3.40184 2.65781
3.35582 2.66934
3.30365 2.67524
3.25934 2.68679
3.21432 2.69714
3.17393 2.7108
3.14261 2.73183
3.09543 2.73861
3.05804 2.75347
3.028 2.77465
2.981 2.77983
2.94792 2.79747
2.90757 2.80781
2.87155 2.82186
2.82772 2.82772
2.79032 2.83945
2.76057 2.85866
2.7252 2.87176
2.69458 2.88958
2.65372 2.89603
2.62098 2.9109
2.58091 2.91718
2.55141 2.93507
2.5257 2.95722
2.48245 2.95846
2.45272 2.97538
2.42288 2.99201
2.39419 3.00991
2.36783 3.03069
2.33399 3.04172
2.31277 3.06916
2.28471 3.08761
2.25945 3.10986
2.23687 3.13597
2.21687 3.16602
2.1784 3.16959
2.16184 3.20506
2.12827 3.21546
2.1083 3.24649
2.08311 3.26983
2.05821 3.29382
2.02677 3.30739
2.00659 3.33952
1.98092 3.36294
1.952 3.38096
1.92242 3.39787
1.89706 3.42239
1.87667 3.45639
1.84361 3.46734
1.81698 3.49039
1.7978 3.52839
1.76917 3.54841
1.74077 3.56911
1.70913 3.58326
1.68582 3.61526
1.68324 3.69353
1.9198 4.31193
2.12095 4.87784
2.09393 4.93299
2.06152 4.97694
2.02999 5.02441
2.0011 5.08008
1.97282 5.13936
1.937 5.18073
1.90403 5.23127
1.87733 5.30142
1.84565 5.36014
1.81371 5.42062
1.77808 5.47238
1.74379 5.5306
1.70804 5.58673
1.67172 5.64361
1.63784 5.71182
1.60102 5.77311
1.5656 5.84289
1.52757 5.90667
1.48613 5.96053
1.44829 6.03258
1.40752 6.09663
1.36747 6.16824
1.32523 6.23471
1.28652 6.32345
1.2435 6.39726
1.19984 6.47375
1.15268 6.53715
1.10681 6.61403
1.06047 6.69554
1.01309 6.77872
0.966 6.87345
0.915903 6.95697
0.86637 7.05601
0.813819 7.14279
0.759399 7.2252
0.704562 7.31716
0.649485 7.42364
0.575577 7.31339
0.50678 7.2473
0.445715 7.28738
0.39723 7.5796
0.329414 7.54481
0.265272 7.59637
0.214074 8.1752
0.144942 8.30374
0.0727097 8.33168
6.26557e-07 8.299
-0.0731099 8.37768
-0.15161 8.68568
-0.235148 8.97992
-0.319784 9.15742
-0.408059 9.3461
-0.498028 9.50296
-0.587043 9.59806
-0.681172 9.74121
-0.778787 9.8954
-0 0
-0 0
-0 0
-0 0
-0 0
-0 0
-0 0
-0 0
-0 0
-0 0
-0 0
-0 0
-0 0
-0 0
-0 0
-0 0
-0 0
-0 0
-0 0
-0 0
-0 0
-0 0
-0 0
-0 0
-0 0
-0 0
-0 0
-0 0
-0 0
-0 0
-0 0
-0 0
-3.32745 8.66829
-3.21422 8.15976
-3.22349 7.97842
-3.23061 7.79939
-3.22353 7.59417
-3.21551 7.39517
-3.28196 7.3714
-3.35902 7.37069
-3.41729 7.3284
-3.47681 7.28928
-3.54029 7.25866
-3.60483 7.23018
-3.66824 7.19933
-3.7277 7.16084
-3.79849 7.14393
-3.8626 7.11403
-3.93714 7.10279
-3.98617 7.04553
-4.066 7.04252
-4.12273 6.99901
-4.19241 6.97734
-4.25105 6.93708
-4.29341 6.87089
-4.37953 6.87448
-4.45732 6.86368
-4.53416 6.85037
-4.60775 6.83127
-4.70287 6.84272
-4.79682 6.85057
-4.94875 6.93789
-0 0
-0 0
-0 0
-0 0
-0 0
-0 0
-0 0
-0 0
-0 0
-0 0
-0 0
-0 0
-0 0
-0 0
-0 0
-0 0
-0 0
-0 0
-0 0
0 0
0 0
0 0
0 0
0 0
0 0
0 0
0 0
0 0
0 0
0 0
0 0
0 0
0 0
0 0
0 0
0 0
0 0
0 0
0 0
0 0
0 0
0 0
0 0
0 0
0 0
0 0
0 0
0 0
43.2941 10.1392
0.866515