19575 -3254.88
19597.1 -3254.37
19619.3 -3253.86
19641.7 -3253.35
19664.2 -3252.83
19686.8 -3252.31
19709.6 -3251.79
19732.6 -3251.26
19755.7 -3250.73
19778.9 -3250.19
19802.4 -3249.65
19826 -3249.11
19849.8 -3248.56
19873.8 -3248.01
19898 -3247.46
19922.3 -3246.9
19946.9 -3246.33
19971.7 -3245.76
19996.7 -3245.19
20021.9 -3244.61
20047.4 -3244.02
20073.1 -3243.43
20099 -3242.83
20125.2 -3242.23
20151.7 -3241.62
20178.4 -3241.01
20205.4 -3240.39
20232.7 -3239.76
20260.3 -3239.12
20288.1 -3238.48
20316.3 -3237.84
20344.9 -3237.18
20373.7 -3236.52
20402.9 -3235.84
20432.4 -3235.17
20462.4 -3234.48
20492.6 -3233.78
20523.3 -3233.08
20554.4 -3232.36
20585.9 -3231.64
20617.8 -3230.9
20650.1 -3230.16
20682.9 -3229.41
20716.2 -3228.64
22310 -5000.65
21451.2 -3971.85
21452.3 -3921.13
21490.1 -3910.93
21529.6 -3902
21570.7 -3894.31
21632.7 -3907.36
21677.6 -3902
21712.4 -3885.91
21762.9 -3884.75
21812.1 -3881.53
21856.3 -3872.82
21902.5 -3865.25
21971 -3877.26
22022.6 -3872.83
22073.2 -3866.74
22127.5 -3862.98
22184 -3860.18
22242.7 -3858.31
22303.7 -3857.34
22383.6 -3870.39
22428.7 -3854.58
22867.2 -4141.51
22947.3 -4145.63
23007 -4133.13
23087.1 -4134.61
23146.8 -4120.07
24803.6 -5228.59
24906.5 -5221.44
25403.3 -5479.59
25442.3 -5421.55
25480.7 -5363.17
25518.7 -5304.46
25556.1 -5245.42
25449.9 -5097.87
22283.2 -3105.58
22282.2 -3063.46
22281.3 -3021.8
22280.3 -2980.58
22294.2 -2948.04
22296.9 -2909.49
22280.7 -2861.16
22286.3 -2824.92
22293.3 -2789.68
22281.7 -2745.29
22292 -2712.24
22283.9 -2670.44
22338.3 -2658.46
22435.1 -2665.06
22511.7 -2660.86
22588.5 -2655.46
22681.7 -2655.77
22758 -2647.41
22854.8 -2646.1
22972 -2651.24
23069.4 -2646.63
23177.6 -2644.4
23274.5 -2636.17
23412.1 -2640.81
23529.9 -2636.17
23648.2 -2629.67
23787.2 -2627.9
21353.1 -1807.05
21352.5 -1782.2
21352 -1757.5
21371.6 -1738.75
21431.4 -1731.01
21511.3 -1727.68
21611.4 -1728.21
21691.3 -1721.93
21871.7 -1738.62
21971.6 -1733.34
21991 -1708.36
22211.5 -1726.23
22251 -1703.04
22250.2 -1671.35
22257.2 -1641.23
22256.5 -1609.71
22255.7 -1578.3
22255 -1547
22254.3 -1515.8
22253.6 -1484.7
22252.9 -1453.68
22252.2 -1422.75
22251.4 -1391.9
22250.7 -1361.13
22250 -1330.42
22249.3 -1299.78
22248.6 -1269.2
22247.9 -1238.68
22247.2 -1208.2
22246.5 -1177.77
22245.8 -1147.38
22245.1 -1117.03
22244.4 -1086.71
22243.7 -1056.42
22243 -1026.15
22242.3 -995.894
22241.6 -965.654
22241 -935.422
22240.3 -905.193
21779.8 -890.36
20480.1 -919.019
19860.3 -935.749
19640.4 -939.437
19440.4 -945.6
19340.5 -947.541
19260.5 -949.509
19240.4 -947.192
19240.3 -943.15
19240.2 -939.102
19240.2 -935.048
19240.1 -930.987
19240 -926.918
19239.9 -922.841
19239.8 -918.755
19239.7 -914.66
19239.6 -910.554
19239.5 -906.437
19239.4 -902.309
19239.3 -898.169
19239.2 -894.016
19239.1 -889.849
19239 -885.668
19238.9 -881.472
19238.8 -877.26
19238.7 -873.031
19238.6 -868.785
19238.5 -864.521
19238.4 -860.239
19238.3 -855.937
19238.2 -851.614
19238.1 -847.27
19238 -842.905
19237.9 -838.516
19237.8 -834.104
19237.7 -829.667
19237.6 -825.205
19237.5 -820.716
19237.4 -816.2
19237.3 -811.656
19237.2 -807.083
19237.1 -802.479
19237 -797.844
19236.9 -793.177
19236.8 -788.477
19236.7 -783.743
19236.6 -778.972
19236.5 -774.166
19236.3 -769.321
19236.2 -764.438
19236.1 -759.514
19236 -754.549
19235.9 -749.541
19235.8 -744.489
19235.7 -739.391
19235.5 -734.247
19235.4 -729.054
19235.3 -723.811
19235.2 -718.518
19235 -713.171
19234.9 -707.77
19234.8 -702.312
19234.7 -696.797
19234.5 -691.221
19234.4 -685.585
19234.3 -679.884
19234.2 -674.119
19234 -668.286
19233.9 -662.383
19233.7 -656.409
19233.6 -650.36
19233.5 -644.235
19233.3 -638.032
19233.2 -631.747
19233 -625.379
19232.9 -618.924
19232.7 -612.38
19232.6 -605.744
19232.4 -599.012
19232.3 -592.183
19232.1 -585.252
19231.9 -578.216
19231.8 -571.072
19231.6 -563.816
19231.4 -556.444
19231.3 -548.952
19231.1 -541.337
19230.9 -533.593
19230.7 -525.717
19228 -520.384
19220.1 -520.566
19212.3 -520.745
19223 -500.493
19215.2 -500.673
19225.2 -480.438
19217.3 -480.62
19226.6 -460.401
19218.6 -460.584
19227.2 -440.38
19219.2 -440.566
19211.2 -440.748
19203.4 -440.928
19195.7 -441.106
19188.1 -441.281
19180.6 -441.454
19173.1 -441.624
19165.8 -441.792
19158.6 -441.958
19151.5 -442.122
19144.4 -442.284
19137.5 -442.444
19130.6 -442.602
19123.8 -442.759
19117.1 -442.913
19110.4 -443.066
19103.9 -443.217
19097.4 -443.366
19090.9 -443.514
19084.6 -443.661
19078.3 -443.805
19072 -443.949
19065.9 -444.091
19059.8 -444.231
19053.7 -444.371
19047.7 -444.509
19041.7 -444.646
19035.8 -444.781
19030 -444.916
19024.2 -445.049
19018.5 -445.181
19012.8 -445.312
19007.1 -445.442
19001.5 -445.571
18995.9 -445.7
18990.4 -445.827
18984.9 -445.953
18979.4 -446.078
18974 -446.203
18968.6 -446.327
18963.3 -446.45
18958 -446.572
18952.7 -446.693
18947.4 -446.814
18942.2 -446.934
18937 -447.053
18931.9 -447.172
18926.7 -447.29
18921.6 -447.407
18916.5 -447.524
18911.5 -447.641
18906.5 -447.756
18901.4 -447.872
18896.4 -447.986
18891.5 -448.101
18886.5 -448.215
18881.6 -448.328
18876.7 -448.441
18871.8 -448.554
18866.9 -448.666
18862 -448.778
18857.2 -448.889
18852.3 -449.001
18847.5 -449.111
18842.7 -449.222
18837.9 -449.332
18833.1 -449.443
18828.3 -449.552
18823.6 -449.662
18818.8 -449.772
18814.1 -449.881
18809.3 -449.99
18804.6 -450.099
18799.8 -450.208
18795.1 -450.317
18790.4 -450.426
18785.7 -450.534
18780.9 -450.643
18776.2 -450.751
18771.5 -450.86
18766.8 -450.968
18762.1 -451.077
18757.3 -451.185
18752.6 -451.294
18747.9 -451.402
18743.2 -451.511
18738.4 -451.62
18733.7 -451.729
18729 -451.838
18724.2 -451.947
18719.5 -452.056
18714.7 -452.166
18709.9 -452.275
18705.2 -452.385
18700.4 -452.495
18695.6 -452.606
18690.8 -452.716
18685.9 -452.827
18681.1 -452.938
18676.2 -453.05
18671.4 -453.162
18666.5 -453.274
18661.6 -453.386
18656.7 -453.499
18651.8 -453.613
18646.8 -453.727
18641.8 -453.841
18636.9 -453.956
18631.8 -454.071
18626.8 -454.187
18621.8 -454.303
18616.7 -454.42
18611.6 -454.537
18606.4 -454.655
18601.3 -454.774
18596.1 -454.893
18590.9 -455.013
18585.6 -455.133
18580.4 -455.255
18575 -455.377
18569.7 -455.5
18564.3 -455.623
18558.9 -455.748
18553.5 -455.873
18548 -455.999
18542.4 -456.126
18536.9 -456.254
18531.3 -456.384
18525.6 -456.513
18519.9 -456.645
18514.2 -456.777
18508.4 -456.91
18502.5 -457.044
18496.6 -457.18
18490.7 -457.316
18484.7 -457.454
18478.6 -457.593
18472.5 -457.734
18466.4 -457.876
18460.1 -458.019
18453.8 -458.164
18447.5 -458.31
18441.1 -458.458
18434.6 -458.607
18428 -458.758
18421.4 -458.91
18414.7 -459.065
18407.9 -459.221
18401 -459.379
18394.1 -459.538
18387 -459.7
18379.9 -459.864
18372.7 -460.03
18365.4 -460.198
18358 -460.368
18350.5 -460.54
18342.9 -460.715
18335.2 -460.892
18327.4 -461.072
18319.4 -461.255
18311.4 -461.44
18303.2 -461.627
18294.9 -461.818
18286.5 -462.012
18277.9 -462.208
18269.3 -462.408
18260.4 -462.611
18251.4 -462.818
18242.3 -463.028
18233 -463.241
18229.2 -468.731
18229.4 -477.993
18209.2 -468.443
18209.4 -477.73
18189.2 -468.868
18189.4 -478.178
18169.2 -469.981
18169.4 -479.314
18149.2 -471.763
18149.4 -481.119
18129.3 -474.194
18129.5 -483.573
18109.3 -477.258
18089.2 -471.384
18089.4 -480.939
18069.3 -475.648
18069.5 -485.224
18049.4 -480.502
18029.3 -476.192
18009.2 -472.29
18009.4 -482.173
17989.3 -478.81
17969.3 -475.839
17969.5 -485.878
17949.4 -483.428
17929.4 -481.358
17909.3 -479.664
17889.3 -478.34
17869.3 -477.383
17869.5 -487.961
17849.5 -487.492
17829.5 -487.379
17809.5 -487.62
17769.3 -477.955
17749.3 -479.116
17729.3 -480.619
17709.3 -482.46
17689.4 -484.637
17669.4 -487.148
17649.5 -489.989
17609.4 -484.428
17589.4 -488.136
17549.3 -483.855
17529.4 -488.413
17509.5 -493.289
17469.5 -490.788
17429.4 -489.009
17409.6 -495.232
17369.5 -494.677
17309.4 -487.941
17289.5 -495.682
17249.6 -497.233
17249.9 -512.073
17250.2 -526.827
17250.6 -541.497
17250.9 -556.084
17251.2 -570.593
17251.6 -585.026
17251.9 -599.386
17252.2 -613.676
17252.6 -627.899
17252.9 -642.056
17253.2 -656.151
17253.5 -670.187
17253.9 -684.165
17254.2 -698.089
17254.5 -711.959
17254.8 -725.78
17255.1 -739.553
17255.4 -753.282
17255.8 -766.967
17256.1 -780.611
17256.4 -794.218
17256.7 -807.787
17257 -821.324
17257.3 -834.827
17257.6 -848.302
17257.9 -861.749
17258.3 -875.171
17258.6 -888.569
17258.9 -901.947
17259.2 -915.305
17259.5 -928.647
17259.8 -941.973
17260.1 -955.287
17260.4 -968.59
17260.7 -981.884
17261 -995.172
17261.3 -1008.45
17261.6 -1021.73
17261.9 -1035.01
17262.2 -1048.29
17262.5 -1061.58
17262.8 -1074.87
17263.1 -1088.17
17263.5 -1101.47
17263.8 -1114.79
17264.1 -1128.12
17264.4 -1141.47
17264.7 -1154.84
17265 -1168.22
17265.3 -1181.63
17265.6 -1195.06
17265.9 -1208.52
17306.1 -1215.92
17386.1 -1216.2
17486 -1211.69
17546.1 -1212.57
17626 -1208.66
17686 -1207.28
17726 -1208.96
17786 -1205.65
17826 -1205.77
17885.9 -1200.53
17906 -1203.91
17945.9 -1201.93
17985.9 -1199.24
18005.9 -1201.24
18045.9 -1197.32
18065.9 -1198.46
18085.9 -1199.25
18125.8 -1193.56
18145.8 -1193.47
18165.8 -1193.04
18185.8 -1192.25
18185.9 -1198.02
18205.9 -1196.72
18225.9 -1195.07
18245.8 -1193.06
18265.8 -1190.69
18265.9 -1195.84
18285.8 -1192.94
18285.9 -1197.96
18286.1 -1203.02
18286.2 -1208.11
18286.3 -1213.24
18286.4 -1218.4
18286.5 -1223.61
18286.7 -1228.85
18286.8 -1234.14
18286.9 -1239.47
18287 -1244.84
18287.1 -1250.26
18287.3 -1255.73
18228.1 -1293.7
18228.3 -1299.94
18228.4 -1306.23
18228.6 -1312.58
18228.7 -1318.99
14867.2 -3362.09
14868.2 -3408.44
14021.4 -3989.46
16042.2 -2750
16101.8 -2744.96
16160.9 -2739.18
16199.7 -2746.06
16257.8 -2739.05
16295.6 -2745.17
16352.7 -2736.88
16389.6 -2742.23
16426.2 -2747.31
16481.9 -2737.18
16537.3 -2726.25
16572.6 -2729.98
17118.4 -2323.97
17152.8 -2319.87
17226.2 -2282.77
17260 -2277.31
17293.6 -2271.44
17287.5 -2299.52
17300.9 -2310.89
17294.3 -2340.22
17287.6 -2370.35
17300.2 -2382.9
17292.9 -2414.38
17305.1 -2427.68
17297.5 -2460.58
17289.6 -2494.38
17301.2 -2509.07
17293 -2544.4
17316.7 -2546.61
17304.9 -2586.89
17312.5 -2606.72
17302.2 -2646.97
17310.6 -2666.78
17319.3 -2686.59
17310.9 -2726.79
17303.3 -2766.98
17313.2 -2786.75
17307 -2826.91
17317.6 -2846.67
17312.6 -2886.79
17323.9 -2906.54
17311.3 -2958.54
17299.4 -3011.09
17303 -3043.56
17330.7 -3042.71
17362.3 -3035.62
17387.7 -3036.97
17417.7 -3031.11
17446.9 -3025.65
17462.4 -3040.91
17496.8 -3026.26
17523.8 -3022.65
17537.8 -3039.82
17568.6 -3028.99
17593.4 -3027.52
17594.5 -3067.16
17588.1 -3121.42
17589.7 -3162.92
17591.6 -3205.07
17593.9 -3247.91
17598.2 -3288.17
17611 -3313.05
17633.6 -3318.52
17668.3 -3298.72
17693.3 -3298.15
17718.2 -3297.58
17742.8 -3297.01
17767.1 -3296.45
17791.3 -3295.9
17815.3 -3295.34
17839.2 -3294.8
17862.8 -3294.25
17886.3 -3293.71
17909.5 -3293.18
17932.7 -3292.65
17955.6 -3292.12
17978.4 -3291.59
18001.1 -3291.07
18023.6 -3290.55
18046 -3290.04
18062 -3309.68
18072.2 -3349.45
17370.6 -5836.16
17377.2 -5975.4
17377.7 -6146.16
17383.6 -6307.28
17390.2 -6476.48
17385.3 -6704.86
17395.5 -6886.12
17403 -7093.08
17417.3 -7285.55
17426.2 -7519.27
17484.8 -7523.3
17546.5 -7510.66
17607.1 -7501.24
17665.5 -7502.48
17724.4 -7500.17
17780.8 -7512.81
17840.2 -7504.55
17899.6 -7494.52
17955.2 -7512.12
18015.4 -7491.85
18073.1 -7490.53
18130.7 -7489.2
18188.1 -7487.88
18245.4 -7486.56
18302.6 -7485.25
18359.7 -7483.94
18416.8 -7482.62
18473.7 -7481.31
18530.6 -7480.01
18587.4 -7478.7
18644.2 -7477.4
18700.9 -7476.09
18757.6 -7474.79
18813.6 -7353.47
18869.2 -7352.19
18924.8 -7350.91
18980.4 -7349.63
19035.9 -7348.36
19091.5 -7347.08
19147.2 -7345.8
19210.8 -7464.37
19267.6 -7463.06
19324.4 -7461.76
19381.2 -7460.45
19438.2 -7459.14
19495.2 -7457.83
19552.3 -7456.51
19609.5 -7455.2
19666.8 -7453.88
19724.2 -7452.56
19781.7 -7451.24
19163.6 -3324.36
19174.1 -3264.1
19194.6 -3263.63
19215 -3263.16
19235.5 -3262.69
19256.1 -3262.21
19276.8 -3261.74
19297.5 -3261.26
19318.3 -3260.78
19339.2 -3260.3
19360.1 -3259.82
19381.2 -3259.34
19402.3 -3258.85
19423.5 -3258.37
19444.8 -3257.88
19466.2 -3257.38
19487.8 -3256.89
19509.4 -3256.39
19531.1 -3255.89
19553 -3255.39
19575 -3254.88
