281.894 6417.71
216.552 6475.55
150.708 6532.82
84.3643 6589.51
17.5303 6645.62
-49.79 6701.15
-117.592 6756.09
-185.873 6810.43
-254.626 6864.18
-323.844 6917.32
-393.523 6969.86
-463.657 7021.78
-534.242 7073.1
-605.274 7123.79
-676.745 7173.87
-748.649 7223.32
-820.981 7272.13
-893.74 7320.32
-966.914 7367.87
-1040.5 7414.78
-1114.49 7461.04
-5635.25 183.865
-5663.87 160.235
-5689 141.382
-5703.32 140.414
-5724.41 127.074
-5741.36 120.469
-5767.15 96.9243
-5788.75 80.0987
-5810.47 62.0958
-5820.12 67.0149
-5837.77 55.7083
-5859.1 36.074
-5866.39 45.0915
-5884.68 30.4549
-5903.09 14.6715
-5916.35 9.63249
-5928.7 6.28025
-5955.27 -31.3242
-5967.13 -35.0685
-5974.81 -28.7265
-5990.19 -42.0121
-6002.11 -47.0726
-6016.69 -59.7691
-6030 -69.82
-6037.17 -63.0352
-6051.18 -76.1858
-6063.37 -84.7573
-6073.87 -88.7056
-6084.27 -92.7637
-6098.32 -109.378
-6105.62 -104.084
-6116.25 -110.395
-6125.97 -113.926
-6135.34 -116.588
-6147.36 -130.004
-6157.22 -135.787
-6165.13 -133.887
-6177.03 -149.61
-6185.67 -151.79
-6195.88 -161.885
-6203.17 -158.359
-6212.93 -167.664
-6223.41 -181.992
-6229.56 -172.783
-6237.78 -175.46
-6246.56 -182.167
-6255.93 -193.909
-6263.73 -195.84
-6273.52 -213.714
-6279.68 -203.887
-6288.41 -215.975
-6297.12 -230.14
-6303 -216.511
-6311.78 -234.814
-6319.19 -239.244
-6325.27 -224.783
-6333.42 -242.316
-6340.49 -243.946
-6347.76 -251.634
-6354.65 -251.392
-6361.5 -249.21
-6368.49 -255.087
-6375.38 -262.025
-6382.15 -269.023
-6388.9 -268.08
-6395.6 -270.195
-6401.96 -282.364
-6409.32 -263.608
-6415.77 -270.894
-6423.17 -259.264
-6429.27 -270.655
-6438.21 -241.205
-6445.02 -243.746
-6451.79 -246.344
-6457.23 -261.934
-6463.26 -269.605
-6469.05 -278.315
-6477.59 -264.249
-6483.7 -270.094
-6492.42 -257.181
-6496.68 -275.004
-6506.09 -259.28
-6514.26 -252.534
-6521.67 -250.792
-6530.42 -242.242
-6538.55 -237.709
-6544.74 -243.048
-6556.79 -221.07
-6563.49 -224.604
-6571.98 -220.404
-6581.04 -214.348
-6591.93 -201.603
-6595.69 -217.033
-6631.25 -114.75
-6764.33 326.739
-6779.89 335.807
-6797.36 350.451
-6813.04 358.208
-6830.72 371.512
-6850.54 390.311
-6866.54 396.559
-6877.42 387.529
-6894.6 396.303
-6922.68 433.972
-6975.54 534.852
-7004.84 569.667
-7022.95 574.362
-7051.78 604.782
-7074.23 618.216
-7100.12 638.734
-7120.39 645.193
-7147.8 666.928
-7172.72 681.952
-7202.22 705.715
-7226.11 716.481
-7252.47 731.447
-7280.95 749.657
-7312.1 771.949
-7346.96 800.027
-7372.93 810.011
-7415 848.618
-7441.22 856.958
-7470.14 869.324
-7511.95 902.929
-7544.71 919.614
-7645.26 1047.03
-7643.97 1004.43
-7609.5 910.42
-7615.67 882.783
-7625.83 861.881
-7644.61 854.255
-7681.92 873.728
-7715.67 886.939
-7772.83 932.377
-7815.7 955.855
-7801.15 899.685
-7806.67 871.973
-7813.02 845.907
-7830.04 834.112
-7834.59 806.454
-7855.66 799.921
-7854.6 766.052
-7876.7 760.796
-7882.68 736.207
-7899.44 724.533
-7907.53 702.925
-7913.38 679.072
-7924.97 661.915
-7947.23 656.439
-8040.76 726.474
-8180.56 841.965
-8082.51 708.667
-13417.2 6062.79
-13478.9 6001.11
-13540.1 5938.88
-13600.7 5876.12
-9743.92 2126.15
-9843.37 2163.21
-10224.9 2454.34
-10565.6 2697.74
-10581.5 2646.55
-10638.5 2631.29
-10893.2 2782.71
-11190.8 2963.21
-11505.9 3150.18
-11844 3347.6
-11758.8 3202.51
-11926.9 3257.07
-11631.5 2955.38
-11785.5 2998.58
-11862.5 2982.01
-11991.5 3001.8
-12237.2 3101.63
-12296.2 3066.32
-12402.9 3062.94
-12623 3133.61
-12572.2 3021.91
-12691.5 3021.83
-12732.7 2970.33
-12772.5 2917.89
-12790.6 2852.08
-12723.8 2736.14
-12886.1 2756.23
-12930.3 2705.75
-12959.2 2646.48
-12992 2589.4
-12771.5 2396.12
-12487.2 2174.82
-12599.4 2164.91
-13016.5 2306.86
-13040.9 2246.6
-12824.4 2070.1
-12596.3 1893.37
-11886.2 1499.69
-11925.5 1459.34
-11822.6 1356.04
-11440.9 1135.43
-11112.1 945.287
-10843.3 786.826
-10625 654.353
-10415.1 529.825
-10221.1 415.834
-10233.6 382.251
-10236.5 345.177
-9878.39 182.12
-9590.68 50.1992
-9489.93 -14.2268
-9379.73 -79.5545
-9286.78 -137.239
-9183.49 -196.11
-9111.08 -243.864
-9011.11 -297.895
-9001.09 -325.368
-8991.76 -352.355
-8994.77 -375.922
-9031.55 -391.159
-9051.72 -410.889
-9055.17 -434.678
-9071.11 -455.718
-9086.88 -476.991
-9100.53 -498.884
-9098.28 -523.962
-9117.44 -545.038
-9122.65 -568.785
-9146.41 -589.525
-9145.3 -614.454
-9174.65 -634.872
-9171.15 -660.23
-9208.09 -680.311
-9226.03 -703.245
-9181.16 -733.342
-9150.9 -761.122
-9085.53 -791.562
-9057.7 -817.683
-9011.68 -844.638
-8958.41 -871.232
-8915.87 -896.255
-8854.11 -921.438
-8830.08 -944.031
-8819.84 -965.763
-8820.4 -987.066
-8842.78 -1008.08
-8821.97 -1029.68
-8808.98 -1050.94
-8763.8 -1071.57
-8732.45 -1091.71
-8693.94 -1111.1
-8659.26 -1129.97
-7284.96 -1084.28
-7169.74 -1085.7
-7107.45 -1088.56
-7082.07 -1093.07
-7090.56 -1099.94
-7073.09 -1104.6
-7063.55 -1109.76
-7058.95 -1115.29
-7051.33 -1120.4
-7036.72 -1124.5
-7030.02 -1129.43
-7022.3 -1134.11
-7018.49 -1139.26
-7024.52 -1145.96
-7025.55 -1151.93
-7009.8 -1154.9
-7007.8 -1160.22
-6988.1 -1162
-6990.94 -1168.12
-6991.76 -1173.88
-7008.13 -1183.19
-7011.73 -1189.82
-7018.18 -1197.24
-7005.16 -1199.86
-6996.98 -1203.54
-7009.05 -1212.6
-7008.49 -1218.36
-7005 -1223.29
-7012 -1231.34
-7029.42 -1242.78
-7046.69 -1254.54
-7049.55 -1261.92
-7062.74 -1272.91
-7063.53 -1279.85
-7068.95 -1288.52
-7077.08 -1298.33
-7071.07 -1303
-7089.26 -1317
-7084.04 -1322.07
-7102.85 -1336.92
-7100.24 -1343.22
-7111.36 -1355.42
-7104.93 -1360.19
-7134.94 -1381.29
-7129.22 -1386.62
-7134.32 -1396.99
-7139.29 -1407.48
-7145.93 -1418.96
-7152.42 -1430.59
-7163.22 -1444.64
-7164.1 -1453.8
-7181.61 -1471.99
-7195.35 -1488.59
-7191.42 -1495.7
-7196.1 -1507.73
-7203.23 -1521.39
-7215.34 -1538.27
-7233.2 -1559.03
-7239.7 -1573.31
-7245.17 -1587.2
-7265.61 -1610.96
-7268.97 -1624.15
-7273.82 -1638.56
-7285.11 -1657.6
-7288.74 -1671.75
-7303.62 -1694.09
-7341.72 -1733.67
-7126.72 -1588.95
-7090.66 -1572.13
-7090.77 -1581.95
-7076.54 -1580.8
-7070.23 -1585.63
-7060.77 -1587.88
-7064.49 -1600.77
-7051.12 -1599.7
-7049.27 -1608.13
-7040.51 -1610.69
-7039.27 -1619.74
-7025.24 -1617.49
-7015 -1618.4
-7005.53 -1619.86
-7015.76 -1639.69
-7001.12 -1636.24
-6993.75 -1639.55
-6987.79 -1644.19
-6978.28 -1645.22
-6991.13 -1669.04
-7073.48 -1766.08
-7176.1 -1887.89
-7183.62 -1910.96
-7180.7 -1923.13
-7171.64 -1928.6
-7167.16 -1939.25
-7152.77 -1938.52
-7136.5 -1935.31
-7131.23 -1944.97
-7124.58 -1953.04
-7115.34 -1957.96
-7101.11 -1956.5
-7101.06 -1973.04
-7091.08 -1976.92
-7077.5 -1975.89
-7068.13 -1980.33
-7047.64 -1969.27
-7048.17 -1987.32
-7048.44 -2005.44
-7037.18 -2007.12
-7017.61 -1996.2
-7024.61 -2025.15
-7014.38 -2028.22
-7002 -2027.81
-6990.21 -2028.11
-6981.05 -2032.55
-6976.47 -2044.64
-6963.65 -2042.9
-6944.46 -2029.74
-6938.26 -2039
-6943.96 -2070.14
-6934.49 -2074.15
-6918.46 -2065.68
-6909.5 -2070.35
-6903.65 -2081.19
-6900.31 -2097.39
-6877.59 -2073.98
-6869.84 -2081
-6859.49 -2082.52
-6863.53 -2115.85
-6852.93 -2117.29
-6839.17 -2111.28
-6833.3 -2123.55
-6821.56 -2121.92
-6815.45 -2134.1
-6806.25 -2138.8
-6789.92 -2124.72
-6787.72 -2147.97
-6777.37 -2149.61
-6771.31 -2163.43
-6757.32 -2154.5
-6753.86 -2176.75
-6740.88 -2170.46
-6733.98 -2183.12
-6723.42 -2184.26
-6718.19 -2203.54
-6709.12 -2210.31
-6699.17 -2214.11
-6687.39 -2211.06
-6676.18 -2209.83
-6665.26 -2209.46
-6661.93 -2241.11
-6650.35 -2238.66
-6639.25 -2238.05
-6631.85 -2254.96
-6623.98 -2270.85
-6612.49 -2269.01
-6601.77 -2271.01
-6593.4 -2286.7
-6581.88 -2284.58
-6571.17 -2287.29
-6562.01 -2300.79
-6548.58 -2284.51
-6541.9 -2318.67
-6531.8 -2328.98
-6520.99 -2334.24
-6509.1 -2329.46
-6498.86 -2341.5
-6487.26 -2339.51
-6477.56 -2362.35
-6465.37 -2353.18
-6454.54 -2364.86
-6443.76 -2381.45
-6432.33 -2388.96
-6420.54 -2388.38
-6408.71 -2385.69
-6397.16 -2399.9
-6385.33 -2405
-6373.4 -2410.01
-6361.36 -2417.9
-6349.25 -2421.7
-6336.6 -2441.38
-6323.64 -2459.94
-6311.98 -2444.42
-6299.62 -2445.78
-6286.13 -2463.99
-6271.94 -2487.06
-6259.33 -2486.07
-6246.63 -2485.97
-6233.13 -2493.71
-6217.96 -2515.25
-6204.04 -2522.72
-6191.25 -2520.15
-6178.48 -2517.46
-6163.17 -2532.48
-6148.19 -2543.39
-6131.88 -2561.06
-6119.3 -2554.9
-6103.25 -2568.32
-6084.72 -2593.37
-6072.55 -2583.88
-6057.67 -2588
-6040.8 -2600.77
-6023.23 -2615.32
-6004.01 -2635.52
-5990.58 -2630.24
-5976.98 -2625.82
-5961.64 -2628.05
-5934.4 -2673.56
-5915.29 -2686.94
-5873.83 -2775.97
-5851.51 -2795.43
-5830.59 -2808.91
-5808.48 -2825.01
-5789.18 -2831.36
-5770.37 -2835.62
-5738.92 -2875.56
-5711.45 -2901.91
-5691.43 -2906.33
-5672 -2908.68
-5647.76 -2922.94
-5616.55 -2953.65
-5597.62 -2952.47
-5574.01 -2962.18
-5540.71 -2993.68
-5516.46 -3002.77
-5483.77 -3029.82
-5454.74 -3047.36
-5429.16 -3056.41
-5403.8 -3064.26
-5369.82 -3088.86
-5338.94 -3105.87
-5312.27 -3113.61
-5264.9 -3159.99
-5237.47 -3166.92
-5201.17 -3189.32
-5161.96 -3215.62
-5128.15 -3230.96
-5087.43 -3257.11
-5059.97 -3259.51
-5046.88 -3237.66
-5034.6 -3214.89
-5004.48 -3220.84
-4979.02 -3218.86
-4926.64 -3257.58
-4879.58 -3286.4
-4823.48 -3326.97
-4769.4 -3362.62
-4724.4 -3383.6
-4673.65 -3411.29
-4615.2 -3447.94
-4548.21 -3494.16
-4488.14 -3529.05
-4426.72 -3563.86
-4347.85 -3618.99
-4302.9 -3629.25
-54.0974 -8786.7
13.2545 -8731.21
80.1189 -8675.14
146.493 -8618.48
212.368 -8561.25
277.747 -8503.44
342.614 -8445.07
406.97 -8386.13
470.808 -8326.63
534.124 -8266.58
596.915 -8205.98
659.175 -8144.83
720.898 -8083.14
782.081 -8020.91
842.718 -7958.16
902.809 -7894.87
962.341 -7831.07
1021.32 -7766.74
1079.73 -7701.91
