23793.5 -6825.17
23793.5 -6825.17
23793.5 -6825.17
23793.5 -6825.17
23793.5 -6825.17
23793.5 -6825.17
23793.5 -6825.17
23793.5 -6825.17
23793.5 -6825.17
23793.5 -6825.17
23793.5 -6825.17
23793.5 -6825.17
23793.5 -6825.17
23793.5 -6825.17
23793.5 -6825.17
23793.5 -6825.17
23793.5 -6825.17
23793.5 -6825.17
23793.5 -6825.17
23793.5 -6825.17
23793.5 -6825.17
23793.5 -6825.17
23793.5 -6825.17
23793.5 -6825.17
23793.5 -6825.17
23793.5 -6825.17
23794.3 -6814.55
23794.3 -6814.55
23794.3 -6814.55
23794.3 -6814.55
23794.3 -6814.55
23794.3 -6814.55
23794.3 -6814.55
23794.3 -6814.55
23794.3 -6814.55
23794.3 -6814.55
23794.3 -6814.55
23794.3 -6814.55
23794.3 -6814.55
23794.3 -6814.55
23794.3 -6814.55
23794.3 -6814.55
23794.3 -6814.55
23794.3 -6814.55
23794.3 -6814.55
23794.3 -6814.55
23794.3 -6814.55
23794.3 -6814.55
23794.3 -6814.55
23794.3 -6814.55
23794.7 -6826.34
23794.7 -6826.34
23794.7 -6826.34
23794.7 -6826.34
23794.7 -6826.34
23794.7 -6826.34
23794.7 -6826.34
23797.2 -6824.78
23797.2 -6824.78
23802.3 -6821.53
23809.1 -6816.88
23815.8 -6811.99
23822.2 -6806.88
23829.7 -6800.57
23825.1 -6783.92
23834.2 -6775.07
23843.6 -6765.36
23853.8 -6754.31
23875.1 -6729.13
23875.1 -6729.13
23885.3 -6716.13
23895.1 -6702.87
23904.5 -6689.36
23912.8 -6676.86
23920.8 -6664.14
23929.2 -6649.92
23951.7 -6625.29
23958.9 -6610.43
23958.9 -6610.43
23965.7 -6595.39
23972 -6580.18
23978 -6564.81
23983.6 -6549.28
23988.8 -6533.62
23993.6 -6517.82
23997.9 -6501.91
24001.9 -6485.88
24005.1 -6471.23
24012.9 -6447.03
24012.9 -6447.03
24014.8 -6434.43
24016.5 -6421.79
24019.2 -6396.44
24020.3 -6383.73
24020.3 -6383.73
24021.1 -6371
24022 -6345.52
24022 -6345.52
24022.1 -6323.02
24022.1 -6323.02
24021.8 -6310.28
24021.3 -6297.54
24020.5 -6284.81
24019.7 -6273.59
24018.8 -6263.89
24017.8 -6254.19
24017.4 -6239.09
24016.1 -6227.91
24014.5 -6216.77
24013.1 -6207.13
24011.5 -6197.5
24009.9 -6187.89
24008.1 -6178.3
24006.3 -6168.72
24004.4 -6159.16
24002.4 -6149.61
24000.4 -6140.08
23998.2 -6130.57
23996 -6121.08
23993.7 -6111.6
23991.3 -6102.15
23988.8 -6092.72
23982.8 -6071.04
23982.8 -6071.04
23979.7 -6060.24
23976.4 -6049.46
23973.6 -6040.15
23971 -6032.29
23968.5 -6024.43
23966.1 -6016.56
23963.2 -6007.25
23956.8 -5987.23
23956.8 -5987.23
23954 -5978.69
23951 -5970.19
23948.1 -5961.68
23945.2 -5953.15
23942.5 -5944.58
23939.2 -5934.6
23935.9 -5924.62
23933.1 -5916.09
23930.3 -5907.54
23927.1 -5897.54
23924 -5887.51
23917.4 -5872.67
23917.4 -5872.67
23914.8 -5864.05
23912.3 -5855.42
23909.8 -5846.75
23907.5 -5838.07
23905.2 -5829.37
23903 -5820.65
23901.2 -5813.36
23899.4 -5806.06
23897.1 -5795.82
23894.9 -5785.56
23893.1 -5776.75
23889.6 -5759.08
23889.6 -5759.08
23888 -5750.23
23886.2 -5739.88
23886.2 -5739.88
23886.2 -5739.88
23884.5 -5731.04
23884.5 -5731.04
23882.8 -5722.22
23880.9 -5712.65
23879.1 -5703.07
23877.3 -5693.48
23875.6 -5683.89
23872.2 -5664.68
23872.2 -5664.68
23868.8 -5643.96
23868.8 -5643.96
23866.9 -5632.11
23865.1 -5620.25
23863.3 -5608.38
23861.6 -5596.51
23859.9 -5584.62
23858.3 -5572.73
23855 -5547.45
23853.3 -5534.05
23853.3 -5534.05
23851.8 -5520.64
23850.2 -5507.23
23847.3 -5480.38
23847.3 -5480.38
23846 -5466.95
23844.7 -5453.51
23843.4 -5440.07
23841.1 -5413.17
23841.1 -5413.17
23839.1 -5386.25
23839.1 -5386.25
23838 -5372.79
23836.9 -5359.34
23835.7 -5345.89
23834.6 -5333.94
23834.3 -5305.99
23833.3 -5294.03
23832.3 -5282.07
23831.4 -5270.1
23830.6 -5258.13
23828.7 -5234.21
23828.7 -5234.21
23827.7 -5222.25
23826.6 -5210.3
23825.5 -5198.35
23824.5 -5187.9
23823.5 -5177.45
23822.6 -5166.99
23821.7 -5156.53
23820.8 -5146.06
23819.9 -5134.09
23818.8 -5120.64
23816.3 -5091.5
23816.3 -5091.5
23814.9 -5076.56
23813.4 -5061.63
23810 -5028.81
23808.2 -5010.91
23808.2 -5010.91
23804.7 -4975.07
23804.7 -4975.07
23801.7 -4940.7
23801.7 -4940.7
23800.3 -4924.27
23798.6 -4906.35
23796.8 -4888.43
23795 -4870.53
23793.1 -4852.63
23791.1 -4834.74
23789.2 -4818.35
23787.2 -4801.97
23785.2 -4785.59
23782 -4768.33
23777.7 -4737.13
23775.6 -4722.28
23775.6 -4722.28
23773.4 -4707.44
23771.1 -4692.61
23766.8 -4662.93
23766.8 -4662.93
23764.9 -4649.56
23763.1 -4636.18
23759.3 -4609.45
23757.3 -4596.09
23757.3 -4596.09
23755.5 -4584.23
23753.8 -4572.36
23750.4 -4548.6
23748.8 -4536.7
23748.8 -4536.7
23747.3 -4524.8
23745.6 -4512.91
23742.3 -4489.15
23742.3 -4489.15
23739.2 -4468.38
23739.2 -4468.38
23737.6 -4458
23734.7 -4437.2
23734.7 -4437.2
23733.3 -4426.8
23731.8 -4416.4
23730.3 -4406.01
23727.2 -4385.24
23727.2 -4385.24
23725.6 -4374.87
23723.8 -4364.52
23721.9 -4354.19
23724.6 -4342.84
23722.4 -4332.56
23720.1 -4322.32
23717.6 -4312.11
23715.1 -4301.93
23712.4 -4291.78
23706.3 -4271.68
23706.3 -4271.68
23702.9 -4261.74
23695.5 -4242.08
23691.5 -4232.38
23691.5 -4232.38
23687.3 -4222.76
23682.9 -4213.24
23678.2 -4203.82
23673.4 -4194.5
23668.4 -4185.29
23663.1 -4176.2
23657.7 -4167.21
23652 -4158.35
23646.2 -4149.62
23640.2 -4141.01
23634 -4132.54
23627.6 -4124.2
23614.3 -4107.96
23614.3 -4107.96
23607.4 -4100.06
23600.3 -4092.31
23593.1 -4084.66
23576.3 -4067.5
23576.3 -4067.5
23565 -4056.55
23552.4 -4044.83
23534.1 -4025.72
23519.2 -4013.08
23486.4 -3986.92
23486.4 -3986.92
23469.5 -3974.38
23452.4 -3962.21
23435 -3950.41
23417.4 -3939
23400.8 -3928.77
23386.6 -3920.41
23374.2 -3913.36
23362.4 -3906.83
23350.5 -3900.46
23338.5 -3894.25
23326.4 -3888.19
23314.3 -3882.29
23289.8 -3870.97
23289.8 -3870.97
23277.4 -3865.55
23265 -3860.29
23252.5 -3855.2
23239.9 -3850.27
23232.6 -3845.76
23220 -3840.98
23207.3 -3836.38
23181.7 -3827.67
23181.7 -3827.67
23168.9 -3823.56
23156 -3819.63
23130 -3812.27
23130 -3812.27
23116.9 -3808.84
23090.7 -3802.5
23090.7 -3802.5
23079 -3799.92
23067.2 -3797.48
23058.4 -3795.78
23050.3 -3794.24
23042.2 -3792.75
23034 -3791.29
23025.9 -3789.86
23009.6 -3787.12
23009.6 -3787.12
23000 -3785.56
22988.9 -3783.91
22977.7 -3782.4
22969.5 -3781.4
22962.1 -3780.53
22954.6 -3779.68
22947.2 -3778.87
22932.3 -3777.35
22924.8 -3776.64
22924.8 -3776.64
22917.3 -3775.96
22909.9 -3775.31
22902.4 -3774.7
22894.9 -3774.12
22887.4 -3773.57
22879.9 -3773.05
22872.5 -3772.57
22866.5 -3772.21
22860.5 -3771.87
22846.4 -3764.02
22846.4 -3764.02
22834.4 -3763.59
22834.4 -3763.59
22828.4 -3763.42
22822.4 -3763.27
22810.5 -3763.06
22810.5 -3763.06
22804.5 -3762.99
22798.5 -3762.94
22792.5 -3762.93
22786.5 -3762.93
22779 -3762.98
22771.5 -3763.06
22765.5 -3763.14
22759.5 -3763.26
22752 -3763.43
22743.7 -3763.66
22735.5 -3763.93
22719 -3764.56
22710.7 -3764.94
22710.7 -3764.94
22702.5 -3765.34
22694.3 -3765.79
22677.8 -3766.78
22677.8 -3766.78
22661.3 -3767.92
22661.3 -3767.92
22654.6 -3768.44
22647.9 -3768.97
22641.1 -3769.54
22634.4 -3770.14
22627.7 -3770.77
22621 -3771.43
22614.3 -3772.11
22607.6 -3772.83
22600.8 -3773.58
22594.1 -3774.35
22587.4 -3775.15
22580.7 -3775.99
22574 -3776.79
22567.3 -3777.56
22560.6 -3778.31
22553.9 -3779.03
22547.2 -3779.71
22540.5 -3780.37
22533.8 -3781
22527 -3781.6
22513.6 -3782.7
22513.6 -3782.7
22506.8 -3783.21
22500.1 -3783.7
22493.4 -3784.15
22486.6 -3784.57
22479.9 -3784.96
22473.2 -3785.33
22466.4 -3785.66
22459.7 -3785.97
22452.9 -3786.24
22446.2 -3786.49
22439.4 -3786.7
22425.9 -3787.05
22425.9 -3787.05
22419.2 -3787.18
22412.4 -3787.27
22407.2 -3787.33
22401.9 -3787.36
22396.7 -3787.37
22391.4 -3787.35
22386.2 -3787.31
22380.9 -3787.25
22375.7 -3787.17
22368.6 -3806.17
22363.4 -3806.05
22358.2 -3805.92
22352.9 -3805.76
22347.7 -3805.58
22342.4 -3805.38
22337.2 -3805.15
22331.9 -3804.9
22325.2 -3804.55
22318.4 -3804.23
22311.7 -3803.94
22304.9 -3803.67
22299.7 -3803.4
22294.5 -3803.06
22287.7 -3802.53
22274.3 -3801.22
22274.3 -3801.22
22263.9 -3799.92
22263.9 -3799.92
22258.7 -3799.17
22253.5 -3798.35
22240.2 -3796.1
22240.2 -3796.1
22233.6 -3794.84
22226.9 -3793.5
22221.8 -3792.39
22211.6 -3789.96
22211.6 -3789.96
22205 -3788.33
22198.5 -3786.67
22192 -3784.93
22185.5 -3783.1
22179 -3781.24
22174 -3779.77
22168.9 -3778.24
22162.5 -3776.19
22156.1 -3774.1
22143.3 -3769.8
22143.3 -3769.8
22136.9 -3767.52
22132 -3765.68
22127.1 -3763.82
22120.8 -3761.41
22114.5 -3758.96
22108.2 -3756.49
22102 -3753.99
22095.7 -3751.47
22089.5 -3748.92
22083.2 -3746.33
22075.6 -3743.15
22068 -3739.86
22060.5 -3736.48
22053 -3732.99
22045.6 -3729.41
22038.2 -3725.8
22029.4 -3721.49
22019.7 -3722.99
22019.7 -3722.99
22017 -3721.69
22011.5 -3719.17
22003.4 -3715.35
21994.6 -3711.13
21985.8 -3706.84
21967.1 -3697.34
21967.1 -3697.34
21957.1 -3692.12
21946 -3685.91
21946 -3685.91
21946 -3685.91
21943.4 -3684.42
21938.2 -3681.5
21930.3 -3677.08
21919.9 -3671.11
21907.7 -3663.74
21895.7 -3656.11
21886.2 -3650.04
21865 -3635.94
21865 -3635.94
21853.3 -3627.69
21843 -3620.17
21835.2 -3614.32
21827.5 -3608.44
21807.4 -3592.74
21807.4 -3592.74
21799.9 -3586.49
21792.5 -3580.14
21785.2 -3573.69
21776.8 -3566.15
21768.7 -3558.42
21761.7 -3551.57
21754.9 -3544.63
21747 -3536.56
21739.3 -3528.41
21731.6 -3520.2
21724 -3511.86
21717.6 -3504.51
21705.2 -3489.49
21705.2 -3489.49
21647.5 -3481.19
21641.6 -3473.44
21635.8 -3465.58
21623.1 -3447.05
21617.1 -3437.54
21617.1 -3437.54
21611.3 -3427.87
21605.8 -3418.06
21600.6 -3408.11
21595.6 -3398.02
21590.8 -3387.81
21586.4 -3377.48
21581.1 -3364.25
21576.2 -3350.88
21572.1 -3338.81
21568.3 -3326.64
21564.8 -3314.37
21561.6 -3302.02
21558.8 -3289.58
21556.3 -3277.08
21551.7 -3248.19
21551.7 -3248.19
21550 -3233.3
21547.1 -3214.97
21546.3 -3203
21545.7 -3180.51
21545.7 -3180.51
21545.9 -3170.01
21546.3 -3159.52
21547.7 -3138.56
21547.7 -3138.56
21549.8 -3117.67
21549.8 -3117.67
21551.1 -3107.25
21552.6 -3096.86
21554.3 -3086.5
21556.2 -3076.17
21558.2 -3065.87
21560.4 -3055.61
21562.8 -3045.39
21565.4 -3035.21
21568.9 -3022.38
21571.9 -3012.3
21575 -3002.27
21581.7 -2982.38
21581.7 -2982.38
21585.4 -2972.53
21589.2 -2962.74
21593.1 -2953.03
21597.3 -2943.38
21601.6 -2933.8
21606.1 -2924.31
21610.7 -2914.89
21621.9 -2893.65
21621.9 -2893.65
21627.7 -2883.18
21633.8 -2872.81
21640 -2862.55
21652.2 -2843.62
21658.1 -2834.94
21664.1 -2826.36
21670.3 -2817.89
21677.6 -2808.34
21677.6 -2808.34
21685 -2798.92
21700.1 -2775.36
21700.1 -2775.36
21714 -2759.68
21721.2 -2752.03
21728.5 -2744.5
21728.5 -2744.5
21736 -2737.1
21744.7 -2728.79
21753.5 -2720.64
21762.4 -2712.64
21779.6 -2698.08
21779.6 -2698.08
21787.7 -2691.5
21797.2 -2684.14
21806.8 -2676.95
21816.6 -2669.94
21826.4 -2663.09
21836.4 -2656.41
21845.2 -2650.72
21854.1 -2645.19
21864.4 -2639.04
21885.4 -2627.3
21894.7 -2622.4
21894.7 -2622.4
21904 -2617.67
21916.7 -2614.54
21924.8 -2610.68
21933 -2606.89
21949.4 -2599.52
21959 -2595.35
21959 -2595.35
21969.4 -2591.06
21987.6 -2584.08
21987.6 -2584.08
21995.4 -2581.27
22004.6 -2578.03
22013.8 -2574.87
22023.1 -2571.79
22032.3 -2568.79
22041.6 -2565.87
22057.5 -2561.14
22057.5 -2561.14
22065.4 -2558.88
22073.3 -2556.69
22081.3 -2554.57
22090.8 -2552.14
22100.2 -2549.8
22119.2 -2545.36
22119.2 -2545.36
22128.7 -2543.27
22138.3 -2541.25
22147.8 -2539.32
22157.4 -2537.48
22167 -2535.72
22176.6 -2534.04
22186.2 -2532.45
22195.8 -2530.94
22205.5 -2529.51
22215.1 -2528.17
22224.8 -2526.91
22234.1 -2530.6
22253.5 -2528.52
22263.2 -2527.6
22263.2 -2527.6
22273 -2526.77
22292.4 -2525.28
22302.1 -2524.54
22302.1 -2524.54
22311.8 -2523.79
22331.3 -2522.31
22331.3 -2522.31
22341 -2521.56
22350.7 -2520.82
22359 -2520.19
22367.2 -2519.63
22376.9 -2519.05
22386.7 -2518.48
22396.4 -2517.86
22404.6 -2517.3
22412.8 -2516.71
22421.1 -2516.08
22429.3 -2515.41
22445.7 -2513.97
22445.7 -2513.97
22453.9 -2513.2
22462.2 -2512.39
22470.4 -2511.54
22478.6 -2510.66
22495 -2508.79
22495 -2508.79
22511.3 -2506.78
22511.3 -2506.78
22530.7 -2504.23
22530.7 -2504.23
22540.3 -2502.9
22548.5 -2501.73
22556.7 -2500.53
22564.8 -2499.29
22573 -2498.02
22582.6 -2496.47
22592.2 -2494.88
22601.8 -2493.25
22611.4 -2491.58
22621 -2489.86
22632.1 -2487.83
22652.7 -2483.92
22652.7 -2483.92
22662.3 -2482.04
22671.8 -2480.11
22681.4 -2478.15
22692.4 -2475.83
22703.4 -2473.47
22722.4 -2469.24
22731.9 -2467.07
22758.1 -2477.91
22767.6 -2475.71
22777.1 -2473.48
22777.1 -2473.48
22796 -2468.88
22796 -2468.88
22814.9 -2464.12
22814.9 -2464.12
22824.4 -2461.68
22833.8 -2459.2
22852.6 -2454.11
22852.6 -2454.11
22862 -2451.51
22880.8 -2446.17
22880.8 -2446.17
22890.1 -2443.44
22908.8 -2437.86
22918.1 -2435.01
22918.1 -2435.01
22927.5 -2432.12
22936.7 -2429.19
22946 -2426.21
22955.3 -2423.2
22964.6 -2420.15
22973.8 -2417.05
22983 -2413.92
22992.3 -2410.74
23001.5 -2407.53
23019.8 -2400.98
23019.8 -2400.98
23029 -2397.64
23038.1 -2394.27
23047.3 -2390.85
23056.4 -2387.4
23065.5 -2383.9
23074.6 -2380.37
23083.7 -2376.79
23092.7 -2373.18
23101.7 -2369.53
23110.8 -2365.84
23117 -2363.25
23120.5 -2361.82
