21069.1 9537.05
21065.6 9558.11
21062.1 9578.93
21058.7 9599.51
21055.4 9619.86
21052 9640
21048.7 9659.92
21045.5 9679.63
21042.3 9699.14
21039.1 9718.45
21035.9 9737.57
21032.8 9756.51
21029.7 9775.27
21026.6 9793.86
21023.5 9812.28
21020.5 9830.54
21017.5 9848.63
20047.3 10145.7
20046 10153.9
20044.6 10162.1
20043.3 10170.1
20042 10178.2
20040.7 10186.1
20039.4 10194
20038.1 10201.9
20036.8 10209.7
20035.5 10217.4
20034.2 10225.1
20032.9 10232.7
20031.7 10240.3
20030.4 10247.9
20029.2 10255.4
20028 10262.8
20026.7 10270.2
20025.5 10277.6
20024.3 10285
20023.1 10292.2
20021.9 10299.5
20020.7 10306.7
20019.5 10313.9
20018.3 10321.1
20017.2 10328.2
20016 10335.3
20014.8 10342.4
20013.7 10349.4
20012.5 10356.4
20011.3 10363.4
20010.2 10370.4
20009 10377.3
20007.9 10384.2
20006.8 10391.1
20005.6 10398
20004.5 10404.9
20003.3 10411.7
20002.2 10418.6
20001.1 10425.4
20000 10432.2
19998.8 10439
19997.7 10445.8
19996.6 10452.5
19995.5 10459.3
19994.4 10466
19993.2 10472.8
19992.1 10479.5
19991 10486.3
19989.9 10493
19988.8 10499.7
19987.7 10506.5
19986.6 10513.2
19985.5 10519.9
19984.3 10526.6
19983.2 10533.4
19982.1 10540.1
19981 10546.8
19979.9 10553.6
19978.8 10560.3
19977.7 10567.1
19976.5 10573.8
19975.4 10580.6
19974.3 10587.4
19973.2 10594.2
19972 10601
19970.9 10607.8
19969.8 10614.6
19968.7 10621.5
19967.5 10628.4
19966.4 10635.3
19965.2 10642.2
19964.1 10649.1
19962.9 10656
19961.8 10663
19960.6 10670
19959.5 10677
19958.3 10684.1
19957.1 10691.1
19956 10698.2
19954.8 10705.4
19953.6 10712.5
19952.4 10719.7
19951.2 10727
19950 10734.2
19948.8 10741.5
19947.6 10748.9
19946.4 10756.2
19945.1 10763.7
19943.9 10771.1
19942.7 10778.6
19941.4 10786.2
19940.2 10793.8
19938.9 10801.4
19937.6 10809.1
19936.3 10816.9
19935 10824.7
19933.7 10832.5
19932.4 10840.5
19931.1 10848.4
19929.8 10856.5
19928.4 10864.6
19927.1 10872.7
19925.7 10881
19924.4 10889.3
19923 10897.6
19921.6 10906.1
19920.2 10914.6
19918.7 10923.2
19917.3 10931.9
19915.9 10940.7
19914.4 10949.5
19912.9 10958.4
19911.4 10967.5
19909.9 10976.6
19908.4 10985.8
19906.9 10995.1
19905.3 11004.5
19903.7 11014.1
19902.1 11023.7
19900.5 11033.5
19898.9 11043.3
19897.2 11053.3
19895.6 11063.4
19893.9 11073.7
19892.2 11084
19890.4 11094.5
19888.7 11105.2
19886.9 11115.9
19885.1 11126.9
19883.2 11138
19881.4 11149.2
19879.5 11160.6
19877.6 11172.2
19875.6 11184
19873.6 11195.9
19871.6 11208
19869.6 11220.3
19867.5 11232.9
20080.1 11530.4
20059 11523
20038.7 11516
20032.3 11528.2
20015.4 11525.4
20003 11528.8
19986.5 11526.1
19970.3 11523.4
19954.4 11520.8
19938.7 11518.2
19923.3 11515.6
19908.1 11513.1
19893.1 11510.7
19878.4 11508.2
19863.8 11505.8
19748.3 11324.5
19736.5 11322.6
19724.8 11320.6
19713.2 11318.7
19701.8 11316.8
19690.6 11315
19679.5 11313.1
19668.5 11311.3
19657.7 11309.5
19647 11307.8
19636.4 11306
19626 11304.3
19615.6 11302.6
19605.4 11300.9
19595.3 11299.2
19585.4 11297.6
19575.5 11295.9
19565.7 11294.3
19556 11292.7
19546.4 11291.1
19536.9 11289.6
19527.5 11288
19518.2 11286.5
19509 11285
19499.9 11283.4
19490.8 11281.9
19481.8 11280.5
19472.9 11279
19464.1 11277.5
19455.3 11276.1
19446.6 11274.6
19438 11273.2
19429.4 11271.8
19420.9 11270.4
19412.5 11269
19404.1 11267.6
19395.8 11266.2
19387.5 11264.9
19379.3 11263.5
19371.2 11262.2
19363.1 11260.8
19355 11259.5
19347 11258.2
19339 11256.8
19331.1 11255.5
19323.2 11254.2
19315.3 11252.9
19307.5 11251.6
19299.8 11250.3
19292 11249.1
19284.3 11247.8
19276.7 11246.5
19269 11245.3
19261.4 11244
19253.9 11242.8
19246.3 11241.5
19238.8 11240.3
19231.3 11239
19223.8 11237.8
19216.4 11236.6
19208.9 11235.3
19200.8 11274.5
19191.4 11333.8
19181 11392.9
19172.2 11391.4
19163.5 11390
19154.8 11388.5
19146.1 11387.1
19137.4 11385.7
19128.7 11384.2
19120 11382.8
19111.4 11381.4
19102.7 11379.9
19094.1 11378.5
19085.5 11377.1
19076.8 11375.6
19068.2 11374.2
19059.6 11372.8
19051 11371.4
19042.4 11369.9
19033.7 11368.5
19025.1 11367.1
19016.5 11365.7
19007.8 11364.2
18999.2 11362.8
18990.5 11361.4
18981.9 11359.9
18973.2 11358.5
18964.5 11357.1
18955.8 11355.6
18947.1 11354.2
18938.4 11352.7
18929.6 11351.3
18920.9 11349.8
18912.1 11348.4
18903.3 11346.9
18894.4 11345.5
18885.6 11344
18876.7 11342.5
18867.8 11341.1
18858.8 11339.6
18849.8 11338.1
18840.8 11336.6
18831.8 11335.1
18822.7 11333.6
18813.6 11332.1
18804.4 11330.6
18795.3 11329.1
18786 11327.5
18776.7 11326
18767.4 11324.5
18758 11322.9
18748.6 11321.4
18739.1 11319.8
18729.6 11318.2
18720 11316.6
18710.4 11315
18711 11294.9
18712 11274.8
18724 11236.2
18725.8 11216.2
18728 11196.3
18730.5 11176.5
18733.3 11156.7
18736.5 11136.9
18740 11117.2
18743.9 11097.6
18748.1 11078
18752.7 11058.5
18757.6 11039
18750 11037.8
18755.4 11018.4
18761.2 10999.1
18767.4 10979.8
18760.1 10978.6
18766.8 10959.5
18773.9 10940.4
18766.9 10939.2
18774.5 10920.2
18782.5 10901.3
18775.7 10900.1
18784.3 10881.3
18777.6 10880.2
18786.7 10861.4
18780.1 10860.3
18789.9 10841.7
18783.4 10840.6
18793.7 10822
18787.3 10821
18798.2 10802.5
18791.9 10801.5
18803.5 10783.1
18797.3 10782.1
18791 10781
18803.4 10762.8
18797.2 10761.8
18810.3 10743.7
18804.2 10742.7
18798.1 10741.7
18812.1 10723.7
18806 10722.7
18799.9 10721.7
18814.8 10703.9
18808.8 10702.9
18802.7 10701.9
11217.7 16386
18812.6 10683.2
18806.5 10682.2
18803.7 10678.8
18804.7 10672.7
10963.2 16030.9
10914.2 15958.6
10865.8 15885.8
10818.1 15812.6
10771 15739
10724.5 15665
10678.7 15590.6
10633.5 15515.8
10589 15440.5
10545.2 15365
10502 15289
10459.5 15212.6
10417.6 15135.9
10376.4 15058.8
10335.9 14981.4
10296.1 14903.6
10257 14825.5
10218.5 14747
10180.7 14668.2
10143.7 14589.1
10107.3 14509.6
10071.6 14429.9
10036.6 14349.8
10002.3 14269.4
9968.7 14188.8
9935.81 14107.8
9903.64 14026.5
9872.17 13945
9841.42 13863.2
9811.39 13781.1
9782.07 13698.8
9753.47 13616.2
9725.6 13533.4
9698.45 13450.4
9672.03 13367.1
9646.34 13283.5
9621.38 13199.8
9597.15 13115.8
9573.65 13031.7
9550.9 12947.3
9528.88 12862.7
9507.6 12778
9487.06 12693
9467.26 12607.9
9448.21 12522.6
9429.91 12437.2
9412.35 12351.6
9395.54 12265.8
9379.48 12179.9
9364.18 12093.9
9349.62 12007.7
9335.82 11921.4
9322.77 11835
9310.48 11748.5
9298.95 11661.9
9288.17 11575.1
9278.15 11488.3
9268.89 11401.4
9260.39 11314.5
9252.65 11227.4
9245.67 11140.3
9239.46 11053.2
9234 10965.9
9229.31 10878.7
9225.38 10791.4
9222.21 10704
9219.8 10616.7
9218.16 10529.3
9217.29 10441.9
9217.17 10354.5
9217.82 10267.2
9219.24 10179.8
9221.42 10092.4
9224.36 10005.1
9228.06 9917.78
9232.53 9830.5
9237.76 9743.27
9243.75 9656.09
9250.5 9568.96
9258.01 9481.9
9266.29 9394.9
9275.32 9307.99
9285.12 9221.15
9295.67 9134.4
9306.98 9047.75
9319.04 8961.2
9331.87 8874.76
9345.44 8788.43
9359.78 8702.23
9374.86 8616.15
9390.69 8530.21
9407.28 8444.41
9424.62 8358.76
9442.7 8273.26
9461.53 8187.93
9481.1 8102.76
9501.42 8017.77
9522.48 7932.95
9544.28 7848.33
9566.82 7763.9
9590.09 7679.67
9614.11 7595.64
9638.85 7511.83
9664.32 7428.24
9690.53 7344.88
9717.46 7261.74
9745.12 7178.85
9773.5 7096.2
9802.61 7013.8
9832.43 6931.66
9862.96 6849.78
9894.22 6768.17
9926.18 6686.84
9958.86 6605.79
9992.24 6525.03
10026.3 6444.56
10061.1 6364.4
18028.4 9850.8
18030.3 9839.15
18032.3 9827.44
18034.2 9815.68
18036.2 9803.85
18038.1 9791.96
18040.1 9780.01
18042.1 9767.99
18044.1 9755.9
12775.4 6856.21
12786.5 6788.9
12797.7 6721.16
12809 6652.98
12820.3 6584.34
12831.8 6515.23
12843.3 6445.64
12854.9 6375.55
12866.5 6304.94
12878.3 6233.8
12890.2 6162.1
12902.1 6089.83
12914.2 6016.98
12926.3 5943.52
18474.3 9851.02
18475.8 9842.18
18495.3 9846.73
18514.8 9851.63
18534.2 9856.9
18553.5 9862.53
18554.9 9854.17
18574.2 9860.32
18593.4 9866.84
18612.5 9873.74
18613.8 9865.74
18632.9 9873.18
18651.8 9881.01
18653.1 9873.24
18672 9881.62
18673.3 9873.92
18692.1 9882.87
18710.8 9892.24
18712 9884.77
18730.7 9894.72
18731.9 9887.33
18750.4 9897.89
18751.6 9890.57
18770 9901.75
18771.2 9894.51
18789.5 9906.33
18790.7 9899.17
18791.9 9891.91
18810.1 9904.57
18811.3 9897.39
18829.4 9910.73
18830.5 9903.64
18848.5 9917.68
18849.6 9910.68
18850.8 9903.56
18868.6 9918.55
18869.8 9911.53
18871 9904.38
18876.5 9903.21
18883.6 9904.39
18890.5 9905.54
18897.4 9906.67
18904.1 9907.79
18910.8 9908.89
18917.3 9909.97
18923.7 9911.03
18930.1 9912.08
18936.3 9913.11
18942.5 9914.13
18948.5 9915.13
18954.5 9916.12
18960.4 9917.09
18966.2 9918.06
18971.9 9919
18977.6 9919.94
18983.2 9920.86
18988.7 9921.78
18994.2 9922.68
18999.5 9923.57
19004.8 9924.45
19010.1 9925.32
19015.3 9926.17
15272.7 1196.08
15353.1 1161.96
15433.9 1128.54
15514.9 1095.84
15596.2 1063.84
15677.8 1032.55
15759.7 1001.98
15841.8 972.125
15924.2 942.989
16006.8 914.575
16089.7 886.883
16172.8 859.916
16256.2 833.676
16339.8 808.166
16423.6 783.389
16507.6 759.341
16591.8 736.031
16676.2 713.459
16760.8 691.623
16845.6 670.529
16930.6 650.176
17015.8 630.568
19107.9 9880.67
19108.3 9860.47
19113.2 9861.29
19114.2 9841.17
19115.5 9821.12
19120.7 9821.98
19122.5 9802.01
19124.7 9782.1
19127.2 9762.24
19130.1 9742.45
19133.3 9722.71
19136.9 9703.02
19140.8 9683.4
19145 9663.83
19149.6 9644.31
19152.8 9604.31
19158.3 9584.93
19162.7 9545.13
19167.9 9505.43
19175.6 9506.72
19183.4 9508
19191.1 9509.28
19198.8 9510.55
19206.5 9511.81
19214.1 9513.08
19221.7 9514.34
19229.3 9515.59
19236.9 9516.85
19244.4 9518.1
19252 9519.34
19259.5 9520.59
19267 9521.83
19274.5 9523.07
19282 9524.3
19289.4 9525.54
19296.9 9526.77
19304.3 9528
19311.8 9529.23
19319.2 9530.46
19326.6 9531.69
19334.1 9532.92
19341.5 9534.15
19348.9 9535.37
19356.3 9536.6
19363.7 9537.83
19371.1 9539.05
19378.6 9540.28
19386 9541.51
19393.4 9542.74
19400.8 9543.96
19408.3 9545.19
19415.7 9546.43
19423.2 9547.66
19430.6 9548.89
19438.1 9550.13
19445.6 9551.37
19453.1 9552.61
19460.6 9553.85
19468.1 9555.1
19475.7 9556.35
19483.3 9557.6
19490.9 9558.85
19498.5 9560.11
19506.1 9561.37
19513.7 9562.64
19521.4 9563.91
19529.1 9565.18
19536.9 9566.46
19544.6 9567.75
19552.4 9569.04
19560.2 9570.33
19568.1 9571.63
19576 9572.93
19583.9 9574.24
19591.9 9575.56
19599.9 9576.88
19607.9 9578.21
19616 9579.55
19624.1 9580.89
19632.3 9582.25
19640.5 9583.6
19648.8 9584.97
19657.1 9586.35
19665.4 9587.73
19673.9 9589.12
19682.3 9590.52
22194.7 5398.89
22248.7 5407.82
22303.1 5416.81
22357.9 5425.87
22413 5434.99
22468.6 5444.19
22524.6 5453.45
22581.1 5462.79
22638 5472.21
22695.5 5481.7
22753.3 5491.28
22811.8 5500.94
22870.7 5510.68
22930.1 5520.52
22990.2 5530.45
23050.7 5540.47
23111.9 5550.59
23173.7 5560.8
23236.1 5571.13
23299.2 5581.55
23362.9 5592.09
23427.3 5602.75
23492.4 5613.52
23558.2 5624.41
23624.8 5635.42
23692.2 5646.56
23760.3 5657.83
23828.1 5670.46
23899.2 5680.79
23969.9 5692.49
24041.5 5704.33
24114 5716.33
24187.5 5728.49
24262 5740.81
24337.5 5753.3
24414.1 5765.96
24491.8 5778.81
24570.6 5791.84
24650.5 5805.07
24731.7 5818.49
24814.1 5832.12
24897.7 5845.96
24982.7 5860.02
25069.1 5874.3
25156.9 5888.82
25246.2 5903.59
25337 5918.6
25429.3 5933.88
25515.7 5954.8
25236.1 6229.62
25232.1 6309.48
25320.2 6327.2
25410.7 6344.62
25507 6359.67
25583.3 6388.85
25862.5 6294.09
25645.2 6504.94
25676.2 6562.86
25774.4 6581.69
25894.7 6589.48
25992.4 6611.93
24507.7 7499.06
24574.5 7523.1
24658.9 7538.87
26450.9 6681.64
26572.7 6700.08
25398.5 7355.62
25373.4 7434.36
25358 7507.49
21069.1 9537.05
