20920.5 9605.11
20920.4 9623.1
19999.5 10043.3
19999.4 10051.5
19999.4 10059.6
19999.3 10067.6
19999.3 10075.5
19999.2 10083.4
19999.2 10091.3
19999.1 10099.1
19999 10106.8
19999 10114.5
19998.9 10122.2
19998.9 10129.8
19998.8 10137.3
19998.8 10144.8
19998.7 10152.3
19998.7 10159.7
19998.6 10167.1
19998.6 10174.5
19998.5 10181.8
19998.5 10189.1
19998.4 10196.3
19998.4 10203.6
19998.3 10210.8
19998.3 10217.9
19998.2 10225.1
19998.2 10232.2
19998.1 10239.3
19998.1 10246.3
19998 10253.4
19998 10260.4
19998 10267.4
19997.9 10274.3
19997.9 10281.3
19997.8 10288.2
19997.8 10295.2
19997.7 10302.1
19997.7 10309
19997.6 10315.9
19997.6 10322.7
19997.5 10329.6
19997.5 10336.5
19997.4 10343.3
19997.4 10350.1
19997.3 10357
19997.3 10363.8
19997.2 10370.6
19997.2 10377.4
19997.2 10384.3
19997.1 10391.1
19997.1 10397.9
19997 10404.7
19997 10411.5
19996.9 10418.3
19996.9 10425.2
19996.8 10432
19996.8 10438.8
19996.7 10445.7
19996.7 10452.5
19996.6 10459.4
19996.6 10466.3
19996.5 10473.2
19996.5 10480.1
19996.4 10487
19996.4 10493.9
19996.4 10500.9
19996.3 10507.8
19996.3 10514.8
19996.2 10521.8
19996.2 10528.8
19996.1 10535.9
19996.1 10542.9
19996 10550
19996 10557.1
19995.9 10564.3
19995.9 10571.4
19995.8 10578.6
19995.8 10585.9
19995.7 10593.1
19995.7 10600.4
19995.6 10607.7
19995.6 10615.1
19995.5 10622.5
19995.5 10629.9
19995.4 10637.4
19995.4 10644.9
19995.3 10652.5
19995.3 10660.1
19995.2 10667.7
19995.2 10675.4
19995.1 10683.2
19995.1 10691
19995 10698.9
19994.9 10706.8
19994.9 10714.7
19994.8 10722.8
19994.8 10730.8
19994.7 10739
19994.7 10747.2
19994.6 10755.5
19994.6 10763.8
19994.5 10772.2
19994.4 10780.7
19994.4 10789.3
19994.3 10797.9
19994.3 10806.6
19994.2 10815.4
19994.1 10824.3
19994.1 10833.2
19994 10842.3
19994 10851.5
19993.9 10860.7
19993.8 10870
19993.8 10879.5
19993.7 10889
19993.6 10898.7
19993.6 10908.4
19993.5 10918.3
19993.4 10928.3
19993.4 10938.4
19993.3 10948.7
19993.2 10959.1
19993.2 10969.6
19993.1 10980.2
19993 10991
19992.9 11001.9
19992.9 11013
19992.8 11024.2
19992.7 11035.6
19992.6 11047.2
19992.5 11058.9
19992.5 11070.8
19992.4 11082.9
19992.3 11095.2
19992.2 11107.7
19992.1 11120.3
19992 11133.2
19991.9 11146.3
20222 11389.7
20217.7 11403.1
20200.3 11403
20183.1 11402.8
20174.7 11411.8
20158 11411.7
20141.5 11411.6
20125.3 11411.5
20109.3 11411.4
20093.6 11411.3
20078.1 11411.2
20062.9 11411.1
20047.8 11411
20033 11410.9
20018.4 11410.8
19880.6 11249.8
19868.6 11249.7
19856.7 11249.7
19845.1 11249.6
19833.5 11249.5
19822.2 11249.4
19810.9 11249.3
19799.8 11249.3
19788.9 11249.2
19778 11249.1
19767.3 11249
19756.7 11249
19746.2 11248.9
19735.9 11248.8
19725.6 11248.8
19715.4 11248.7
19705.4 11248.6
19695.4 11248.6
19685.6 11248.5
19675.8 11248.4
19666.2 11248.4
19656.6 11248.3
19647.1 11248.2
19637.7 11248.2
19628.4 11248.1
19619.1 11248
19610 11248
19600.9 11247.9
19591.9 11247.8
19582.9 11247.8
19574 11247.7
19565.2 11247.7
19556.4 11247.6
19547.8 11247.5
19539.1 11247.5
19530.5 11247.4
19522 11247.4
19513.5 11247.3
19505.1 11247.3
19496.8 11247.2
19488.4 11247.1
19480.2 11247.1
19471.9 11247
19463.8 11247
19455.6 11246.9
19447.5 11246.9
19439.4 11246.8
19431.4 11246.7
19423.4 11246.7
19415.5 11246.6
19407.5 11246.6
19399.7 11246.5
19391.8 11246.5
19384 11246.4
19376.2 11246.4
19368.4 11246.3
19360.6 11246.3
19352.9 11246.2
19345.2 11246.2
19340.3 11266.1
19340.3 11326.1
19341.7 11406.1
19332.7 11406.1
19323.6 11406
19314.6 11406
19305.6 11405.9
19296.6 11405.8
19287.7 11405.8
19278.7 11405.7
19269.8 11405.6
19260.8 11405.6
19251.9 11405.5
19243 11405.5
19234.1 11405.4
19225.1 11405.3
19216.2 11405.3
19207.3 11405.2
19198.4 11405.2
19189.5 11405.1
19180.6 11405
19171.6 11405
19162.7 11404.9
19153.8 11404.9
19144.8 11404.8
19135.9 11404.7
19126.9 11404.7
19117.9 11404.6
19108.9 11404.5
19099.9 11404.5
19090.9 11404.4
19081.9 11404.4
19072.8 11404.3
19063.7 11404.2
19054.6 11404.2
19045.5 11404.1
19036.3 11404.1
19027.1 11404
19017.9 11403.9
19008.7 11403.9
18999.4 11403.8
18990.1 11403.7
18980.7 11403.7
18971.3 11403.6
18961.9 11403.5
18952.5 11403.5
18942.9 11403.4
18933.4 11403.3
18923.8 11403.3
18914.2 11403.2
18904.5 11403.2
18894.7 11403.1
18884.9 11403
18875.1 11402.9
18865.2 11402.9
18862.3 11382.9
18859.8 11362.8
18857.6 11342.8
18863.4 11302.9
18862.1 11282.9
18861.1 11262.9
18860.5 11242.8
18860.2 11222.8
18860.2 11202.8
18860.6 11182.8
18861.4 11162.9
18862.5 11142.9
18863.9 11122.9
18865.8 11102.9
18858 11102.8
18860.3 11082.8
18863.1 11062.9
18866.1 11042.9
18858.8 11042.8
18862.4 11022.9
18866.4 11002.9
18859.2 11002.8
18863.8 10982.9
18868.8 10962.9
18861.9 10962.8
18867.4 10942.9
18860.6 10942.8
18866.7 10922.9
18860 10922.8
18866.7 10902.9
18860.1 10902.8
18867.4 10882.9
18860.9 10882.8
18868.8 10862.9
18862.4 10862.9
18871 10842.9
18864.7 10842.9
18858.3 10842.8
18867.7 10822.9
18861.5 10822.8
18871.5 10802.9
18865.4 10802.9
18859.1 10802.8
18870.1 10782.9
18864 10782.9
18857.8 10782.8
18869.8 10762.9
18863.6 10762.9
18857.4 10762.8
12256.5 17565.1
18864.3 10742.9
18858.2 10742.8
18854.7 10740
18854.7 10733.8
11949.5 17254.2
11889.8 17190.4
11830.6 17126.1
11772 17061.3
11713.9 16996
11656.4 16930.2
11599.5 16863.8
11543.2 16797
11487.5 16729.7
11432.3 16661.9
11377.8 16593.7
11323.8 16524.9
11270.5 16455.7
11217.7 16386
11165.6 16315.9
11114.1 16245.3
11063.2 16174.3
11012.9 16102.8
10963.2 16030.9
10914.2 15958.6
10865.8 15885.8
10818.1 15812.6
10771 15739
10724.5 15665
10678.7 15590.6
10633.5 15515.8
10589 15440.5
10545.2 15365
10502 15289
10459.5 15212.6
10417.6 15135.9
10376.4 15058.8
10335.9 14981.4
10296.1 14903.6
10257 14825.5
10218.5 14747
10180.7 14668.2
10143.7 14589.1
10107.3 14509.6
10071.6 14429.9
10036.6 14349.8
10002.3 14269.4
9968.7 14188.8
9935.81 14107.8
9903.64 14026.5
9872.17 13945
9841.42 13863.2
9811.39 13781.1
9782.07 13698.8
9753.47 13616.2
9725.6 13533.4
9698.45 13450.4
9672.03 13367.1
9646.34 13283.5
9621.38 13199.8
9597.15 13115.8
9573.65 13031.7
9550.9 12947.3
9528.88 12862.7
9507.6 12778
9487.06 12693
9467.26 12607.9
9448.21 12522.6
9429.91 12437.2
9412.35 12351.6
9395.54 12265.8
9379.48 12179.9
9364.18 12093.9
9349.62 12007.7
9335.82 11921.4
9322.77 11835
9310.48 11748.5
9298.95 11661.9
9288.17 11575.1
9278.15 11488.3
9268.89 11401.4
9260.39 11314.5
9252.65 11227.4
9245.67 11140.3
9239.46 11053.2
9234 10965.9
9229.31 10878.7
9225.38 10791.4
9222.21 10704
9219.8 10616.7
9218.16 10529.3
9217.29 10441.9
9217.17 10354.5
9217.82 10267.2
9219.24 10179.8
9221.42 10092.4
9224.36 10005.1
9228.06 9917.78
9232.53 9830.5
9237.76 9743.27
9243.75 9656.09
9250.5 9568.96
9258.01 9481.9
9266.29 9394.9
9275.32 9307.99
9285.12 9221.15
9295.67 9134.4
9306.98 9047.75
9319.04 8961.2
9331.87 8874.76
9345.44 8788.43
9359.78 8702.23
9374.86 8616.15
9390.69 8530.21
9407.28 8444.41
9424.62 8358.76
17959 10113.4
17959 10101.9
17959.1 10090.3
17959.2 10078.7
17959.3 10067.1
17959.4 10055.4
17959.4 10043.6
17959.5 10031.8
17959.6 10020
17959.7 10008
17959.8 9996.05
17959.8 9984
17959.9 9971.89
12310.9 8047.41
12311.4 7980.1
12311.8 7912.39
12312.3 7844.26
12312.8 7775.71
12313.2 7706.7
12313.7 7637.24
12314.2 7567.31
12314.7 7496.88
12315.2 7425.94
12315.7 7354.48
12316.1 7282.48
12316.6 7209.93
12317.1 7136.79
18399.8 9991.71
18419.8 9992.72
18439.8 9994.08
18439.8 9985.56
18459.8 9987.43
18479.8 9989.67
18499.8 9992.28
18519.8 9995.27
18519.8 9987.26
18539.8 9990.77
18559.8 9994.67
18559.8 9986.89
18579.8 9991.34
18599.8 9996.19
18599.8 9988.64
18619.8 9994.05
18619.8 9986.58
18639.8 9992.57
18639.8 9985.18
18659.8 9991.76
18659.9 9984.45
18679.8 9991.63
18679.9 9984.4
18699.8 9992.2
18699.8 9985.06
18719.8 9993.49
18719.8 9986.44
18739.8 9995.53
18739.8 9988.57
18759.8 9998.33
18759.8 9991.46
18759.9 9984.49
18779.8 9995.14
18779.8 9988.27
18799.8 9999.65
18799.8 9992.88
18799.8 9985.99
18819.8 9998.34
18819.8 9991.56
18819.9 9984.67
18824.7 9982.57
18831.5 9982.62
18838.3 9982.66
18844.9 9982.71
18851.4 9982.75
18857.8 9982.8
18864.1 9982.84
18870.3 9982.88
18876.5 9982.93
18882.5 9982.97
18888.4 9983.01
18894.3 9983.05
18900 9983.09
18905.7 9983.13
18911.4 9983.16
18916.9 9983.2
13304.1 2320.78
13374.8 2269.41
13445.9 2218.67
13517.5 2168.55
13589.5 2119.05
13662 2070.19
13734.9 2021.96
13808.2 1974.38
13881.9 1927.43
13956 1881.13
14030.5 1835.48
14105.4 1790.48
14180.7 1746.14
14256.4 1702.46
14332.5 1659.44
14408.9 1617.09
14485.7 1575.4
14562.9 1534.39
14640.4 1494.06
14718.3 1454.4
14796.5 1415.43
14875 1377.14
14953.9 1339.54
15033.1 1302.63
15112.7 1266.42
15192.5 1230.9
15272.7 1196.08
15353.1 1161.96
15433.9 1128.54
15514.9 1095.84
19030.2 9903.97
19027.4 9883.96
19032.4 9883.99
19030.2 9863.97
19028.4 9843.96
19033.7 9844
19032.3 9823.99
19031.3 9803.98
19030.7 9783.98
19030.5 9763.97
19030.6 9743.97
19031 9723.98
19031.8 9703.98
19032.9 9683.99
19034.4 9664
19031.3 9623.98
19033.6 9603.99
19031.8 9563.98
19035 9544
19042.7 9544.05
19050.3 9544.1
19058 9544.16
19065.6 9544.21
19073.2 9544.26
19080.7 9544.31
19088.3 9544.36
19095.8 9544.41
19103.3 9544.47
19110.8 9544.52
19118.2 9544.57
19125.7 9544.62
19133.1 9544.67
19140.5 9544.72
19147.9 9544.77
19155.3 9544.82
19162.7 9544.87
19170.1 9544.92
19177.5 9544.97
19184.8 9545.02
19192.2 9545.07
19199.5 9545.12
19206.9 9545.17
19214.2 9545.22
19221.5 9545.27
19228.9 9545.32
19236.2 9545.37
19243.6 9545.42
19250.9 9545.47
19258.3 9545.53
19265.6 9545.58
19273 9545.63
19280.4 9545.68
19287.7 9545.73
19295.1 9545.78
19302.5 9545.83
19309.9 9545.88
19317.4 9545.93
19324.8 9545.98
19332.3 9546.03
19339.7 9546.08
19347.2 9546.13
19354.7 9546.18
19362.3 9546.24
19369.8 9546.29
19377.4 9546.34
19385 9546.39
19392.6 9546.44
19400.3 9546.5
19408 9546.55
19415.7 9546.6
19423.4 9546.65
19431.2 9546.71
19439 9546.76
19446.8 9546.81
19454.7 9546.87
19462.6 9546.92
19470.6 9546.98
19478.6 9547.03
19486.6 9547.09
19494.7 9547.14
19502.9 9547.2
19511 9547.25
19519.3 9547.31
19527.6 9547.37
19535.9 9547.42
19544.3 9547.48
19552.7 9547.54
21424.7 5011.18
21479.6 5011.56
21534.9 5011.94
21590.7 5012.32
21646.8 5012.7
21703.4 5013.09
21760.5 5013.48
21818 5013.87
21876 5014.27
21934.5 5014.67
21993.5 5015.07
22053 5015.48
22113.1 5015.89
22173.7 5016.3
22234.9 5016.72
22296.7 5017.14
22359.1 5017.57
22422.2 5018
22485.9 5018.44
22550.3 5018.88
22615.3 5019.32
22681.1 5019.77
22747.6 5020.23
22814.9 5020.68
22882.9 5021.15
22951.8 5021.62
23021.5 5022.1
23092 5022.58
23163.4 5023.07
23235.8 5023.56
23309.1 5024.06
23383.3 5024.57
23458.6 5025.08
23534.8 5025.61
23612.2 5026.13
23690.6 5026.67
23770.2 5027.21
23851 5027.77
23933 5028.33
24016.2 5028.89
24100.7 5029.47
24186.6 5030.06
24273.8 5030.66
24362.5 5031.26
24452.7 5031.88
24544.4 5032.5
24637.6 5033.14
24726.9 5039.29
24815.9 5047.16
24522.6 5414.59
24593.6 5435.52
24684.4 5439.57
24769 5450.56
24848.8 5466.97
24969 5449.99
25209.8 5333.63
24987.9 5606.3
25067.8 5625.73
25187.9 5614.14
25287.8 5620.58
24000.4 6698.11
24000 6764.65
24123.2 6738.33
24210.9 6740.44
25868.8 5618.95
24852 6421.64
24859.7 6489.49
24855.9 6564.42
24843.1 6644.44
20922.7 9272.52
20922.6 9293.75
20922.5 9314.73
20922.3 9335.48
20922.2 9356
20922 9376.31
20921.9 9396.4
20921.8 9416.29
20921.6 9435.98
20921.5 9455.47
20921.4 9474.78
20921.2 9493.9
20921.1 9512.85
20921 9531.62
20920.9 9550.23
20920.7 9568.68
20920.6 9586.97
20920.5 9605.11
