12731.2 5167.21
12731.2 5167.21
12731.2 5167.21
12731.2 5167.21
12731.2 5167.21
12731.2 5167.21
12731.2 5167.21
12731.2 5167.21
12731.2 5167.21
12731.2 5167.21
12731.2 5167.21
12731.2 5167.21
12731.2 5167.21
12731.2 5167.21
12731.2 5167.21
12731.2 5167.21
12731.2 5167.21
12731.2 5167.21
12731.2 5167.21
12731.2 5167.21
12731.2 5167.21
12731.2 5167.21
12734 5161.68
12734 5161.68
12734 5161.68
12734 5161.68
12735.2 5164.44
12737 5168.54
12740.3 5175.29
12740.3 5175.29
12745.3 5184.52
12752.4 5195.98
12760.4 5206.88
12769.2 5217.15
12778.7 5226.75
12787.7 5234.64
12808.5 5249.38
12808.5 5249.38
12831 5261.37
12842 5266.02
12842 5266.02
12853.3 5270.04
12876.6 5276.13
12876.6 5276.13
12900.3 5279.55
12912.3 5280.35
12912.3 5280.35
12927.3 5280.63
12945.3 5280.26
12966.2 5279
12990.1 5276.63
13016.8 5272.91
13044.9 5267.87
13072.7 5261.74
13098.9 5255.13
13148.4 5240.18
13148.4 5240.18
13172.5 5231.7
13194.9 5223.03
13217 5213.68
13246.1 5182.21
13267.6 5171.49
13291.4 5158.71
13317.4 5143.7
13345.4 5126.33
13375.5 5106.45
13440.8 5058.65
13440.8 5058.65
13475.9 5030.48
13512.4 4999.29
13549.4 4965.67
13620.3 4895.1
13620.3 4895.1
13686.4 4833.05
13686.4 4833.05
13717.9 4794.23
13748.2 4754.46
13777.7 4714.05
13806.2 4673
13833.9 4631.33
13860.6 4589.08
13886.4 4546.25
13911.3 4502.87
13935.2 4458.96
13980.1 4369.62
14001.3 4324.16
14001.3 4324.16
14021.2 4278.3
14040.2 4232.03
14075 4138.29
14075 4138.29
14090.8 4090.87
14119.9 3995.18
14119.9 3995.18
14133.4 3947.06
14146.4 3898.76
14158.7 3850.3
14170.4 3801.68
14181.4 3752.91
14187.5 3702.41
14197.4 3653.39
14206.6 3604.25
14215.2 3555
14223.2 3505.63
14230.5 3456.16
14237.1 3406.61
14243.1 3356.97
14248.4 3307.25
14253.1 3257.47
14257.2 3207.64
14260.6 3157.75
14263.3 3107.83
14265.4 3057.87
14265.3 3008.19
14266 2958.2
14265.4 2861.95
14265.4 2861.95
14264.3 2817.22
14262.6 2775.5
14258.6 2701.11
14256.6 2666.92
14256.6 2666.92
14252.1 2600.82
14252.1 2600.82
14249.7 2568.16
14247.3 2537
14236.9 2506.32
14231.3 2444.07
14231.3 2444.07
14225.6 2385.61
14225.6 2385.61
14222.5 2356.77
14219.5 2329.43
14213.2 2274.8
14213.2 2274.8
14209.8 2247.5
14206.5 2221.71
14203.1 2195.94
14199.6 2170.17
14196 2144.43
14195.6 2119.65
14188.4 2071.19
14188.4 2071.19
14184.8 2048.46
14177.4 2003.06
14173.6 1980.38
14173.6 1980.38
14169.9 1959.2
14166.1 1938.03
14162.3 1916.89
14158.3 1895.75
14154.5 1876.11
14150.7 1856.49
14139.7 1825.69
14134.8 1800.92
14130 1776.12
14125.4 1751.31
14121.1 1727.95
14116.9 1704.57
14112.8 1681.17
14105.4 1637.28
14105.4 1637.28
14101.9 1615.32
14098.7 1594.82
14095.6 1574.3
14089.6 1533.23
14089.6 1533.23
14086.8 1512.68
14084.2 1493.6
14081.7 1474.51
14079.3 1455.41
14077 1436.3
14074.8 1417.18
14072.8 1399.54
14067.1 1385.91
14063.4 1350.6
14063.4 1350.6
14061.7 1332.93
14060.2 1316.75
14058.7 1300.57
14057.2 1282.88
14054.5 1247.49
14053.2 1229.79
14053.2 1229.79
14052.1 1213.57
14051.1 1197.35
14050.1 1181.13
14049.3 1164.91
14048.5 1148.68
14047.7 1132.44
14047.1 1117.7
14046.6 1102.96
14046.1 1088.22
14045.7 1073.48
14045.4 1058.73
14045.1 1043.98
14044.9 1030.74
14044.7 1017.49
14044.7 1004.24
14044.6 990.986
14044.7 977.736
14044.8 964.487
14037.8 952.63
14038 940.881
14038.2 929.133
14038.4 917.385
14038.7 905.64
14039.6 879.154
14040.2 864.416
14040.2 864.416
14041.4 837.944
14041.4 837.944
14042.1 824.712
14042.8 812.981
14043.4 801.247
14044.5 777.772
14044.9 766.031
14044.9 766.031
14045.4 752.789
14046 738.05
14046.7 722.565
14048.2 691.605
14048.2 691.605
14049 677.627
14049.8 664.402
14050.7 651.18
14051.6 637.963
14053.6 611.54
14053.6 611.54
14054.7 598.336
14057.1 571.942
14057.1 571.942
14058.2 560.247
14059.4 548.556
14061.9 525.19
14061.9 525.19
14063.3 513.516
14066.1 490.185
14067.6 478.53
14067.6 478.53
14073 468.851
14074.5 458.707
14076 448.569
14079.2 428.313
14079.2 428.313
14081 416.715
14082.9 405.109
14084.7 393.495
14086.4 381.873
14088.1 370.244
14089.5 360.093
14090.9 349.936
14092.2 339.774
14093.5 329.605
14095.9 309.251
14097.1 299.067
14097.1 299.067
14098.2 288.877
14099.3 278.683
14100.3 268.484
14101.4 258.29
14102.3 249.591
14103.2 240.889
14104.1 232.183
14104.9 223.473
14105.7 214.759
14106.5 206.042
14108 188.605
14108 188.605
14109.6 171.181
14110.4 162.467
14111.2 153.75
14111.2 153.75
14111.9 145.03
14112.6 136.313
14113.4 127.599
14114.4 117.396
14115.4 106.442
14116.4 94.7362
14117.5 82.2787
14118.4 69.8168
14119.4 57.3508
14121 32.4073
14121 32.4073
14121.8 19.9303
14123 -2.0374
14123 -2.0374
14125.6 -26.6927
14125.6 -26.6927
14126.1 -39.1855
14126.8 -64.1759
14127 -76.6732
14127 -76.6732
14127.2 -89.1715
14127.4 -101.671
14127.5 -114.17
14127.6 -125.169
14127.9 -145.667
14127.9 -145.667
14128 -166.167
14128 -166.167
14128 -176.417
14128 -186.667
14127.9 -198.416
14127.7 -210.165
14127.6 -220.414
14127.5 -230.664
14127.3 -254.913
14127.3 -254.913
14127 -267.41
14126.7 -279.907
14126.4 -292.403
14126 -304.897
14125.6 -317.389
14124.5 -342.366
14124.5 -342.366
14123.9 -354.851
14123.2 -367.334
14121.7 -392.289
14121.7 -392.289
14120.9 -404.761
14120.1 -417.237
14119.4 -429.717
14118.8 -442.199
14118 -454.678
14117.3 -467.154
14116.4 -479.627
14115.6 -492.096
14114.6 -504.561
14113.6 -517.021
14111.6 -541.938
14089.7 -560.221
14089.7 -560.221
14089.7 -560.221
14089.7 -560.221
14089.5 -563.21
14088.8 -569.176
14087.9 -578.126
14086.6 -590.059
14085.3 -602.737
14083.9 -615.416
14082.6 -628.094
14081.1 -642.265
14079.6 -656.435
14078.1 -670.605
14076.6 -684.775
14075 -698.945
14073.4 -714.607
14071.6 -731.76
14071.6 -731.76
14071.6 -731.76
14071.3 -734.749
14070.9 -740.734
14070.2 -749.711
14069.4 -761.681
14068.3 -776.643
14067.1 -793.85
14065.7 -811.045
14064.2 -828.227
14061 -859.565
14061 -859.565
14059.2 -875.212
14057.3 -890.842
14055.2 -906.455
14050.9 -936.14
14050.9 -936.14
14048.7 -950.231
14046.6 -964.322
14044.5 -978.413
14042.4 -992.504
14040.5 -1005.11
14038.6 -1017.72
14036.7 -1030.33
14034.8 -1042.94
14032.9 -1055.54
14031 -1068.15
14035.3 -1096.1
14033.6 -1107.22
14029.6 -1130.89
14029.6 -1130.89
14027.5 -1143.46
14025.3 -1156.03
14023.2 -1168.6
14021 -1181.16
14019.1 -1192.25
14017.2 -1203.34
14015.3 -1214.43
14013.4 -1225.52
14011.5 -1236.61
14007.7 -1258.78
14005.8 -1269.87
14005.8 -1269.87
14004.2 -1279.48
14002.6 -1289.09
14000.9 -1298.7
13999.3 -1308.31
13997.5 -1317.91
13995.7 -1327.49
13993.8 -1337.05
13991.8 -1346.6
13989.8 -1356.13
13987.6 -1365.64
13985.3 -1375.11
13982.8 -1384.54
13980.2 -1393.93
13977.4 -1403.27
13974.4 -1412.55
13972.3 -1418.95
13971.1 -1422.5
13970.8 -1423.21
13970.8 -1423.21
13970.8 -1423.21
13969.9 -1426.05
13969.9 -1426.05
13968 -1431.75
13965.3 -1440.32
13962 -1450.3
13959.5 -1457.38
13951.2 -1442.89
13950.7 -1444.3
