20100.6 8884.2
20100.6 8884.2
20100.6 8884.2
20100.6 8884.2
20100.6 8884.2
20100.6 8884.2
20100.6 8884.2
20100.6 8884.2
20100.6 8884.2
20100.6 8884.2
20100.6 8884.2
20100.6 8884.2
20099.5 8886.98
20097.4 8892.59
20094.4 8901.08
20091.1 8911.04
20087.9 8921.06
20084.9 8931.13
20082.2 8941.25
20079.4 8951.4
20079.4 8951.4
20076.8 8961.57
20071.9 8981.97
20071.9 8981.97
20067.3 9002.46
20065.1 9012.73
20063 9023.02
20066.6 9037.18
20064.8 9047.53
20063 9057.88
20061.2 9068.22
20059.5 9078.57
20057.7 9088.92
20055.9 9099.27
20054 9109.6
20052.1 9119.92
20050 9130.21
20047.9 9140.49
20045.8 9150.77
20043.6 9161.05
20041.5 9171.33
20039.3 9181.61
20037.1 9191.87
20034.8 9202.12
20032.4 9212.34
20029.9 9222.53
20027.4 9232.73
20024.9 9242.93
20022.4 9253.13
20019.9 9263.33
20017.4 9273.53
20014.9 9283.73
20012.4 9293.93
20009.9 9304.12
20007.4 9314.32
20004.9 9324.52
20002.3 9334.7
19999.7 9344.85
19996.9 9354.98
19994.5 9363.67
19992.2 9372.35
19989.4 9382.48
19986.5 9392.58
19983.6 9402.66
19980.6 9412.72
19978 9421.34
19975.4 9429.95
19972.8 9438.57
19970.2 9447.19
19967.6 9455.81
19965 9464.42
19965 9464.42
19959 9484.53
19955.9 9494.59
19952.9 9504.64
19949.9 9514.7
19936.1 9519.22
19932.8 9529.19
19929.4 9539.13
19925.9 9549.04
19922.5 9558.94
19919 9568.85
19915.5 9578.76
19912 9588.67
19908.6 9598.58
19905.1 9608.49
19901.6 9618.4
19898.1 9628.31
19894.7 9638.21
19891.2 9648.12
19887.7 9658.03
19884.2 9667.94
19881.8 9675.02
19880.3 9679.26
19879.8 9680.68
