22396.7 1072.28
22370.3 1060.54
22364.4 1071.49
22374.3 1100.7
22366.6 1109.99
22362 1123.12
22371.3 1153.32
22363.9 1163.64
22360.6 1179.13
22369.3 1210.45
22362.2 1221.93
22370.3 1253.77
22368.1 1272.6
22361.3 1285.4
22368.8 1318.6
22367.7 1340.38
22361.1 1354.68
22368.1 1389.43
22361.4 1404.48
22361.6 1430.5
22368 1467.04
22361.5 1483.95
22367.3 1521.42
22368.5 1552.34
22362.2 1571.42
22367.5 1611.13
22361.1 1631.38
22363.5 1668.05
22357.4 1690.34
22362 1733.41
22366.2 1777.25
22359.9 1801.82
22363.4 1847.03
22357.3 1874.23
22360.8 1922.48
22364 1971.77
22359.2 2005.56
22362.2 2058.14
22364.8 2112.02
22358.5 2147.22
22360.6 2203.93
22357.8 2251.14
22359.7 2312.34
22361.3 2375.38
22362.5 2440.4
22356 2487.51
22355.1 2552.74
22356 2626.23
22356.4 2702.46
22356.5 2781.68
22356.3 2864.11
22357 2954.62
22356.5 3046.46
22355.7 3142.59
22354.5 3243.45
22352.9 3349.48
22349.9 3457.4
22353.3 3598.3
22351.1 3726.38
22348.5 3862.49
22349.9 4027.61
22349 4195.24
22345.7 4365.87
22345.9 4569.79
22345.3 4788.83
22343.8 5025.22
22341.1 5278.6
22342.2 5584.84
22339.1 5899.13
22332.4 6226.62
22286.2 6293.57
22229 6276.47
22174 6276.14
22119.1 6275.82
22064.3 6275.49
22009.6 6275.17
21955.1 6274.84
21900.5 6274.52
21846.1 6274.2
21791.7 6273.88
21737.4 6273.56
21683.1 6273.23
21590.1 4632.65
21550.2 4632.42
21510.3 4632.18
21470.5 4631.95
21430.6 4631.71
21390.8 4631.47
21350.9 4631.24
21311 4631
21271.1 4630.77
21231.2 4630.53
21191.2 4630.29
21151.2 4630.05
21111.2 4629.82
21071 4629.58
21030.9 4629.34
20820.3 6208.12
20943.3 4688.82
20902.4 4688.58
20861.4 4688.34
20820.3 4688.1
20779.1 4687.85
20737.8 4687.61
20696.4 4687.36
20654.9 4687.12
20613.3 4686.87
20571.5 4686.62
20529.5 4686.37
20487.5 4686.12
20445.2 4685.87
20402.9 4685.62
20360.3 4685.37
20317.6 4685.12
20274.6 4684.86
20231.5 4684.61
20188.2 4684.35
20144.7 4684.09
20101 4683.84
20057 4683.57
20012.8 4683.31
19968.4 4683.05
19296.3 6539.1
19233.3 6538.73
19169.9 6538.35
19135.4 6458.15
19139.8 6278.17
19108.6 6197.98
19047 6197.62
18984.9 6197.25
18922.4 6196.88
18859.5 6196.51
18796.1 6196.13
18732.2 6195.76
18667.8 6195.37
18574.7 6254.82
18508.7 6254.43
18442.1 6254.04
18374.9 6253.64
18307.1 6253.24
18238.7 6252.83
18169.7 6252.42
18100.1 6252.01
18029.8 6251.6
17958.8 6251.18
17887.2 6250.75
17814.8 6250.32
17741.6 6249.89
17667.7 6249.45
17593 6249.01
17517.5 6248.56
17441.1 6248.11
17363.9 6247.65
17285.8 6247.19
17206.8 6246.72
17126.8 6246.25
17042.1 6250.93
16962.7 6246.82
16880.5 6245.18
16840.9 6186.15
16697 6262.59
16621.2 6248.29
16480.1 6314.51
16425.8 6270.56
16371.8 6226.13
16318.2 6181.24
16265 6135.88
16212.2 6090.05
16159.8 6043.77
16107.8 5997.03
16056.3 5949.84
16005.1 5902.2
15954.3 5854.11
15904 5805.58
15854.1 5756.62
15804.7 5707.22
15862.3 5553.32
15829.8 5489.48
15658.9 5556.45
15611.2 5505.35
15563.9 5453.84
15517.1 5401.91
15470.7 5349.58
15424.8 5296.85
15379.4 5243.71
15334.4 5190.19
15289.9 5136.27
15245.9 5081.96
15333.1 4924.09
15333.6 4837.08
15334.1 4751.26
15334.6 4666.58
15335.1 4583.02
15335.6 4500.54
15336.1 4419.1
15336.6 4338.67
15337 4259.23
15337.5 4180.74
15338 4103.17
15338.4 4026.5
15338.9 3950.7
15339.3 3875.74
15339.8 3801.6
15340.2 3728.25
15340.6 3655.67
15341 3583.84
15341.5 3512.73
15341.9 3442.32
15342.3 3372.6
15342.7 3303.54
15343.1 3235.12
15343.5 3167.32
15343.9 3100.13
15344.3 3033.52
15344.7 2967.48
15345.1 2901.99
15345.5 2837.03
15345.8 2772.59
15346.2 2708.66
15346.6 2645.21
15347 2582.23
15347.3 2519.71
15347.7 2457.63
15348.1 2395.97
15348.4 2334.74
15348.8 2273.9
15349.2 2213.45
15349.5 2153.38
15349.9 2093.66
15350.2 2034.3
15350.6 1975.28
15350.9 1916.58
15351.3 1858.2
15351.6 1800.12
15351.9 1742.33
15352.3 1684.82
15352.6 1627.59
15353 1570.61
15353.3 1513.88
15353.6 1457.39
15354 1401.13
15354.3 1345.09
15354.6 1289.26
15355 1233.63
15355.3 1178.19
15355.6 1122.93
15355.9 1067.84
15356.3 1012.91
15356.6 958.137
15356.9 903.507
15237.1 864.263
13537.5 1009.61
13529.6 940.148
13522.3 870.619
13515.7 801.029
13509.6 731.384
13504.1 661.688
13499.3 591.947
13495 522.166
13491.4 452.352
13488.4 382.507
13486 312.637
15301.1 203.789
15361.4 148.99
16161.7 92.3248
16162 45.8308
16102.3 -1.47342
15362.7 -64.9656
15363 -118.472
15363.3 -172.002
15363.6 -225.565
15363.9 -279.167
15364.2 -332.817
15364.6 -386.523
15644.7 -416.892
15645 -468.273
15645.3 -519.73
15645.7 -571.275
15646 -622.912
15646.3 -674.654
15806.4 -704.649
15886.7 -743.555
15887 -793.51
15887.3 -843.594
17069.2 -689.993
17324.4 -683.443
17514.4 -684.827
17679.9 -687.784
17880.2 -680.599
18014.1 -684.34
18185.2 -677.294
18294.1 -681.942
18444.3 -674.533
18546 -676.829
18646.3 -677.744
18745.2 -677.273
18842.9 -675.409
18929.4 -675.076
19022.8 -671.172
19095.4 -672.07
19167.3 -671.928
19240.3 -670.178
19289.2 -675.323
19357.6 -672.813
19425.6 -669.24
19468.4 -673.804
19534.1 -668.888
19579.7 -670.672
19625 -671.771
19670.1 -672.178
19723.2 -668.381
19766.7 -667.811
19810 -666.537
19853.2 -664.554
19880.3 -669.256
19922.2 -666.479
19964.1 -662.981
19986 -668.613
20027.9 -663.784
20048.7 -669.037
20089.5 -663.469
20110.3 -667.891
20146.6 -663.455
20166.7 -667.49
20186.7 -671.213
20226.6 -662.969
20246.7 -665.829
20266.7 -668.369
20286.7 -670.585
20306.7 -672.475
20346.6 -661.186
20366.6 -662.167
20386.6 -662.809
20406.6 -663.108
20426.6 -663.061
20446.6 -662.663
20466.6 -661.909
20486.6 -660.796
20506.6 -659.318
20506.7 -672.652
20526.7 -670.707
20546.7 -668.384
20566.7 -665.679
20586.6 -662.586
20606.6 -659.098
20626.6 -655.209
20626.7 -668.107
20646.6 -663.7
20666.6 -658.875
20666.7 -671.746
20686.7 -666.381
20706.6 -660.579
20726.6 -654.331
20726.7 -667.057
20746.6 -660.229
20746.6 -673.131
20759.4 -673.055
20772.1 -672.98
20784.4 -672.907
20796.6 -672.835
20808.6 -672.764
20820.4 -672.694
20832 -672.625
20843.5 -672.557
20854.8 -672.49
20865.9 -672.425
20876.8 -672.36
20887.6 -672.296
20898.2 -672.233
20908.7 -672.171
20919 -672.11
20929.2 -672.049
20939.3 -671.99
20949.2 -671.931
20959.1 -671.873
20968.8 -671.815
20978.3 -671.759
20987.8 -671.703
20997.1 -671.647
21006.4 -671.592
21015.5 -671.538
21024.6 -671.485
21033.5 -671.432
21042.3 -671.379
21051.1 -671.328
21059.8 -671.276
21068.3 -671.225
21076.8 -671.175
21085.2 -671.125
21093.6 -671.076
21101.8 -671.027
21110 -670.979
21118.1 -670.931
21126.1 -670.883
21134.1 -670.836
21142 -670.789
21149.9 -670.743
21157.6 -670.697
21165.3 -670.651
21173 -670.606
21180.6 -670.561
21188.2 -670.516
21195.6 -670.471
21203.1 -670.427
21210.5 -670.384
21217.8 -670.34
21225.1 -670.297
21232.4 -670.254
21239.6 -670.211
21246.7 -670.169
21253.9 -670.127
21261 -670.085
21268 -670.043
21275 -670.001
21282 -669.96
21288.9 -669.919
21295.9 -669.878
21302.7 -669.837
21309.6 -669.797
21316.4 -669.756
21323.2 -669.716
21330 -669.676
21336.7 -669.636
21343.4 -669.596
21350.1 -669.556
21356.8 -669.517
21363.5 -669.478
21370.1 -669.438
21376.7 -669.399
21383.3 -669.36
21389.9 -669.321
21396.5 -669.282
21403 -669.243
21409.6 -669.204
21416.1 -669.166
21422.6 -669.127
21429.1 -669.088
21435.6 -669.05
21442.1 -669.012
21448.6 -668.973
21455.1 -668.935
21461.6 -668.896
21468.1 -668.858
21474.5 -668.82
21481 -668.781
21487.5 -668.743
21493.9 -668.705
21500.4 -668.666
21506.9 -668.628
21513.3 -668.59
21519.8 -668.551
21526.3 -668.513
21532.8 -668.475
21539.3 -668.436
21545.8 -668.398
21552.3 -668.359
21558.8 -668.32
21565.4 -668.282
21571.9 -668.243
21578.5 -668.204
21585 -668.165
21591.6 -668.126
21598.2 -668.087
21604.8 -668.048
21611.5 -668.009
21618.1 -667.969
21624.8 -667.93
21631.5 -667.89
21638.3 -667.85
21645 -667.81
21651.8 -667.77
21658.6 -667.73
21665.4 -667.689
21672.3 -667.649
21679.2 -667.608
21686.1 -667.567
21693 -667.526
21700 -667.484
21707 -667.443
21714.1 -667.401
21721.2 -667.359
21728.3 -667.316
21735.5 -667.274
21742.7 -667.231
21750 -667.188
21757.3 -667.145
21764.7 -667.101
21772.1 -667.058
21779.5 -667.013
21787 -666.969
21794.6 -666.924
21802.2 -666.879
21809.9 -666.834
21817.6 -666.788
21825.4 -666.742
21833.2 -666.695
21841.2 -666.648
21849.1 -666.601
21857.2 -666.553
21865.3 -666.505
21873.5 -666.457
21881.8 -666.408
21890.1 -666.358
21898.6 -666.308
21907.1 -666.258
21915.7 -666.207
21924.4 -666.155
21933.1 -666.104
21942 -666.051
21951 -665.998
21960 -665.944
21969.2 -665.89
21978.5 -665.835
21987.8 -665.779
21997.3 -665.723
22006.9 -665.666
22016.6 -665.609
22026.5 -665.55
22036.5 -665.492
22046.6 -665.432
22056.8 -665.371
22067.2 -665.31
22077.7 -665.247
22088.4 -665.184
22099.2 -665.12
22110.2 -665.055
22121.3 -664.989
22132.6 -664.922
22144.1 -664.854
22155.7 -664.785
22167.6 -664.715
22179.6 -664.643
22191.9 -664.571
22204.3 -664.497
22217 -664.423
22226.7 -661.219
22226.6 -648.452
22246.6 -655.012
22266.7 -661.116
22266.6 -648.32
22286.6 -653.857
22306.6 -658.958
22306.6 -646.134
22326.6 -650.696
22346.6 -654.839
22366.6 -658.574
22386.7 -661.905
22386.6 -648.838
22386.5 -635.954
22386.4 -623.247
22386.4 -610.712
22386.3 -598.343
22386.2 -586.135
22386.1 -574.083
22386.1 -562.183
22386 -550.429
22385.9 -538.817
22385.9 -527.343
22385.8 -516.003
22385.7 -504.794
22385.7 -493.709
22385.6 -482.747
22385.5 -471.903
22385.5 -461.175
22385.4 -450.557
22385.4 -440.048
22385.3 -429.643
22385.2 -419.341
22385.2 -409.137
22385.1 -399.029
22385.1 -389.014
22385 -379.089
22384.9 -369.252
22384.9 -359.499
22384.8 -349.828
22384.8 -340.237
22384.7 -330.724
22384.6 -321.286
22384.6 -311.92
22384.5 -302.625
22384.5 -293.397
22384.4 -284.236
22384.4 -275.139
22384.3 -266.103
22384.3 -257.128
22384.2 -248.211
22384.2 -239.35
22384.1 -230.543
22384.1 -221.788
22384 -213.084
22384 -204.429
22383.9 -195.82
22383.9 -187.257
22383.8 -178.739
22383.8 -170.261
22383.7 -161.825
22383.7 -153.428
22383.6 -145.068
22383.6 -136.744
22383.5 -128.454
22383.5 -120.198
22383.4 -111.972
22383.4 -103.777
22383.3 -95.6106
22383.3 -87.4716
22383.2 -79.3581
22383.2 -71.2695
22383.1 -63.2037
22383.1 -55.1602
22383 -47.1368
22383 -39.1326
22382.9 -31.1469
22382.9 -23.1774
22382.8 -15.2238
22382.8 -7.28388
22382.7 0.642687
22382.7 8.55803
22382.6 16.4624
22382.6 24.358
22382.6 32.2457
22382.5 40.126
22482.5 45.4193
22802.5 48.7003
23982.5 50.4065
25742 72.9694
25741.8 110.194
25741.6 147.419
25741.4 184.653
25741.1 221.901
25740.9 259.166
25740.7 296.458
25740.5 333.779
25740.3 371.138
25740 408.537
25739.8 445.986
25739.6 483.487
25739.4 521.049
25739.1 558.677
25738.9 596.375
25738.7 634.151
25738.5 672.01
25738.2 709.959
25738 748.003
25737.8 786.15
25737.6 824.403
25737.3 862.773
25737.1 901.263
25736.9 939.879
25736.7 978.631
25736.4 1017.52
25736.2 1056.56
25736 1095.75
25735.7 1135.11
25735.5 1174.63
25740.8 1215.8
25739 1255.33
25742.4 1296.47
25750.4 1339.24
25735.9 1375.51
25714 1409.36
25634 1424.08
25494 1417.37
25374.1 1415.05
25274 1417.72
25214 1433.22
25213.7 1470.21
25213.5 1507.44
25213.3 1544.91
25213.1 1582.65
25212.8 1620.64
25212.6 1658.91
25212.4 1697.46
25212.2 1736.3
25211.9 1775.43
25211.7 1814.88
25211.5 1854.65
25211.2 1894.74
25211 1935.17
25210.7 1975.96
25210.5 2017.1
25210.2 2058.62
25210 2100.51
25209.7 2142.81
25209.5 2185.51
25727.5 2528.61
25727.2 2578.22
25726.9 2628.34
25726.6 2678.97
25726.3 2730.15
25726 2781.89
25725.7 2834.19
25725.3 2887.09
25725 2940.6
25724.7 2994.74
25724.4 3049.52
25724.1 3104.97
25723.7 3161.11
25723.4 3217.96
25731.2 3281.74
25734.3 3342.83
25725.4 3395.39
25737.4 3465.25
25705.8 3500.83
25640.7 3508.7
25572.5 3512.95
25489.8 3503.61
25424.7 3508.01
25344.1 3497.62
25301.6 3520.01
25241.6 3525.91
25161.6 3512.26
25141.4 3553.76
25141 3614.86
25140.7 3677
25140.3 3740.2
22451.3 1060.28
22441.6 1067.68
22432.1 1075.23
22405.3 1064.07
22396.7 1072.28
