-0 -0
-0 -0
-0 -0
-0 -0
-0 -0
-0 -0
-0 -0
-0 -0
-0 -0
-0 -0
-0 -0
-0 -0
-0 -0
-0 -0
-0 -0
-0 -0
-0 -0
-0 -0
-0 -0
-0 -0
-3.84009 -5.48422
-3.79266 -5.51835
-3.78406 -5.6101
-3.76752 -5.6921
-3.7433 -5.76418
-3.49406 -5.48457
-3.44289 -5.50977
-3.51641 -5.73827
-3.50689 -5.83645
-3.49745 -5.93749
-3.461 -5.99463
-3.34553 -5.9132
-3.50711 -6.327
-3.50044 -6.447
-3.47033 -6.52675
-3.44926 -6.62597
-3.41946 -6.71106
-3.3853 -6.78987
-3.35968 -6.88836
-3.32484 -6.97067
-3.27529 -7.02389
-3.15167 -6.91571
-3.04198 -6.83241
-2.9631 -6.81467
-2.88828 -6.80437
-2.81004 -6.78405
-2.70279 -6.68963
-2.63075 -6.67854
-2.62361 -6.83474
-2.59644 -6.94449
-2.52753 -6.94433
-2.55763 -7.22252
-2.84547 -8.26383
-2.77832 -8.30352
-0 -0
-2.46368 -7.8138
-2.36558 -7.73746
-2.32296 -7.84219
-2.27043 -7.91791
-2.36346 -8.52235
-2.48596 -9.27772
-2.4377 -9.42589
-2.37253 -9.51569
-2.27749 -9.48644
-2.18203 -9.45139
-2.08886 -9.42223
-1.99616 -9.3912
-1.91652 -9.42002
-1.86172 -9.57774
-1.80377 -9.73226
-0 -0
-0 -0
-0 -0
-0 -0
-0 -0
-0 -0
-0 -0
-0 -0
-0 -0
-0 -0
-0 -0
-0 -0
-0 -0
-0 -0
-0 -0
-0 -0
-0 -0
-0 -0
-0 -0
-0 -0
0 -0
0 -0
0 -0
0 -0
0 -0
0 -0
0 -0
0 -0
0 -0
0 -0
0.866764 -9.90716
0.82389 -8.55643
0.850443 -8.09143
0.894644 -7.8522
0.923038 -7.51754
0.979077 -7.43683
1.04046 -7.40324
1.10473 -7.3919
1.16684 -7.36717
1.22597 -7.32613
1.29003 -7.31614
1.35146 -7.29182
1.41332 -7.27091
1.47373 -7.2436
1.53189 -7.20699
1.59429 -7.1914
1.65721 -7.17818
1.71559 -7.14595
1.78006 -7.13944
1.83879 -7.11008
1.89973 -7.0899
1.95966 -7.0663
2.01932 -7.0422
2.07786 -7.01473
2.13987 -6.99919
2.19906 -6.97453
2.26108 -6.95888
2.32775 -6.9569
0.364311 -1.05804
0.374531 -1.05764
0.386141 -1.06091
0.386629 -1.03409
0.39958 -1.04094
0.396921 -1.00764
0.410569 -1.01619
0.425544 -1.02735
0.430195 -1.01348
0.435434 -1.00143
0.447004 -1.00399
0.458236 -1.00551
0.462767 -0.992407
0.465382 -0.975695
0.480016 -0.984179
0.493049 -0.988903
0.499844 -0.980998
0.507462 -0.974825
0.514541 -0.967711
0.529169 -0.974608
0.528927 -0.95421
0.53231 -0.940854
0.558 -0.966484
0.562353 -0.954685
0.564482 -0.939455
0.584676 -0.954104
0.583971 -0.934549
0.594791 -0.933634
0.602371 -0.92757
0.614306 -0.928115
0.625178 -0.926864
0.635508 -0.92467
0.640685 -0.914993
0.650968 -0.912623
0.654205 -0.900436
0.675124 -0.912378
0.668616 -0.887284
0.69277 -0.902836
0.703701 -0.900696
0.688501 -0.865565
0.717425 -0.885946
0.721949 -0.875794
0.728278 -0.867928
0.734526 -0.860019
0.744627 -0.856595
0.742134 -0.83883
0.774184 -0.859819
0.774902 -0.845657
0.796574 -0.854221
0.798491 -0.841434
0.81275 -0.841628
0.829176 -0.843775
0.815294 -0.815294
0.838783 -0.824269
0.851698 -0.822476
0.859569 -0.8157
0.868848 -0.810214
0.881784 -0.808006
0.89326 -0.804295
0.911479 -0.806409
0.901123 -0.783334
0.921612 -0.787131
0.932276 -0.782272
0.951413 -0.784284
0.958221 -0.775952
0.967304 -0.769428
0.973193 -0.760342
0.986932 -0.757299
0.98312 -0.740834
1.00884 -0.746503
1.0226 -0.742961
1.0437 -0.744461
1.05343 -0.737619
1.05818 -0.727266
1.07941 -0.728069
1.07988 -0.714758
1.09279 -0.709665
1.09388 -0.696878
1.13214 -0.707442
1.14424 -0.701193
1.14432 -0.687576
1.15631 -0.681116
1.1752 -0.6785
1.18629 -0.671173
1.21047 -0.670976
1.19783 -0.650367
1.23436 -0.656321
1.24004 -0.645525
1.26167 -0.642851
1.26544 -0.630924
1.28617 -0.627309
1.2916 -0.616061
1.29511 -0.603922
1.27031 -0.578912
1.28353 -0.571465
1.27471 -0.554261
1.25189 -0.531394
1.27033 -0.52619
1.25633 -0.507592
1.24676 -0.491112
1.23606 -0.474479
1.23453 -0.461573
1.23382 -0.449072
1.23769 -0.438288
1.22728 -0.422587
1.22049 -0.408371
1.2164 -0.395233
1.22076 -0.384903
1.19634 -0.365757
1.20332 -0.356439
1.19965 -0.343996
1.19394 -0.331108
1.17843 -0.315759
1.18501 -0.306465
1.18182 -0.294661
1.1756 -0.282236
1.14976 -0.265442
1.1657 -0.258429
1.16595 -0.247831
1.15729 -0.235454
1.15145 -0.223819
1.15827 -0.214673
1.1276 -0.198827
1.14409 -0.191455
1.12596 -0.178335
1.1255 -0.168207
1.12891 -0.158657
1.12826 -0.148539
1.12455 -0.138078
1.10485 -0.125882
1.09397 -0.114981
1.09394 -0.105334
1.09781 -0.0960456
1.08963 -0.0857558
1.09233 -0.0763834
1.10294 -0.0674588
1.08751 -0.0569938
1.08397 -0.047327
1.06435 -0.037168
1.06763 -0.0279571
1.07384 -0.018744
1.07596 -0.0093897
1.064 0
1.05996 0.00925007
1.04984 0.0183249
1.04664 0.0274074
1.04037 0.0363304
1.049 0.0458003
1.04656 0.054848
1.03107 0.063063
1.0255 0.0717097
1.03679 0.0815975
1.03803 0.0908163
1.03123 0.0992961
1.01043 0.106201
1.02636 0.116939
1.01537 0.124672
1.02515 0.134964
1.00512 0.141261
1.01473 0.151652
0.998553 0.158155
1.00503 0.168184
0.989732 0.174516
0.998987 0.185151
0.991444 0.192717
0.988744 0.201162
0.995754 0.211654
0.988012 0.219037
0.988011 0.2281
0.980149 0.235313
0.964474 0.24047
0.975893 0.252383
0.967858 0.259337
0.972303 0.269643
0.954533 0.273708
0.963614 0.285435
0.965868 0.295295
0.9623 0.303412
0.94535 0.307163
0.95022 0.317939
0.948355 0.326545
0.957724 0.339148
0.950029 0.345782
0.930115 0.347756
0.941049 0.361235
0.928557 0.365768
0.927184 0.374607
0.920184 0.381153
0.917743 0.389559
0.922562 0.401142
0.915372 0.40755
0.916331 0.417596
0.909933 0.424309
0.907098 0.432664
0.900592 0.439248
0.902989 0.450214
0.901699 0.459438
0.887898 0.46221
0.894426 0.475575
0.896393 0.486702
0.885115 0.490627
0.878189 0.496855
0.885944 0.5115
0.878 0.517182
0.874311 0.525339
0.862872 0.528769
0.870097 0.543697
0.86785 0.552881
0.868024 0.563701
0.858069 0.567943
0.848105 0.572054
0.850498 0.584531
0.847822 0.593651
0.845052 0.60277
0.826815 0.600716
0.846461 0.626348
0.835373 0.629498
0.828261 0.635547
0.817167 0.638441
0.826434 0.657375
0.818335 0.662674
0.817922 0.674243
0.809709 0.679426
0.812114 0.693611
0.809803 0.703951
0.807374 0.714304
0.802597 0.722661
0.800683 0.733691
0.795713 0.742014
0.781954 0.742046
0.793432 0.766208
0.786715 0.773103
0.78206 0.78206
0.776608 0.790282
0.776628 0.804222
0.773711 0.815321
0.770658 0.82643
0.757337 0.826488
0.765485 0.850158
0.752074 0.850065
0.759716 0.873954
0.750762 0.879029
0.746276 0.889378
0.743575 0.902029
0.743857 0.918587
0.736435 0.925825
0.7351 0.940885
0.725035 0.944884
0.7294 0.967946
0.72033 0.973471
0.715335 0.984574
0.703231 0.985894
0.704925 1.00674
0.700078 1.01862
0.696754 1.03298
0.697096 1.0532
0.691692 1.06511
0.681296 1.06942
0.676177 1.08211
0.669321 1.09223
0.662339 1.10232
0.664368 1.12787
0.6595 1.14229
0.652461 1.15322
0.650615 1.17374
0.645596 1.18904
0.635664 1.19551
0.633519 1.21698
0.616973 1.21088
0.625123 1.2538
0.61109 1.25292
0.607882 1.27445
0.602231 1.29149
0.595914 1.30761
0.590988 1.32738
0.577389 1.3279
0.572421 1.34854
0.564458 1.36272
0.562285 1.3917
0.561846 1.42633
0.553679 1.44238
0.53967 1.44341
0.531841 1.46122
0.525746 1.48466
0.518305 1.50527
0.510226 1.5249
0.502153 1.54547
0.496465 1.57459
0.488846 1.59894
0.481974 1.62712
0.465827 1.62453
0.458581 1.65359
0.453451 1.6923
0.436663 1.68845
0.428444 1.71839
0.421602 1.7561
0.415035 1.79771
0.40366 1.82079
0.394617 1.85652
0.381391 1.8746
0.371505 1.91123
0.359551 1.93996
0.348165 1.97454
0.335542 2.00512
0.324445 2.04847
0.310843 2.0799
0.297274 2.11521
0.282328 2.1445
0.267503 2.17864
0.252896 2.21964
0.236861 2.25359
0.221404 2.29937
0.206211 2.357
0.187753 2.38562
0.171391 2.45101
0.152255 2.48935
0.13309 2.53951
0.113629 2.60252
0.0926585 2.65338
0.0711226 2.71607
0.0484827 2.77758
0.0247049 2.83089
2.20303e-07 2.918
-0.0260832 2.98889
-0.0532998 3.05353
-0.0818815 3.12693
-0.112272 3.21504
-0.143813 3.29386
-0.178884 3.41332
-0.215074 3.51643
-0.253146 3.62016
-0.292653 3.7185
-0.334853 3.82738
-0.37955 3.94177
-0.430762 4.09842
-0.483038 4.23957
-0.537931 4.3811
-0.599376 4.55271
-0.665386 4.73447
-0.737272 4.93321
-0.807513 5.09845
-0.883831 5.28156
-0.981113 5.56416
-1.08321 5.84447
-1.21183 6.23431
-1.34015 6.58705
-1.5084 7.09646
-1.68347 7.59363
-1.86102 8.06096
-2.06856 8.61617
-2.29245 9.19452
-0 0
-0 0
-0 0
-0 0
-0 0
-0 0
-0 0
-0 0
-0 0
-0 0
-0 0
-0 0
-0 0
-0 0
-0 0
-0 0
-0 0
-0 0
-0 0
-0 0
-0 0
-0 0
-0 0
-0 0
-0 0
-0 0
-0 0
-0 0
-0 0
-0 0
-4.30624 7.61126
-4.218 7.30579
-4.05219 6.87925
-3.97352 6.61305
-3.7646 6.14327
-3.65856 5.85492
-3.49674 5.48879
-3.53961 5.45052
-3.59642 5.4336
-3.65656 5.42108
-3.70883 5.39638
-3.76954 5.38347
-3.80767 5.33816
-0 0
-0 0
-0 0
-0 0
-0 0
-0 0
-0 0
-0 0
-0 0
-0 0
-0 0
-0 0
-0 0
-0 0
-0 0
-0 0
-0 0
-0 0
-0 0
0 0
0 0
0 0
0 0
0 0
0 0
0 0
0 0
0 0
0 0
0 0
0 0
0 0
0 0
0 0
0 0
0 0
0 0
0 0
0 0
0 0
0 0
0 0
0 0
0 0
0 0
0 0
0 0
0 0
42.4307 9.45536
-2.11101