-5807.81 9144.52
-5894.94 9139.7
-5982.03 9134.11
-6069.07 9127.76
-6156.04 9120.66
-6242.95 9112.79
-6329.79 9104.17
-6416.55 9094.79
-6503.23 9084.66
-6589.81 9073.76
-6676.3 9062.12
-6762.68 9049.71
-6848.95 9036.56
-6935.1 9022.65
-7021.13 9007.99
-7107.02 8992.58
-7192.78 8976.42
-7278.39 8959.52
-7363.85 8941.86
-5625.67 643.89
-5639.97 646.825
-7619.27 8884.44
-7704.06 8863.82
-7711.22 8541.25
-6000.2 1791.6
-6021.03 1777.67
-6644.87 3878.22
-6485.87 3187.17
-6344.04 2594.97
-6767.38 3839.44
-8154.05 7988.24
-6895 3951.61
-5750.65 477.139
-5725.58 369.4
-5687.07 230.242
-5661.18 132.156
-5642.53 57.9621
-5615.32 -34.4448
-5617.88 -48.3743
-5621.36 -59.5129
-5632.08 -53.1513
-5655.65 -17.5542
-9353 8298.6
-9432.61 8262.87
-9511.91 8226.45
-9590.89 8189.33
-9669.55 8151.53
-5598.22 -238.885
-5599.4 -249.55
-9903.48 8034.02
-9980.77 7993.5
-10057.7 7952.3
-10134.3 7910.43
-10210.5 7867.9
-5636.5 -254.853
-5665.92 -216.434
-5659.55 -239.397
-5647.6 -270.734
-5644.64 -286.535
-5630.72 -319.123
-5626.57 -335.475
-5619.42 -355.886
-5605.8 -385.261
-5595.64 -408.585
-5593.69 -419.395
-5589.26 -433.398
-11164.9 7255.83
-11235.4 7204.33
-11305.4 7152.21
-11374.9 7099.49
-11444 7046.16
-11512.6 6992.23
-11580.7 6937.7
-11648.4 6882.58
-11715.6 6826.87
-11782.2 6770.58
-11848.4 6713.71
-11914.1 6656.26
-11979.3 6598.24
-12044 6539.66
-12108.1 6480.51
-12171.8 6420.8
-12234.9 6360.55
-12297.5 6299.74
-12359.6 6238.39
-12421.1 6176.5
-12482.1 6114.07
-12542.5 6051.12
-12602.4 5987.64
-12661.7 5923.64
-12720.5 5859.13
-12778.7 5794.1
-12836.3 5728.57
-12893.4 5662.54
-12949.8 5596.02
-13005.7 5529
-13061 5461.5
-13115.7 5393.52
-13169.9 5325.06
-13223.4 5256.13
-13276.3 5186.74
-13328.6 5116.89
-13380.3 5046.59
-13431.4 4975.84
-13481.9 4904.64
-13531.7 4833.01
-13580.9 4760.94
-13629.5 4688.45
-13677.5 4615.54
-13724.8 4542.21
-13771.4 4468.47
-13817.5 4394.33
-13862.8 4319.79
-13907.6 4244.85
-13951.6 4169.53
-13995 4093.82
-14037.8 4017.74
-14079.9 3941.29
-14121.3 3864.48
-14162 3787.31
-5746.17 -613.509
-14241.5 3631.91
-14280.2 3553.7
-14318.2 3475.15
-5753.89 -629.278
-5767.56 -627.855
-5773.98 -629.918
-5780.4 -632.077
-5790.5 -632.763
-5787.69 -638.986
-5815.39 -632.74
-5839.52 -628.433
-5844.17 -632.085
-5855.35 -633.341
-5863.72 -635.807
-5873.99 -637.733
-5908.83 -631.323
-5975.1 -614.993
-5997.98 -614.08
-6060 -601.167
-6142.37 -583.152
-6993.77 -337.711
-7077.86 -329.537
-7110.21 -337.297
-7142.55 -345.583
-7171.01 -355.403
-7181.01 -370.304
-7165.61 -391.447
-7167.53 -408.212
-7162.47 -426.5
-7157.22 -444.667
-7146.91 -463.714
-7155.05 -478.9
-7148.32 -496.952
-7159.15 -511.71
-7137.31 -532.121
-7125.14 -550.548
-7118.71 -567.844
-7116.09 -584.443
-7111.34 -601.239
-7126.27 -615.467
-7105.34 -634.063
-7107.09 -649.84
-7096.75 -666.798
-7096.23 -682.676
-7086.59 -699.25
-7077.8 -715.572
-7073.85 -731.418
-7071.75 -747.078
-7079.51 -762.242
-7061.15 -778.478
-7058.65 -793.947
-7068 -809.141
-7068.23 -824.585
-7050.31 -840.056
-7034.27 -855.227
-7032.09 -870.344
-7053.78 -886.018
-7032.34 -900.632
-7029.77 -915.677
-7020.08 -930.325
-7027.23 -945.824
-7011.3 -959.882
-7007.22 -974.595
-7018.95 -990.618
-6999.67 -1003.93
-7008.15 -1019.8
-7008.52 -1034.94
-7003.8 -1049.49
-6985.07 -1062.17
-6986.06 -1077.3
-6979.99 -1091.43
-6974.79 -1105.63
-6966.51 -1119.27
-6966 -1134.16
-6964.38 -1148.88
-6973.42 -1165.68
-6965.64 -1179.3
-6947.96 -1190.74
-6940.95 -1204.26
-6950.4 -1221.49
-6929.52 -1231.71
-6951.3 -1252.19
-6939.91 -1264.6
-6926.5 -1276.34
-6934.22 -1293.72
-6919.65 -1304.96
-6907.88 -1316.83
-6912.29 -1333.48
-6906.03 -1346.95
-6895.86 -1359.11
-6907.42 -1378.4
-6889.44 -1387.89
-6885.56 -1402.08
-6901.3 -1423.41
-6883.05 -1432.49
-6875.97 -1445.58
-6868.79 -1458.6
-6868.92 -1474.52
-6872.59 -1492.01
-6871.46 -1507.67
-6850.92 -1515.02
-6865.1 -1537.46
-6839.85 -1542.42
-6835.5 -1556.69
-6835.53 -1573.08
-6838.09 -1590.84
-6840.46 -1608.7
-6826.58 -1618.51
-6817.97 -1630.89
-6796.9 -1636.63
-6704.6 -1603.51
-6691.78 -1612.37
-6674.56 -1618.61
-6664.26 -1628.59
-6647.87 -1634.91
-6645.19 -1649.23
-6660.29 -1674.51
-6684.38 -1705.92
-6730.82 -1752.3
-6677.49 -1735.42
-6636.26 -1725.39
-6604.44 -1720.85
-6565.38 -1710.73
-6511.84 -1689.7
-6390.31 -1619.11
-6372.96 -1620.99
-6420.85 -1670.71
-6380.8 -1655.84
-6349.04 -1646.42
-6331.73 -1647.57
-6301.16 -1637.92
-6278.62 -1634.07
-6245.41 -1621.01
-6236.28 -1627.32
-6198.94 -1609.54
-6177.1 -1604.27
-6156.92 -1600
-6114.56 -1575.39
-6106.66 -1581.14
-6074.55 -1564.33
-6066.77 -1569.7
-6043.11 -1559.73
-6020.4 -1550.11
-6009.94 -1552.14
-5991.79 -1546.22
-5986.32 -1552.96
-5956.66 -1534.31
-5936.93 -1525.42
-5922.83 -1522.13
-5914.19 -1524.58
-5893.62 -1513.48
-5889.71 -1520.91
-5870.11 -1510.09
-5853.96 -1502.81
-5830.34 -1486.06
-5830.37 -1497.66
-5818.4 -1494.46
-5803.44 -1487.17
-5788.04 -1478.87
-5784.87 -1486.31
-5772.09 -1480.9
-5760.02 -1476.12
-5753.89 -1479.31
-5735.1 -1464.44
-5729.09 -1467.4
-5730.9 -1481.91
-5708.16 -1459.83
-5702.21 -1462.54
-5696.25 -1465.2
-5683.89 -1457.64
-5669.08 -1445.64
-5660.71 -1443.72
-5660.03 -1454.6
-5652.16 -1453.41
-5642.38 -1448.65
-5630.27 -1439.39
-5620.74 -1434.36
-5617.92 -1441.57
-5608.05 -1435.47
-5602.86 -1438.15
-5590.94 -1427.37
-5582.75 -1423.61
-5577.24 -1425.17
-5570.87 -1424.87
-5564.94 -1425.4
-5551.69 -1409.45
-5544.73 -1407.06
-5542.54 -1415.62
-5537.91 -1418.66
-5532.12 -1418.87
-5520.09 -1403.22
-5514.83 -1404.2
-5512.74 -1413.56
-5507.4 -1414.47
-5496.03 -1398.37
-5489.87 -1396.3
-5484.71 -1397
-5482.66 -1407.16
-5472.28 -1391.59
-5466.9 -1391.17
-5464.1 -1399.33
-5455.08 -1386.35
-5451.94 -1393.47
-5445.31 -1388.03
-5439.53 -1385.42
-5437.22 -1396.33
-5427.69 -1378.08
-5424.82 -1386.99
-5420.06 -1388.07
-5413.2 -1379.33
-5408.72 -1381.29
-5402.28 -1373.4
-5397.64 -1374.29
-5394.92 -1385.97
-5387.68 -1372
-5382.58 -1369.8
-5377.83 -1369.52
-5373.79 -1374.16
-5367.83 -1364.88
-5365.24 -1381.35
-5359.39 -1371.98
-5354.87 -1373.48
-5349.36 -1365
-5344.09 -1357.46
-5339.51 -1356.84
-5336.09 -1372.14
-5329.72 -1344.51
-5326.14 -1359.74
-5321.22 -1350.97
-5316.93 -1355.15
-5312.62 -1361.29
-5307.87 -1349.4
-5303.49 -1354.46
-5299.02 -1352.49
-5294.57 -1353.47
-5290.17 -1349.42
-5285.8 -1347.33
-5281.39 -1347.2
-5276.86 -1350.03
-5272.54 -1347.83
-5268.31 -1344.59
-4614.6 -10819.1
-4527.56 -10812.7
-4440.59 -10805.6
-4353.68 -10797.8
-4266.84 -10789.1
-5241.84 -1344.32
-5237.23 -1345.79
-4006.82 -10758.7
-5229 -1340.69
-3833.95 -10734.7
-3747.68 -10721.5
-3661.53 -10707.6
-3575.51 -10693
-3489.61 -10677.6
-3403.85 -10661.4
-3318.24 -10644.5
-3232.78 -10626.8
-3147.48 -10608.4
-3062.33 -10589.3
-2977.36 -10569.4
-2892.57 -10548.8
-2807.96 -10527.4
-2723.54 -10505.3
-2639.31 -10482.5
-2555.29 -10458.9
-2471.48 -10434.6
-2387.88 -10409.6
-2304.5 -10383.8
-2221.35 -10357.3
-2138.44 -10330.1
-5135.22 -1318.31
-1973.34 -10273.5
-1891.16 -10244.2
-1809.25 -10214.1
-1727.6 -10183.3
-5115.71 -1307.95
-1565.13 -10119.5
-1484.31 -10086.6
-1403.79 -10053
-1323.56 -10018.6
-1243.64 -9983.58
-5091.19 -1298.67
-1084.72 -9911.42
-5083.26 -1294.98
-5077.57 -1296.69
-848.766 -9798.02
-770.785 -9758.85
-693.147 -9719
-5060.92 -1290.47
-5057.97 -1286.62
-5052.65 -1287.14
-5050.25 -1282.36
-310.342 -9509.67
-5040.08 -1282.28
-5034.71 -1282.58
-5028.8 -1283.68
-5030.24 -1272.82
-5022.21 -1277.22
-5016.8 -1277.31
-5012.46 -1275.67
-5011.48 -1269.01
-5012.29 -1259.89
-5001.22 -1268.04
-4997.52 -1265.43
-4993.84 -1262.79
-4990.78 -1259.31
-4987.75 -1255.81
-4975.04 -1265
-4970.14 -1263.74
-4975.17 -1249.89
-4963.46 -1257.17
-4963.03 -1250.37
-4960.13 -1246.66
-4950.13 -1251.31
-4944.61 -1250.52
-4949 -1238.42
-4932.87 -1249.5
-4928.65 -1247.03
-4926.5 -1242.32
-4927.84 -1233.98
-4917.5 -1237.93
-4915.46 -1233.17
-4902.89 -1239.02
-4900.15 -1234.85
-4888.12 -1239.71
-4886.12 -1234.73
-4873.95 -1239.32
-4876.39 -1230.19
-4879.71 -1220.46
-4865.2 -1226.75
-4864.13 -1220.98
-4861.6 -1216.53
-4852.23 -1217.85
-4842.04 -1219.68
-4827.12 -1225.14
-4828.49 -1217.27
-4822.09 -1215.62
-4821.23 -1209.62
-4812.46 -1209.67
-4813.29 -1202.43
-4798.85 -1206.43
-4802.2 -1197.41
-4782.75 -1204.56
-4779.61 -1200.04
-4769.06 -1200.55
-4755.96 -1202.55
-4760.38 -1192.89
-4756.5 -1188.72
-4748.41 -1187.17
-4730.94 -1191.26
-4721.92 -1189.91
-4720.64 -1183.85
-4709.89 -1183.31
-4696.5 -1184.08
-4692.67 -1179.3
-4681.85 -1178.31
-4677.18 -1173.86
-4662.79 -1174.44
-4653.68 -1172.07
-4651.73 -1165.99
-4631.86 -1168.68
-4631.75 -1161.56
-4616.31 -1161.67
-4613.55 -1155.7
-4599.89 -1154.61
-4590.77 -1151.3
-4579.83 -1148.65
-4571.64 -1144.67
-4556.06 -1143.58
-4543.23 -1141.14
-4521.99 -1141.73
-4525.03 -1132.83
-4512.19 -1129.85
-4498.41 -1127
-4479.89 -1125.57
-4472.71 -1120.01
-4457.96 -1116.83
-4445.11 -1112.8
-4418.89 -1112.69
-4414.65 -1105.58
-4402.78 -1100.63
-4398.63 -1093.34
-4372.34 -1091.98
-4358.58 -1086.91
-4331.27 -1085.03
-4317.52 -1079.4
-4302.83 -1073.77
-4290.11 -1067.47
-4271.56 -1062.22
-4243.24 -1058.67
-4238.45 -1050.03
-4223.9 -1043.16
-4184.77 -1040.43
-4162.38 -1034.2
-4137.05 -1028.07
-4113.72 -1021.21
-4100.33 -1012.55
-4046.35 -1009.08
-4021.13 -1001.11
-3984.03 -994.08
4645.44 -1901.58
4654.31 -1814.76
4662.41 -1727.88
4669.76 -1640.92
4676.35 -1553.9
4682.18 -1466.83
4687.24 -1379.71
4691.55 -1292.55
4695.1 -1205.36
4697.88 -1118.13
4699.91 -1030.89
4701.17 -943.635
4701.67 -856.371
4701.41 -769.106
4700.39 -681.846
4698.61 -594.594
4696.07 -507.366
4692.76 -420.162
4688.7 -332.991
