17019.8 -1296.37
17024.6 -1236.27
17015.9 -1196.43
17006.6 -1156.6
17020.5 -1076.32
16998.1 -1056.48
17001.6 -990.374
16997.5 -935.759
17002.1 -863.58
16998.7 -804.049
16995.4 -742.25
16992.3 -678.068
16989.4 -611.379
16986.2 -542.792
16993.6 -449.622
18688.2 3286.69
18624.6 3315.81
18560.8 3344.39
18496.8 3372.4
18432.5 3399.85
18368 3426.74
18303.2 3453.06
18238.2 3478.82
18173 3504
18107.6 3528.62
18041.9 3552.66
17976.1 3576.13
17910 3599.03
17843.7 3621.34
17777.3 3643.08
17710.7 3664.23
17643.9 3684.8
17576.9 3704.79
17509.7 3724.19
17442.4 3743
17374.9 3761.22
17307.2 3778.85
17239.4 3795.89
17171.5 3812.34
17103.4 3828.19
17035.2 3843.45
16966.8 3858.11
16898.3 3872.17
16147.4 326.935
15910.4 -757.891
15881.3 -758.458
15852.3 -759.023
15823.5 -759.586
15721 -1261.68
15696.8 -1262.15
15672.7 -1262.62
15648.6 -1263.09
15624.5 -1263.56
15600.6 -1264.03
15576.6 -1264.49
15552.8 -1264.96
15528.9 -1265.42
15505.1 -1265.89
15481.4 -1266.35
15457.6 -1266.81
15433.9 -1267.27
15410.2 -1267.74
15386.6 -1268.2
15363 -1268.66
15339.3 -1269.12
15315.7 -1269.58
15292.1 -1270.04
15268.5 -1270.5
15244.9 -1270.96
15221.3 -1271.42
15197.7 -1271.88
15174.1 -1272.34
15278.5 -3272
15272.4 -3272.12
15266.3 -3272.24
15260.1 -3272.36
15254 -3272.48
15247.8 -3272.6
15241.7 -3272.72
15235.5 -3272.84
15229.3 -3272.96
15223.1 -3273.09
15216.9 -3273.21
15210.6 -3273.33
15204.4 -3273.45
15198.1 -3273.57
15191.8 -3273.69
15185.5 -3273.82
15179.2 -3273.94
15172.9 -3274.06
15166.5 -3274.19
15160.1 -3274.31
15153.7 -3274.44
15147.3 -3274.56
15140.8 -3274.69
15134.4 -3274.81
15127.8 -3274.94
15121.3 -3275.07
15114.7 -3275.2
15108.1 -3275.33
15101.5 -3275.46
15094.8 -3275.59
15088.1 -3275.72
15081.3 -3275.85
15074.6 -3275.98
15067.7 -3276.11
15060.9 -3276.25
15054 -3276.38
15047 -3276.52
15040 -3276.65
15032.9 -3276.79
15025.9 -3276.93
15018.7 -3277.07
15011.5 -3277.21
15004.3 -3277.35
14996.9 -3277.49
14989.6 -3277.64
14982.1 -3277.78
14974.7 -3277.93
14967.1 -3278.08
14959.5 -3278.22
14951.8 -3278.37
14944.1 -3278.52
14936.2 -3278.68
14928.4 -3278.83
14920.4 -3278.99
14912.3 -3279.14
14904.2 -3279.3
14896 -3279.46
14887.7 -3279.62
14879.3 -3279.79
14870.8 -3279.95
14862.3 -3280.12
14853.6 -3280.29
14844.8 -3280.46
14836 -3280.63
14827 -3280.81
14817.9 -3280.98
14823.4 -3300.88
14814.4 -3301.06
14820.5 -3320.94
14827 -3340.82
14818.1 -3340.99
14825.2 -3360.86
14816.4 -3361.03
14824.1 -3380.88
14815.4 -3381.05
14823.7 -3400.89
14815 -3401.06
14824 -3420.89
14815.3 -3421.06
14824.9 -3440.88
14816.3 -3441.05
14826.6 -3460.85
14818 -3461.02
14829 -3480.8
14820.5 -3480.97
14813.7 -3483.01
14813.9 -3491.63
14814.1 -3500.12
14814.2 -3508.46
14814.4 -3516.66
14814.6 -3524.73
14814.7 -3532.68
14814.9 -3540.5
14815 -3548.2
14815.2 -3555.79
14815.3 -3563.26
14815.5 -3570.63
14815.6 -3577.89
14815.7 -3585.05
14815.9 -3592.11
14816 -3599.07
14816.1 -3605.95
14816.3 -3612.73
14816.4 -3619.43
14816.5 -3626.04
14816.7 -3632.57
14816.8 -3639.02
14816.9 -3645.4
14817 -3651.7
14817.2 -3657.93
14817.3 -3664.08
14817.4 -3670.17
14817.5 -3676.2
14817.6 -3682.16
14817.7 -3688.06
14817.9 -3693.9
14818 -3699.68
14818.1 -3705.4
14818.2 -3711.07
14818.3 -3716.69
14818.4 -3722.25
14818.5 -3727.77
14818.6 -3733.23
14818.7 -3738.65
14818.8 -3744.02
14818.9 -3749.35
14819 -3754.64
14799 -3751.43
14778.9 -3748.59
14779 -3754.17
14759 -3751.87
14738.9 -3749.94
14718.9 -3748.37
14719 -3754.39
14699 -3753.35
14679 -3752.66
14659 -3752.33
14639 -3752.35
14619 -3752.72
14599 -3753.44
14579 -3754.5
14548.6 -3752.97
14526.3 -3754.2
14503.9 -3755.77
14481.4 -3757.69
14443.1 -3756.17
14417.5 -3758.27
14371.4 -3756.18
14340.6 -3758.23
14290.1 -3756.73
14258.9 -3759.93
14206.6 -3759.69
14153.7 -3760.23
14114.5 -3764.06
14033.4 -3761.74
13975 -3764.33
13943.3 -3771.78
13948 -3784.73
13941.3 -3796.1
13941.6 -3808.39
13941.8 -3820.65
13942 -3832.87
13942.3 -3845.08
13942.5 -3857.26
13942.8 -3869.42
13943 -3881.55
13943.2 -3893.67
13943.5 -3905.78
13943.7 -3917.87
13943.9 -3929.95
13944.2 -3942.01
13944.4 -3954.07
13944.6 -3966.12
13944.9 -3978.17
13945.1 -3990.22
13945.4 -4002.26
13945.6 -4014.3
13945.8 -4026.35
13946.1 -4038.4
13946.3 -4050.46
13946.5 -4062.52
13946.8 -4074.59
13947 -4086.68
13947.2 -4098.78
13947.5 -4110.89
13947.7 -4123.03
13947.9 -4135.18
13948.2 -4147.35
13948.4 -4159.55
13948.7 -4171.77
13948.9 -4184.02
13949.1 -4196.29
13949.4 -4208.6
13949.6 -4220.94
13949.9 -4233.32
13950.1 -4245.73
13950.3 -4258.18
13950.6 -4270.67
13950.8 -4283.21
13951.1 -4295.79
13951.3 -4308.42
13951.6 -4321.1
13951.8 -4333.83
13952.1 -4346.61
13952.3 -4359.45
13952.6 -4372.35
13952.8 -4385.32
13953.1 -4398.34
13953.3 -4411.43
13953.6 -4424.6
13953.8 -4437.83
13954.1 -4451.13
13954.4 -4464.52
13954.6 -4477.98
13954.9 -4491.52
13955.2 -4505.15
13955.4 -4518.87
13955.7 -4532.68
13956 -4546.58
13956.2 -4560.58
13956.5 -4574.68
13956.8 -4588.88
13957.1 -4603.19
13957.3 -4617.61
13957.6 -4632.15
13957.9 -4646.8
13958.2 -4661.57
13958.5 -4676.47
13958.8 -4691.49
13959.1 -4706.65
13959.4 -4721.95
13959.7 -4737.38
13960 -4752.96
13960.3 -4768.7
13960.6 -4784.58
13624.8 -5005.21
13625.2 -5025.42
13625.6 -5045.83
13626 -5066.47
13626.4 -5087.33
13626.8 -5108.42
13627.3 -5129.75
13627.7 -5151.33
13628.1 -5173.16
13628.5 -5195.24
13629 -5217.6
13629.4 -5240.24
13629.9 -5263.16
13630.3 -5286.38
13630.8 -5309.9
13631.2 -5333.74
13631.7 -5357.9
13632.2 -5382.4
13632.7 -5407.24
13633.2 -5432.44
13636.9 -5455.14
13650.4 -5469.38
13644 -5501.76
13637.4 -5534.99
13650.2 -5550.56
13643.1 -5585.24
13655.4 -5601.66
13647.9 -5637.88
13640.2 -5675.06
13652 -5693.04
13652.5 -5722.84
13662.9 -5742.64
13654.8 -5782.81
13665.9 -5802.59
13659.1 -5842.74
13670.9 -5862.51
13665.4 -5902.62
13677.8 -5922.39
13656.7 -5982.81
13670.1 -6002.55
13667.3 -6042.61
13681.3 -6062.34
13664.1 -6122.69
13663.6 -6162.71
13663.8 -6202.71
13664.7 -6242.7
13666.2 -6282.68
13668.5 -6322.64
13671.4 -6362.59
14485.9 -5206.5
14501.8 -5206.19
14517.5 -5205.88
14533 -5205.58
14548.3 -5205.28
14563.4 -5204.99
14578.4 -5204.7
14593.2 -5204.41
14607.8 -5204.12
14622.3 -5203.84
14636.7 -5203.56
14650.9 -5203.28
14664.9 -5203.01
14678.8 -5202.74
14692.6 -5202.47
14706.3 -5202.2
14719.8 -5201.94
14733.2 -5201.68
14746.5 -5201.42
14759.7 -5201.16
14772.7 -5200.91
14785.7 -5200.66
14798.6 -5200.4
14811.3 -5200.16
14824 -5199.91
14836.5 -5199.66
14849 -5199.42
14861.4 -5199.18
14873.7 -5198.94
14885.9 -5198.7
14898 -5198.47
14910.1 -5198.23
14922.1 -5198
14934 -5197.76
14945.8 -5197.53
14957.6 -5197.3
14957.7 -5237.31
14964.1 -5257.19
14970.8 -5277.06
14977.8 -5296.93
14965 -5397.2
14973.4 -5417.04
14982.1 -5436.87
14968.7 -5557.16
14974.7 -5597.05
14981.3 -5636.93
14968.9 -5777.19
14977.8 -5817.03
14980.3 -5897
14997.6 -5896.66
15011.8 -5916.39
15020.1 -5976.23
15029.5 -6036.06
15018.5 -6256.32
15026.4 -6356.18
15033.7 -6476.07
15043 -6595.91
14956.3 -7717.81
14989.4 -7717.16
15022.4 -7716.52
15055.3 -7715.88
15088.2 -7715.24
15121.1 -7714.6
15153.9 -7713.96
15177.2 -7973.55
15208.9 -8092.96
15245 -8092.25
15282 -7991.51
15317.2 -7990.83
15352.3 -7990.14
15387.4 -7989.46
15422.5 -7988.77
15448.3 -7708.22
15480.9 -7707.58
15513.6 -7706.94
15563 -7986.03
15598.2 -7985.35
15633.4 -7984.66
15668.7 -7983.97
15704 -7983.29
15602.7 -6665.01
15606.2 -6484.91
15580 -6085.34
15585.7 -5985.21
15586.9 -5865.17
15568.3 -5625.48
15573.7 -5565.37
15578 -5505.27
15581.3 -5445.2
15565.2 -5285.48
15569.3 -5245.39
15572.8 -5205.32
15579.8 -5185.18
15590.8 -5184.96
15601.9 -5184.74
15613.1 -5184.53
15624.3 -5184.31
15635.5 -5184.09
15646.7 -5183.87
15658.1 -5183.65
15669.4 -5183.43
15680.8 -5183.21
15692.3 -5182.98
15703.9 -5182.76
15715.4 -5182.53
15727.1 -5182.3
15738.8 -5182.08
15750.6 -5181.85
15762.4 -5181.62
15774.4 -5181.38
15786.4 -5181.15
15798.4 -5180.91
15810.6 -5180.68
15822.8 -5180.44
15835.1 -5180.2
15847.5 -5179.96
15860 -5179.71
15872.6 -5179.47
15885.3 -5179.22
15898 -5178.97
15910.9 -5178.72
15923.9 -5178.47
15937 -5178.21
15950.2 -5177.96
15963.5 -5177.7
15976.9 -5177.43
15990.5 -5177.17
16607.5 -6245.35
16610.7 -6205.28
16613.3 -6165.22
16603.4 -6105.4
16604.4 -6065.37
16617 -6045.12
16588.8 -5960.86
16592.8 -5929.25
16596.6 -5897.98
16600.1 -5867.01
16596.2 -5826.08
16599.3 -5796.26
16588.1 -5746.96
16584.2 -5709.04
16586.4 -5680.49
16588.3 -5652.15
16584.5 -5616.94
16586 -5589.49
16587.3 -5562.21
16588.2 -5535.11
16584.5 -5502.97
16585 -5476.63
16585.3 -5450.44
16581.7 -5420.48
16581.6 -5394.97
16581.1 -5369.57
16577.8 -5341.62
16576.9 -5316.84
16573.8 -5290.26
16572.5 -5266.06
16570.9 -5241.94
16587.7 -5236.72
16586 -5213.11
16583.9 -5189.58
16588.7 -5173
16588.3 -5151.75
16587.8 -5130.86
16587.4 -5110.32
16587.1 -5090.11
16586.7 -5070.23
16586.3 -5050.65
16585.9 -5031.38
16585.5 -5012.4
16585.2 -4993.7
16584.8 -4975.28
16584.5 -4957.12
16584.1 -4939.21
16583.8 -4921.56
16583.4 -4904.14
16583.1 -4886.96
16582.8 -4870.01
16582.4 -4853.27
16582.1 -4836.75
16581.8 -4820.43
16600.1 -4816.62
16599.8 -4800.46
16599.4 -4784.49
16599.1 -4768.7
16598.8 -4753.09
16598.5 -4737.66
16598.2 -4722.39
16597.9 -4707.29
16597.7 -4692.35
16597.4 -4677.56
16597.1 -4662.92
16596.8 -4648.42
16596.5 -4634.07
16596.2 -4619.85
16596 -4605.76
16595.7 -4591.81
16595.4 -4577.97
16595.2 -4564.26
16594.9 -4550.66
16594.6 -4537.18
16594.4 -4523.81
16594.1 -4510.54
16593.9 -4497.38
16593.6 -4484.31
16593.3 -4471.35
16593.1 -4458.48
16592.8 -4445.7
16592.6 -4433
16592.4 -4420.4
16592.1 -4407.87
16591.9 -4395.43
16591.6 -4383.06
16591.4 -4370.77
16591.1 -4358.55
16590.9 -4346.4
16590.7 -4334.31
16590.4 -4322.29
16590.2 -4310.34
16590 -4298.44
16589.7 -4286.6
16589.5 -4274.82
16589.3 -4263.09
16589.1 -4251.41
16588.8 -4239.78
16006.2 -4109.93
16006.1 -4103.7
16005.9 -4097.5
16005.8 -4091.32
16005.7 -4085.16
16005.6 -4079.02
16005.5 -4072.9
16005.3 -4066.8
16005.2 -4060.71
16005.1 -4054.65
16005 -4048.59
16004.9 -4042.55
16004.8 -4036.53
16004.6 -4030.51
16004.5 -4024.51
16004.4 -4018.51
16004.3 -4012.53
16004.2 -4006.55
16004.1 -4000.59
16003.9 -3994.63
16003.8 -3988.67
16003.7 -3982.72
16003.6 -3976.77
16003.5 -3970.83
16003.4 -3964.88
16003.2 -3958.94
16003.1 -3953
16003 -3947.06
16002.9 -3941.12
16002.8 -3935.17
16002.7 -3929.22
16002.5 -3923.26
16002.4 -3917.31
16002.3 -3911.34
16002.2 -3905.37
16002.1 -3899.39
16002 -3893.4
16001.9 -3887.4
16001.7 -3881.38
16001.6 -3875.36
16001.5 -3869.33
16001.4 -3863.28
16001.3 -3857.21
16001.1 -3851.13
16001 -3845.04
16000.9 -3838.92
16000.8 -3832.79
16000.7 -3826.64
16000.5 -3820.46
16000.4 -3814.27
16000.3 -3808.05
16000.2 -3801.81
16000.1 -3795.54
15999.9 -3789.24
15999.8 -3782.92
15999.7 -3776.57
15999.6 -3770.19
15999.4 -3763.78
15999.3 -3757.34
15999.2 -3750.87
15999.1 -3744.36
15998.9 -3737.81
15998.8 -3731.23
15998.7 -3724.6
15998.5 -3717.94
15998.4 -3711.24
15998.3 -3704.49
15998.2 -3697.7
15998 -3690.87
15997.9 -3683.99
15997.8 -3677.06
15997.6 -3670.07
15997.5 -3663.04
15997.3 -3655.95
15997.2 -3648.81
15997.1 -3641.61
15996.9 -3634.36
15996.8 -3627.04
15996.6 -3619.66
15996.5 -3612.21
15996.3 -3604.7
15996.2 -3597.12
15996 -3589.47
15995.9 -3581.74
15995.7 -3573.95
15995.6 -3566.07
15995.4 -3558.11
15995.3 -3550.08
15995.1 -3541.95
15995 -3533.74
15994.8 -3525.44
15994.6 -3517.05
15994.5 -3508.56
15994.3 -3499.97
15994.1 -3491.28
15994 -3482.49
15993.8 -3473.59
15993.6 -3464.57
15993.4 -3455.44
15993.2 -3446.19
15993.1 -3436.83
15992.9 -3427.33
15992.7 -3417.7
15992.5 -3407.94
15992.3 -3398.04
15992.1 -3387.99
15991.9 -3377.8
15991.7 -3367.46
15991.5 -3356.95
15991.3 -3346.29
15991.1 -3335.45
15990.9 -3324.44
15990.7 -3313.24
15990.4 -3301.87
15990.2 -3290.29
15990.4 -3278.13
15978.6 -3278.36
15985.9 -3258.21
15974.2 -3258.44
15980.9 -3238.31
15969.2 -3238.54
15975.4 -3218.41
15981.1 -3198.3
15969.3 -3198.53
15974.4 -3178.42
15979.1 -3158.33
15983.4 -3138.24
15971.5 -3138.47
15975.2 -3118.4
15964.9 -3116.48
15953.2 -3116.67
15961.1 -3089.94
17024.6 -1576.33
17021.1 -1536.39
17030.9 -1476.19
17025.9 -1436.28
17020.2 -1396.38
17013.9 -1356.5
17019.8 -1296.37
