15720.2 -2171.61
17324.3 -2582.17
17324.8 -2638.86
17325.4 -2695.33
17326 -2751.61
17326.5 -2807.69
17327.1 -2863.6
17327.6 -2919.33
17328.1 -2974.89
17328.7 -3030.31
17329.2 -3085.58
20734 -3554.46
20734.2 -3579.28
20734.5 -3604.05
20548.9 -3611.11
20307.7 -3616.6
19937.8 -3616.34
19583.2 -3623.58
18078.5 -3568.19
18074.5 -3615.79
17503.9 -3639.44
17335.1 -3686.53
17335.7 -3740.75
17336.2 -3794.93
17336.7 -3849.09
17337.3 -3903.24
17337.8 -3957.37
17338.3 -4011.51
17338.9 -4065.65
17339.4 -4119.81
17339.9 -4174
17340.5 -4228.22
17341 -4282.48
17341.5 -4336.79
17342.1 -4391.16
17342.6 -4445.6
17343.1 -4500.11
17343.7 -4554.7
17344.2 -4609.39
17344.7 -4664.18
17345.3 -4719.08
17345.8 -4774.1
17346.4 -4829.24
17346.9 -4884.52
21555.6 -4228.7
21675.6 -4225.14
21775.6 -4223.2
21875.6 -4219.51
21935.6 -4222.26
21995.6 -4223.96
22075.6 -4220.17
22135.6 -4219.6
22195.6 -4217.98
22235.6 -4220.32
22295.5 -4216.78
22335.6 -4217.55
22375.6 -4217.63
22415.6 -4217.01
22455.5 -4215.69
22475.6 -4219.79
22515.6 -4217.25
22515.7 -4227.02
22515.8 -4236.85
22515.9 -4246.74
22516 -4256.69
22516 -4266.69
22516.1 -4276.76
22516.2 -4286.89
22516.3 -4297.09
22516.4 -4307.36
22516.6 -4317.7
22516.7 -4328.11
22516.8 -4338.6
22516.9 -4349.17
22517 -4359.81
22517.1 -4370.54
22517.2 -4381.36
22517.3 -4392.27
22517.4 -4403.26
22517.5 -4414.35
22517.6 -4425.54
22517.7 -4436.83
22517.8 -4448.22
22517.9 -4459.72
22518.1 -4471.33
22518.2 -4483.05
22518.3 -4494.89
22538.3 -4494.85
22558.3 -4494.45
22578.3 -4493.7
22598.3 -4492.6
22618.3 -4491.13
22638.2 -4489.29
22658.2 -4487.09
22658.3 -4498.23
22678.3 -4495.53
22698.3 -4492.44
22718.2 -4488.97
22718.3 -4499.87
22738.3 -4495.87
22758.3 -4491.48
22778.2 -4486.67
22778.3 -4497.32
22798.3 -4491.96
22818.2 -4486.18
22818.3 -4496.69
22838.3 -4490.34
22858.2 -4483.54
22858.3 -4493.92
22878.2 -4486.52
22878.3 -4496.9
22898.3 -4488.88
22898.4 -4499.28
22918.3 -4490.62
22938.2 -4481.47
22938.3 -4491.72
22940.1 -4500.43
22950.4 -4500.33
22960.6 -4500.23
22970.6 -4500.13
22980.5 -4500.04
22990.2 -4499.94
22999.7 -4499.85
23009.1 -4499.76
23018.4 -4499.66
23027.5 -4499.58
23036.5 -4499.49
23045.3 -4499.4
23054 -4499.31
23062.6 -4499.23
23071.1 -4499.15
23079.5 -4499.06
23087.7 -4498.98
23095.9 -4498.9
23103.9 -4498.82
23111.9 -4498.75
23119.7 -4498.67
23127.5 -4498.59
23135.1 -4498.52
23142.7 -4498.44
23150.2 -4498.37
23157.6 -4498.3
23164.9 -4498.23
23172.1 -4498.16
23179.3 -4498.08
23186.3 -4498.02
23193.4 -4497.95
23200.3 -4497.88
23207.2 -4497.81
23214 -4497.74
23220.7 -4497.68
23227.4 -4497.61
23234 -4497.55
23240.6 -4497.48
23247.1 -4497.42
23244.3 -4517.45
23250.9 -4517.38
23248.6 -4537.41
23246.6 -4557.43
23245 -4577.44
23252.1 -4577.37
23251 -4597.39
23250.3 -4617.39
23249.9 -4637.4
23249.9 -4657.4
23250.3 -4677.4
23251 -4697.39
23252 -4717.38
23253.4 -4737.37
23248.7 -4777.42
23250.9 -4797.4
23253.5 -4817.37
23250.6 -4857.4
23248.3 -4897.43
23252.3 -4917.39
23251.3 -4957.4
23102.7 -5578.89
23118.3 -5578.74
23133.9 -5578.58
23149.5 -5578.43
23165 -5578.28
23180.4 -5578.13
23195.7 -5577.98
23211 -5577.82
23226.3 -5577.68
23241.5 -5577.53
23256.6 -5577.38
23259.3 -5657.35
23257.6 -5777.38
23260.6 -5877.35
23260.3 -6017.36
23262.4 -6157.35
23262.6 -6337.36
23265.9 -6517.33
23233.3 -7117.68
23261.7 -7117.4
23269 -7397.34
23273.2 -7797.32
23307.5 -7796.99
23341.7 -7796.65
23375.9 -7796.31
23410 -7795.98
23444.1 -7795.64
23478.2 -7795.31
23512.3 -7794.97
23546.4 -7794.64
23580.5 -7794.3
23614.6 -7793.97
23648.7 -7793.63
23682.8 -7793.3
23716.9 -7792.96
23751 -7792.63
23785.2 -7792.29
23818.1 -7774.13
23852.2 -7773.8
23886.3 -7773.46
23920.5 -7773.13
23954.7 -7772.79
23989 -7772.45
24023.3 -7772.12
24057.7 -7771.78
24109.5 -7891.28
24111.5 -7671.25
24142 -7650.94
24175.7 -7650.61
24209.5 -7650.28
24243.4 -7649.95
24277.4 -7649.62
24311.5 -7649.28
24345.7 -7648.95
24380 -7648.61
24414.5 -7648.27
24449.1 -7647.93
24486 -7656.27
24519.3 -7649.39
24604.2 -7832.16
24609.3 -7718.66
24604.3 -7577.27
24605.9 -7466.38
24621.4 -7406.23
24604 -7246.39
24616.6 -7186.26
24614.7 -7086.28
24604.1 -6966.38
24634.2 -6966.08
24664.4 -6965.78
24694.9 -6965.48
25035.3 -7762.18
25074.1 -7761.8
24250 -5649.79
24259.6 -5629.69
24268.8 -5609.6
24286.6 -5609.43
24304.4 -5609.25
24322.4 -5609.08
24340.6 -5608.9
24358.9 -5608.72
24377.3 -5608.54
24396 -5608.35
24414.7 -5608.17
24433.7 -5607.98
24452.8 -5607.8
24472 -5607.61
24491.5 -5607.42
24511.1 -5607.22
24531 -5607.03
24551 -5606.83
24571.3 -5606.63
24591.7 -5606.43
24612.4 -5606.23
24633.3 -5606.02
24654.4 -5605.82
24675.8 -5605.61
24697.4 -5605.39
24719.3 -5605.18
24741.4 -5604.96
24763.8 -5604.74
24786.5 -5604.52
24809.4 -5604.29
24832.7 -5604.06
24856.2 -5603.83
24880.1 -5603.6
24904.3 -5603.36
24928.8 -5603.12
24953.7 -5602.88
24979 -5602.63
25004.6 -5602.38
25913.6 -6608.6
25914.3 -6562.04
25916.9 -6518.43
25916.7 -6472.52
25914.5 -6425.45
25910.2 -6377.04
25908.4 -6332.2
25908.2 -6289.78
25908 -6248.05
25920.4 -6219.35
25920 -6178.66
25919.6 -6138.67
25919.2 -6099.33
25918.9 -6060.64
24259.1 -4542.65
24244.8 -4518.8
24248.7 -4511.28
24252.8 -4503.86
24256.9 -4496.56
24261.1 -4489.36
24245.2 -4466.1
24254.5 -4463.28
24259.5 -4456.94
24284.7 -4466
24289.8 -4459.56
24295.1 -4453.2
24320.7 -4461.4
24326.2 -4454.94
24340.2 -4454.31
24366.7 -4461.95
24373.3 -4455.7
24400.1 -4462.71
24407 -4456.36
24434.2 -4462.75
24441.4 -4456.29
24461.2 -4457.38
24489.7 -4463.24
24498.2 -4456.96
24527.2 -4462.23
24536.3 -4455.85
24565.7 -4460.54
24575.4 -4454.04
24605.5 -4458.16
24615.8 -4451.56
24645.4 -4454.51
24677.4 -4458.12
24689.7 -4451.67
24722.5 -4454.73
24755.8 -4457.4
24789.7 -4459.7
24803.9 -4452.8
24838.8 -4454.56
24880.9 -4458.69
24898.1 -4451.92
24936.1 -4453.18
25456.8 -4640.97
25476.3 -4629.06
25536.9 -4632
25578.3 -4627.02
25620.8 -4621.71
25624.3 -4602.49
25609 -4577.13
25615.6 -4559.21
25604.9 -4535.87
25615.8 -4519.37
25608.5 -4497.46
25623.3 -4481.98
25620.1 -4461.45
25619.3 -4441.71
25621.2 -4422.72
25605.9 -4399.62
25613.8 -4382.32
25610.2 -4362.36
25609.1 -4343.09
25632.9 -4329.04
25722.1 -4327.57
25817.3 -4325.7
25919.5 -4323.42
25909.4 -4300.19
25901.4 -4277.54
25901.1 -4256.3
25900.9 -4235.11
25900.7 -4213.98
25900.5 -4192.91
25900.3 -4171.89
25900.1 -4150.91
25899.9 -4129.97
25899.7 -4109.08
25899.5 -4088.22
25899.3 -4067.4
25899.1 -4046.6
25898.9 -4025.84
25898.7 -4005.09
25898.5 -3984.37
25898.3 -3963.67
25898.1 -3942.97
25897.9 -3922.29
25897.7 -3901.62
25897.5 -3880.95
25897.3 -3860.29
25897.1 -3839.62
25896.8 -3818.94
25896.6 -3798.26
25896.4 -3777.57
25896.2 -3756.86
25896 -3736.14
25895.8 -3715.39
25895.6 -3694.63
25895.4 -3673.83
25895.2 -3653
25895 -3632.14
25894.8 -3611.25
25894.6 -3590.31
25894.4 -3569.33
25896.6 -3547.95
25903.3 -3525.77
25908.6 -3503.66
25903.9 -3483.1
25893.4 -3463.65
25893.1 -3442.34
25896.7 -3420.2
25899.7 -3398.04
25907.5 -3374.71
25899.4 -3354.75
25895.1 -3333.97
25894 -3312.38
25894.4 -3290.36
25901.8 -3266.35
25891.4 -3247
25902.8 -3221.52
25896.1 -3201.06
25890.9 -3180.12
25867.3 -3164.95
25805.1 -3162.52
25670.6 -3185.16
25630.5 -3178.05
25606.7 -3165.88
24912.7 -3396.1
24877.3 -3395.57
24882.4 -3380.2
24888.2 -3364.38
24874.7 -3356.08
24881.7 -3339.53
24889.3 -3322.5
24877.5 -3313.6
24879.6 -3298.66
24889.7 -3279.96
24880.2 -3269.99
24891 -3250.5
24882.3 -3240.15
24873.8 -3229.71
24885.5 -3209.1
24877.7 -3198.26
24889.9 -3176.79
24864.7 -3175.15
24838.5 -3174.51
24812.4 -3174.21
24786.6 -3174.25
24760.9 -3174.64
24357.6 -3401.25
24352.2 -3394.71
24327.1 -3400.45
24309.8 -3401.71
24305.5 -3394.94
24301.3 -3388.09
24297.2 -3381.16
24293.2 -3374.16
24309.1 -3353.22
24305.3 -3345.78
24301.6 -3338.25
24310.1 -3321.63
24307.1 -3313.37
24304.1 -3305
24301.2 -3296.52
24298.3 -3287.92
24295.5 -3279.21
24292.8 -3270.37
24305.6 -3248.49
24303.4 -3238.8
24301.2 -3228.97
24299.1 -3218.99
24297 -3208.87
24295 -3198.58
24291 -3189.93
24289.4 -3178.99
24268.1 -3186.93
24266.5 -3175.95
24245.2 -3184.52
24243.7 -3173.51
24235 -3169.82
24222.7 -3169.94
24229.5 -3149.87
24235.8 -3129.81
24223.5 -3129.93
24229.2 -3109.87
24269.7 -3049.47
24256.7 -3049.6
24243.9 -3049.72
24231.3 -3049.85
24204.2 -3067.95
24192.2 -3068.07
24180.4 -3068.19
24168.7 -3068.3
24157.2 -3068.41
24145.8 -3068.53
24134.6 -3068.64
24123.6 -3068.74
24112.7 -3068.85
24101.9 -3068.96
24091.2 -3069.06
24080.7 -3069.16
24070.3 -3069.27
24060 -3069.37
24049.8 -3069.47
24039.8 -3069.57
24029.8 -3069.66
24020 -3069.76
24010.3 -3069.86
24000.6 -3069.95
23991.1 -3070.04
23981.7 -3070.14
23972.3 -3070.23
23963.1 -3070.32
23953.9 -3070.41
23944.8 -3070.5
23935.8 -3070.59
23926.9 -3070.68
23918 -3070.76
23909.2 -3070.85
23900.5 -3070.93
23891.9 -3071.02
23883.3 -3071.1
23874.8 -3071.19
23866.4 -3071.27
23858 -3071.35
23849.7 -3071.43
23841.4 -3071.51
23833.2 -3071.6
23825 -3071.68
23816.9 -3071.75
23808.9 -3071.83
23800.9 -3071.91
23792.9 -3071.99
23785 -3072.07
23777.1 -3072.15
23769.3 -3072.22
23761.5 -3072.3
23753.8 -3072.38
23746.1 -3072.45
23738.4 -3072.53
23730.8 -3072.6
23723.2 -3072.68
23715.6 -3072.75
23708 -3072.82
23700.5 -3072.9
23693.1 -3072.97
23685.6 -3073.04
23678.2 -3073.12
23670.8 -3073.19
23663.4 -3073.26
23656 -3073.33
23648.7 -3073.41
23641.4 -3073.48
23634.1 -3073.55
23626.8 -3073.62
23619.5 -3073.69
23612.2 -3073.76
23605 -3073.84
23597.8 -3073.91
23590.6 -3073.98
23583.4 -3074.05
23576.2 -3074.12
23569 -3074.19
23561.8 -3074.26
23554.6 -3074.33
23547.4 -3074.4
23540.3 -3074.47
23533.1 -3074.54
23525.9 -3074.61
23518.8 -3074.68
23511.6 -3074.75
23504.4 -3074.82
23497.3 -3074.89
23490.1 -3074.96
23482.9 -3075.03
23475.7 -3075.11
23468.5 -3075.18
23461.3 -3075.25
23454.1 -3075.32
23446.9 -3075.39
23439.6 -3075.46
23432.4 -3075.53
23425.1 -3075.6
23417.9 -3075.67
23410.6 -3075.75
23403.2 -3075.82
23395.9 -3075.89
23388.6 -3075.96
23381.2 -3076.03
23373.8 -3076.11
23366.4 -3076.18
23358.9 -3076.25
23351.5 -3076.33
23344 -3076.4
23336.4 -3076.47
23328.9 -3076.55
23321.3 -3076.62
23313.7 -3076.7
23306 -3076.77
23298.3 -3076.85
23290.6 -3076.92
23282.8 -3077
23275 -3077.08
23267.2 -3077.15
23259.3 -3077.23
23251.3 -3077.31
23243.3 -3077.39
23235.3 -3077.47
23227.2 -3077.55
23219.1 -3077.63
23210.9 -3077.71
23202.7 -3077.79
23194.4 -3077.87
23186 -3077.95
23177.6 -3078.03
23195.7 -3137.86
23196.9 -3157.85
23198.4 -3177.83
23190.8 -3177.91
23192.8 -3197.89
23185.2 -3197.96
23177.7 -3198.04
23170 -3198.11
23162.3 -3198.19
23154.5 -3198.27
23146.6 -3198.34
23138.6 -3198.42
23130.6 -3198.5
23122.5 -3198.58
23114.3 -3198.66
23106.1 -3198.74
23097.7 -3198.82
23089.2 -3198.91
23080.7 -3198.99
23072.1 -3199.07
23063.3 -3199.16
23054.5 -3199.25
23045.6 -3199.33
23036.5 -3199.42
23027.4 -3199.51
23018.1 -3199.61
23008.7 -3199.7
22999.2 -3199.79
22989.5 -3199.89
22979.8 -3199.98
22969.9 -3200.08
22959.8 -3200.18
22949.6 -3200.28
22939.3 -3200.38
22928.8 -3200.48
22918.2 -3200.59
22907.4 -3200.69
22896.4 -3200.8
22885.2 -3200.91
22873.9 -3201.02
22862.4 -3201.13
22850.7 -3201.25
22838.8 -3201.37
22826.7 -3201.48
22825.7 -3212.55
22805.6 -3205.35
22805.8 -3217.42
22785.7 -3210.82
22765.6 -3204.67
22765.8 -3216.81
22745.7 -3211.23
22725.6 -3206.09
22725.8 -3218.29
22705.7 -3213.69
22685.7 -3209.52
22665.6 -3205.75
22665.8 -3218.12
22645.7 -3214.87
22625.7 -3212.01
22605.7 -3209.54
22585.7 -3207.46
22585.8 -3220.1
22565.8 -3218.49
22545.7 -3217.26
22525.7 -3216.39
22505.7 -3215.88
22505.9 -3228.78
22506 -3241.54
22506.1 -3254.14
22506.2 -3266.61
22506.4 -3278.95
22506.5 -3291.15
22506.6 -3303.22
22506.7 -3315.17
22506.8 -3327
22506.9 -3338.72
22507.1 -3350.32
22507.2 -3361.81
22507.3 -3373.19
22487.3 -3374.47
22467.3 -3376.09
22447.3 -3378.04
22387.2 -3361.63
22387.3 -3373.81
22387.4 -3385.89
22387.5 -3397.88
22387.6 -3409.77
22387.7 -3421.58
22387.9 -3433.29
22367.9 -3437.04
22327.9 -3433.41
17345.6 -1587.76
16012.4 -1165.27
15988.9 -1231.09
15965.9 -1297.11
15943.5 -1363.34
15921.6 -1429.75
15900.4 -1496.35
15879.7 -1563.14
15859.6 -1630.1
15840.1 -1697.24
15821.2 -1764.54
15802.9 -1832.01
15785.2 -1899.63
15768 -1967.41
15751.5 -2035.33
15735.5 -2103.4
15720.2 -2171.6
