15835.7 -1907.41
15835.7 -1907.41
15835.7 -1907.41
15835.7 -1907.41
15835.7 -1907.41
15835.7 -1907.41
15835.7 -1907.41
15835.7 -1907.41
15835.7 -1907.41
15835.7 -1907.41
15835.7 -1907.41
15835.7 -1907.41
15835.7 -1907.41
15835.7 -1907.41
15835.7 -1907.41
15835.7 -1907.41
15835.7 -1907.41
15835.7 -1907.41
15838.6 -1907.92
15850.3 -1910.47
15850.3 -1910.47
15869.3 -1913.03
15879.6 -1915.13
15890 -1916.92
15900.4 -1918.39
15910.8 -1919.54
15921.3 -1920.37
15931.7 -1920.88
15942.2 -1921.07
15952.7 -1920.94
15963.2 -1920.49
15973.7 -1919.81
15984.2 -1918.91
15994.6 -1917.77
16005 -1916.41
15992.8 -1924.8
16013.4 -1920.87
16013.4 -1920.87
16023.7 -1918.57
16044 -1913.3
16054.1 -1910.33
16054.1 -1910.33
16064.1 -1907.15
16074 -1903.74
16093.6 -1896.29
16093.6 -1896.29
16103.3 -1892.25
16130.5 -1879.63
16130.5 -1879.63
16146.5 -1871.34
16162.2 -1862.57
16135.6 -1859.63
16135.6 -1859.63
16149.3 -1850.49
16162.7 -1840.94
16176 -1831.09
16189 -1820.95
16201.8 -1810.54
16214.4 -1799.84
16236.6 -1779.67
16236.6 -1779.67
16249.5 -1767.13
16262.1 -1754.32
16273.5 -1742.32
16284.5 -1730.08
16295.3 -1717.6
16305.8 -1704.88
16316.1 -1691.94
16325.1 -1679.98
16333.5 -1668.43
16407.4 -1653.8
16414.5 -1643.23
16421.4 -1632.5
16428.8 -1620.35
16436.1 -1608.1
16442.5 -1597.05
16454.8 -1574.71
16454.8 -1574.71
16466.5 -1552.06
16466.5 -1552.06
16472.1 -1540.63
16477 -1530.47
16481.7 -1520.25
16486.3 -1509.97
16490.7 -1499.63
16495 -1489.24
16499.2 -1478.79
16503.2 -1468.28
16507.1 -1457.72
16510.8 -1447.12
16514 -1437.88
16517 -1428.61
16519.8 -1419.3
16522.6 -1409.95
16525.3 -1400.56
16530.2 -1381.69
16530.2 -1381.69
16538.2 -1370.81
16540.3 -1361.29
16542.3 -1351.74
16544.1 -1342.17
16545.8 -1332.57
16547.4 -1322.95
16548.9 -1313.31
16550.2 -1303.66
16552.6 -1284.3
16553.8 -1274.62
16553.8 -1274.62
16554.9 -1264.93
16555.9 -1255.24
16556.9 -1245.54
16557.9 -1235.84
16558.8 -1226.13
16559.7 -1216.42
16560.5 -1206.71
16561.3 -1196.99
16562.1 -1187.27
16562.8 -1177.54
16563.4 -1167.82
16564.1 -1158.09
16564.6 -1148.35
16565.2 -1138.62
16565.7 -1128.88
16566.1 -1119.14
16566.5 -1109.4
16566.8 -1102.65
16566.9 -1098.91
