7587.96 -3025.53
7712.21 -1143.72
7663.88 -1144.36
7615.62 -1145
7567.42 -1145.64
7519.29 -1146.28
7471.21 -1146.91
7423.17 -1147.55
7375.17 -1148.19
7327.2 -1148.82
7279.25 -1149.46
7231.31 -1150.09
7183.38 -1150.73
7135.45 -1151.36
7087.52 -1152
7039.57 -1152.63
6991.59 -1153.27
6943.59 -1153.91
6895.55 -1154.54
6847.47 -1155.18
6799.33 -1155.82
6751.14 -1156.46
6702.88 -1157.1
6654.54 -1157.74
6606.13 -1158.38
6557.62 -1159.02
6800.8 -3295.99
6792.86 -3445.93
6793.97 -3637.65
6800.33 -3840.93
6774.65 -3837.62
6751.39 -3848.41
6754.43 -3996.66
6754.44 -4116.67
6748.22 -4196.76
6740.83 -4265.11
6747.95 -4392.28
6745.05 -4467.46
6920.65 -5264.83
6917.67 -5303.08
6920.26 -5359.97
6918.1 -5395.79
6921.9 -5450.49
6906.6 -5436.49
6898.44 -5447.21
6884.03 -5437.39
6875.57 -5446.92
6860.48 -5436.02
6852.21 -5445.98
6842.79 -5452.3
6826.15 -5438.41
6816.42 -5444.13
6806.62 -5449.59
6794.19 -5448.22
6783.64 -5451.81
6773.02 -5455.26
6762.32 -5458.56
6760.1 -5481.62
6761.3 -5511.53
6759.32 -5533.23
6757.67 -5554.85
6765.76 -5596.29
6776.44 -5641.45
6775.58 -5661.47
6775.05 -5681.48
6774.87 -5701.48
6775.03 -5721.48
6775.55 -5741.47
6776.42 -5761.46
6777.65 -5781.45
6779.23 -5801.43
6781.18 -5821.41
6771.67 -5821.53
6774.13 -5841.5
6776.96 -5861.47
6780.17 -5881.43
6770.97 -5881.55
6774.71 -5901.5
6778.83 -5921.45
6783.36 -5941.39
6774.5 -5941.51
6779.57 -5961.44
6770.76 -5961.56
6776.4 -5981.48
6782.45 -6001.41
6773.84 -6001.52
6780.48 -6021.43
6771.92 -6021.55
6779.16 -6041.45
6786.86 -6061.35
6778.51 -6061.46
6786.83 -6081.35
6778.54 -6081.46
6787.5 -6101.35
6779.27 -6101.46
6770.9 -6101.57
6780.72 -6121.44
6772.41 -6121.55
6782.92 -6141.41
6774.67 -6141.52
6785.9 -6161.37
6777.71 -6161.48
6770.58 -6162.76
6770.68 -6171.06
6770.79 -6179.21
6770.9 -6187.23
6771 -6195.12
6771.11 -6202.88
6771.21 -6210.52
6771.31 -6218.03
6771.41 -6225.44
6771.5 -6232.73
6771.6 -6239.91
6771.69 -6246.99
6771.78 -6253.97
6771.88 -6260.85
6771.97 -6267.64
6772.05 -6274.33
6772.14 -6280.94
6772.23 -6287.46
6772.31 -6293.89
6772.4 -6300.25
6772.48 -6306.52
6772.56 -6312.72
6772.64 -6318.85
6772.72 -6324.9
6772.8 -6330.89
6772.88 -6336.81
6772.96 -6342.66
6773.04 -6348.45
6773.11 -6354.18
6773.19 -6359.85
6773.26 -6365.46
6773.34 -6371.01
6773.41 -6376.51
6773.48 -6381.96
6773.55 -6387.35
6773.62 -6392.7
6773.69 -6398
6773.76 -6403.25
6773.83 -6408.45
6773.9 -6413.61
6773.97 -6418.73
6774.04 -6423.81
6774.1 -6428.85
6774.17 -6433.85
6774.23 -6438.81
6774.3 -6443.73
6774.36 -6448.62
6774.43 -6453.48
6774.49 -6458.3
6774.56 -6463.09
6774.62 -6467.85
6774.68 -6472.58
6774.74 -6477.28
6774.81 -6481.95
6774.87 -6486.59
6774.93 -6491.21
6774.99 -6495.8
6775.05 -6500.37
6775.11 -6504.92
6775.17 -6509.44
6775.23 -6513.94
6775.29 -6518.42
6775.35 -6522.88
6775.41 -6527.32
6775.47 -6531.75
6775.52 -6536.15
6775.58 -6540.54
6775.64 -6544.91
6775.7 -6549.27
6775.76 -6553.61
6775.81 -6557.94
6775.87 -6562.25
6775.93 -6566.56
6775.98 -6570.85
6776.04 -6575.13
6776.1 -6579.4
6776.15 -6583.66
6776.21 -6587.91
6776.27 -6592.15
6776.32 -6596.38
6776.38 -6600.61
6776.43 -6604.83
6776.49 -6609.05
6776.55 -6613.26
6776.6 -6617.47
6776.66 -6621.67
6776.71 -6625.87
6776.77 -6630.07
6776.82 -6634.26
6776.88 -6638.46
6776.94 -6642.65
6776.99 -6646.85
6777.05 -6651.04
6777.1 -6655.24
6777.16 -6659.44
6777.21 -6663.64
6777.27 -6667.85
6777.33 -6672.05
6777.38 -6676.27
6777.44 -6680.49
6777.49 -6684.71
6777.55 -6688.94
6777.61 -6693.18
6777.66 -6697.43
6777.72 -6701.68
6777.78 -6705.95
6777.83 -6710.22
6777.89 -6714.51
6777.95 -6718.81
6778 -6723.12
6778.06 -6727.44
6778.12 -6731.77
6778.17 -6736.12
6778.23 -6740.49
6778.29 -6744.87
6778.35 -6749.27
6778.41 -6753.68
6778.47 -6758.11
6778.53 -6762.56
6778.58 -6767.03
6778.64 -6771.53
6778.7 -6776.04
6778.76 -6780.57
6778.82 -6785.13
6778.89 -6789.71
6778.95 -6794.32
6779.01 -6798.95
6779.07 -6803.61
6779.13 -6808.3
6779.19 -6813.01
6779.26 -6817.76
6779.32 -6822.53
6779.38 -6827.34
6779.45 -6832.18
6779.51 -6837.05
6779.58 -6841.96
6779.64 -6846.9
6779.71 -6851.88
6779.78 -6856.9
6779.84 -6861.96
6779.91 -6867.06
6779.98 -6872.2
6780.05 -6877.39
6780.12 -6882.62
6780.19 -6887.89
6780.26 -6893.22
6780.33 -6898.59
6780.4 -6904.01
6780.47 -6909.49
6780.55 -6915.02
6780.62 -6920.6
6780.7 -6926.24
6780.77 -6931.94
6780.85 -6937.7
6780.92 -6943.52
6781 -6949.41
6781.08 -6955.36
6781.16 -6961.39
6781.24 -6967.48
6781.32 -6973.64
6781.41 -6979.88
6781.49 -6986.2
6781.57 -6992.6
6781.66 -6999.08
6781.75 -7005.64
6781.84 -7012.3
6781.93 -7019.04
6782.02 -7025.88
6782.11 -7032.81
6782.2 -7039.84
6782.3 -7046.98
6782.39 -7054.22
6782.49 -7061.57
6782.59 -7069.03
6782.69 -7076.61
6782.79 -7084.31
6782.89 -7092.14
6783 -7100.1
6783.11 -7108.19
6783.22 -7116.42
6786.56 -7121.45
6794.82 -7121.34
6784.02 -7141.48
6792.34 -7141.37
6800.52 -7141.27
6790.64 -7161.4
6798.88 -7161.29
6789.69 -7181.41
6797.99 -7181.3
6789.47 -7201.42
6797.82 -7201.31
6789.95 -7221.41
6798.35 -7221.3
6791.11 -7241.4
6799.56 -7241.29
6792.94 -7261.38
6801.44 -7261.26
6795.41 -7281.35
6789.81 -7301.42
6798.52 -7301.31
6793.5 -7321.37
6802.25 -7321.26
6797.79 -7341.32
6793.73 -7361.38
6790.07 -7381.43
6799.16 -7381.31
6796.03 -7401.35
6793.29 -7421.39
6790.92 -7441.42
6800.35 -7441.29
6798.49 -7461.32
6797.01 -7481.34
6795.89 -7501.36
6795.13 -7521.37
6794.73 -7541.38
6794.68 -7561.38
6794.99 -7581.38
6795.64 -7601.37
6796.63 -7621.36
6797.97 -7641.34
6656.21 -7983.25
6670.35 -7983.07
6684.39 -7982.88
6698.32 -7982.69
6712.14 -7982.51
6725.86 -7982.33
6739.49 -7982.15
6753.02 -7981.97
6766.45 -7981.79
6779.8 -7981.61
6793.07 -7981.44
6806.25 -7981.26
6819.35 -7981.09
6832.37 -7980.92
6845.32 -7980.75
6858.19 -7980.58
6871 -7980.41
6883.74 -7980.24
6896.41 -7980.07
7054.4 -7417.93
7061.7 -7417.83
7068.97 -7417.73
7076.21 -7417.64
7083.42 -7417.54
7090.6 -7417.45
7097.75 -7417.35
7104.88 -7417.26
7111.98 -7417.16
7119.05 -7417.07
7126.1 -7416.98
7133.13 -7416.88
7137.14 -7436.83
7135.86 -7496.85
7138.28 -7536.82
7136.46 -7616.86
7142.9 -7636.77
7151.77 -7636.65
7160.62 -7636.54
7169.45 -7636.42
7178.27 -7636.3
7187.08 -7636.19
7195.87 -7636.07
7204.65 -7635.95
7213.42 -7635.84
7222.18 -7635.72
7230.94 -7635.6
7239.69 -7635.49
7248.43 -7635.37
7257.17 -7635.26
7265.91 -7635.14
7274.65 -7635.03
7283.39 -7634.91
7292.13 -7634.79
7300.87 -7634.68
7309.62 -7634.56
7318.38 -7634.45
7327.14 -7634.33
7335.91 -7634.21
7344.69 -7634.1
7353.48 -7633.98
7362.29 -7633.86
7371.11 -7633.75
7379.94 -7633.63
7388.79 -7633.51
7397.66 -7633.39
7406.56 -7633.28
7415.47 -7633.16
7424.4 -7633.04
7433.36 -7632.92
7442.34 -7632.8
7451.35 -7632.68
7460.39 -7632.56
7469.46 -7632.44
7478.56 -7632.32
7487.7 -7632.2
7496.87 -7632.08
7506.07 -7631.96
7515.32 -7631.84
7524.6 -7631.71
7533.93 -7631.59
7543.29 -7631.46
7552.71 -7631.34
7562.17 -7631.21
7571.67 -7631.09
7581.23 -7630.96
7590.84 -7630.83
7600.51 -7630.71
7610.23 -7630.58
7620.01 -7630.45
7622.38 -7610.41
7624.43 -7590.39
7618.28 -7550.46
7619.45 -7530.45
7620.28 -7510.43
7620.77 -7490.43
7620.91 -7470.42
7620.71 -7450.42
7620.15 -7430.43
7619.24 -7410.44
7617.97 -7390.45
7616.35 -7370.47
7614.36 -7350.5
7612.01 -7330.53
7619.65 -7330.43
7616.78 -7310.46
7613.53 -7290.5
7620.93 -7290.41
7617.15 -7270.45
7612.98 -7250.51
7620.14 -7250.41
7615.42 -7230.47
7610.3 -7210.54
7617.21 -7210.45
7611.52 -7190.52
7618.33 -7190.43
7612.06 -7170.51
7618.78 -7170.42
7611.92 -7150.51
7618.54 -7150.42
7611.07 -7130.52
7617.59 -7130.44
7609.5 -7110.54
7615.92 -7110.46
7607.19 -7090.57
7613.5 -7090.49
7619.9 -7090.4
7610.32 -7070.53
7616.6 -7070.44
7622.98 -7070.36
7629.45 -7070.27
7636.01 -7070.19
7642.68 -7070.1
7649.44 -7070.01
7656.31 -7069.92
7663.29 -7069.82
7670.37 -7069.73
7677.58 -7069.64
7684.9 -7069.54
7692.35 -7069.44
7699.93 -7069.34
8614.32 -7942.35
8492.48 -7804.39
7742.91 -7087.11
7742.81 -7079.15
7742.7 -7071.33
7742.6 -7063.63
7742.5 -7056.06
7742.4 -7048.6
7742.3 -7041.25
7742.21 -7034.01
7742.11 -7026.88
7742.02 -7019.85
7741.93 -7012.92
7741.84 -7006.09
7741.75 -6999.35
7741.66 -6992.7
7741.57 -6986.14
7741.49 -6979.66
7741.4 -6973.27
7741.32 -6966.95
7741.24 -6960.71
7741.15 -6954.55
7741.07 -6948.46
7740.99 -6942.44
7740.92 -6936.49
7740.84 -6930.6
7740.76 -6924.78
7740.68 -6919.03
7740.61 -6913.33
7740.53 -6907.69
7740.46 -6902.11
7740.39 -6896.58
7740.31 -6891.11
7740.24 -6885.69
7740.17 -6880.31
7740.1 -6874.99
7740.03 -6869.72
7739.96 -6864.49
7739.89 -6859.31
7739.82 -6854.17
7739.76 -6849.07
7739.69 -6844.01
7739.62 -6838.99
7739.56 -6834.01
7739.49 -6829.07
7739.43 -6824.16
7739.36 -6819.29
7739.3 -6814.45
7739.23 -6809.65
7739.17 -6804.88
7739.11 -6800.13
7739.05 -6795.42
7738.98 -6790.73
7738.92 -6786.07
7738.86 -6781.44
7738.8 -6776.84
7738.74 -6772.26
7738.68 -6767.7
7738.62 -6763.16
7738.56 -6758.65
7738.5 -6754.16
7738.44 -6749.69
7738.38 -6745.24
7738.32 -6740.81
7738.26 -6736.4
7738.2 -6732
7738.15 -6727.62
7738.09 -6723.25
7738.03 -6718.91
7737.97 -6714.57
7737.92 -6710.25
7737.86 -6705.94
7737.8 -6701.64
7737.75 -6697.36
7737.69 -6693.08
7737.63 -6688.82
7737.58 -6684.56
7737.52 -6680.32
7737.46 -6676.08
7737.41 -6671.85
7737.35 -6667.62
7737.3 -6663.4
7737.24 -6659.19
7737.18 -6654.98
7737.13 -6650.78
7737.07 -6646.58
7737.02 -6642.38
7736.96 -6638.18
7736.91 -6633.98
7736.85 -6629.79
7736.79 -6625.6
7736.74 -6621.4
7736.68 -6617.2
7736.63 -6613.01
7736.57 -6608.81
7736.52 -6604.6
7736.46 -6600.4
7736.4 -6596.19
7736.35 -6591.97
7736.29 -6587.75
7736.24 -6583.52
7736.18 -6579.28
7736.12 -6575.04
7736.07 -6570.79
7736.01 -6566.53
7735.95 -6562.26
7735.9 -6557.98
7735.84 -6553.69
7735.78 -6549.39
7735.73 -6545.07
7735.67 -6540.74
7735.61 -6536.4
7735.55 -6532.04
7735.5 -6527.67
7735.44 -6523.28
7735.38 -6518.88
7735.32 -6514.45
7735.26 -6510.01
7735.2 -6505.55
7735.14 -6501.07
7735.08 -6496.57
7735.02 -6492.04
7734.96 -6487.5
7734.9 -6482.93
7734.84 -6478.33
7734.78 -6473.71
7734.72 -6469.07
7734.66 -6464.4
7734.6 -6459.69
7734.53 -6454.96
7734.47 -6450.2
7734.41 -6445.41
7734.34 -6440.59
7734.28 -6435.74
7734.21 -6430.85
7734.15 -6425.92
7734.08 -6420.96
7734.02 -6415.96
7733.95 -6410.92
7733.88 -6405.84
7733.81 -6400.72
7733.75 -6395.56
7733.68 -6390.35
7733.61 -6385.1
7733.54 -6379.8
7733.47 -6374.45
7733.39 -6369.05
7733.32 -6363.6
7733.25 -6358.1
7733.17 -6352.55
7733.1 -6346.93
7733.03 -6341.26
7732.95 -6335.53
7732.87 -6329.74
7732.8 -6323.89
7732.72 -6317.97
7732.64 -6311.98
7732.56 -6305.92
7732.48 -6299.79
7732.39 -6293.59
7732.31 -6287.31
7732.23 -6280.96
7732.14 -6274.52
7732.05 -6267.99
7731.97 -6261.39
7731.88 -6254.69
7731.79 -6247.9
7731.7 -6241.02
7731.6 -6234.03
7731.51 -6226.95
7731.41 -6219.76
7731.32 -6212.47
7731.22 -6205.06
7731.12 -6197.54
7721.32 -6199.01
7721.22 -6191.4
7721.12 -6183.67
7721.01 -6175.81
7720.91 -6167.82
7720.8 -6159.69
7714.28 -6158.1
7707.1 -6157.3
7718.79 -6136.22
7712.82 -6133.96
7705.98 -6132.72
7718.96 -6109.02
7712.33 -6107.34
7705.81 -6105.61
7716.22 -6083.63
7712.73 -6077.99
7706.48 -6075.73
7716.28 -6053.19
7713.91 -6045.67
7707.91 -6042.79
7717.1 -6019.63
7715.8 -6010.05
7710.03 -6006.47
7704.33 -6002.8
7712.73 -5978.85
7712.76 -5966.39
7707.26 -5961.9
7715.07 -5937.1
7709.44 -5932.37
7710.72 -5916.66
7705.45 -5911.06
7712.49 -5885.14
7707.09 -5879.22
7709.53 -5859.79
7704.47 -5852.84
7710.75 -5825.53
7705.54 -5818.15
7709.07 -5794.39
7704.18 -5785.78
7709.71 -5756.74
7704.68 -5747.55
7709.22 -5718.71
7704.48 -5708
7709.26 -5676.78
7704.37 -5665.28
7699.51 -5653.35
7705.24 -5616.99
7700.64 -5603.08
7704.5 -5568.49
7699.75 -5553.43
7706.35 -5509.35
7701.83 -5491.75
7704.95 -5453.27
7700.26 -5434.06
7702.82 -5393.86
7703.2 -5357.83
7698.74 -5334.19
7700.92 -5289.26
7696.28 -5263.13
7860.11 -4693.31
7839.21 -4701.1
7824.49 -4688.54
7804.5 -4694.11
7785.29 -4697.57
7766.84 -4698.71
7747.77 -4702.74
7731.52 -4695.81
7716.01 -4685.58
7696.67 -4691.73
7691.47 -4633.61
7690.4 -4550.86
7687.72 -4468.95
7686.67 -4371.02
7685.17 -4266.1
7686.66 -4133.15
7684.06 -4011.07
7680.89 -3878.9
7678.27 -3726.99
7731.69 -3143.64
7700.6 -3144.05
7669.58 -3144.46
7638.64 -3144.87
7613.8 -3085.19
7587.96 -3025.53
