22890.1 2915.89
22890.9 2878.87
22903.9 2854.14
22897.1 2807.83
22909.7 2781.8
22902.6 2733.43
22914.9 2706.02
22907.4 2655.45
22899.8 2603.54
22911.5 2573.66
22903.6 2519.33
22915.1 2487.78
22906.9 2430.87
22918.1 2397.52
22909.7 2337.86
22920.7 2302.54
22912 2239.93
22908.1 2182.18
22913.9 2136.71
22924.4 2096.96
22915.4 2027.77
22925.8 1985.5
22916.6 1912.62
22926.8 1867.6
22917.5 1790.74
22927.5 1742.7
22925.1 1673.08
22927.9 1610.16
21620.1 -699.443
21688.1 -698.016
21755.4 -696.605
21822 -695.208
21887.9 -693.825
21953.1 -692.455
22017.8 -691.098
22437.3 14.8111
22488.6 7.25462
22547.1 15.0779
22603.7 20.296
22658 21.6963
22710.6 20.3115
22756.4 4.55331
22809.5 5.66664
22862.1 6.77084
22914.3 7.86685
22966.1 8.95432
23017.6 10.0333
23068.6 11.1055
23119.3 12.1698
23169.7 13.2261
23219.7 14.2754
23269.4 15.3187
23318.8 16.3549
23367.9 17.385
23416.6 18.4092
23465.1 19.4265
23437 -241.22
23430.7 -441.397
23433.4 -621.38
23460.4 -720.835
23514.6 -719.698
23568.6 -718.566
23622.3 -717.439
23675.7 -716.317
23728.9 -715.2
23781.9 -714.088
23834.7 -712.981
24028.4 31.2468
24074 32.2047
24119.5 33.1596
24164.8 34.1106
24210 35.0586
24255 36.004
24299.9 36.9469
24344.7 37.8862
24389.4 38.8237
24434 39.7587
24456.2 -179.822
24487.8 -339.194
24535.5 -338.194
24583 -337.196
24630.5 -336.2
24677.9 -335.205
24725.2 -334.212
24772.5 -333.22
24808.8 -692.538
24859.1 -691.481
24909.4 -690.426
24959.7 -689.37
25009.9 -688.315
25060.2 -687.261
25110.4 -686.207
25160.6 -685.153
25210.9 -684.099
25261.1 -683.044
25311.4 -681.99
25361.7 -680.934
25245 1557.11
25245.8 1917.21
25249.5 2177.34
25274.9 2177.87
25145.8 3584.25
25144.6 3704.25
25138.8 3844.16
25138.7 3924.18
25137.2 4004.16
25137.4 4064.18
25133.2 4144.11
25134.6 4184.15
25131.6 4244.1
25131.4 4284.1
25138.4 4284.25
25145.4 4284.4
25152.5 4284.55
25159.6 4284.7
25166.7 4284.84
25173.8 4284.99
25181 4285.14
25188.2 4285.3
25195.4 4285.45
25202.7 4285.6
25210 4285.75
25217.3 4285.91
25224.7 4286.06
25232.1 4286.22
25239.5 4286.37
25247 4286.53
25254.5 4286.69
25262.1 4286.85
25269.7 4287.01
25277.3 4287.17
25285 4287.33
25292.8 4287.49
25300.6 4287.65
25308.5 4287.82
25316.4 4287.99
25324.3 4288.15
25332.4 4288.32
25340.4 4288.49
25348.6 4288.66
25356.8 4288.83
25365.1 4289.01
25373.4 4289.18
25381.8 4289.36
25390.3 4289.54
25398.9 4289.72
25407.5 4289.9
25416.2 4290.08
25425 4290.27
25433.9 4290.45
25442.9 4290.64
25451.9 4290.83
25461.1 4291.02
25470.3 4291.22
25479.7 4291.41
25489.1 4291.61
25498.7 4291.81
25508.3 4292.01
25518.1 4292.22
25528 4292.43
25538 4292.64
25548.1 4292.85
25558.4 4293.06
25568.7 4293.28
25579.3 4293.5
25589.9 4293.73
25600.7 4293.95
25611.6 4294.18
25622.7 4294.41
25633.9 4294.65
25645.4 4294.89
25656.9 4295.13
25668.7 4295.38
25680.6 4295.63
25692.7 4295.88
25705 4296.14
25717.5 4296.4
25711 4316.27
25704.1 4336.13
25716.5 4336.39
25709 4356.24
25718.3 4359.59
25718.1 4372.01
25717.8 4384.22
25717.6 4396.22
25717.3 4408.03
25717.1 4419.65
25716.8 4431.08
25716.6 4442.34
25716.4 4453.42
25716.1 4464.34
25715.9 4475.1
25715.7 4485.7
25715.5 4496.15
25715.2 4506.45
25715 4516.61
25714.8 4526.64
25714.6 4536.53
25714.4 4546.29
25714.2 4555.93
25714 4565.45
25713.8 4574.85
25713.6 4584.14
25713.4 4593.31
25713.2 4602.38
25713 4611.35
25712.8 4620.21
25712.7 4628.98
25712.5 4637.65
25712.3 4646.23
25712.1 4654.73
25711.9 4663.13
25711.8 4671.45
25711.6 4679.69
25711.4 4687.85
25711.3 4695.94
25711.1 4703.95
25710.9 4711.88
25710.8 4719.75
25710.6 4727.55
25710.4 4735.29
25710.3 4742.96
25710.1 4750.57
25710 4758.11
25709.8 4765.61
25709.6 4773.04
25709.5 4780.42
25709.3 4787.75
25709.2 4795.02
25709 4802.25
25708.9 4809.43
25708.7 4816.56
25708.6 4823.65
25708.4 4830.69
25708.3 4837.69
25708.1 4844.65
25708 4851.58
25707.8 4858.46
25707.7 4865.31
25707.6 4872.12
25707.4 4878.9
25707.3 4885.65
25707.1 4892.37
25707 4899.05
25706.9 4905.71
25706.7 4912.34
25706.6 4918.95
25706.4 4925.52
25706.3 4932.08
25706.2 4938.61
25706 4945.12
25705.9 4951.61
25705.8 4958.08
25705.6 4964.53
25705.5 4970.96
25705.4 4977.38
25705.2 4983.78
25705.1 4990.17
25705 4996.54
25704.8 5002.91
25704.7 5009.26
25704.6 5015.6
25704.4 5021.93
25704.3 5028.25
25704.2 5034.56
25704 5040.87
25703.9 5047.18
25703.8 5053.47
25703.6 5059.77
25703.5 5066.06
25703.4 5072.35
25703.2 5078.64
25703.1 5084.94
25703 5091.23
25702.8 5097.52
25702.7 5103.82
25702.6 5110.12
25702.4 5116.43
25702.3 5122.74
25702.2 5129.06
25702 5135.39
25701.9 5141.73
25701.8 5148.08
25701.6 5154.44
25701.5 5160.81
25701.4 5167.19
25701.2 5173.59
25701.1 5180
25701 5186.43
25700.8 5192.88
25700.7 5199.34
25700.6 5205.83
25700.4 5212.33
25700.3 5218.86
25700.1 5225.41
25700 5231.98
25699.9 5238.58
25699.7 5245.2
25699.6 5251.85
25699.5 5258.53
25699.3 5265.24
25699.2 5271.98
25699 5278.75
25698.9 5285.56
25698.7 5292.4
25698.6 5299.27
25698.5 5306.18
25698.3 5313.14
25698.2 5320.13
25698 5327.16
25697.9 5334.24
25697.7 5341.36
25697.6 5348.53
25697.4 5355.74
25697.3 5363
25697.1 5370.32
25697 5377.68
25696.8 5385.11
25696.6 5392.58
25696.5 5400.12
25696.3 5407.71
25696.2 5415.37
25696 5423.08
25695.8 5430.87
25695.7 5438.72
25695.5 5446.64
25695.3 5454.63
25695.2 5462.7
25695 5470.84
25694.8 5479.06
25694.7 5487.36
25694.5 5495.74
25694.3 5504.21
25694.1 5512.77
25733.4 5546.99
25733.2 5556.22
25733 5565.55
25732.8 5574.99
25732.6 5584.53
25732.4 5594.19
25732.2 5603.96
25732 5613.86
25731.8 5623.87
25731.6 5634.01
25731.4 5644.29
25731.1 5654.7
25730.9 5665.24
25730.7 5675.93
25730.5 5686.77
25730.2 5697.76
25730 5708.91
25729.8 5720.23
25729.5 5731.71
25729.3 5743.37
25729 5755.2
25728.8 5767.22
25728.5 5779.44
25728.3 5791.85
25728 5804.47
25727.7 5817.3
25727.5 5830.36
25720.7 5836.81
25707.6 5836.54
25713.5 5856.66
25719 5876.78
25724 5896.89
25710.8 5896.62
25715.2 5916.71
25719.3 5936.8
25722.9 5956.88
25709.6 5956.6
25712.7 5976.67
25701.6 5979.04
25688.5 5978.81
25695.2 6004.38
25697.6 6024.95
25699.6 6045.52
25691.6 6052.68
25693.4 6073.76
25700.2 6102.78
25687.8 6104.13
25689 6125.81
25696 6157.05
25696.7 6179.36
25697 6201.73
25691.4 6215.15
25691.5 6238.26
25691.3 6261.44
25686.5 6277.6
25686 6301.62
25685.2 6325.76
25692.2 6365.21
25690.9 6390.32
25689.2 6415.58
25685.8 6438.24
25683.9 6464.64
25691.5 6511.47
25688.5 6538.02
25685.8 6565.98
25682.7 6594.22
25680.4 6625.25
25659.5 6614.72
25647.7 6624.77
25629.9 6620.61
25610.7 6612.45
25599.9 6624.97
25581.5 6617.88
25567.3 6621.67
25550.2 6617.11
25530.3 6604.21
25515 6603.89
25499.9 6603.57
25484.8 6603.25
25469.9 6602.94
25455 6602.63
25440.2 6602.32
25425.5 6602.01
25410.9 6601.7
25369.4 6500.81
25355.8 6500.52
25342.4 6500.24
25329 6499.96
25315.7 6499.68
25302.4 6499.4
25289.2 6499.12
25276 6498.85
25262.9 6498.57
25249.8 6498.3
25236.8 6498.03
25223.8 6497.75
25210.9 6497.48
25198 6497.21
25185.2 6496.94
25172.3 6496.67
25159.6 6496.4
25146.8 6496.14
25134.1 6495.87
25121.4 6495.6
25108.7 6495.34
25096.1 6495.07
25083.5 6494.81
25070.9 6494.54
25058.3 6494.28
25045.7 6494.02
25033.2 6493.75
25020.7 6493.49
25008.1 6493.23
24995.6 6492.96
24983.1 6492.7
24970.6 6492.44
24958.1 6492.18
24945.6 6491.91
24933.1 6491.65
24920.6 6491.39
24908 6491.13
24895.5 6490.86
24883 6490.6
24870.5 6490.34
24857.9 6490.07
24845.3 6489.81
24832.8 6489.55
24820.1 6489.28
24807.5 6489.02
24794.9 6488.75
24782.2 6488.49
24769.5 6488.22
24756.8 6487.95
24744 6487.68
24731.2 6487.42
24717.5 6491.9
24702.9 6500.67
24691.5 6492.48
24679.6 6486.83
24662.9 6503.48
24630.5 6585.92
24615.5 6590.06
24600 6595.38
24585.2 6597.39
24573.3 6587.96
24555.9 6599.05
24542.5 6595.27
24529.5 6590.11
24516.4 6585.25
24497 6600.53
24485.2 6591.05
24470.5 6590.74
24455.7 6590.43
24440.8 6590.12
24425.8 6589.81
24410.7 6589.49
24395.6 6589.17
24380.3 6588.85
24365 6588.53
24349.5 6588.21
24333.9 6587.88
24326.9 6567.73
24426.3 6309.76
24422.3 6289.67
24428 6249.78
24424.8 6229.71
24431.7 6189.84
24429.5 6169.79
24427.6 6149.75
24426 6129.71
24435.2 6089.89
24434.5 6069.88
24434.2 6049.86
24434.2 6029.86
24434.5 6009.86
24435.2 5989.87
24436.2 5969.89
24437.6 5949.91
24439.3 5929.95
24441.5 5909.98
24431.1 5909.77
24433.7 5889.82
24436.7 5869.88
24440.1 5849.94
24430 5849.73
24419.8 5849.52
24409.5 5849.3
24399 5849.08
24388.5 5848.86
24377.8 5848.63
24366.9 5848.41
24355.9 5848.18
24344.8 5847.94
24333.5 5847.71
24322 5847.47
24310.4 5847.22
24298.6 5846.97
24286.7 5846.72
24274.6 5846.47
24262.2 5846.21
24249.7 5845.95
24237 5845.68
24224.1 5845.41
24211 5845.14
24197.7 5844.86
24184.1 5844.57
24170.3 5844.28
24167 5833.77
24146.9 5839.07
24126.8 5843.92
24127.1 5830.03
24107 5834.34
24086.9 5838.24
24066.9 5841.72
24067.2 5827.76
24047.1 5830.74
24027 5833.32
24007 5835.51
23986.9 5837.32
23987.2 5823.19
23967.2 5824.53
23947.2 5825.5
23927.2 5826.1
23907.1 5826.34
23887.1 5826.23
23867.1 5825.77
23851.3 5822.2
23831 5821.3
23821.3 5813.19
22663.9 6533.52
22614.7 6535.9
22574.3 6532.01
22520.3 6535.55
22476.2 6532.34
22437.4 6525.34
22423.6 6503.7
22420.4 6476.12
22415.9 6449.49
22416.5 6420.3
22417.1 6391.4
22417.7 6362.77
22418.3 6334.41
22418.9 6306.3
22419.5 6278.45
22420 6250.83
22420.6 6223.46
22421.2 6196.31
22421.7 6169.38
22422.3 6142.67
22422.9 6116.16
22423.4 6089.86
22424 6063.75
22424.5 6037.83
22425 6012.1
22425.6 5986.54
22426.1 5961.15
22426.6 5935.93
22427.2 5910.87
22427.7 5885.97
22428.2 5861.21
22428.7 5836.6
22429.2 5812.13
22429.8 5787.8
22430.3 5763.6
22430.8 5739.52
22431.3 5715.56
22431.8 5691.72
22432.3 5667.99
22432.8 5644.37
22433.3 5620.86
22433.7 5597.44
22434.2 5574.11
22434.7 5550.88
22435.2 5527.74
22435.7 5504.67
22436.2 5481.69
22436.7 5458.78
22437.1 5435.94
22437.6 5413.17
22438.1 5390.46
22438.6 5367.82
22439 5345.22
22439.5 5322.68
22440 5300.19
22440.5 5277.75
22440.9 5255.34
22441.4 5232.98
22441.9 5210.65
22442.3 5188.35
22442.8 5166.08
22443.3 5143.83
22443.7 5121.6
22444.2 5099.39
22444.7 5077.2
22445.1 5055.01
22445.6 5032.84
22446.1 5010.66
22446.5 4988.49
22447 4966.31
22447.5 4944.13
22447.9 4921.94
22448.4 4899.73
22448.9 4877.51
22449.3 4855.27
22449.8 4833
22450.3 4810.71
22450.7 4788.39
22451.2 4766.03
22451.7 4743.64
22452.1 4721.2
22452.6 4698.72
22453.1 4676.19
22453.6 4653.62
22454 4630.98
22454.5 4608.29
22455 4585.54
22455.5 4562.71
22455.9 4539.82
22456.4 4516.86
22456.9 4493.81
22457.4 4470.69
22457.9 4447.48
22458.4 4424.18
22458.9 4400.78
22459.4 4377.29
22459.8 4353.7
22460.3 4330
22460.8 4306.18
22461.3 4282.26
22461.9 4258.21
22462.4 4234.04
22462.9 4209.74
22463.4 4185.3
22463.9 4160.73
22464.4 4136.01
22464.9 4111.14
22465.5 4086.12
22466 4060.94
22466.5 4035.6
22467.1 4010.08
22467.6 3984.39
22468.1 3958.52
22468.7 3932.46
22469.2 3906.2
22469.8 3879.75
22470.4 3853.09
22470.9 3826.21
22471.5 3799.12
22472.1 3771.8
22472.6 3744.24
22473.2 3716.45
22473.8 3688.41
22474.4 3660.11
22475 3631.55
22475.6 3602.71
22476.2 3573.59
22476.8 3544.19
22536.7 3551.05
22596.6 3559.03
22656.4 3568.13
22696.4 3565.46
22716.8 3550.31
22776.5 3562.13
22816.5 3561.48
22876.3 3575.41
22876.8 3548.08
22877.4 3520.42
22878 3492.42
22878.6 3464.07
22879.2 3435.36
22879.8 3406.27
22880.4 3376.8
22881.1 3346.93
22881.7 3316.65
22882.3 3285.95
22883 3254.81
22883.7 3223.21
22884.3 3191.15
22885 3158.61
22885.7 3125.57
22886.4 3092.02
22887.1 3057.93
22887.9 3023.29
22907.9 3007.22
22889.3 2952.29
22890.1 2915.89
