18807.5 -2196.75
18807.5 -2196.75
18807.5 -2196.75
18807.5 -2196.75
18808.9 -2194.09
18811.4 -2189.45
18815.3 -2182.2
18820.2 -2172.92
18825 -2163.54
18829.4 -2154.05
18833.6 -2144.43
18837.6 -2134.71
18841.3 -2124.89
18844.9 -2115.01
18848.2 -2105.06
18851.4 -2095.06
18854.5 -2085.01
18857.3 -2074.9
18860 -2064.74
18862.5 -2054.54
18864.8 -2044.3
18866.9 -2034.02
18868.9 -2023.7
18870.6 -2013.35
18880.2 -1993.66
18880.2 -1993.66
18881.4 -1983.24
18882.7 -1971.3
18883.8 -1957.85
18885.4 -1930.9
18885.4 -1930.9
18886.2 -1903.92
18886.2 -1903.92
18886.5 -1879.92
18886.5 -1867.92
18886.5 -1867.92
18886.4 -1855.92
18886.2 -1843.92
18885.8 -1831.92
18885.4 -1819.93
18884.3 -1797.46
18884.3 -1797.46
18882.9 -1776.51
18882.9 -1776.51
18882.1 -1766.04
18881.1 -1755.58
18880.1 -1745.13
18879 -1734.69
18877.8 -1724.26
18876.5 -1713.84
18875.1 -1703.43
18872.1 -1682.65
18872.1 -1682.65
18870.7 -1673.76
18869.2 -1664.89
18867.6 -1656.03
18866 -1647.18
18861.4 -1637.96
18859.6 -1629.15
18857.7 -1620.35
18855.8 -1611.57
18853.7 -1602.8
18851.6 -1594.06
18849.4 -1585.33
18847.1 -1576.62
18844.8 -1567.93
18842.4 -1559.27
18839.8 -1550.64
18834.7 -1534.94
18834.7 -1534.94
18832.3 -1527.83
18826 -1510.17
18826 -1510.17
18822.5 -1501.08
18819.4 -1493.44
18816.2 -1485.85
18809.3 -1470.82
18809.3 -1470.82
18806.5 -1464.71
18800.6 -1452.56
18797.6 -1446.53
18797.6 -1446.53
18794.5 -1440.52
18791.3 -1434.54
18788.2 -1428.59
18784.9 -1422.66
18778.3 -1410.9
18778.3 -1410.9
18774.9 -1405.06
18771.5 -1399.25
18768 -1393.48
18764.5 -1387.73
18760.9 -1382.01
18757.2 -1376.33
18753.5 -1370.68
18749.8 -1365.06
18746 -1359.47
18742.2 -1353.91
18737.4 -1347.17
18731.7 -1339.29
18725.8 -1331.52
18720.7 -1325.03
18708.2 -1341.63
18702.8 -1335.39
18698.3 -1330.38
18694.3 -1325.95
18686.1 -1317.2
18686.1 -1317.2
18677.7 -1308.6
18677.7 -1308.6
18669.2 -1300.15
18669.2 -1300.15
18664.9 -1295.98
18660.5 -1291.84
18656.1 -1287.75
18650.6 -1282.68
18645 -1277.7
18639.3 -1272.83
18634.7 -1269.01
18626.5 -1262.43
18626.5 -1262.43
18622.3 -1259.2
18618.2 -1256
18614 -1252.83
18605.5 -1246.62
18605.5 -1246.62
18601.3 -1243.57
18597 -1240.55
18587 -1233.8
18587 -1233.8
18575.7 -1226.54
18575.7 -1226.54
18571.2 -1223.83
18566.6 -1221.16
18562.1 -1218.53
18557.5 -1215.94
18552.9 -1213.4
18543.7 -1208.42
18543.7 -1208.42
18537.7 -1205.3
18525.6 -1199.37
18525.6 -1199.37
18512.3 -1191.28
18508.9 -1189.78
