13072.3 -6055.4
13072.3 -6055.4
13072.3 -6055.4
13072.3 -6052.4
13072.3 -6052.4
13072.2 -6047.4
13072.1 -6042.4
13072 -6037.4
13072 -6032.4
13071.9 -6027.4
13071.8 -6022.4
13071.7 -6017.4
13071.7 -6012.4
13071.6 -6007.4
13071.5 -6002.4
13071.4 -5997.41
13071.4 -5992.41
13071.3 -5987.41
13071.2 -5982.41
13071.1 -5977.41
13071.1 -5972.41
13071 -5967.41
13070.9 -5962.41
13070.8 -5957.41
13070.8 -5952.41
13070.6 -5942.41
13070.5 -5937.41
13070.5 -5937.41
13070.5 -5932.41
13070.4 -5927.41
13070.3 -5922.41
13070.2 -5917.41
13070.1 -5907.41
13070.1 -5907.41
13070 -5902.42
13070 -5897.42
13069.9 -5892.42
13069.8 -5887.42
13069.7 -5882.42
13069.7 -5877.42
13069.6 -5872.42
13069.5 -5867.42
13069.4 -5862.42
13069.3 -5852.42
13069.3 -5852.42
13069.2 -5847.42
13069.1 -5842.42
13069.1 -5837.42
13069 -5832.42
13068.9 -5827.42
13068.8 -5822.42
13068.7 -5812.43
13068.7 -5812.43
13068.6 -5807.43
13068.5 -5802.43
13068.5 -5797.43
13068.4 -5792.43
13068.3 -5787.43
13068.2 -5782.43
13068.2 -5777.43
13068.1 -5772.43
13068 -5767.43
13068 -5762.43
13067.8 -5752.43
13067.8 -5752.43
13067.7 -5747.43
13067.7 -5742.43
13067.5 -5732.43
13067.5 -5732.43
13067.4 -5727.43
13067.3 -5717.44
13067.2 -5712.44
13067.2 -5712.44
13067.1 -5707.44
13067.1 -5702.44
13066.9 -5692.44
13066.9 -5692.44
13066.8 -5687.44
13066.8 -5682.44
13066.7 -5677.44
13066.6 -5672.44
13066.5 -5667.44
13066.5 -5662.44
13066.4 -5657.44
13066.3 -5652.44
13066.2 -5647.44
13066.2 -5642.44
13066.1 -5637.44
13066 -5632.45
13065.9 -5627.45
13065.9 -5622.45
13065.8 -5617.45
13072.2 -5623.69
13072.1 -5618.69
13072.1 -5613.69
13072 -5608.69
13072 -5603.69
13071.9 -5598.69
13071.9 -5593.69
13071.8 -5588.69
13071.8 -5583.69
13071.7 -5578.69
13071.7 -5573.69
13071.6 -5568.69
13071.6 -5563.69
13071.5 -5553.69
13071.5 -5553.69
13071.4 -5548.69
13071.3 -5543.69
13071.3 -5538.69
13071.2 -5533.69
13071.2 -5528.69
13071.1 -5523.69
13071 -5513.69
13071 -5513.69
13071 -5508.69
13070.9 -5503.69
13070.9 -5498.69
13070.8 -5488.69
13070.8 -5488.69
13070.7 -5483.69
13070.7 -5478.69
13070.6 -5473.7
13070.6 -5468.7
13070.5 -5463.7
13070.4 -5453.7
13070.4 -5453.7
13070.3 -5443.7
13070.3 -5443.7
13070.3 -5438.7
13070.2 -5433.7
13070.2 -5428.7
13070.1 -5423.7
13070.1 -5418.7
13070 -5413.7
13070 -5408.7
13069.9 -5403.7
13069.9 -5398.7
13069.8 -5393.7
13069.8 -5388.7
13069.7 -5383.7
13069.7 -5378.7
13069.6 -5373.7
13069.6 -5368.7
13069.5 -5363.7
13069.5 -5358.7
13069.4 -5348.7
13069.4 -5348.7
13069.3 -5338.7
13069.3 -5338.7
13069.2 -5333.7
13069.1 -5328.7
13069.1 -5323.7
13069 -5318.7
13069 -5313.7
13068.9 -5308.7
13068.9 -5303.7
13068.8 -5298.7
13068.7 -5288.7
13068.7 -5288.7
13068.6 -5278.71
13068.6 -5278.71
13068.6 -5273.71
13068.5 -5268.71
13068.4 -5258.71
13068.4 -5253.71
13068.4 -5253.71
13068.3 -5248.71
13068.3 -5243.71
13068.2 -5238.71
13068.2 -5233.71
13068.1 -5223.71
13068.1 -5223.71
13068 -5218.71
13068 -5213.71
13067.9 -5208.71
13067.9 -5203.71
13067.8 -5198.71
13067.8 -5193.71
13067.7 -5188.71
13067.7 -5183.71
13067.6 -5178.71
13067.6 -5173.71
13067.5 -5163.71
13067.4 -5158.71
13067.4 -5158.71
13067.4 -5153.71
13067.3 -5148.71
13067.2 -5138.71
13067.2 -5138.71
13067.2 -5133.71
13067.1 -5128.71
13067 -5118.71
13067 -5118.71
13095 -5114.81
13094.9 -5109.81
13094.7 -5099.81
13094.7 -5099.81
13094.6 -5094.81
13094.5 -5089.81
13094.4 -5084.81
13094.3 -5079.81
13094.2 -5074.81
13094.1 -5069.81
13094 -5064.82
13094 -5059.82
13093.8 -5049.82
13093.8 -5049.82
13093.7 -5044.82
13093.6 -5039.82
13093.4 -5029.82
13093.4 -5029.82
13093.3 -5024.82
13093.2 -5019.82
13093.1 -5014.82
13093 -5009.83
13092.9 -5004.83
13092.8 -4999.83
13092.7 -4994.83
13092.6 -4989.83
13092.5 -4984.83
13092.3 -4974.83
13092.3 -4974.83
13092.2 -4969.83
13092.1 -4964.83
13092 -4959.83
13091.9 -4954.84
13091.8 -4949.84
13091.6 -4939.84
13091.6 -4939.84
13091.4 -4929.84
13091.3 -4924.84
13091.3 -4924.84
13091.2 -4919.84
13091.2 -4914.84
13091.1 -4909.84
13091 -4904.85
13090.9 -4899.85
13090.8 -4894.85
13090.7 -4889.85
13090.6 -4884.85
13090.5 -4879.85
13090.4 -4874.85
13090.3 -4869.85
13090.2 -4864.85
13090.1 -4859.85
13090 -4854.85
13089.9 -4849.86
13089.8 -4844.86
13089.7 -4839.86
13089.6 -4834.86
13089.5 -4829.86
13089.4 -4824.86
13089.3 -4819.86
13089.2 -4814.86
13089.1 -4809.86
13089 -4804.86
13088.9 -4799.86
13088.8 -4794.87
13088.7 -4789.87
13088.6 -4784.87
13088.5 -4779.87
13088.4 -4774.87
13088.4 -4769.87
13088.2 -4759.87
13088.2 -4759.87
13088.1 -4754.87
13088 -4749.87
13087.9 -4744.87
13087.8 -4739.88
13087.6 -4729.88
13087.6 -4729.88
13087.5 -4724.88
13087.4 -4719.88
13087.3 -4714.88
13087.2 -4709.88
13087.1 -4704.88
13087 -4699.88
13086.9 -4694.88
13086.7 -4684.89
13086.7 -4684.89
13086.5 -4674.89
13086.5 -4674.89
13086.4 -4669.89
13086.3 -4664.89
13086.2 -4659.89
13086.1 -4654.89
13086 -4649.89
13085.9 -4644.89
13085.8 -4639.89
13085.7 -4634.9
13085.6 -4624.9
13085.6 -4624.9
13085.5 -4619.9
13083.8 -4624.7
13083.8 -4619.7
13083.8 -4614.7
13083.7 -4604.7
13083.7 -4604.7
13083.7 -4594.7
13083.7 -4594.7
13083.7 -4589.7
13083.6 -4584.7
13083.6 -4582.7
13083.6 -4582.7
13083.6 -4582.7
13083.6 -4582.7
13083.6 -4582.7
13083.6 -4582.7
13083.6 -4582.7
13083.1 -4579.74
13082.2 -4574.82
13082.2 -4574.82
13081.3 -4569.9
13080.4 -4564.98
13078.6 -4555.14
13078.6 -4555.14
13077.7 -4550.22
13076 -4540.39
13076 -4540.39
13075.1 -4535.47
13074.7 -4533.5
13074.7 -4533.5
13074.7 -4533.5
13074.7 -4533.5
13074.7 -4533.5
13074.7 -4533.5
13074.7 -4533.5
13074.7 -4533.5
13073.7 -4530.68
13072 -4525.99
13070.2 -4521.3
13068.5 -4516.61
13066.8 -4511.92
13063.3 -4502.54
13063.3 -4502.54
13061.6 -4497.85
13059.8 -4493.16
13058.1 -4488.47
13056.4 -4483.78
13054.6 -4479.09
13052.9 -4474.4
13051.2 -4469.71
13050.5 -4467.83
13050.5 -4467.83
13050.5 -4467.83
13050.5 -4467.83
13050.5 -4467.83
13049.1 -4465.17
13046.7 -4460.75
13046.7 -4460.75
13044.4 -4456.33
13042.1 -4451.9
13039.8 -4447.48
13037.4 -4443.05
13035.1 -4438.63
13030.4 -4429.78
13030.4 -4429.78
13024.9 -4417.34
13020.2 -4408.52
13020.2 -4408.52
13017.8 -4404.11
13016.9 -4402.35
13016.9 -4402.35
13016.9 -4402.35
13016.9 -4402.35
13016.9 -4402.35
13015.1 -4399.9
13015.1 -4399.9
13009.3 -4391.77
13009.3 -4391.77
13006.4 -4387.71
13003.5 -4383.65
12999.4 -4377.96
12999.4 -4377.96
12999.4 -4377.96
12999.4 -4377.96
12999.4 -4377.96
12999.4 -4377.96
12999.4 -4377.96
12999.4 -4377.96
12999.4 -4377.96
12999.4 -4377.96
12999.4 -4377.96
12999.4 -4377.96
12997.1 -4375.99
12993.3 -4372.74
12989.5 -4369.48
12985.7 -4366.23
12978.1 -4359.72
12978.1 -4359.72
12974.3 -4356.46
12966.8 -4349.95
12963 -4346.7
12963 -4346.7
12959.2 -4343.44
12955.4 -4340.19
12951.6 -4336.93
12947.8 -4333.68
12944 -4330.42
12940.2 -4327.17
12932.6 -4320.66
12932.6 -4320.66
12928.8 -4317.4
12921.2 -4310.89
12921.2 -4310.89
12917.4 -4307.63
12909.8 -4301.12
12909.8 -4301.12
12906 -4297.87
12902.2 -4294.61
12898.4 -4291.36
12896.9 -4290.06
12896.9 -4290.06
12896.9 -4290.06
12896.9 -4290.06
12896.9 -4290.06
12896.9 -4290.06
12896.9 -4290.06
12896.9 -4290.06
12896.9 -4290.06
12896.9 -4290.06
12896.9 -4290.06
12896.9 -4290.06
12893.2 -4293.28
12893.2 -4293.28
12893.2 -4293.28
12893.2 -4293.28
12893.2 -4293.28
12893.2 -4293.28
12893.2 -4293.28
12893.2 -4293.28
12893.2 -4293.28
12893.2 -4293.28
12893.2 -4293.28
12893.2 -4293.28
12893.2 -4293.28
12896.1 -4294.31
12896.1 -4294.31
12896.1 -4294.31
12896.1 -4294.31
12896.1 -4294.31
12896.1 -4294.31
12896.1 -4294.31
12896.1 -4294.31
12896.1 -4294.31
12896.1 -4294.31
12896.1 -4294.31
12896.1 -4294.31
12906.6 -4294.62
12906.6 -4294.62
12906.6 -4294.62
12906.6 -4294.62
12906.6 -4294.62
12906.6 -4294.62
12906.6 -4294.62
12906.6 -4294.62
12906.6 -4294.62
12906.6 -4294.62
12906.6 -4294.62
12906.6 -4294.62
12906.6 -4294.62
12901.6 -4292.12
12901.6 -4292.12
12901.6 -4292.12
12901.6 -4292.12
12901.6 -4292.12
12901.6 -4292.12
12901.6 -4292.12
12898.6 -4292.07
12894.8 -4291.9
12891.1 -4291.64
12887.3 -4291.24
12883.6 -4290.72
12881.7 -4291.87
12878.1 -4291.14
12874.4 -4290.34
12874.4 -4290.34
12870.7 -4289.48
12867.1 -4288.56
12863.5 -4287.58
12859.9 -4286.53
12856.3 -4285.42
12852.8 -4284.24
12849.2 -4283.01
12836.5 -4279.39
12836.5 -4279.39
12829.5 -4276.49
12829.5 -4276.49
12827.5 -4275.56
12825.5 -4274.62
12823.4 -4273.66
12818 -4271.02
12818 -4271.02
12812 -4267.93
12806.1 -4264.63
12799.1 -4260.35
12799.1 -4260.35
12799.1 -4260.35
12797.2 -4259.11
12787.3 -4252.3
12782 -4248.21
12782 -4248.21
12779.1 -4245.84
12777.3 -4244.38
12773.9 -4241.43
12773.9 -4241.43
12767.5 -4242.48
12764.3 -4239.38
12762.6 -4237.81
12762.6 -4237.81
12761.1 -4236.22
12759.5 -4234.62
12757.9 -4233.01
12756.3 -4231.39
12754.8 -4229.75
12753.3 -4228.09
12751.8 -4226.43
12750.3 -4224.75
12748.8 -4223.06
12747.3 -4221.35
12745.9 -4219.63
12743 -4216.16
12743 -4216.16
12740.2 -4212.64
12740.2 -4212.64
12738.8 -4210.86
12737.5 -4209.07
12734.8 -4205.45
12734.8 -4205.45
12734.1 -4204.53
12733.5 -4203.62
12732.2 -4201.79
12732.2 -4201.79
12731.5 -4200.88
12730.8 -4199.97
12729.5 -4198.14
12728.9 -4197.23
12728.9 -4197.23
12728.2 -4196.32
12727.6 -4195.4
12726.2 -4193.58
12726.2 -4193.58
12724.9 -4191.75
12724.3 -4190.84
12724.3 -4190.84
12723.6 -4189.92
12723 -4189.01
12722.3 -4188.1
12721.6 -4187.18
12721 -4186.27
12720.3 -4185.36
12719.7 -4184.44
12719 -4183.53
12718.4 -4182.62
12717 -4180.79
12717 -4180.79
12716.4 -4179.88
12715.7 -4178.96
12715.1 -4178.05
12714.4 -4177.13
12713.8 -4176.21
12713.2 -4175.28
12712.5 -4174.34
12711.9 -4173.4
12711.3 -4172.45
12710.7 -4171.51
12710.1 -4170.56
12709.5 -4169.61
12709.2 -4169.14
12708.9 -4168.67
12708.6 -4168.2
12708.3 -4167.72
12708 -4167.25
12718 -4165.52
12717.7 -4165.05
12717.4 -4164.57
12717.1 -4164.1
12716.8 -4163.63
12716.2 -4162.69
12716.2 -4162.69
12715.8 -4162.22
12715.5 -4161.75
12715.2 -4161.28
12714.9 -4160.81
12714.6 -4160.34
12714.3 -4159.87
12714 -4159.4
12713.7 -4158.93
12713.4 -4158.46
12713.1 -4157.99
12712.8 -4157.52
12712.5 -4157.05
12712.1 -4156.58
12711.8 -4156.11
12711.5 -4155.64
12711.2 -4155.17
12710.9 -4154.7
12710.3 -4153.76
12710.3 -4153.76
12710 -4153.29
12709.7 -4152.82
12709.4 -4152.35
12709.1 -4151.88
12708.7 -4151.41
12708.4 -4150.94
12708.1 -4150.46
12707.8 -4149.99
12707.5 -4149.52
12707.2 -4149.05
12706.6 -4148.11
12706.6 -4148.11
12706.3 -4147.64
12706 -4147.17
12705.7 -4146.7
12705.7 -4146.7
12705.7 -4146.7
12705.7 -4146.7
12705.7 -4146.7
12705.7 -4146.7
12705.7 -4146.7
12705.7 -4146.7
12705.7 -4146.7
12705.7 -4146.7
12705.7 -4146.7
12705.7 -4146.7
12705.7 -4146.7
12705.7 -4146.7
12705.7 -4146.7
12705.7 -4146.7
12705.7 -4146.7
12705.7 -4146.7
12705.7 -4146.7
12705.7 -4146.7
12705.7 -4146.7
12705.7 -4146.7
12705.7 -4146.7
12705.7 -4146.7
12705.7 -4146.7
12705.7 -4146.7
12705.7 -4146.7
12705.7 -4146.7
12705.7 -4146.7
12705.7 -4146.7
12705.7 -4146.7
12698.6 -4143.9
12698.6 -4143.9
12698.6 -4143.9
12698.6 -4143.9
12698.6 -4143.9
12698.6 -4143.9
12698.6 -4143.9
12698.6 -4143.9
12698.6 -4143.9
12698.6 -4143.9
12698.6 -4143.9
12698.6 -4143.9
12698.6 -4143.9
12698.6 -4143.9
12698.6 -4143.9
12698.6 -4143.9
12698.6 -4143.9
12698.6 -4143.9
12698.6 -4143.9
12698.6 -4143.9
12698.6 -4143.9
12698.6 -4143.9
12694.9 -4144.82
12694.9 -4144.82
12694.9 -4144.82
12694.9 -4144.82
12694.9 -4144.82
12694.9 -4144.82
12694.9 -4144.82
12694.9 -4144.82
12694.9 -4144.82
12694.9 -4144.82
12694.9 -4144.82
12694.9 -4144.82
12694.9 -4144.82
12694.9 -4144.82
12694.9 -4144.82
12694.9 -4144.82
12694.9 -4144.82
12694.9 -4144.82
12693.7 -4143.84
12693.7 -4143.84
12693.7 -4143.84
12693.7 -4143.84
12693.7 -4143.84
12693.7 -4143.84
12693.7 -4143.84
12693.7 -4143.84
12693.7 -4143.84
12693.7 -4143.84
12693.7 -4143.84
12693.7 -4143.84
12693.7 -4143.84
12693.7 -4143.84
12693.7 -4143.84
12693.7 -4143.84
12693.7 -4143.84
12693.7 -4143.84
12693.7 -4143.84
12693.7 -4143.84
12693.7 -4143.84
12693.7 -4143.84
12706.4 -4144.47
12708 -4141.89
12710.5 -4137.59
12713.1 -4133.29
12718.2 -4124.68
12718.2 -4124.68
12721.7 -4118.66
12721.7 -4118.66
12721.7 -4118.66
12721.7 -4118.66
12721.7 -4118.66
12721.7 -4118.66
12721.7 -4118.66
12721.7 -4118.66
12721.7 -4118.66
12722.8 -4115.86
12724.6 -4111.18
12728.1 -4101.82
12729.9 -4097.14
12729.9 -4097.14
12731.6 -4092.46
12732.3 -4090.59
12732.3 -4090.59
12732.3 -4090.59
12714.9 -4093.38
12714.9 -4093.38
12714.9 -4093.38
12714.9 -4093.38
12714.9 -4093.38
12714.9 -4093.38
12714.9 -4093.38
12714.9 -4093.38
12714.9 -4093.38
12714.9 -4093.38
12714.9 -4093.38
12714.9 -4093.38
12714.9 -4093.38
12714.9 -4093.38
12714.9 -4093.38
12714.9 -4093.38
12714.9 -4093.38
12714.9 -4093.38
12720 -4090.26
12720 -4090.26
12720 -4090.26
12720 -4090.26
12720 -4090.26
12720 -4090.26
12720 -4090.26
12720 -4090.26
12720 -4090.26
12720 -4090.26
12720 -4090.26
12720 -4090.26
12728.1 -4093.78
12728.1 -4093.78
12728.1 -4093.78
12728.1 -4093.78
12728.1 -4093.78
12728.1 -4093.78
12728.1 -4093.78
12728.1 -4093.78
12728.1 -4093.78
12728.1 -4093.78
12728.1 -4093.78
12728.1 -4093.78
12713.6 -4090.03
12713.6 -4090.03
12713.6 -4090.03
12713.6 -4090.03
12713.6 -4090.03
12713.6 -4090.03
12713.6 -4090.03
12713.6 -4090.03
12712.6 -4088.02
12711.3 -4085.29
12711.3 -4085.29
12710.1 -4082.56
12709.5 -4081.18
12707.8 -4087.1
12706.7 -4084.33
12706.7 -4084.33
12706.1 -4082.95
12705.5 -4081.56
12705 -4080.16
12704.4 -4078.77
12703.9 -4077.37
12703.3 -4075.97
12702.8 -4074.57
12702.3 -4073.17
12701.7 -4071.76
12701.2 -4070.35
12716.8 -4065.97
12716.3 -4064.56
12715.3 -4061.73
12715.3 -4061.73
12714.8 -4060.31
12714.3 -4058.89
12713.8 -4057.47
12713.4 -4056.05
12712.9 -4054.62
12712 -4051.76
12712 -4051.76
12711.5 -4050.33
12711.1 -4048.9
12710.7 -4047.46
12710.2 -4046.02
12709.8 -4044.59
12709.4 -4043.14
12709 -4041.7
12708.6 -4040.26
12708.2 -4038.81
12707.8 -4037.36
12707.4 -4035.91
12707 -4034.46
12706.7 -4033.01
12706.3 -4031.55
12705.6 -4028.64
12705.6 -4028.64
12705.2 -4027.18
12704.9 -4025.72
12704.6 -4024.26
12704.2 -4022.79
12703.9 -4021.33
12703.6 -4019.86
12703 -4016.92
12702.7 -4015.45
12702.4 -4013.98
12702.4 -4013.98
12702.1 -4012.51
12701.8 -4011.03
12701.6 -4009.56
12701.1 -4006.6
12701.1 -4006.6
12700.8 -4005.12
12700.6 -4003.64
12700.4 -4002.9
12700.3 -4002.16
12700.2 -4001.42
12700.1 -4000.68
12700 -3999.94
12699.9 -3999.19
12699.8 -3998.45
12699.7 -3997.71
12699.6 -3996.96
12699.5 -3996.22
12699.4 -3995.47
12699.3 -3993.98
12699.3 -3993.98
12699.2 -3993.23
12699.1 -3992.49
12699.1 -3991.74
12698.9 -3990.25
12698.9 -3990.25
12698.8 -3988.75
12698.8 -3988.75
12698.8 -3988
12698.7 -3987.25
12698.7 -3986.88
12698.7 -3986.51
12698.6 -3984.63
12698.5 -3982.76
12698.4 -3980.89
12698.2 -3977.14
12698.2 -3977.14
12698.2 -3975.27
12698.1 -3971.52
12698.1 -3971.52
12698 -3969.64
12698 -3967.77
12698 -3965.89
12698 -3964.02
12698 -3960.27
12698 -3960.27
12698 -3958.39
12698 -3956.52
12700.4 -3952.97
12700.4 -3952.03
12700.4 -3950.15
12700.4 -3950.15
12700.4 -3949.22
12700.4 -3948.28
12700.4 -3946.4
12700.4 -3946.4
12700.4 -3945.47
12700.4 -3944.53
12700.5 -3942.65
12700.5 -3942.65
12700.5 -3941.72
12700.5 -3940.78
12700.5 -3939.84
12700.5 -3938.9
12700.5 -3937.03
12700.5 -3937.03
12700.5 -3936.09
12700.5 -3935.16
12700.6 -3934.22
12700.6 -3933.28
12700.6 -3932.34
12700.6 -3930.47
12700.6 -3930.47
12700.6 -3929.53
12700.6 -3928.59
12700.6 -3927.66
12700.6 -3926.72
12700.6 -3925.78
12700.6 -3924.84
12700.7 -3923.91
12700.7 -3922.03
12700.7 -3922.03
12700.7 -3921.09
12700.7 -3919.22
12700.7 -3919.22
12700.7 -3918.28
12700.7 -3917.34
12700.7 -3916.41
12700.7 -3914.53
12700.7 -3914.53
12700.8 -3913.59
12700.8 -3912.66
12700.8 -3910.78
12700.8 -3910.78
12700.8 -3909.84
12700.8 -3908.91
12700.8 -3907.97
12700.8 -3907.03
12700.8 -3905.16
12700.8 -3905.16
12700.8 -3904.22
12700.9 -3903.28
12700.9 -3902.34
12700.9 -3901.41
12700.9 -3900.47
12700.9 -3899.53
12700.9 -3898.59
12700.9 -3896.72
12700.9 -3896.72
12700.9 -3895.78
12700.9 -3894.84
12700.9 -3893.91
12701 -3892.97
12701 -3891.1
12701 -3891.1
12701 -3890.16
12701 -3889.22
12701 -3888.28
12701 -3887.35
12701 -3886.41
12701 -3885.47
12701.1 -3884.53
12701.1 -3882.66
12701.1 -3882.66
12701.1 -3881.72
12701.1 -3880.78
12701.1 -3879.85
12701.1 -3878.91
12701.1 -3877.97
12701.1 -3877.03
12701.1 -3876.1
12701.1 -3875.16
12701.2 -3874.22
12701.2 -3872.35
12701.2 -3872.35
12701.2 -3871.41
12701.2 -3870.47
12701.2 -3869.53
12701.2 -3868.6
12701.2 -3867.66
12701.2 -3865.78
12701.2 -3864.85
12701.2 -3864.85
12701.2 -3863.91
12701.3 -3862.03
12701.3 -3861.1
12701.3 -3860.16
12701.3 -3860.16
12701.3 -3859.22
12693 -3857.56
12693 -3857.56
12693 -3856.62
12693 -3855.69
12693 -3853.81
12693 -3853.81
12693 -3852.87
12693 -3851.94
12693 -3851
12693 -3850.06
12693 -3849.12
12693 -3847.25
12693 -3847.25
12693.1 -3845.37
12693.1 -3845.37
12693.1 -3844.44
12693.1 -3843.5
12693.1 -3842.56
12693.1 -3840.69
12693.1 -3839.75
12693.1 -3839.75
12693.1 -3838.81
12693.1 -3836.94
12693.1 -3836.94
12693.1 -3836
12693.1 -3835.06
12693.1 -3834.12
12693.1 -3832.25
12693.1 -3832.25
12693.1 -3831.31
12693.1 -3829.44
12693.1 -3829.44
12693.2 -3827.56
12693.2 -3827.56
12693.2 -3826.62
12693.2 -3825.69
12693.2 -3824.75
12693.2 -3823.81
12693.2 -3822.87
12693.2 -3821.94
12693.2 -3821
12693.2 -3820.06
12693.2 -3819.12
12693.2 -3818.19
12693.2 -3817.25
12693.2 -3816.31
12693.2 -3815.37
12693.2 -3814.44
12693.2 -3813.5
12693.2 -3812.56
12693.2 -3811.62
12693.3 -3810.69
12693.2 -3809.75
12693.3 -3808.81
12693.3 -3807.87
12693.3 -3806.94
12693.3 -3806
12693.3 -3805.06
12693.3 -3804.12
12693.3 -3803.19
12693.3 -3802.25
12693.3 -3800.37
12693.3 -3800.37
12693.3 -3799.44
12693.3 -3798.5
12693.3 -3797.56
12693.3 -3796.62
12693.3 -3795.69
12693.3 -3794.75
12693.3 -3793.81
12693.3 -3792.87
12693.4 -3791
12693.4 -3790.06
12693.4 -3790.06
12693.4 -3789.12
12693.4 -3788.19
12693.4 -3787.25
12693.4 -3786.31
12693.4 -3784.44
12693.4 -3784.44
12693.4 -3783.5
12693.4 -3782.56
12693.4 -3780.69
12693.4 -3780.69
12693.4 -3779.75
12693.4 -3778.81
12693.4 -3777.87
12693.4 -3776.94
12693.4 -3776
12693.4 -3775.06
12693.4 -3774.12
12693.5 -3773.19
12693.5 -3772.25
12693.5 -3771.31
12693.5 -3770.37
12693.5 -3768.5
12693.5 -3768.5
12693.5 -3766.62
12693.5 -3766.62
12693.5 -3765.69
12693.5 -3764.75
12693.5 -3763.81
12693.5 -3762.87
12693.5 -3761.94
12693.5 -3761
12693.5 -3760.06
12693.5 -3757.62
12693.5 -3755.19
12693.5 -3752.75
12693.6 -3750.31
12693.6 -3747.88
12693.6 -3745.44
12693.7 -3743
12693.4 -3744.25
12693.5 -3741.81
12693.5 -3739.37
12693.5 -3736.94
12693.6 -3734.5
12693.6 -3732.06
12693.6 -3729.63
12693.6 -3727.19
12693.6 -3724.75
12693.7 -3722.31
12693.7 -3719.88
12693.7 -3717.44
12693.7 -3715
12693.7 -3710.13
12693.7 -3710.13
12693.7 -3707.69
12693.7 -3705.25
12693.6 -3702.81
12693.6 -3700.38
12693.5 -3696.44
12693.3 -3692.51
12693.2 -3688.57
12693.1 -3684.64
12692.9 -3680.7
12692.6 -3675.27
12692 -3664.41
12691.7 -3658.99
12691.7 -3658.99
12691.3 -3653.56
12690.9 -3648.14
12690.5 -3642.71
12690.1 -3637.29
12689.7 -3631.87
12689.3 -3627.95
12688.9 -3624.03
12688.4 -3618.62
12687.7 -3611.72
12687.7 -3611.72
12687.7 -3611.72
12686.9 -3602.76
12686.9 -3602.76
12686.2 -3596.04
12685.4 -3587.83
12683.8 -3571.41
12683.8 -3571.41
12683 -3563.19
12682.2 -3554.98
12681.4 -3546.77
12680.6 -3538.56
12679.8 -3530.35
12679 -3522.14
12678.3 -3513.92
12677.5 -3505.71
12676.7 -3497.5
12675.9 -3489.29
12674.3 -3472.87
12674.3 -3472.87
12673.5 -3464.65
12672.7 -3456.44
12671.1 -3440.02
12671.1 -3440.02
12670.3 -3431.81
12669.7 -3425.09
12668.4 -3411.65
12668.4 -3411.65
12667.7 -3404.93
12667.1 -3398.22
12666.4 -3391.5
12665.6 -3383.28
12664.8 -3375.07
12664 -3366.86
12663.2 -3358.65
12662.4 -3350.44
12660.8 -3334.02
12660.8 -3334.02
12660 -3325.8
12659.2 -3317.59
12658.5 -3309.38
12657.7 -3301.17
12656.9 -3292.96
12656.1 -3284.75
12654.5 -3268.32
12654.5 -3268.32
12652.9 -3251.9
12652.9 -3251.9
12652.1 -3243.69
12651.3 -3235.48
12650.5 -3227.26
12649.7 -3219.05
12648.9 -3210.84
12648.1 -3202.63
12647.3 -3194.42
12646.6 -3186.2
12646 -3177.98
12645.4 -3169.75
12655.1 -3160.37
12654.6 -3152.14
12654.1 -3143.9
12653.6 -3135.67
12653.1 -3127.43
12652.6 -3119.2
12651.6 -3102.73
12651.6 -3102.73
12650.7 -3086.26
12650.2 -3078.02
12650.2 -3078.02
12649.7 -3069.79
12649.2 -3061.55
12648.7 -3053.32
12648.2 -3045.08
12647.7 -3036.85
12647.2 -3028.61
12646.7 -3020.38
12646.2 -3012.14
12645.7 -3003.91
12645.2 -2995.67
12644.6 -2985.94
12644 -2976.21
12643.5 -2966.47
12643.1 -2956.73
12642.8 -2946.98
12642.5 -2937.24
12642.4 -2927.49
12642.3 -2917.74
12642.3 -2907.99
12642.4 -2896.74
12642.6 -2885.49
12642.9 -2874.24
12643.3 -2863
12643.8 -2851.76
12644.4 -2840.53
12645 -2830.8
12645.7 -2821.07
12646.5 -2811.35
12647.4 -2801.64
12649.3 -2782.24
12649.3 -2782.24
12650.4 -2772.56
12651.6 -2762.88
12653 -2753.23
12654.5 -2743.6
12656.2 -2734
12658.1 -2724.43
12660.1 -2714.89
12662.3 -2705.39
12664.7 -2695.94
12667.2 -2686.52
12669.9 -2677.15
12672.8 -2667.83
12675.8 -2658.56
12678 -2638.98
12681.3 -2629.8
12688.3 -2611.61
12692.1 -2602.61
12692.1 -2602.61
12700.1 -2584.82
12700.1 -2584.82
12704.3 -2576.03
12713.2 -2558.68
12713.2 -2558.68
12722.7 -2541.65
12722.7 -2541.65
12727.6 -2533.26
12732.8 -2524.96
12738 -2516.75
12743.4 -2508.64
12749 -2500.62
12754.6 -2492.69
12760.5 -2484.87
12766.4 -2477.15
12772.5 -2469.54
12778.7 -2462.03
12785.1 -2454.63
12791.6 -2447.35
12798.2 -2440.18
12804.9 -2433.12
12811.8 -2426.18
12826.7 -2411.4
12826.7 -2411.4
12838.4 -2400.94
12852.8 -2388.86
12869.8 -2375.28
12889.5 -2360.34
12912.1 -2344.17
12937.5 -2326.92
12965.8 -2308.47
12994.4 -2290.53
13023.2 -2273.08
13052.4 -2256.14
13081.9 -2239.71
13141.7 -2208.41
13141.7 -2208.41
13202.6 -2179.21
13202.6 -2179.21
13233.4 -2165.41
13264.4 -2152.16
13295.7 -2139.44
13327.2 -2127.28
13362 -2117.01
13394 -2106.15
13426.1 -2095.85
13458.4 -2086.11
13489.5 -2077.34
13519.9 -2069.31
13549.8 -2061.99
13579.1 -2055.36
13607.7 -2049.39
13634.2 -2044.34
13660.8 -2039.52
13687.4 -2034.94
13714 -2030.59
13740.7 -2026.47
13767.4 -2022.58
13794.2 -2018.93
13821 -2015.51
13846.3 -2012.51
13871.6 -2009.72
13897 -2007.15
13923.9 -2004.67
13950.8 -2002.42
13977.7 -2000.41
14004.7 -1998.64
14033.1 -1997.01
14053.7 -1987.51
14082.1 -1986.16
14110.6 -1985.06
14139.1 -1984.2
14167.6 -1983.6
14196.1 -1983.24
14221.6 -1983.14
14247.1 -1983.05
14272.6 -1982.95
14298.1 -1982.85
14349.1 -1982.66
14349.1 -1982.66
14378.3 -1985.27
14403.8 -1985.15
14454.8 -1984.92
14454.8 -1984.92
14480.3 -1984.81
14531.3 -1984.57
14556.8 -1984.46
14556.8 -1984.46
14607.8 -1984.22
14607.8 -1984.22
14633.3 -1984.11
14657.3 -1984
14681.3 -1983.89
14705.3 -1983.78
14727.8 -1983.67
14750.3 -1983.57
14772.8 -1983.47
14795.3 -1983.37
14829.3 -1989.41
14850.3 -1989.34
14871.3 -1989.27
14911.8 -1989.14
14911.8 -1989.14
14950.8 -1989.02
14970.3 -1988.96
14970.3 -1988.96
14988.3 -1988.9
15006.3 -1988.84
15024.3 -1988.79
15060.3 -1988.67
15076.8 -1988.62
15076.8 -1988.62
15093.3 -1988.57
15109.8 -1988.51
15126.3 -1988.46
15142.8 -1988.41
15157.8 -1988.36
15172.8 -1988.31
15187.8 -1988.27
15202.8 -1988.22
15217.8 -1988.17
15232.8 -1988.12
15246.3 -1988.08
15297.1 -1970.88
15324.1 -1970.73
15324.1 -1970.73
15336.1 -1970.65
15360.1 -1970.51
15372.1 -1970.44
15372.1 -1970.44
15384.1 -1970.37
15396.1 -1970.3
15418.6 -1970.17
15418.6 -1970.17
15429.1 -1970.11
15439.6 -1970.05
15450.1 -1969.99
15460.6 -1969.93
15471.1 -1969.86
15481.6 -1969.8
15492.1 -1969.74
15502.6 -1969.59
15513.1 -1969.3
15534 -1968.31
15534 -1968.31
15544.5 -1967.6
15555 -1966.76
15565.4 -1965.79
15575.9 -1964.67
15586.3 -1963.42
15596.7 -1962.04
15607.1 -1960.52
15617.5 -1958.86
15627.8 -1957.06
15638.1 -1955.14
15648.4 -1953.07
15658.7 -1950.87
15668.9 -1948.54
15679.2 -1946.08
15689.3 -1943.48
15699.5 -1940.74
15709.6 -1937.88
15754.3 -1938.18
15754.3 -1938.18
15764.3 -1934.93
15774.3 -1931.56
15784.1 -1928.05
15794 -1924.42
15813.6 -1916.76
15813.6 -1916.76
15830.1 -1909.78
15830.1 -1909.78
15834.3 -1908
