14501.7 639.062
14501.7 603.494
14501.6 567.972
14501.6 532.491
14501.5 497.044
14501.5 461.627
14501.4 426.235
14501.4 390.861
14501.3 355.501
16261.2 309.966
16261.2 289.997
16261.2 270.026
16261.1 250.051
16261.1 230.068
16261.1 210.074
16261.1 190.067
16261 170.042
16261 149.998
16261 129.931
16260.9 109.838
16260.9 89.7148
16260.9 69.5598
16260.8 49.3685
16260.8 29.1389
16260.8 8.86747
16260.7 -11.4493
16260.7 -31.8145
16260.7 -52.2314
16260.6 -72.7036
16260.6 -93.2342
16260.6 -113.827
16260.6 -134.485
16260.5 -155.212
16260.5 -176.011
16260.5 -196.885
16260.4 -217.84
16260.4 -238.877
16260.4 -260.002
16260.3 -281.217
16260.3 -302.527
16260.3 -323.936
16260.2 -345.447
16260.2 -367.064
16260.2 -388.792
16260.1 -410.634
16260.1 -432.596
16260.1 -454.681
16260 -476.894
16260 -499.24
16260 -521.723
16259.9 -544.347
16259.9 -567.118
16259.9 -590.041
15039.1 -1098.89
15139.1 -1093.71
15179.1 -1111.84
15179 -1146.57
14498.5 -1480.28
14498.4 -1522.67
14498.4 -1565.39
14498.3 -1608.45
14498.2 -1651.87
14498.2 -1695.66
14498.1 -1739.83
14498 -1784.4
14498 -1829.36
14497.9 -1874.74
14497.8 -1920.55
14497.7 -1966.81
14497.7 -2013.52
14497.6 -2060.7
14497.5 -2108.36
14497.5 -2156.52
14497.4 -2205.2
14497.3 -2254.41
14497.2 -2304.16
14517.2 -2341.37
14617.2 -2325.22
14657.2 -2347.96
14771.9 -2318.44
14833.9 -2323.81
14905 -2321.62
14961.2 -2329.01
15027.8 -2327.8
16639.1 -1151.99
16679.3 -1147.38
16719 -1142.35
16738.3 -1152.96
16781.6 -1143.75
16799.6 -1154.66
16837.3 -1148.79
16877.7 -1139.75
16894.3 -1150.85
16930.5 -1144.25
16948.4 -1153.58
16983.6 -1146.71
17018.6 -1139.36
17034.1 -1149.9
17068.1 -1142.27
17081.9 -1154
17103 -1158.32
17128 -1158.36
17152.5 -1158.39
17157.9 -1178.4
17145 -1218.38
17169.3 -1218.42
17157.6 -1258.4
17164.3 -1278.41
17154 -1318.4
17161.5 -1338.41
17152.6 -1378.39
17160.8 -1398.41
17169.3 -1418.42
17162.2 -1458.41
17155.9 -1498.4
17150.5 -1538.39
17160.6 -1558.41
17171.1 -1578.42
17152.9 -1638.4
17164.3 -1658.41
17148.1 -1718.39
17160.4 -1738.41
17146.2 -1798.39
17159.4 -1818.41
17160 -1858.41
17148.6 -1918.39
17163.2 -1938.41
17165.7 -1978.42
16467.7 -3197.35
16508.7 -3197.41
16549.4 -3197.47
16589.7 -3197.53
16629.6 -3197.6
17764.1 -1159.33
17780.4 -1159.36
17796.6 -1159.38
17812.6 -1159.41
17828.4 -1159.43
17844.2 -1159.45
17859.8 -1159.48
17875.3 -1159.5
17890.6 -1159.53
17905.9 -1159.55
17921 -1159.57
17936 -1159.59
17950.9 -1159.62
17965.7 -1159.64
17980.4 -1159.66
17995 -1159.69
18009.5 -1159.71
18023.9 -1159.73
18038.2 -1159.75
18052.4 -1159.77
18066.5 -1159.79
18080.6 -1159.82
18094.6 -1159.84
18108.5 -1159.86
18122.3 -1159.88
18136.1 -1159.9
18149.8 -1159.92
18163.4 -1159.94
18177 -1159.96
18190.5 -1159.98
18204 -1160.01
18217.4 -1160.03
18230.7 -1160.05
18244 -1160.07
18249.4 -1200.07
18232.6 -1360.05
18240.4 -1400.06
18245.4 -1460.07
18232 -1640.05
18246.2 -1660.07
18263.7 -1660.1
18281.2 -1660.12
18298.5 -1660.15
18315.9 -1660.18
18333.2 -1660.2
18350.5 -1660.23
18367.8 -1660.26
18385 -1660.28
18402.2 -1660.31
18419.4 -1660.34
18436.5 -1660.36
18453.7 -1660.39
18470.8 -1660.41
18487.9 -1660.44
18505.1 -1660.47
18522.2 -1660.49
18539.3 -1660.52
18556.4 -1660.55
18573.5 -1660.57
18596.9 -1940.61
18616.5 -1940.64
18636.1 -1940.67
18703.6 -2920.77
18731.8 -2920.82
18760 -2920.86
18788.2 -2920.9
18816.5 -2920.95
18844.9 -2920.99
18873.3 -2921.03
18901.7 -2921.08
18930.2 -2921.12
18958.8 -2921.16
18987.4 -2921.21
19016.1 -2921.25
19044.8 -2921.3
19073.7 -2921.34
19102.6 -2921.38
19131.6 -2921.43
19160.7 -2921.47
19190 -2921.52
19219.3 -2921.56
19068.9 -2097.69
19067 -1993.09
19068.5 -1910.31
19068.8 -1828.32
19068.9 -1751.52
19068 -1675.82
19066.1 -1601.12
19065.8 -1537.13
19068.3 -1486.42
19070.1 -1436.32
19071.3 -1386.79
19071.1 -1335.87
19071.4 -1289.13
19071 -1242.73
19069.9 -1196.65
19069.8 -1155.65
19067.9 -1111.61
19072.9 -1087.76
19069.7 -1044.07
19069.9 -1010.83
19065.9 -968.679
19069.6 -946.63
19073 -924.663
19058.9 -864.042
19053 -824.033
19055.6 -804.037
19057.9 -784.041
19059.8 -764.044
19051.5 -724.031
19052.5 -704.032
19053.2 -684.033
19053.6 -664.034
19053.6 -644.034
19053.2 -624.033
19052.5 -604.032
19051.5 -584.031
19050 -564.028
19060.2 -564.044
19058.3 -544.041
19056 -524.037
19053.3 -504.033
19050.3 -484.029
19060 -484.043
19056.4 -464.038
19052.4 -444.032
19062 -444.047
19057.5 -424.04
19052.5 -404.032
19061.9 -404.046
19056.4 -384.038
19050.5 -364.029
19059.7 -364.043
19053.2 -344.033
19062.4 -344.047
19055.3 -324.036
19047.7 -304.025
19056.7 -304.038
19048.5 -284.026
19057.5 -284.039
19048.6 -264.026
19057.5 -264.039
19048 -244.025
19056.9 -244.038
19046.7 -224.023
19055.5 -224.036
19064.5 -224.05
19065.5 -216.041
19065.5 -207.168
19065.6 -198.444
19065.6 -189.863
19065.6 -181.421
19065.6 -173.114
19065.6 -164.937
19065.6 -156.885
19065.6 -148.955
19065.6 -141.142
19065.7 -133.444
19065.7 -125.856
19065.7 -118.374
19065.7 -110.997
19065.7 -103.719
19065.7 -96.5386
19065.7 -89.452
19065.7 -82.4569
19065.7 -75.5501
19065.8 -68.7291
19065.8 -61.9911
19065.8 -55.3337
19065.8 -48.7545
19065.8 -42.251
19065.8 -35.8211
19065.8 -29.4624
19065.8 -23.1729
19065.8 -16.9505
19065.8 -10.7933
19065.9 -4.69914
19065.9 1.3337
19065.9 7.30707
19065.9 13.2228
19065.9 19.0825
19065.9 24.8882
19065.9 30.641
19065.9 36.3428
19065.9 41.995
19065.9 47.5992
19065.9 53.1568
19066 58.6692
19066 64.1379
19066 69.5641
19066 74.9492
19066 80.2944
19066 85.6011
19066 90.8703
19066 96.1033
19066 101.301
19066 106.465
19066 111.597
19066 116.696
19066 121.765
19066.1 126.805
19066.1 131.816
19066.1 136.799
19066.1 141.756
19066.1 146.687
19066.1 151.593
19066.1 156.476
19066.1 161.336
19066.1 166.173
19066.1 170.99
19066.1 175.787
19066.1 180.564
19066.1 185.323
19066.2 190.064
19066.2 194.788
19066.2 199.496
19066.2 204.19
19066.2 208.868
19066.2 213.533
19066.2 218.185
19066.2 222.825
19066.2 227.453
19066.2 232.071
19066.2 236.679
19066.2 241.278
19066.2 245.868
19066.2 250.451
19066.3 255.026
19066.3 259.595
19066.3 264.159
19066.3 268.718
19066.3 273.273
19066.3 277.824
19066.3 282.372
19066.3 286.919
19066.3 291.463
19066.3 296.008
19066.3 300.552
19066.3 305.097
19066.3 309.643
19066.3 314.192
19066.4 318.743
19066.4 323.298
19066.4 327.857
19066.4 332.421
19066.4 336.99
19066.4 341.566
19066.4 346.149
19066.4 350.739
19066.4 355.338
19066.4 359.946
19066.4 364.564
19066.4 369.193
19066.4 373.833
19066.4 378.485
19066.4 383.151
19066.5 387.83
19066.5 392.523
19066.5 397.232
19066.5 401.956
19066.5 406.698
19066.5 411.457
19066.5 416.235
19066.5 421.032
19066.5 425.85
19066.5 430.688
19066.5 435.548
19066.5 440.432
19066.5 445.339
19066.6 450.27
19066.6 455.228
19066.6 460.212
19066.6 465.223
19066.6 470.264
19066.6 475.333
19066.6 480.434
19066.6 485.566
19066.6 490.731
19066.6 495.93
19066.6 501.164
19066.6 506.434
19066.6 511.742
19066.7 517.088
19066.7 522.474
19066.7 527.901
19066.7 533.371
19066.7 538.885
19066.7 544.444
19066.7 550.049
19066.7 555.703
19066.7 561.406
19066.7 567.16
19066.7 572.967
19066.7 578.828
19066.8 584.745
19066.8 590.72
19066.8 596.755
19066.8 602.85
19066.8 609.009
19066.8 615.234
19066.8 621.525
19066.8 627.885
19066.8 634.317
19066.8 640.823
19066.9 647.404
19066.9 654.063
19066.9 660.804
19066.9 667.627
19066.9 674.536
19066.9 681.533
19066.9 688.622
19066.9 695.805
19066.9 703.085
19067 710.466
19067 717.95
19067 725.541
19067 733.242
19067 741.058
19067 748.991
19067 757.046
19067 765.227
19067 773.538
19067.1 781.983
19067.1 790.568
19067.1 799.296
19067.1 808.173
19065.9 815.949
19056.9 815.963
19048 815.976
19058.3 835.961
19049.4 835.974
19059 855.959
19050.1 855.973
19059 875.96
19050.1 875.973
19058.3 895.961
19049.3 895.974
19057 915.963
19064.1 935.952
19054.9 935.966
19061.5 955.956
19052.3 955.97
19058.3 975.961
19063.8 995.952
19054.4 995.967
19059.4 1015.96
19064 1035.95
19054.4 1035.97
19058.5 1055.96
19048.9 1055.98
19039.4 1055.99
19030 1056
19020.8 1056.02
19011.6 1056.03
19002.5 1056.05
18993.6 1056.06
18984.7 1056.07
18975.9 1056.09
18967.2 1056.1
18958.5 1056.11
18950 1056.13
18941.5 1056.14
18933.1 1056.15
18924.8 1056.17
18916.6 1056.18
18908.4 1056.19
18900.3 1056.2
18892.3 1056.22
18884.3 1056.23
18876.4 1056.24
18868.5 1056.25
18860.7 1056.26
18853 1056.28
18845.3 1056.29
18837.7 1056.3
18830.1 1056.31
18822.5 1056.32
18815 1056.33
18807.6 1056.34
18800.2 1056.36
18792.9 1056.37
18785.5 1056.38
18778.3 1056.39
18771 1056.4
18763.8 1056.41
18756.7 1056.42
18749.5 1056.43
18742.5 1056.44
18735.4 1056.46
18728.4 1056.47
18721.4 1056.48
18714.4 1056.49
18707.4 1056.5
18700.5 1056.51
18693.6 1056.52
18686.7 1056.53
18679.9 1056.54
18673 1056.55
18666.2 1056.56
18659.4 1056.57
18652.7 1056.58
18645.9 1056.59
18639.2 1056.6
18632.4 1056.61
18625.7 1056.62
18619 1056.63
18612.3 1056.64
18605.6 1056.65
18598.9 1056.66
18592.3 1056.67
18585.6 1056.69
18579 1056.7
18572.3 1056.71
18565.7 1056.72
18559 1056.73
18552.4 1056.74
18545.7 1056.75
18539.1 1056.76
18532.4 1056.77
18525.8 1056.78
18519.2 1056.79
18512.5 1056.8
18505.8 1056.81
18499.2 1056.82
18492.5 1056.83
18485.8 1056.84
18479.1 1056.85
18472.4 1056.86
18465.7 1056.87
18459 1056.88
18452.3 1056.89
18445.5 1056.9
18438.7 1056.91
18431.9 1056.92
18425.1 1056.93
18418.3 1056.94
18411.5 1056.95
18404.6 1056.96
18397.7 1056.97
18390.8 1056.98
18383.9 1056.99
18376.9 1057
18369.9 1057.02
18362.9 1057.03
18355.9 1057.04
18348.8 1057.05
18341.7 1057.06
18334.5 1057.07
18327.3 1057.08
18320.1 1057.09
18312.9 1057.1
18305.6 1057.11
18298.2 1057.13
18290.9 1057.14
18283.4 1057.15
18276 1057.16
18268.5 1057.17
18260.9 1057.18
18253.3 1057.19
18245.6 1057.21
18237.9 1057.22
18230.1 1057.23
18222.3 1057.24
18214.4 1057.25
18206.5 1057.27
18198.5 1057.28
18190.4 1057.29
18182.3 1057.3
18174 1057.32
18165.8 1057.33
18157.4 1057.34
18149 1057.35
18140.5 1057.37
18131.9 1057.38
18121.7 1060.12
18112.9 1060.14
18104 1060.15
18095.1 1060.16
18086 1060.18
18076.9 1060.19
18067.6 1060.21
18058.3 1060.22
18048.8 1060.24
18039.2 1060.25
18029.5 1060.26
18019.7 1060.28
18009.8 1060.29
17999.8 1060.31
17989.6 1060.33
17979.3 1060.34
17968.9 1060.36
17958.3 1060.37
17947.6 1060.39
17936.7 1060.41
17925.7 1060.42
17914.6 1060.44
17903.2 1060.46
17891.7 1060.48
17880 1060.49
17868.2 1060.51
17856.1 1060.53
17843.9 1060.55
17831.4 1060.57
17818.8 1060.59
17805.9 1060.61
17792.9 1060.63
17762.3 1077.83
17755.9 1070.62
17749.3 1063.52
17721.4 1076.57
17714.2 1069.71
17706.9 1062.96
17677.1 1076.35
17669.1 1069.81
17660.9 1063.36
17629 1077.06
17620.1 1070.81
17611 1064.65
17576.8 1078.61
17566.8 1072.63
17556.6 1066.73
17546.2 1060.9
17508.8 1075.2
17502.4 1065.87
17502.4 1051.9
17473.8 1058.41
17432.7 1073
17419.6 1067.61
17406.1 1062.28
17361.9 1077.07
17347.1 1071.87
17331.9 1066.73
17316.3 1061.64
17267.3 1076.66
14504.9 2712.98
14504.8 2665.33
14504.8 2618.16
16083.3 1682.97
16083.3 1654.79
16083.3 1626.88
16143.2 1567.53
16143.1 1540.8
16143.1 1514.31
16143 1488.05
16103 1481.4
16023 1493.06
15983 1484.71
15903 1493.83
15843 1492.65
15783 1490.43
15723 1487.19
15643 1491.14
15563 1493.68
15483 1494.8
15403 1494.53
15363 1478.03
15283 1475.38
15183 1478.37
15083 1479.61
14983 1479.09
14863 1483.28
14720.4 1492.42
14594.8 1493.86
14585.3 1459.07
14591.4 1419.83
14592.8 1382.18
14593.2 1345.02
14602.8 1305.68
14582 1274.16
14495.9 1257.93
14501.5 1219.33
14486 1185.62
14502.5 1145.04
14502.5 1108.22
14502.4 1071.54
14502.3 1034.97
14502.3 998.521
14502.2 962.181
14502.2 925.943
14502.1 889.804
14502.1 853.755
14502 817.793
14502 781.909
14501.9 746.1
14501.8 710.361
14501.8 674.682
14501.7 639.063
