9478.43 -6022.88
9478.43 -6022.88
9478.43 -6022.88
9478.43 -6022.88
9478.43 -6022.88
9478.43 -6022.88
9478.43 -6022.88
9478.43 -6022.88
9478.43 -6022.88
9478.43 -6022.88
9478.43 -6022.88
9478.43 -6022.88
9478.43 -6022.88
9478.43 -6022.88
9478.43 -6022.88
9478.43 -6022.88
9478.43 -6022.88
9478.43 -6022.88
9478.43 -6022.88
9478.43 -6022.88
9478.43 -6022.88
9478.43 -6022.88
9478.43 -6022.88
9478.43 -6022.88
9478.43 -6022.88
9478.43 -6022.88
9475.82 -6021.41
9471.45 -6018.97
9467.08 -6016.54
9462.71 -6014.1
9461.67 -6020.67
9457.31 -6018.22
9455.56 -6017.24
9455.56 -6017.24
9455.56 -6017.24
9455.56 -6017.24
9455.56 -6017.24
9455.56 -6017.24
9455.56 -6017.24
9455.56 -6017.24
9455.56 -6017.24
9455.56 -6017.24
9455.56 -6017.24
9455.56 -6017.24
9455.56 -6017.24
9455.56 -6017.24
9455.56 -6017.24
9455.56 -6017.24
9455.56 -6017.24
9455.56 -6017.24
9455.56 -6017.24
9455.56 -6017.24
9455.56 -6017.24
9455.56 -6017.24
9455.56 -6017.24
9455.56 -6017.24
9455.56 -6017.24
9455.56 -6017.24
9455.56 -6017.24
9455.56 -6017.24
9455.56 -6017.24
9455.56 -6017.24
9455.56 -6017.24
9455.56 -6017.24
9455.56 -6017.24
9455.56 -6017.24
9455.56 -6017.24
9455.56 -6017.24
9455.56 -6017.24
9455.56 -6017.24
9455.56 -6017.24
9455.56 -6017.24
9455.56 -6017.24
9455.56 -6017.24
9455.56 -6017.24
9455.56 -6017.24
9455.56 -6017.24
9460.11 -6009.19
9460.11 -6009.19
9460.11 -6009.19
9460.11 -6009.19
9460.11 -6009.19
9460.11 -6009.19
9460.11 -6009.19
9460.11 -6009.19
9460.11 -6009.19
9460.11 -6009.19
9460.11 -6009.19
9460.11 -6009.19
9451.55 -6008.89
9451.55 -6008.89
9450.66 -6006.02
9450.66 -6006.02
9445.72 -5991.86
9445.72 -5991.86
9442.64 -5983.4
9441.59 -5980.59
9441.59 -5980.59
9441.59 -5980.59
9441.59 -5980.59
9440.54 -5977.78
9434.68 -5961.33
9430.28 -5950.16
9430.28 -5950.16
9425.92 -5938.98
9423.76 -5933.38
9422.68 -5930.58
9422.68 -5930.58
9422.68 -5930.58
9422.68 -5930.58
9421.61 -5927.79
9419.35 -5922.22
9415.83 -5913.94
9405.32 -5889.07
9399.62 -5875.2
9399.62 -5875.2
9396.28 -5866.84
9392.94 -5858.48
9392.94 -5858.48
9392.94 -5858.48
9392.94 -5858.48
9392.94 -5858.48
9391.82 -5855.7
9389.5 -5850.17
9385.87 -5841.93
9381.02 -5830.95
9375.09 -5817.18
9365.56 -5796.46
9357.63 -5777.02
9340.1 -5732.33
9340.1 -5732.33
9331.36 -5709.18
9324.9 -5691.58
9319.47 -5676.79
9311.71 -5655.67
9311.71 -5655.67
9309.38 -5649.34
9308.08 -5645.82
9307.83 -5645.11
