-0 -0
-0 -0
-0 -0
-0 -0
-0 -0
-0 -0
-0 -0
-0 -0
-0 -0
-0 -0
-0 -0
-0 -0
-0 -0
-0 -0
-0 -0
-0 -0
-0 -0
-0 -0
-0 -0
-0 -0
-2.26104 -3.2291
-2.28318 -3.32205
-2.28486 -3.38745
-2.28281 -3.44895
-2.27169 -3.49809
-2.24806 -3.52875
-2.21029 -3.53721
-2.16576 -3.53419
-2.11784 -3.52467
-2.07177 -3.51717
-2.0335 -3.52213
-1.99284 -3.52233
-1.95281 -3.52297
-1.90339 -3.5056
-1.87366 -3.52384
-1.8336 -3.52232
-1.79145 -3.51591
-1.754 -3.51799
-1.7114 -3.50889
-1.67254 -3.50654
-1.63849 -3.51376
-1.59242 -3.49425
-1.56675 -3.51898
-1.5296 -3.51784
-1.49142 -3.51357
-1.45688 -3.51721
-1.42013 -3.51495
-1.38501 -3.51605
-1.34675 -3.50839
-1.30417 -3.48817
-1.2795 -3.51539
-1.23976 -3.50097
-1.20753 -3.50693
-1.17276 -3.505
-1.13904 -3.50559
-1.10419 -3.50205
-1.07008 -3.50008
-1.02956 -3.47572
-1.00553 -3.50668
-0.970076 -3.49798
-0.936149 -3.49375
-0.903621 -3.49404
-0.871161 -3.49404
-0.837602 -3.48886
-0.806225 -3.49214
-0.769876 -3.47268
-0.743284 -3.49688
-0.711145 -3.49539
-0.677944 -3.48772
-0.644932 -3.47974
-0.614888 -3.4872
-0.584598 -3.49342
-0.552683 -3.4895
-0.517924 -3.46551
-0.489611 -3.48376
-0.458408 -3.48195
-0.426664 -3.4749
-0.396211 -3.4775
-0.366059 -3.48282
-0.33546 -3.48389
-0.304174 -3.47672
-0.27241 -3.4613
-0.24345 -3.4815
-0.212693 -3.4775
-0.182286 -3.47823
-0.151621 -3.47269
-0.121311 -3.47388
-0.0908079 -3.46781
-0.0604728 -3.46447
-0.0301153 -3.45087
2.61223e-07 -3.46
0.0302637 -3.46787
0.0606121 -3.47247
0.0908599 -3.46981
0.120822 -3.45989
0.150662 -3.45071
0.181449 -3.46225
0.211533 -3.45854
0.241776 -3.45756
0.272096 -3.45731
0.303128 -3.46477
0.333447 -3.46298
0.364491 -3.4679
0.393607 -3.45465
0.425202 -3.46299
0.455406 -3.45915
0.48641 -3.46099
0.516889 -3.45859
0.548302 -3.46185
0.572055 -3.41847
0.557584 -3.16222
0.540693 -2.91732
0.565939 -2.91151
0.588135 -2.89078
0.617082 -2.90314
0.642176 -2.89667
0.671254 -2.90752
0.696601 -2.90155
0.71875 -2.88275
0.748636 -2.89476
0.774646 -2.89102
0.798775 -2.88029
0.828015 -2.88763
0.856306 -2.89084
0.881793 -2.88422
0.909034 -2.88309
0.937867 -2.88646
0.96302 -2.87816
0.990704 -2.87721
1.01411 -2.86374
1.04624 -2.87452
1.08179 -2.89338
1.14785 -2.99026
1.33846 -3.39788
1.39091 -3.44263
1.42014 -3.42852
1.45782 -3.4344
1.49132 -3.4298
1.52486 -3.42488
1.55261 -3.40689
1.60046 -3.43219
1.63637 -3.43073
1.66844 -3.42081
1.70448 -3.41865
1.7406 -3.41612
1.78235 -3.42386
1.81404 -3.41171
1.85185 -3.41069
1.88785 -3.40577
1.93818 -3.42572
2.03 -3.51606
2.51079 -4.26248
2.56283 -4.26526
2.61406 -4.26576
2.66125 -4.2589
2.70423 -4.24479
2.76731 -4.26128
2.81874 -4.25865
2.88096 -4.2712
2.95041 -4.29287
2.9998 -4.28417
3.04753 -4.27248
3.11056 -4.28132
3.16267 -4.27411
3.22573 -4.28069
3.28305 -4.27855
3.34612 -4.28284
3.40391 -4.2793
3.45937 -4.27197
3.50225 -4.24857
3.51219 -4.18567
3.57781 -4.18908
3.64113 -4.18864
3.69212 -4.17318
3.76319 -4.17945
3.82857 -4.17815
3.87784 -4.15848
3.95391 -4.16655
4.07487 -4.21965
4.17742 -4.25097
4.26315 -4.26315
4.30447 -4.22999
4.30381 -4.15614
4.29494 -4.07575
4.2989 -4.00879
4.2939 -3.93464
4.29463 -3.86691
4.28552 -3.79151
4.29505 -3.73363
4.29097 -3.66484
4.29521 -3.60411
4.28946 -3.53596
4.28985 -3.47385
4.28556 -3.40889
4.28284 -3.34612
4.28569 -3.28853
4.28388 -3.22814
4.29018 -3.17457
4.29103 -3.11761
4.28225 -3.0545
4.28908 -3.00325
4.2871 -2.94645
4.27535 -2.88376
4.27533 -2.82978
4.27135 -2.77385
4.27262 -2.72196
4.27925 -2.67397
4.27343 -2.61876
4.27212 -2.56695
4.27196 -2.51638
4.26344 -2.4615
4.26474 -2.41288
4.25852 -2.36054
4.26314 -2.3147
4.26111 -2.26567
4.26209 -2.2187
4.25901 -2.17008
4.2572 -2.12256
4.25219 -2.07393
4.25569 -2.02986
4.25421 -1.98377
4.2568 -1.93993
4.26352 -1.89824
4.25241 -1.849
4.24629 -1.80244
4.24338 -1.75767
4.25948 -1.72094
4.23898 -1.66978
4.24312 -1.62878
4.245 -1.58714
4.25305 -1.54798
4.23623 -1.50013
4.23309 -1.45757
4.24565 -1.42057
4.23981 -1.3776
4.21734 -1.32972
4.22878 -1.29287
4.23223 -1.25364
4.23628 -1.21473
0.63696 -0.176645
0.616261 -0.165127
0.630264 -0.162997
0.628752 -0.156765
0.609676 -0.14637
0.622622 -0.143744
0.616043 -0.136573
0.620146 -0.131816
0.619312 -0.126001
0.616462 -0.119828
0.616501 -0.114262
0.618459 -0.109051
0.619387 -0.10365
0.620268 -0.0982409
0.620113 -0.0926766
0.621888 -0.0874007
0.61073 -0.0804041
0.603468 -0.0740966
0.627937 -0.0715445
0.619587 -0.0651213
0.604205 -0.0581783
0.615648 -0.0538622
0.619086 -0.0487231
0.611507 -0.0427608
0.607864 -0.0371786
0.599178 -0.0314015
0.604424 -0.0263897
0.620622 -0.0216726
0.599794 -0.0157062
0.614906 -0.0107333
0.611977 -0.00534061
0.599 0
0.607977 0.0053057
0.616906 0.0107681
0.61179 0.0160203
0.603632 0.0210793
0.596432 0.0260408
0.616154 0.0322912
0.60986 0.0373006
0.611507 0.0427608
0.603135 0.0474678
0.597717 0.0522934
0.609182 0.0586576
0.609642 0.0640759
0.607072 0.0691672
0.597513 0.0733654
0.59685 0.0785768
0.608025 0.0854522
0.610223 0.0911983
0.595576 0.09433
0.605579 0.101339
0.610581 0.107662
0.598802 0.110981
0.603701 0.117347
0.592854 0.120618
0.603517 0.128282
0.602375 0.133543
0.559288 0.129122
0.547444 0.13143
0.566653 0.141282
0.557653 0.144219
0.557339 0.149339
0.554088 0.153662
0.556571 0.159594
0.543651 0.161037
0.556569 0.17016
0.553156 0.174409
0.553515 0.179848
0.558563 0.186892
0.545564 0.187853
0.548617 0.194276
0.558177 0.20316
0.54046 0.20207
0.543344 0.20857
0.546155 0.215136
0.544257 0.219894
0.541393 0.224252
0.552303 0.234439
0.541983 0.235661
0.553609 0.246482
0.546887 0.249231
0.544691 0.253994
0.552382 0.263473
0.54377 0.265215
0.54054 0.269503
0.551533 0.28102
0.544625 0.283514
0.55714 0.296236
0.538715 0.292498
0.538766 0.298643
0.544843 0.308257
0.542998 0.3135
0.536795 0.316196
0.545158 0.327564
0.54569 0.334399
0.539359 0.337029
0.533023 0.339573
0.548491 0.356194
0.540358 0.357655
0.539703 0.364035
0.534858 0.367598
0.534087 0.373972
0.530803 0.378618
0.537187 0.390289
0.531349 0.393178
0.531891 0.400809
0.525993 0.403609
0.531907 0.415572
0.523565 0.416462
0.523019 0.423533
0.524705 0.432533
0.51708 0.433882
0.527722 0.450717
0.517731 0.450056
0.520524 0.460521
0.525403 0.473075
0.518306 0.47494
0.528037 0.492403
0.524446 0.49768
0.525118 0.507101
0.527805 0.518673
0.512652 0.512652
0.514467 0.523526
0.526551 0.54526
0.516954 0.544756
0.513545 0.550709
0.522231 0.569915
0.522591 0.580396
0.528108 0.596918
0.523535 0.602258
0.519559 0.608325
0.513587 0.61207
0.51904 0.629646
0.512896 0.633374
0.51731 0.650347
0.520234 0.665869
0.515012 0.671177
0.511543 0.67884
0.507979 0.686494
0.516663 0.711126
0.513922 0.720492
0.509909 0.728226
0.509199 0.740889
0.513339 0.761056
0.50999 0.77051
0.509237 0.784157
0.507748 0.797005
0.500244 0.800557
0.511004 0.833882
0.506283 0.842595
0.506523 0.859906
0.505 0.874686
0.50178 0.886892
0.501293 0.904357
0.501017 0.922758
0.498579 0.93769
0.491301 0.94378
0.496212 0.97387
0.501973 1.0068
0.488784 1.00216
0.498962 1.0461
0.491505 1.05404
0.488094 1.07102
0.491338 1.10356
0.506411 1.16467
0.515374 1.21415
0.515857 1.24539
0.513586 1.27117
0.507604 1.28863
0.503866 1.31261
0.502898 1.34506
0.499349 1.37195
0.501044 1.4149
0.498771 1.44853
0.494361 1.47749
0.490719 1.51028
0.483535 1.53358
0.480367 1.57121
0.47601 1.60698
0.474372 1.65433
0.469003 1.69117
0.465357 1.73673
0.459948 1.77849
0.453604 1.8193
0.452417 1.88445
0.447203 1.93705
0.445433 2.00922
0.436407 2.05313
0.440603 2.16563
0.440578 2.26658
0.434085 2.34211
0.425959 2.41573
0.424833 2.5387
0.401568 2.5354
0.884048 5.9153
0.827941 5.8911
0.774673 5.88422
0.724392 5.89969
0.669824 5.87896
0.616195 5.86271
0.565682 5.87483
0.515091 5.88751
0.465185 5.91072
0.411702 5.88762
0.360736 5.89798
0.309306 5.9019
0.258009 5.90937
0.206396 5.9104
0.154391 5.89598
0.102829 5.8911
0.0515129 5.90277
4.44683e-07 5.89
-0.0513549 5.88478
-0.102743 5.8861
-0.154104 5.88498
-0 0
-0 0
-0 0
-0 0
-0 0
-0 0
-0 0
-0 0
-0 0
-0 0
-0 0
-0 0
-0 0
-0 0
-0 0
-0 0
-0 0
-0 0
-0 0
-0 0
-0 0
-0 0
-0 0
-2.302 9.58854
-2.30455 9.24304
-2.32102 8.97473
-2.30608 8.6064
-2.1812 7.86515
-2.13977 7.46227
-2.16704 7.31579
-2.1349 6.98294
-2.16087 6.85341
-2.12634 6.54422
-2.16116 6.45903
-2.09992 6.09859
-2.12368 5.99708
-2.1732 5.97081
-2.09739 5.60973
-2.18139 5.6827
-2.2243 5.6467
-2.15998 5.34614
-2.14685 5.18296
-2.22834 5.24964
-2.22183 5.10986
-2.12113 4.76414
-2.1759 4.77457
-2.07294 4.44544
-2.07679 4.35407
-2.09892 4.30343
-2.08776 4.1874
-2.12649 4.17347
-2.08895 4.01284
-2.06333 3.88056
-2.03938 3.75606
-2.06044 3.71713
-2.01401 3.55975
-2.0115 3.48402
-2.00833 3.40947
-2.01122 3.34724
-2.00535 3.27243
-2.0068 3.21156
-2.00413 3.14585
-2.00373 3.08547
-1.99912 3.02033
-2.0075 2.97624
-2.00848 2.92235
-2.00236 2.85966
-0 0
-0 0
-0 0
-0 0
-0 0
-0 0
-0 0
-0 0
-0 0
-0 0
-0 0
-0 0
-0 0
-0 0
-0 0
-0 0
-0 0
-0 0
-0 0
-0 0
0 0
0 0
0 0
0 0
0 0
0 0
0 0
0 0
0 0
0 0
0 0
0 0
0 0
0 0
0 0
0 0
0 0
0 0
0 0
0 0
0 0
0 0
0 0
0 0
0 0
0 0
0 0
0 0
0 0
51.8697 9.18302
1.32486