15387.6 -3869.93
15387.6 -3869.93
15387.6 -3869.93
15387.6 -3869.93
15386 -3872.46
15382.9 -3877.58
15378.3 -3885.34
15373.1 -3894.45
15368 -3903.6
15362.9 -3912.79
15357.9 -3922.03
15348.1 -3940.59
15348.1 -3940.59
15343.2 -3949.87
15338.3 -3959.15
15333.3 -3968.43
15328.4 -3977.72
15323.5 -3987
15318.5 -3996.23
15308.3 -4014.58
15308.3 -4014.58
15303.1 -4023.68
15297.8 -4032.74
15292.4 -4041.75
15286.9 -4050.71
15281.4 -4059.63
15270 -4077.32
15270 -4077.32
15264.3 -4086.08
15258.4 -4094.8
15252.4 -4103.41
15246.2 -4111.92
15239.9 -4120.32
15233.5 -4128.61
15226.9 -4136.78
15220.2 -4144.84
15213.3 -4152.78
15206.3 -4160.59
15199.1 -4168.29
15191.9 -4175.85
15184.5 -4183.29
15176.4 -4196.39
15168.6 -4203.47
15160.8 -4210.42
15152.8 -4217.29
15142.5 -4226.04
15131.6 -4235.19
15120.6 -4244.23
15109.6 -4253.28
15098.6 -4262.32
15087.6 -4271.37
15076.6 -4280.42
15065.5 -4289.46
15054.5 -4298.51
15043.5 -4307.56
15033.7 -4315.65
15023.8 -4323.74
15014 -4331.84
15004.1 -4339.93
14994.3 -4348.03
14984.4 -4356.12
14974.6 -4364.21
14964.7 -4372.31
14956 -4379.45
14947.3 -4386.59
14938.6 -4393.66
14929.8 -4400.65
14920.9 -4407.64
14912.1 -4414.63
14903.3 -4421.61
14894.5 -4428.6
14885.7 -4435.59
14876.9 -4442.58
14868 -4449.57
14859.2 -4456.56
14851.6 -4462.62
14844 -4468.67
14836.3 -4474.73
14828.7 -4480.79
14821 -4486.85
14813.4 -4492.9
14805.8 -4498.96
14798.1 -4505.02
14790.5 -4511.07
14780.7 -4503.31
14774.2 -4508.33
14761.1 -4518.36
14761.1 -4518.36
14754.5 -4523.38
14748 -4528.4
14734.9 -4538.44
14728.3 -4543.46
14728.3 -4543.46
14721.8 -4548.48
14715.2 -4553.5
14708.7 -4558.51
14702.1 -4563.53
14689 -4573.57
14689 -4573.57
14682.5 -4578.59
14677.1 -4582.7
14671.8 -4586.8
14661.1 -4595.02
14661.1 -4595.02
14655.7 -4599.12
14650.3 -4603.23
14645 -4607.33
14639.6 -4611.44
14634.3 -4615.55
14628.9 -4619.65
14623.6 -4623.76
14618.2 -4627.87
14612.8 -4631.97
14607.5 -4636.08
14602.1 -4640.19
14596.8 -4644.29
14591.4 -4648.4
14586.1 -4652.51
14580.7 -4656.61
14576.5 -4659.81
14572.4 -4663
14568.2 -4666.19
14564 -4669.39
14559.9 -4672.58
14555.7 -4675.77
14551.5 -4678.97
14547.4 -4682.16
14543.2 -4685.36
14539 -4688.55
14534.9 -4691.74
14530.7 -4694.94
14522.4 -4701.33
14522.4 -4701.33
14518.2 -4704.52
14509.9 -4710.91
14509.9 -4710.91
14505.7 -4714.1
14497.4 -4720.49
14497.4 -4720.49
