-297.293 -6601.4
-238.906 -6666.25
-179.955 -6730.6
-120.443 -6794.42
-60.3782 -6857.73
0.236084 -6920.51
61.3961 -6982.76
123.098 -7044.47
185.337 -7105.64
248.106 -7166.26
311.401 -7226.34
375.218 -7285.86
439.553 -7344.82
504.401 -7403.22
569.755 -7461.05
635.611 -7518.3
701.963 -7574.98
768.81 -7631.08
836.142 -7686.6
903.956 -7741.52
6384.91 -931.039
6399.07 -930.683
6423.46 -916.624
6437.37 -915.837
6454.75 -910.043
6465.55 -912.948
6477.51 -914.105
6488.29 -916.77
6506.94 -907.751
6520.38 -905.963
6539.23 -895.653
6550.27 -896.862
6555.41 -907.254
6572.8 -898.071
6578.56 -907.467
6596.71 -896.209
6608.57 -895.075
6618.39 -897.28
6625.76 -903.748
6645.71 -887.366
6653.02 -893.613
6666.46 -888.3
6672.43 -897.049
6681.23 -900.408
6694.47 -894.717
6702.35 -899.677
6713.7 -897.337
6748.01 -844.926
6768.22 -821.168
6785.56 -802.62
6789.92 -813.238
6804.87 -798.946
6812.73 -801.121
6823.94 -794.864
6829.94 -801.525
6839.92 -797.86
6844.62 -808.159
6857.93 -794.912
6860.42 -811.71
6877.66 -785.918
6875 -818.772
6887.23 -806.973
6895.67 -806.489
6903.21 -808.796
6911.89 -807.197
6916.73 -818.987
6929.12 -803.744
6941.22 -788.353
6947.37 -795.109
6953.39 -802.793
6960.44 -806.544
6971.07 -794.631
6976.81 -804.098
6986.78 -793.949
6991.09 -811.154
7002.03 -794.944
7011.96 -782.547
7017.42 -794.681
7021.97 -813.692
7033.07 -792.165
7039.33 -801.19
7046.83 -802.244
7055.21 -796.288
7063.13 -793.231
7071.31 -787.119
7077.38 -800.828
7085.42 -795.575
7093.11 -793.237
7100.9 -788.836
7107.95 -794.342
7114.82 -804.781
7122.96 -792.19
7130.41 -791.515
7138.18 -779.78
7145.26 -789.969
7152.69 -787.099
7160.04 -791.164
7167.42 -787.165
7174.95 -799.1
7182.15 -786.973
7189.82 -796.776
7196.6 -779.53
7203.95 -780.211
7211.42 -782.824
7219.47 -793.353
7226.29 -784.856
7233.3 -780.293
7241.52 -789.613
7248.9 -788.902
7255.52 -781.169
7261.77 -771.399
7269.62 -775.473
7277.02 -775.509
7287 -793.293
7292.74 -781.313
7301.18 -787.065
7308.54 -785.834
7316.06 -785.523
7323.22 -783.18
7327.03 -764.103
7335.01 -766.563
7346.43 -784.583
7353.1 -780.031
7359.71 -775.427
7371.48 -792.142
7375.68 -777.697
7386.77 -790.322
7391 -776.767
7400.44 -782.452
7406.08 -774.595
7415.05 -778.195
7422.62 -776.925
7430.19 -775.587
7427.43 -742.84
7404.51 -652.442
7409.04 -645.594
7417.87 -650.957
7424.38 -649.651
7435.14 -659.507
7440.66 -655.248
7450.19 -661.165
7453.8 -652.159
7462.68 -656.057
7462.58 -638.721
7478.3 -658.056
7484.11 -654.372
7492.4 -656.091
7497.76 -651.387
7505.66 -652.049
7510.95 -647.245
7520.23 -650.44
7522.27 -639.301
7532.05 -643.227
7543.36 -649.677
7549.99 -647.215
7556.61 -644.69
7566.18 -647.314
7573.83 -646.367
7582.5 -647.06
7592.26 -649.364
7593.67 -637.944
7600.25 -635.012
7600.32 -621.926
7584.3 -584.637
7584.33 -572.628
7591.49 -571.415
7595.25 -565.193
7587.96 -543.438
7590.85 -536.467
7590.69 -525.459
7591.57 -516.103
7591.71 -505.98
7594.77 -499.852
7589.08 -482.719
7596.91 -482.887
7599.7 -476.764
7603.06 -471.402
7599.26 -457.626
7590.67 -438.654
7587.07 -425.887
7589.27 -419.937
7588.04 -410.284
7593.45 -408.033
7595.44 -402.08
7604.27 -403.353
7610.36 -401.641
7618.57 -401.988
7621.13 -396.594
7625.07 -392.586
7620.31 -380.245
7622.65 -374.874
7619.06 -364.065
7621.23 -358.731
7624.84 -354.724
7629.92 -352.004
7628.92 -344.004
7626.3 -334.76
7628.93 -330.07
7623.77 -319.036
7628.59 -316.26
7624.76 -306.617
7629.5 -303.805
7627.05 -295.49
7617.29 -281.86
7625.88 -282.03
7627.19 -276.816
7628.45 -271.605
7628.84 -265.827
7632.46 -262.32
7623.59 -250.439
7637.12 -253.544
7621.31 -237.499
7628.94 -236.697
7633.18 -233.68
7628 -224.903
7618.41 -213.683
7631.99 -216.255
7631.75 -210.67
7618.36 -197.78
7624.95 -196.209
7642.99 -200.696
7662.92 -205.819
7656.3 -196.874
7669.22 -197.968
7674.11 -194.875
7686.19 -195.192
7701.94 -197.024
7701.41 -191.062
7721.79 -194.577
7725.79 -190.503
7740.79 -191.117
7751.23 -189.554
7752.43 -184.04
7772.16 -185.936
7786.37 -185.33
7788.46 -179.888
7799.88 -177.89
7810.38 -175.373
7841.65 -179.944
7840.85 -173.055
7863.72 -174.03
7884.75 -174.012
7893.43 -169.788
7909.74 -167.737
7938.55 -169.056
7934.72 -160.657
7967.46 -162.341
7991.58 -161.177
8014.78 -159.363
8027.32 -154.544
8064.17 -155.254
8089.39 -152.688
8124.41 -151.819
8143.82 -147.096
8167.14 -142.829
8184.56 -137.052
8233.45 -136.682
8256.78 -131.068
8310.68 -130.046
8378.49 -130.228
8417.68 -125.077
8474.71 -121.684
8503 -113.647
8582.89 -111.246
8657.86 -106.918
8729.88 -100.993
8815.84 -95.1047
8911.77 -88.5568
9012.7 -80.7165
9145.55 -73.2201
9306.35 -65.0051
9464.15 -53.8486
12198.9 -141.403
14195.5 -158.568
14192.1 -97.0883
14182.2 -35.605
14182.7 25.6444
14189.7 86.9262
11056.5 107.477
11100.9 142.422
11142 178.055
11107.8 211.473
11396.9 259.823
11666.6 312.155
11956.6 370.579
14135.6 574.367
14150.8 636.841
14125.5 695.962
14122.7 756.991
14139.2 820.193
14132.2 881.035
14123.8 941.687
14112.8 1001.98
14122.1 1065.17
14124.9 1127.68
14120.2 1189.19
14114 1250.53
14094.5 1309.53
14097.1 1372.58
14075.5 1431.08
13883.1 1453.89
13381.1 1406.21
13146.7 1410.11
13159.9 1468.23
13150.3 1521.21
13159.6 1579.06
13142.2 1630.3
13140.8 1685.83
13129.2 1738.74
13131.6 1795.77
13142.1 1855.56
13163.4 1919.23
13269.8 2010.83
13871.7 2268.17
14016.9 2382.54
14006.8 2445.88
14013.9 2515.64
14002.5 2579.13
13925 2617.82
12501.6 2132.09
16452.2 3761.66
16419.5 3842.58
16386.1 3923.21
11985.8 2128.06
12026.1 2195.83
12002.7 2236.13
11989 2280.78
11997.4 2336.03
11997.1 2387.68
11990.1 2436.4
11984.3 2486.08
11978.9 2536.29
12066 2635.48
12289.9 2810.67
12450.7 2956.77
13159.9 3414.16
13162.5 3484.71
13167.7 3557.58
13158.5 3622.62
13151 3689.32
13156.5 3764.58
13160.3 3839.68
13148.1 3905.39
13149.4 3980.49
13131.6 4043.68
13137.9 4123.74
13137.5 4200.23
13471.9 4514.2
13851.6 4870.51
13839.1 4950.57
13835.4 5037.95
13824.4 5120.79
13829.7 5217.29
13815.9 5300.03
13804.2 5385.41
13739.6 5428.61
13779.4 5558.04
13647.1 5544.49
13607.3 5608.04
13600.8 5700.98
13580.4 5782.9
13574.6 5879.02
13516.9 5928.63
13534.6 6048.93
13547.1 6166.53
13533.7 6261.08
13684.5 6519.87
13691.3 6640.44
13591 6653.46
13486.1 6660.18
12405.2 5627.72
12211.1 5516.12
13108.7 6600.62
13004.1 6599.29
12903.3 6600.39
12780 6573.71
12688 6581.26
12577.2 6564.64
12513.2 6603.12
12489.7 6691.66
12301.6 6572.98
12166.7 6517.16
10222.1 4077.99
10162.9 4072.47
10107.1 4070.27
10052.7 4069.02
9996.76 4064.68
9946.28 4067.07
9895.98 4068.88
9848.09 4073.44
9819.51 4106.75
12574.2 8466.79
12500.6 8513.68
12426.6 8559.93
12352.2 8605.54
12277.4 8650.49
12202.2 8694.78
12126.7 8738.42
12050.7 8781.4
10603.9 6326.03
10596.4 6443.89
9954.19 5359.45
9811.64 5196.91
10351 6378.87
10251.5 6316.75
10240.6 6434.43
10179.3 6449.28
10085.3 6392.71
10009.4 6372.38
9945.68 6377.75
9816.58 6229.98
9730.9 6177.27
9690.64 6231.83
9522.13 5966.66
9451.62 5938.55
9384.62 5917.14
9409.9 6143.63
9413.48 6321.12
8824.18 4810.18
8753.7 4739.27
9232.44 6328.48
9166.35 6311.05
9100.72 6292.95
9047.67 6314.41
8478.8 4567.04
8435.59 4564.87
8394.36 4569.04
8810.31 6308.65
8243.77 4307.79
8679.79 6249.98
8620.87 6242.54
8563.08 6238.44
8507.6 6243.57
8486.36 6412.69
8279.2 5661.93
8225.39 5645.9
8329.14 6498.27
7861.34 4114.31
7824.14 4109.38
7790.12 4123.89
7757.05 4146.02
7725.52 4181.76
7689.38 4185.51
7655.09 4204.84
7621.6 4233.82
7586.33 4249.59
7551.47 4272.04
7516.16 4293.2
7480.89 4319.05
7444.73 4337.62
7409.52 4377.85
7371.99 4383.82
7335.48 4417.45
7297.73 4428.78
7260.25 4460.77
7222.07 4480.44
7184.53 4721.78
7136.62 6403.77
7081.3 6398.29
7030.76 6176.38
6978.49 6138
6925.59 6132.16
6872.54 6130.85
6820.22 6116.09
6847.9 4882.5
6796.55 5004.22
6725.26 5339.66
6613.17 6054.6
6588.58 5773.96
6498.46 6136.53
6444.49 6138.44
6515.17 5158.76
6494.39 4978.51
6445.88 5011.08
6414.53 4927.53
6347.96 5068.86
6334.55 4885.13
6195.15 5415.99
6016.42 6102.92
5961.56 6103.46
5910.26 6085.89
5855.79 6083.52
5805.67 6061.14
5788.38 5900.13
5708.46 6006.41
5886.67 5087.24
5917.65 4791.58
5887.43 4740.01
5844.98 4734.46
5805.61 4717.98
5765.27 4704.99
5716.46 4719.35
5674.61 4710.35
5635 4694.33
5589.77 4695.02
5542.43 4700.93
5498.92 4695.08
5459.55 4677.56
5411.14 4684.02
5365.4 4682.53
5312.5 4698.24
5237.62 4766.13
5230.62 4667.99
5189.67 4652.78
5119.43 4704.03
5004.63 4851.04
4949.48 4861.08
4894.85 4868.71
4830.79 4894.66
4776.72 4898.34
4725.56 4895.18
4666.03 4907.5
4541.4 5042.17
4304.91 5378.52
5524.36 3045.72
5518.37 2995.52
5524.04 2926.36
5518.2 2879.11
5522.27 2816.51
5518.99 2767.88
5525.39 2704.95
1828.33 8514.53
1754.73 8467.65
1681.54 8420.12
1608.77 8371.97
1536.42 8323.17
1464.5 8273.75
1393 8223.7
1321.96 8173.03
1251.35 8121.74
1181.2 8069.84
1111.5 8017.33
1042.26 7964.21
973.494 7910.49
905.194 7856.17
837.372 7801.26
770.031 7745.75
703.174 7689.66
636.812 7632.99
570.947 7575.75
505.584 7517.93
