20729.4 -6127.41
20729.4 -6127.41
20729.4 -6127.41
20729.4 -6127.41
20729.4 -6127.41
20729.4 -6127.41
20729.4 -6127.41
20729.4 -6127.41
20729.4 -6127.41
20729.4 -6127.41
20729.4 -6127.41
20729.4 -6127.41
20729.4 -6127.41
20729.4 -6127.41
20729.4 -6127.41
20729.4 -6127.41
20729.4 -6127.41
20729.4 -6127.41
20729.4 -6127.41
20729.4 -6127.41
20729.4 -6127.41
20729.4 -6127.41
20729.4 -6127.41
20726.8 -6124.03
20726.8 -6124.03
20726.8 -6124.03
20726.8 -6124.03
20726.8 -6124.03
20726.8 -6124.03
20726.8 -6124.03
20726.8 -6124.03
20726.8 -6124.03
20726.8 -6124.03
20726.8 -6124.03
20726.8 -6124.03
20726.8 -6124.03
20726.8 -6124.03
20726.8 -6124.03
20726.8 -6124.03
20726.8 -6124.03
20726.8 -6124.03
20726.8 -6124.03
20726.8 -6124.03
20726.8 -6124.03
20726.8 -6124.03
20726.8 -6124.03
20726.8 -6124.03
20726.8 -6124.03
20726.8 -6124.03
20726.8 -6124.03
20723.9 -6123.8
20717.9 -6123.12
20709 -6121.8
20682.6 -6115.96
20682.6 -6115.96
20645.5 -6103.95
20645.5 -6103.95
20598.8 -6083.68
20598.8 -6083.68
20572.1 -6069.85
20556 -6047.99
20493.9 -6007.41
20493.9 -6007.41
20460.9 -5982.6
20399.1 -5927.98
20370.5 -5898.31
20344.4 -5868.33
20344.4 -5868.33
20319.8 -5838.03
20298.1 -5809.29
20278.2 -5780.24
20259.5 -5750.36
20242.1 -5719.68
20226.2 -5687.51
20211.8 -5655.33
20188.2 -5593.67
20188.2 -5593.67
20177.9 -5563.11
20169.3 -5535.15
20161.8 -5510
20149.4 -5468.32
20149.4 -5468.32
20144.5 -5451.79
20140.4 -5438.13
20137.2 -5427.35
20134.8 -5419.44
20133.3 -5414.41
20133.4 -5409.41
20133.4 -5409.41
20133.4 -5409.41
20133.4 -5409.41
20133.4 -5409.41
20133.4 -5409.41
20133.4 -5409.41
20133.4 -5409.41
20133.4 -5409.41
20133.4 -5409.41
20133.4 -5409.41
20133.4 -5409.41
20133.4 -5409.41
20133.4 -5409.41
20133.4 -5409.41
20133.4 -5409.41
20133.4 -5409.41
20133.4 -5409.41
20133.4 -5409.41
20134.3 -5406.57
20138.1 -5400.38
20141.5 -5392.06
20146.3 -5381.08
20152.5 -5367.39
20168.6 -5331.89
20168.6 -5331.89
20178.4 -5310
20188.8 -5286.7
20199 -5263.35
20218.2 -5219.35
20218.2 -5219.35
20228 -5197.42
20240.2 -5178.13
20250.2 -5156.28
20260.2 -5134.48
20279.3 -5093.72
20279.3 -5093.72
20288.9 -5073.4
20298.5 -5053.04
20308 -5032.64
20316.8 -5013.56
20325.6 -4994.51
20334.6 -4975.51
20352.5 -4937.54
20352.5 -4937.54
20369 -4902.22
20369 -4902.22
20377.4 -4884.61
20385.9 -4867.04
20394.4 -4849.5
20402.8 -4831.93
20419.7 -4796.75
20419.7 -4796.75
20436.8 -4761.71
20436.8 -4761.71
20445.5 -4744.25
20461.3 -4706.05
20461.3 -4706.05
20470.1 -4688.69
20488.1 -4654.09
20488.1 -4654.09
20497.3 -4636.85
20506.4 -4619.65
20515.7 -4602.49
20525 -4585.37
20542 -4554.46
20550.2 -4539.28
20557.6 -4525.39
20557.6 -4525.39
20564.6 -4512.13
20578.5 -4485.52
20578.5 -4485.52
20584.6 -4473.5
20590.8 -4461.51
20597.1 -4449.55
20603.4 -4437.61
20609.7 -4425.71
20622.5 -4401.92
20622.5 -4401.92
20628.8 -4389.98
20635.2 -4378.07
20641.6 -4366.2
20657 -4346.85
20657 -4346.85
20663.5 -4335.05
20670.2 -4323.28
20676 -4312.8
20681.8 -4302.29
20687.5 -4291.75
20693.2 -4281.19
20699 -4270.65
20704.7 -4260.14
20716.5 -4239.19
20716.5 -4239.19
20722.4 -4228.76
20728.4 -4218.35
20734.3 -4207.92
20739.4 -4198.76
20744.6 -4189.63
20750.6 -4179.22
20757 -4168.19
20763.4 -4157.19
20769.9 -4146.21
20776.4 -4135.27
20783 -4124.35
20788.9 -4114.74
20794.8 -4105.16
20800.6 -4095.55
20806.4 -4085.92
20821.3 -4061.61
20828 -4050.78
20828 -4050.78
20833.6 -4041.88
20839.2 -4033.01
20845.7 -4022.9
20852.2 -4012.82
20858.8 -4002.77
20866.2 -3991.49
20874.5 -3978.99
20882.7 -3966.46
20890.1 -3955.15
20897.5 -3943.87
20905 -3932.63
20912.6 -3919.64
20919.4 -3909.7
20927 -3898.56
20934.7 -3887.45
20942.4 -3876.37
20950.2 -3865.33
20957.1 -3855.54
20964.1 -3845.79
20971.1 -3836.06
20979.1 -3825.16
20995 -3803.38
20995 -3803.38
21002.9 -3792.44
21010 -3782.75
21017.2 -3773.11
21024.4 -3763.55
21031.7 -3754.04
21039.1 -3744.6
21054.2 -3725.91
21061.9 -3716.67
21061.9 -3716.67
21069.6 -3707.49
21077.4 -3698.38
21093.3 -3680.37
21093.3 -3680.37
21109.4 -3662.64
21109.4 -3662.64
21117.6 -3653.88
21126 -3645.26
21133.4 -3637.85
21141 -3630.57
21148.7 -3623.43
21156.5 -3616.42
21165.6 -3608.56
21174.8 -3600.87
21183 -3594.28
21191.2 -3587.83
21200.8 -3580.54
21210.4 -3573.34
21218.9 -3567.19
21232.8 -3562.24
21242.8 -3555.55
21252.9 -3549.03
21261.8 -3543.49
21270.8 -3538.1
21281.1 -3532.03
21291.6 -3526.05
21302 -3520.16
21312.5 -3514.37
21323.1 -3508.66
21333.7 -3503.05
21344.3 -3497.53
21355 -3492.1
21365.8 -3486.77
21390.9 -3474.88
21390.9 -3474.88
21390.9 -3474.88
21393.6 -3473.62
21399 -3471
21399 -3471
21407.1 -3467.07
21429.6 -3456.87
21442.1 -3451.62
21442.1 -3451.62
21454.6 -3446.59
21467.2 -3441.78
21479.9 -3437.19
21492.7 -3432.82
21505.5 -3428.67
21531.4 -3421.06
21531.4 -3421.06
21544.5 -3417.59
21557.6 -3414.35
21570.7 -3411.34
21581.1 -3408.14
21607.7 -3403.26
21607.7 -3403.26
21627 -3400.32
21627 -3400.32
21635.9 -3399.08
21644.8 -3397.92
21653.7 -3396.84
21662.7 -3395.84
21671.6 -3394.91
21680.6 -3394.06
21689.6 -3393.3
21698.5 -3392.6
21715 -3391.55
21715 -3391.55
21722.5 -3391.17
21731.5 -3390.79
21740.5 -3390.49
21748 -3390.31
21755.5 -3390.19
21763 -3390.13
21770.5 -3390.15
21778 -3390.22
21785.5 -3390.37
21793 -3390.58
21800.5 -3390.85
21808 -3391.19
21815.4 -3391.6
21822.9 -3392.07
21830.4 -3392.6
21837.9 -3393.2
21845.4 -3393.87
21852.8 -3394.6
21860.3 -3395.4
21875.2 -3397.19
21875.2 -3397.19
21899.9 -3393.46
21905.9 -3394.32
21911.8 -3395.24
21917.7 -3396.2
21923.6 -3397.22
21935.5 -3399.25
21941.4 -3400.27
21941.4 -3400.27
21947.3 -3401.29
21959.1 -3403.32
21959.1 -3403.32
21965 -3404.34
21976.8 -3406.42
21976.8 -3406.42
21984.2 -3407.82
21998.9 -3410.62
21998.9 -3410.62
22006.3 -3412.02
22012.2 -3413.14
22018.1 -3414.26
22024 -3415.38
22029.9 -3416.5
22035.8 -3417.62
22041.7 -3418.74
22047.6 -3419.86
22053.5 -3420.98
22065.3 -3423.22
22072.6 -3424.62
22072.6 -3424.62
22087.4 -3427.41
22087.4 -3427.41
22094.7 -3428.81
22102.1 -3430.21
22115.4 -3432.73
22115.4 -3432.73
22121.3 -3433.85
22127.2 -3434.97
22133 -3436.09
22144.8 -3438.33
22144.8 -3438.33
22150.7 -3439.45
22156.6 -3440.57
22162.5 -3441.69
22168.4 -3442.81
22174.3 -3443.93
22180.2 -3445.05
22186.1 -3446.17
22192 -3447.29
22203.8 -3449.37
22203.8 -3449.37
22209.7 -3450.34
22215.7 -3451.25
22221.6 -3452.11
22233.5 -3453.68
22233.5 -3453.68
22239.5 -3454.39
22245.4 -3455.04
22251.4 -3455.64
22257.4 -3456.19
22269.3 -3457.19
22269.3 -3457.19
22275.3 -3457.68
22281.3 -3458.18
22287.3 -3458.68
22293.2 -3459.18
22299.2 -3459.67
22305.2 -3460.17
22317.2 -3461.17
22317.2 -3461.17
22323.1 -3461.66
22329.1 -3462.16
22341.1 -3463.16
22347.1 -3463.65
22347.1 -3463.65
22353 -3464.15
22359 -3464.65
22365 -3465.15
22399.1 -3474.97
22411.1 -3475.98
22411.1 -3475.98
22417.1 -3476.48
22423 -3476.93
22429 -3477.33
22435 -3477.68
22441 -3477.98
22447 -3478.27
22459 -3478.87
22459 -3478.87
22465 -3479.16
22471 -3479.46
22486 -3480.2
22486 -3480.2
22493.5 -3480.57
22500.9 -3480.94
22509.9 -3481.38
22519.7 -3481.86
22529.4 -3482.34
22548.9 -3483.3
22548.9 -3483.3
22558.6 -3483.78
22568.4 -3484.26
22578.1 -3484.74
22587.8 -3485.22
22597.6 -3485.7
22608.8 -3486.26
22620 -3486.81
22631.3 -3487.37
22642.5 -3487.92
22653.8 -3488.48
22665 -3489.03
22676.2 -3489.59
22701.7 -3490.84
22714.4 -3491.47
22714.4 -3491.47
22727.2 -3492.1
22752.6 -3493.47
22752.6 -3493.47
22765.4 -3494.32
22778.1 -3495.28
22792.3 -3496.36
22807.2 -3497.49
22822.2 -3498.62
22837.1 -3499.75
22850.6 -3500.77
22864.1 -3501.79
22877.5 -3502.8
22891 -3503.94
22917.9 -3506.56
22917.9 -3506.56
22931.3 -3507.93
22943.2 -3509.15
22955.2 -3510.37
22967.1 -3511.59
22999 -3507.82
23011 -3509.03
23033.4 -3511.29
23033.4 -3511.29
23043.8 -3512.44
23064.6 -3515.01
23064.6 -3515.01
23075 -3516.43
23085.4 -3517.85
23095.8 -3519.27
23106.2 -3520.7
23116.6 -3522.12
23127.1 -3523.54
23137.5 -3524.96
23147.9 -3526.38
23158.3 -3527.8
23168.7 -3529.22
23179.1 -3530.65
23199.8 -3533.76
23210.2 -3535.45
23220.6 -3537.15
23220.6 -3537.15
23230.9 -3538.84
23241.3 -3540.53
23251.6 -3542.23
23262 -3543.92
23272.4 -3545.61
23282.7 -3547.31
23293.1 -3549
23313.8 -3552.66
23324.1 -3554.62
23324.1 -3554.62
23334.4 -3556.68
23344.7 -3558.73
23365.3 -3562.84
23365.3 -3562.84
23375.6 -3564.89
23396.2 -3569
23396.2 -3569
23403.5 -3570.47
23407.9 -3571.35
