21563.2 159.839
21563.2 159.839
21563.2 159.839
21563.2 159.839
21563.2 159.839
21563.2 159.839
21563.2 159.839
21563.2 159.839
21563.2 159.839
21563.2 159.839
21563.2 159.839
21563.2 159.839
21563.2 159.839
21563.2 159.839
21563.2 159.839
21563.2 159.839
21563.2 159.839
21563.2 159.839
21563.2 159.839
21563.2 159.839
21563.2 159.839
21563.2 159.839
21563.2 159.839
21563.2 159.839
21563.2 159.839
21563.2 159.839
21563.2 159.839
21566.9 161.05
21566.9 161.05
21566.9 161.05
21566.9 161.05
21566.9 161.05
21566.9 161.05
21566.9 161.05
21566.9 161.05
21566.9 161.05
21566.9 161.05
21566.9 161.05
21566.9 161.05
21566.9 161.05
21566.9 161.05
21566.9 161.05
21564.8 163.184
21561.7 166.467
21556.8 172.071
21550.1 180.212
21542.3 191.181
21528.8 214.544
21523.8 225.471
21523.8 225.471
21519.5 236.662
21515.8 248.081
21512.7 259.691
21508.7 283.332
21508.7 283.332
21507.6 295.288
21507.2 307.28
21507.3 319.279
21508 331.259
21509.6 346.174
21530.1 394.095
21534.9 413.749
21534.9 413.749
21546.1 447.976
21546.1 447.976
21552.4 464.005
21559.4 479.771
21567.1 495.251
21584.1 525.254
21584.1 525.254
21593.4 539.731
21603.4 553.829
21613.9 567.526
21623 578.492
21632.4 589.175
21642.2 599.565
21652.2 609.652
21648.3 607.118
21659.1 616.478
21670.1 625.506
21681.4 634.193
21692.9 642.531
21704.7 650.513
21729.1 665.376
21729.1 665.376
21751.6 677.362
21751.6 677.362
21761.7 682.26
21771.9 686.937
21792.7 695.614
21803.2 699.612
21813.8 703.379
21829.9 703.952
21829.9 703.952
21840.6 707.272
21851.4 710.357
21862.3 713.205
21884.3 718.186
21895.3 720.317
21895.3 720.317
21906.4 722.206
21928.7 725.255
21928.7 725.255
21939.9 726.415
21949.6 727.208
21958.6 727.744
21967.6 728.163
21976.6 728.464
21991.9 725.558
22003.2 725.638
22014.4 725.572
22025.7 725.357
22035.4 725.044
22045.1 724.603
22054.9 724.035
22063.1 723.447
22071.3 722.822
22081 722.042
22090.8 721.134
22100.4 720.1
22110.1 718.938
22118.3 717.92
22125.8 716.994
22133.2 716.068
22142.1 714.957
22151.1 713.769
22143.4 714.835
22150.8 713.773
22159.7 712.499
22168.6 711.148
22176 709.957
22183.4 708.766
22190.9 707.607
22208.6 704.865
22208.6 704.865
22217.5 703.436
22226.4 701.968
22235.3 700.462
22244.2 698.916
22251.5 697.596
22258.9 696.308
22266.3 695.053
22273.7 693.765
22281.1 692.445
22298.8 689.238
22298.8 689.238
22307.7 687.732
22316.6 686.303
22325.5 684.951
22343.3 682.481
22343.3 682.481
22352.2 681.363
22361.2 680.323
22370.1 679.361
22379.1 678.477
22388 677.671
22397 676.943
22406 676.294
22423.9 675.23
22423.9 675.23
22432.9 674.816
22441.9 674.481
22459.9 674.045
22459.9 674.045
22468.9 673.945
22488.4 673.99
22498.9 674.148
22498.9 674.148
22507.9 674.362
22516.9 674.576
22525.9 674.79
22534.9 675.004
22543.9 675.297
22554.4 675.73
22564.9 676.163
22575.4 676.596
22585.9 677.12
22609.8 678.633
22609.8 678.633
22621.8 679.546
22635.2 680.69
22666.7 696.236
22666.7 696.236
22681.6 698.053
22694.9 699.805
22708.3 701.674
22721.7 703.659
22736.5 705.995
22752.8 708.706
22769 711.559
22786.7 714.826
22786.7 714.826
22786.7 714.826
22789.7 715.371
22795.6 716.331
22804.5 717.577
22816.4 719.186
22831.2 721.328
22849 724.13
22866.7 727.243
22884.4 730.664
22919.6 738.43
22919.6 738.43
22935.6 742.41
22967.4 751.066
22967.4 751.066
22997.7 759.852
22997.7 759.852
23012 764.227
23026.3 768.727
23040.6 773.351
23054.8 778.1
23069 782.973
23083.2 787.97
23095.8 792.578
23108.5 797.296
23121.1 802.125
23133.7 807.063
23146.2 812.111
23158.7 817.268
23169.7 821.949
23188 808.992
23199 813.819
23210 818.741
23220.9 823.758
23231.7 828.871
23261.3 843.472
23261.3 843.472
23279.8 853.401
23300.7 865.298
23323.8 879.291
23349 895.505
23376.3 914.062
23405.5 935.078
23435.4 957.759
23464.6 981.213
23492.3 1004.22
23519.1 1027.21
23544.8 1050.17
23569.6 1073.06
23594 1096.39
23616.9 1119.08
23639.4 1142.17
23661.5 1165.64
23682.2 1188.39
23702.5 1211.5
23722.4 1234.96
23740.9 1257.6
23759.7 1284.85
23779 1310.65
23799.7 1339.23
23821.5 1370.62
23844.5 1404.88
23868.5 1442.05
23893.4 1482.19
23919.1 1525.12
23944 1568.49
23968.1 1612.28
23991.4 1656.49
24014 1701.11
24035.8 1746.1
24056.5 1790.8
24076.1 1835.16
24094.7 1879.16
24112.1 1922.78
24135.1 1967.39
24150.7 2010.12
24165.6 2053.13
24195.2 2146.68
24208.9 2194.36
24221.4 2240.84
24221.4 2240.84
24233 2286.79
24243.3 2331.48
24252.8 2375.61
24261.8 2419.82
24270.5 2464.1
24278.7 2508.46
24288.7 2551.31
24295.7 2593.61
24302.3 2635.22
24308.3 2676.14
24319.4 2758.14
24324.5 2799.21
24328.9 2838.84
24328.9 2838.84
24336.5 2914.46
24336.5 2914.46
24342.6 2987.96
24345 3024
24345 3024
24357 3099.68
24357 3099.68
24359.5 3135.73
24364.1 3204.82
24364.1 3204.82
24366.4 3239.37
24368.7 3272.42
24370.9 3305.47
24373 3337.02
24375.1 3368.57
24377.3 3400.13
24379.3 3430.18
24382.5 3457.43
24384.5 3487.48
24386.4 3516.04
24388.3 3544.6
24390.3 3573.16
24392.1 3600.23
24393.9 3626.54
24395.9 3652.84
24398.1 3679.12
24400.6 3705.38
24403.3 3731.62
24406.2 3757.83
24412.1 3789.9
24415.2 3814.57
24418.6 3839.22
24422 3862.35
24425.6 3885.44
24429.4 3908.51
24433.4 3931.54
24437.3 3953.06
24441.4 3974.55
24450.2 4017.41
24450.2 4017.41
24454.5 4037.31
24459.1 4057.18
24463.8 4077
24468.6 4096.79
24473.3 4115.08
24478.1 4133.32
24487.8 4156.67
24497.1 4191.7
24497.1 4191.7
24506 4225.29
24506 4225.29
24510.5 4242.08
24514.6 4257.42
24522.7 4288.11
24522.7 4288.11
24526.8 4303.45
24530.9 4318.8
24534.9 4334.14
24538.6 4348.03
24542.3 4361.93
24546.1 4375.79
24550.1 4389.61
24554.1 4403.4
24558.2 4417.2
24565.4 4441.9
24565.4 4441.9
24569.1 4454.25
24572.7 4466.61
24580 4491.31
24580 4491.31
24586.8 4514.58
24586.8 4514.58
24590 4525.49
24595.1 4543.02
24599.4 4556.75
24608.6 4583.96
24608.6 4583.96
24613.6 4597.45
24623.2 4621.36
24628.3 4633.18
24628.3 4633.18
24633.6 4644.92
24639.1 4656.56
24650.7 4679.55
24650.7 4679.55
24656.1 4689.56
24667.4 4709.31
24667.4 4709.31
24673.3 4719.03
24679.3 4728.7
24685.3 4738.31
24696.9 4756.13
24696.9 4756.13
24702.4 4764.34
24708 4772.5
24719.3 4788.67
24719.3 4788.67
24730.9 4804.64
24730.9 4804.64
24736.8 4812.55
24742.8 4820.41
24748.9 4828.21
24755 4835.96
24761.2 4843.66
24767.4 4851.3
24773.7 4858.89
24780.1 4866.42
24786.6 4873.9
24793.1 4881.32
24799.7 4888.69
24806.3 4895.99
24813 4903.24
24819.8 4910.43
24826.6 4917.56
24833.5 4924.63
24840.4 4931.69
24847.3 4938.76
24854.2 4945.83
24857 4931.62
24863.9 4938.69
24870.8 4945.76
24884.6 4959.9
24884.6 4959.9
24891.5 4966.96
24896.3 4971.88
24899.6 4975.28
