7774.02 -1499.04
7801.89 -1518.14
7827.57 -1536.25
7852.32 -1553.68
7876.9 -1570.6
7879.11 -1583.27
7899.94 -1598.83
7923.45 -1614.38
7941.69 -1628.74
7964.42 -1643.34
7980.24 -1656.66
8002.3 -1670.39
8015.85 -1682.8
8037.31 -1695.72
8035.27 -1706.18
8069.67 -1719.54
8066.84 -1729.66
8099.55 -1742.01
8095.98 -1751.85
8127.1 -1763.28
8122.85 -1772.91
8152.47 -1783.51
8156.29 -1793.12
8175.77 -1802.8
8177.88 -1812.14
8197.09 -1821.3
8223.1 -1830
8216.53 -1839.1
8233.51 -1847.5
8226.48 -1856.65
8245.62 -1864.56
8265.02 -1872.14
8258.04 -1881.21
8277.8 -1888.33
8297.83 -1895.08
8290.92 -1904.08
8311.32 -1910.36
8304.37 -1919.4
8325.15 -1925.18
8318.18 -1934.25
8328.11 -1941.1
8337.02 -1947.94
8345.78 -1954.67
8354.39 -1961.29
8362.86 -1967.8
8371.2 -1974.21
8379.41 -1980.51
8387.49 -1986.72
8395.45 -1992.84
8403.3 -1998.87
8411.02 -2004.81
8418.64 -2010.66
8426.16 -2016.43
8433.56 -2022.13
8440.87 -2027.74
8448.08 -2033.28
8455.2 -2038.75
8462.22 -2044.15
8469.16 -2049.48
8476.01 -2054.74
8482.78 -2059.95
8489.47 -2065.08
8496.07 -2070.16
8502.61 -2075.18
8486.79 -2088.25
8471.3 -2101.57
8478 -2106.72
8462.93 -2120.36
8448.17 -2134.24
8455.03 -2139.52
8440.69 -2153.72
8426.64 -2168.15
8412.89 -2182.8
8399.43 -2197.68
8406.67 -2203.25
8393.61 -2218.43
8380.83 -2233.83
8368.33 -2249.45
8356.1 -2265.28
8344.16 -2281.32
8332.49 -2297.58
8321.09 -2314.04
8309.96 -2330.71
8280.2 -2358.29
8269.76 -2375.49
8241.02 -2403.85
8231.27 -2421.58
8221.79 -2439.52
8194.46 -2468.97
8203.59 -2475.98
8212.65 -2482.94
8221.67 -2489.87
8230.62 -2496.75
8239.53 -2503.6
8248.38 -2510.4
8257.19 -2517.17
8265.95 -2523.9
8274.67 -2530.6
8283.34 -2537.26
8291.97 -2543.89
8300.56 -2550.49
8309.11 -2557.06
8317.62 -2563.6
8326.1 -2570.12
8334.55 -2576.61
8342.96 -2583.07
8351.34 -2589.51
8359.69 -2595.93
8368.01 -2602.33
8376.31 -2608.7
8384.58 -2615.06
8392.83 -2621.4
8401.06 -2627.72
8409.26 -2634.02
8417.44 -2640.31
8425.61 -2646.58
8433.76 -2652.84
8441.89 -2659.09
8450.01 -2665.33
8458.11 -2671.56
8466.2 -2677.78
8474.28 -2683.99
8482.35 -2690.19
8490.42 -2696.38
8498.47 -2702.57
8506.52 -2708.76
8514.57 -2714.94
8522.61 -2721.12
8530.65 -2727.3
8538.68 -2733.47
8546.72 -2739.65
8554.76 -2745.83
8562.8 -2752.01
8570.85 -2758.19
8578.9 -2764.38
8586.96 -2770.57
8595.02 -2776.77
8603.1 -2782.97
8611.18 -2789.18
8619.28 -2795.4
8648.65 -2767.53
8698.46 -2704.91
8736.81 -2658.71
8794.76 -2577.13
8821.1 -2546.92
8856.81 -2498.7
8881.91 -2467.54
8916.1 -2418.14
8930.44 -2403.94
8935.15 -2407.56
8939.88 -2411.19
8944.62 -2414.83
8949.38 -2418.49
8954.15 -2422.16
8958.94 -2425.84
8963.76 -2429.54
8968.59 -2433.25
8973.44 -2436.98
8978.31 -2440.72
8983.21 -2444.49
8988.13 -2448.26
8993.07 -2452.06
8998.04 -2455.88
9003.03 -2459.72
9008.05 -2463.58
9013.1 -2467.45
9018.18 -2471.36
9023.28 -2475.28
9028.42 -2479.23
9033.59 -2483.2
9038.8 -2487.2
9044.03 -2491.23
9049.31 -2495.28
9054.62 -2499.36
9059.97 -2503.47
9065.35 -2507.61
9070.78 -2511.78
9076.25 -2515.98
9081.76 -2520.22
9087.32 -2524.49
9092.92 -2528.79
9098.57 -2533.13
9104.27 -2537.51
9110.02 -2541.93
9115.82 -2546.38
9121.67 -2550.88
9127.58 -2555.42
9133.54 -2560.01
9139.56 -2564.63
9145.65 -2569.31
9151.79 -2574.03
9158 -2578.8
9164.28 -2583.62
9170.62 -2588.5
9177.03 -2593.43
9183.52 -2598.41
9190.08 -2603.45
9196.72 -2608.55
9203.43 -2613.71
9210.23 -2618.93
9217.11 -2624.22
9224.08 -2629.57
9231.13 -2635
9238.28 -2640.49
9245.53 -2646.06
9252.87 -2651.7
9260.32 -2657.42
9267.69 -2656.85
9275.29 -2662.69
9283 -2668.61
9290.83 -2674.63
9298.77 -2680.73
9306.84 -2686.93
9315.03 -2693.23
9323.35 -2699.62
9331.81 -2706.12
9340.41 -2712.73
9349.15 -2719.45
9358.05 -2726.28
9366.58 -2729.36
9373.94 -2723.71
9385.39 -2745.63
9393.1 -2741.62
9400.59 -2736.63
9413.26 -2761.02
9420.99 -2756.55
9434.53 -2781.93
9442.54 -2777.99
9456.04 -2799.85
9465.34 -2801
9473.67 -2797.76
9489.53 -2825.65
9498.25 -2822.97
9507 -2820.44
9524.39 -2849.9
9533.6 -2847.97
9542.87 -2846.21
9561.98 -2877.34
9571.79 -2876.21
9589.07 -2898.49
9602.73 -2908.2
9613.28 -2907.95
9631.79 -2930.51
9647.15 -2942.78
9658.58 -2943.49
9678.47 -2966.45
9695.82 -2981.45
9708.3 -2983.23
9729.74 -3006.73
9742.83 -3008.83
9763.19 -3027.67
9777.23 -3030.95
10023.3 -3551.8
10034.8 -3536.86
10046.2 -3522.07
10057.5 -3507.41
10068.6 -3492.87
10079.7 -3478.47
10090.7 -3464.18
10101.6 -3450.01
10112.4 -3435.95
10123.1 -3422.01
10133.7 -3408.17
10144.3 -3394.44
10154.7 -3380.81
10165.1 -3367.27
10175.5 -3353.83
10185.7 -3340.48
10195.9 -3327.22
10206 -3314.04
10239.3 -3336.44
10296.3 -3393.47
10307 -3379.61
10317.6 -3365.83
10328.1 -3352.12
10338.6 -3338.49
10385.9 -3375.41
11525.8 -4878.98
11546.9 -4851.52
11567.9 -4824.19
11588.8 -4796.99
11609.6 -4769.91
11630.3 -4742.95
11650.9 -4716.09
11671.5 -4689.35
11692 -4662.7
11712.4 -4636.15
11732.7 -4609.7
11753 -4583.33
11773.2 -4557.04
11793.3 -4530.84
11813.4 -4504.71
11833.4 -4478.65
11853.4 -4452.66
11873.3 -4426.73
11893.2 -4400.85
11913 -4375.03
11932.8 -4349.27
11952.6 -4323.54
11972.3 -4297.86
11992 -4272.21
12011.7 -4246.6
12031.4 -4221.02
12051 -4195.47
12070.6 -4169.93
12090.2 -4144.42
12109.8 -4118.91
12129.4 -4093.42
12149 -4067.94
12168.6 -4042.45
12188.2 -4016.97
12207.8 -3991.48
12227.4 -3965.98
12247 -3940.46
12266.6 -3914.93
12286.2 -3889.38
12305.9 -3863.8
12325.5 -3838.2
12345.2 -3812.56
12365 -3786.88
12384.7 -3761.16
12404.5 -3735.4
12424.4 -3709.59
10827.8 -2738.56
10750.1 -2675.56
10653.7 -2604.05
10591.5 -2553.7
10510.6 -2494.86
10464.5 -2456.34
10399.7 -2409.33
10352.3 -2372.61
10322.5 -2345.77
10273.8 -2310.57
10224.6 -2276.22
10193.3 -2251.31
10161.5 -2226.95
10167 -2219.77
10172.6 -2212.56
10178.2 -2205.31
10183.7 -2198.04
10189.4 -2190.72
10195 -2183.38
10181.2 -2168.57
10167.1 -2154.04
10152.9 -2139.76
10118.5 -2118.8
10103.7 -2105.21
10088.8 -2091.89
10053.3 -2072.36
10037.8 -2059.74
10022.1 -2047.4
10006.1 -2035.34
9989.93 -2023.55
9994.39 -2017.75
9977.91 -2006.37
9961.22 -1995.27
9944.3 -1984.46
9927.17 -1973.94
9931.28 -1968.58
9913.82 -1958.47
9896.14 -1948.66
9878.23 -1939.15
9882.08 -1934.13
9863.84 -1925.05
9867.63 -1920.12
9849.04 -1911.48
9830.22 -1903.15
9833.84 -1898.44
9814.67 -1890.56
9818.22 -1885.94
9798.7 -1878.53
9802.18 -1874
9782.29 -1867.05
9785.7 -1862.62
9789.14 -1858.14
9768.77 -1851.82
9772.14 -1847.44
9751.39 -1841.61
9754.69 -1837.33
9758.02 -1832.99
9736.76 -1827.83
9740.02 -1823.6
9718.35 -1818.97
9721.52 -1814.84
9724.74 -1810.65
9702.53 -1806.73
9705.66 -1802.66
9708.84 -1798.53
9686.06 -1795.35
9689.14 -1791.33
9692.28 -1787.25
9695.46 -1783.11
9671.94 -1780.89
9675.03 -1776.87
9678.17 -1772.79
9654.02 -1771.39
9657.06 -1767.43
9660.15 -1763.41
9663.29 -1759.32
9662.42 -1755.71
9658.34 -1752.58
9654.32 -1749.49
9650.38 -1746.46
9646.49 -1743.48
9642.67 -1740.54
9638.91 -1737.65
9635.21 -1734.8
9631.56 -1732
9627.97 -1729.24
9624.43 -1726.52
9620.95 -1723.84
9617.51 -1721.2
9614.12 -1718.6
9610.77 -1716.03
9607.47 -1713.49
9604.22 -1710.99
9601 -1708.52
9597.83 -1706.08
9594.7 -1703.67
9591.6 -1701.29
9588.54 -1698.95
9585.52 -1696.62
9582.54 -1694.33
9579.58 -1692.06
9576.66 -1689.82
9573.78 -1687.6
9570.92 -1685.4
9568.09 -1683.23
9565.3 -1681.08
9562.53 -1678.95
9559.78 -1676.85
9557.07 -1674.76
9554.38 -1672.69
9551.72 -1670.65
9549.08 -1668.62
9546.46 -1666.61
9543.87 -1664.61
9541.3 -1662.64
9538.75 -1660.68
9536.22 -1658.74
9533.71 -1656.81
9531.22 -1654.9
9528.75 -1653
9526.3 -1651.12
9523.87 -1649.25
9521.45 -1647.39
9519.05 -1645.55
9516.67 -1643.71
9514.3 -1641.9
9511.95 -1640.09
9509.61 -1638.29
9507.29 -1636.51
9504.98 -1634.73
9502.68 -1632.97
9500.4 -1631.21
9498.13 -1629.47
9495.87 -1627.73
9493.62 -1626
9491.38 -1624.28
9489.15 -1622.57
9486.94 -1620.87
9484.73 -1619.17
9482.53 -1617.48
9480.35 -1615.8
9478.17 -1614.13
9475.99 -1612.46
9473.83 -1610.8
9471.67 -1609.14
9469.52 -1607.49
9467.38 -1605.84
9465.25 -1604.2
9463.12 -1602.56
9460.99 -1600.93
9458.87 -1599.3
9456.76 -1597.68
9454.65 -1596.06
9452.54 -1594.44
9450.44 -1592.83
9448.35 -1591.21
9446.25 -1589.6
9444.16 -1588
9442.07 -1586.39
9439.99 -1584.79
9437.9 -1583.19
9435.82 -1581.59
9433.74 -1579.99
9431.66 -1578.39
9429.58 -1576.79
9427.5 -1575.2
9425.42 -1573.6
9423.34 -1572
9421.26 -1570.4
9419.18 -1568.8
9417.1 -1567.2
9415.02 -1565.6
9412.93 -1564
9410.84 -1562.4
9408.76 -1560.79
9406.66 -1559.18
9404.57 -1557.57
9402.47 -1555.96
9400.37 -1554.35
9398.26 -1552.73
9396.15 -1551.1
9394.03 -1549.48
9391.91 -1547.85
9389.79 -1546.22
9387.65 -1544.58
9385.52 -1542.93
9383.37 -1541.29
9381.22 -1539.63
9379.06 -1537.97
9376.89 -1536.31
9374.72 -1534.64
9372.54 -1532.96
9370.34 -1531.28
9368.14 -1529.59
9365.93 -1527.89
9363.71 -1526.18
9361.48 -1524.47
9359.24 -1522.75
9356.99 -1521.01
9354.73 -1519.27
9352.45 -1517.53
9350.16 -1515.77
9347.86 -1514
9345.55 -1512.22
9343.22 -1510.43
9340.87 -1508.63
9338.52 -1506.82
9336.14 -1505
9333.76 -1503.16
9331.35 -1501.31
9328.93 -1499.45
9326.49 -1497.58
9324.03 -1495.69
9321.55 -1493.78
9319.06 -1491.87
9316.54 -1489.93
9314.01 -1487.98
9311.45 -1486.02
9308.87 -1484.04
9306.27 -1482.04
9303.64 -1480.02
9301 -1477.99
9298.32 -1475.93
9295.63 -1473.86
9292.9 -1471.77
9290.15 -1469.65
9287.37 -1467.52
9284.56 -1465.36
9281.73 -1463.18
9278.86 -1460.98
9275.96 -1458.75
9273.03 -1456.5
9270.06 -1454.22
9267.06 -1451.91
9264.03 -1449.58
9260.96 -1447.22
9257.85 -1444.83
9254.7 -1442.41
9251.52 -1439.97
9248.29 -1437.48
9245.02 -1434.97
9241.7 -1432.42
9238.34 -1429.84
9234.93 -1427.22
9231.47 -1424.57
9227.97 -1421.87
9224.41 -1419.14
9220.8 -1416.36
9217.13 -1413.55
9213.41 -1410.69
9209.63 -1407.78
9205.79 -1404.83
9201.88 -1401.83
9197.91 -1398.77
9193.87 -1395.67
9189.76 -1392.51
9186.4 -1395.21
9183.28 -1399.28
9180.21 -1403.27
9172.73 -1380.18
9169.56 -1384.3
9166.44 -1388.36
9163.37 -1392.36
9155.12 -1370.28
9151.95 -1374.39
9148.84 -1378.45
9139.98 -1357.14
9136.78 -1361.31
9133.62 -1365.42
9124.2 -1344.86
9120.95 -1349.09
9117.75 -1353.25
9107.78 -1333.4
9104.5 -1337.68
9101.26 -1341.89
9090.76 -1322.73
9087.44 -1327.05
9084.16 -1331.32
9073.15 -1312.82
9069.79 -1317.19
9066.48 -1321.51
9063.19 -1325.78
9059.95 -1330
9056.74 -1334.18
9053.56 -1338.32
9050.42 -1342.41
9047.3 -1346.46
9044.22 -1350.47
9041.17 -1354.44
9038.14 -1358.38
9035.15 -1362.28
9032.18 -1366.14
9029.24 -1369.97
9026.32 -1373.76
9023.43 -1377.52
9020.56 -1381.26
9017.72 -1384.96
9014.9 -1388.63
9012.1 -1392.27
9009.32 -1395.89
9006.56 -1399.48
9003.83 -1403.04
9001.11 -1406.58
8998.41 -1410.09
8995.73 -1413.58
8993.06 -1417.05
8990.42 -1420.49
8987.79 -1423.91
8985.17 -1427.32
8982.57 -1430.7
8979.99 -1434.06
8977.42 -1437.41
8974.86 -1440.73
8959.97 -1427.29
8957.32 -1430.74
8942.11 -1417.71
8926.68 -1404.96
8911.03 -1392.5
8895.18 -1380.31
8879.11 -1368.4
8862.83 -1356.76
8833.08 -1329.83
8294.91 -717.212
8233.14 -666.311
8184.09 -631.664
8107.01 -567.849
8042.68 -520.279
7963.57 -459.102
7883.41 -399.308
7773.9 -312.041
7677.16 -241.002
7564.78 -157.474
7393.08 -19.8591
7248.16 86.9737
6925.23 356.021
6908.26 333.937
6891.31 311.886
6874.39 289.867
6857.49 267.873
6840.61 245.905
6823.75 223.956
6806.89 202.024
7054.09 -34.2949
7039.06 -53.8458
7037.95 -84.2824
7197.39 -237.857
7183.64 -255.751
7169.89 -273.648
6978.25 -161.969
6963.32 -181.404
6948.38 -200.852
6933.42 -220.313
6918.45 -239.794
6903.47 -259.293
6888.47 -278.818
6873.44 -298.368
6858.4 -317.949
6843.32 -337.563
6828.23 -357.211
6813.1 -376.9
6797.94 -396.63
6782.74 -416.406
6767.51 -436.23
6752.23 -456.106
6736.92 -476.036
6721.56 -496.026
6706.15 -516.077
6727.14 -554.41
6858.52 -646.029
6899.4 -691.3
7015.12 -770.475
7039.01 -805.03
7138.42 -872.608
7125.77 -889.073
7113.06 -905.611
7100.3 -922.224
7087.47 -938.914
6203.83 -611.765
7061.63 -972.542
7146.52 -1026.19
7221.22 -1074.29
7265.83 -1110.1
7308.92 -1144.39
7369.33 -1183.53
7405.25 -1213.41
7442.18 -1242.81
7478.31 -1271.16
7526.16 -1302.21
7559.6 -1328.12
7581.59 -1350.14
7612.63 -1374.1
7643.26 -1397.29
7679.86 -1421.34
7708.66 -1442.77
7715.79 -1458.59
7747.08 -1479.59
7774.02 -1499.04
