-0 -0
-0 -0
-0 -0
-0 -0
-0 -0
-0 -0
-0 -0
-0 -0
-0 -0
-0 -0
-0 -0
-0 -0
-0 -0
-0 -0
-0 -0
-0 -0
-0 -0
-0 -0
-0 -0
-0 -0
-0 -0
-0 -0
-0 -0
-0 -0
-0 -0
-5.2521 -8.24415
-5.13492 -8.21758
-5.04368 -8.23054
-4.96445 -8.26224
-4.8815 -8.28715
-4.788 -8.29306
-4.7056 -8.31712
-4.62072 -8.336
-4.54064 -8.36282
-4.45951 -8.38712
-4.37645 -8.40709
-4.29566 -8.4307
-4.21121 -8.44639
-4.13428 -8.47653
-4.04336 -8.47708
-3.6062 -7.73352
-3.45605 -7.58362
-3.38446 -7.60161
-3.30603 -7.60335
-3.23916 -7.63098
-3.16632 -7.64418
-3.09313 -7.65576
-3.02107 -7.66943
-2.94758 -7.6787
-2.87871 -7.69945
-2.80764 -7.71394
-2.73321 -7.71835
-2.66478 -7.73907
-2.59428 -7.75349
-2.52745 -7.77869
-2.45556 -7.78805
-2.384 -7.79771
-2.31387 -7.8115
-2.24176 -7.81794
-2.16864 -7.81986
-2.10342 -7.85008
-2.03233 -7.85845
-1.96586 -7.88462
-1.89394 -7.88884
-1.82435 -7.90214
-1.75359 -7.90995
-1.65913 -7.80562
-1.44701 -7.11229
-1.35131 -6.95188
-1.29533 -6.98898
-1.2329 -6.99213
-1.1725 -7.00657
-1.11287 -7.02641
-1.05181 -7.03784
-0.991192 -7.05269
-0.930652 -7.069
-0.867466 -7.06494
-0.80578 -7.07224
-0.746752 -7.10486
-0.684914 -7.1131
-0.622641 -7.11682
-0.561924 -7.13992
-0.500433 -7.15652
-0.43839 -7.16761
-0.37551 -7.16517
-0.313362 -7.17716
-0.251067 -7.18962
-0.188605 -7.20253
-0.126216 -7.2309
-0.063311 -7.25472
5.48039e-07 -7.259
0.0634596 -7.27172
0.127141 -7.28389
0.190646 -7.2805
0.254627 -7.29156
0.319164 -7.31004
0.383466 -7.31696
0.448584 -7.33429
0.513616 -7.34506
0.578714 -7.35326
0.644256 -7.36387
0.711176 -7.38584
0.778632 -7.40819
0.846193 -7.42695
0.915361 -7.45501
0.982863 -7.46558
1.05062 -7.47553
1.11951 -7.49081
1.18593 -7.48767
1.25453 -7.49676
1.32598 -7.51999
1.40194 -7.56418
1.47533 -7.58994
1.5467 -7.60226
1.6188 -7.61586
1.69061 -7.62585
1.76362 -7.63906
1.83838 -7.65741
1.91312 -7.6731
1.98777 -7.68612
2.06356 -7.70133
2.14218 -7.72446
2.21695 -7.73143
2.29513 -7.74822
2.37113 -7.75563
2.45677 -7.79187
2.53518 -7.80247
2.6184 -7.82557
2.70059 -7.84308
2.78161 -7.85503
2.86681 -7.8765
2.9498 -7.88959
3.02713 -7.88595
3.12076 -7.92251
3.19764 -7.91444
3.28649 -7.93428
3.38373 -7.97157
3.4759 -7.99401
3.56342 -8.00357
3.65677 -8.02404
3.752 -8.0462
3.83628 -8.04294
3.9335 -8.06488
4.03497 -8.09289
4.13495 -8.11529
4.2407 -8.14631
4.33745 -8.15755
4.4371 -8.17212
4.5446 -8.19868
4.64848 -8.21616
4.77 -8.26188
4.88506 -8.29318
5.00102 -8.32309
5.11787 -8.35161
5.21864 -8.35158
5.27091 -8.27367
5.26448 -8.10659
5.26051 -7.94777
5.25865 -7.79627
5.25852 -7.65119
5.26084 -7.51326
5.28498 -7.40926
3.74831 -5.1591
3.75274 -5.07153
3.77278 -5.00665
3.79319 -4.94338
3.8251 -4.89591
3.85772 -4.84982
3.89549 -4.81053
3.9545 -4.79719
3.96793 -4.72879
3.95514 -4.63087
3.94423 -4.53731
3.94126 -4.45479
3.94051 -4.37638
3.91707 -4.27473
3.91944 -4.20309
3.90504 -4.11505
3.90259 -4.04125
3.89145 -3.95997
3.88555 -3.88555
3.88508 -3.81785
3.88012 -3.74699
3.89671 -3.69784
3.89446 -3.63164
3.90831 -3.5813
3.9082 -3.51896
3.91854 -3.46683
3.9177 -3.4056
3.92902 -3.3557
3.92904 -3.29686
3.94686 -3.25354
3.95101 -3.19946
3.94748 -3.13996
3.95818 -3.09247
3.97232 -3.04807
3.96682 -2.98922
3.98633 -2.94973
3.98845 -2.89778
3.99894 -2.85241
3.97862 -2.78586
3.98959 -2.74197
3.99845 -2.69699
3.99681 -2.64543
4.01807 -2.60937
4.02382 -2.56346
4.02314 -2.51394
4.04492 -2.47873
4.0484 -2.43253
4.07637 -2.40116
4.08071 -2.356
4.06543 -2.30011
4.07573 -2.25921
4.09968 -2.22595
4.11718 -2.18915
4.10863 -2.13882
4.11823 -2.09834
4.1158 -2.05206
4.13086 -2.01475
4.12662 -1.9683
4.16267 -1.94109
4.17217 -1.90137
4.15937 -1.85187
4.16804 -1.81231
4.21407 -1.78877
4.2249 -1.75001
4.22981 -1.70896
4.21386 -1.65988
4.23285 -1.62484
4.24125 -1.58574
4.24741 -1.54593
4.23058 -1.49813
4.25578 -1.46538
4.26177 -1.42597
4.26834 -1.38687
4.25835 -1.34265
4.28042 -1.30866
4.26771 -1.26415
4.27858 -1.22686
4.28045 -1.18707
4.29547 -1.15097
4.30632 -1.11369
4.30617 -1.07365
4.30371 -1.03323
4.32133 -0.997658
4.34256 -0.962723
4.32243 -0.918762
4.32637 -0.88021
4.34076 -0.843758
4.34894 -0.806027
0 -0
0 -0
0 -0
0 -0
0 -0
0 -0
0 -0
0 -0
0 -0
0 -0
0 -0
0 -0
0 -0
0 -0
0 -0
0 -0
0 -0
0 -0
0 -0
0 -0
0 0
9.95962 0.0869158
9.60554 0.167664
9.25083 0.242242
8.93256 0.311932
4.33087 0.18909
4.33805 0.227347
4.3369 0.265255
1.95423 0.136653
1.92106 0.151191
1.91469 0.167513
1.91813 0.184695
1.91545 0.201322
1.9166 0.218369
1.90966 0.234477
1.92836 0.253873
1.93003 0.271248
1.91276 0.285863
1.92105 0.304265
1.91833 0.321018
1.90363 0.335662
1.91735 0.355359
1.92792 0.374749
1.93437 0.393552
4.41047 0.937474
4.42946 0.981986
4.42559 1.02173
4.42331 1.06194
4.41679 1.10123
3.11937 0.806724
2.9567 0.792245
2.8562 0.792094
2.75401 0.789701
2.5006 0.740712
2.41945 0.7397
2.33565 0.736428
2.25876 0.733915
2.19252 0.733609
2.13687 0.735784
2.07664 0.735376
2.01 0.731581
1.94921 0.728781
1.8961 0.727845
1.83757 0.72384
1.78112 0.719619
1.75722 0.727864
1.70293 0.722852
1.67088 0.726521
1.62063 0.721551
1.57878 0.719493
1.53166 0.714225
1.48566 0.708621
1.44975 0.707093
1.42742 0.711686
1.40512 0.715943
1.35269 0.704167
1.34296 0.714066
1.29626 0.703809
1.2612 0.699095
1.23068 0.696287
1.21763 0.703
1.20542 0.710046
1.17089 0.703542
1.13998 0.698581
1.11773 0.698434
1.08713 0.692579
1.06595 0.692236
1.04653 0.692681
1.02055 0.688366
0.988952 0.679687
0.974791 0.682556
0.960656 0.68523
0.940887 0.683594
0.911574 0.674529
0.888083 0.669218
0.873482 0.670246
0.856568 0.669224
0.836608 0.665468
0.826106 0.668968
0.807119 0.665338
0.792856 0.665285
0.770291 0.657891
0.76754 0.667212
0.751952 0.66527
0.734227 0.661101
0.716634 0.656674
0.720383 0.671768
0.687655 0.65256
0.680496 0.657147
0.659757 0.648341
0.651952 0.651953
0.646939 0.65833
0.635612 0.658196
0.618831 0.652112
0.613117 0.657487
0.596546 0.651016
0.587497 0.652481
0.570516 0.644851
0.572084 0.658107
0.555928 0.650907
0.547012 0.651904
0.531761 0.645078
0.525483 0.648917
0.51233 0.644087
0.498686 0.638289
0.480922 0.626749
0.484461 0.642902
0.470505 0.635851
0.464938 0.639932
0.455852 0.639081
0.450831 0.643854
0.435 0.632929
0.425546 0.630898
0.412297 0.622913
0.410658 0.632358
0.4019 0.630857
0.39426 0.630948
0.386649 0.630954
0.380613 0.633447
0.371011 0.629851
0.365 0.632199
0.35159 0.621434
0.347124 0.626228
0.334488 0.616051
0.332386 0.625127
0.327841 0.629778
0.324149 0.636179
0.311446 0.624664
0.299408 0.613876
0.296192 0.620979
0.294142 0.63079
0.282406 0.619684
0.327016 0.734491
0.452182 1.03995
0.471612 1.11105
0.497106 1.20012
0.519205 1.28508
0.544987 1.38353
0.48523 1.26407
0.486438 1.30104
0.671386 1.84462
0.757742 2.1398
0.759551 2.20589
0.742175 2.21813
0.718773 2.21216
0.69884 2.21644
0.675964 2.21098
0.656644 2.21679
0.640857 2.23493
0.624536 2.252
0.603566 2.25254
0.581883 2.24997
0.564646 2.26467
0.54276 2.26076
0.524361 2.27126
0.512096 2.30992
0.517284 2.43363
0.497224 2.44393
0.479121 2.46487
0.458869 2.47584
0.436725 2.47679
0.41526 2.48149
0.394528 2.49095
0.371888 2.48836
0.350995 2.49746
0.32984 2.50538
0.310158 2.52603
0.287423 2.52268
0.266966 2.54001
0.243544 2.5293
0.222509 2.54329
0.201169 2.5561
0.179204 2.56274
0.156589 2.56022
0.135864 2.59244
0.11232 2.57255
0.0899712 2.57643
0.0679552 2.59511
0.045446 2.6036
0.02282 2.6149
1.99012e-07 2.636
-0.0228719 2.6209
-0.046092 2.6406
-0.0696569 2.66009
-0.0925185 2.64939
-0.116333 2.66446
-0.140051 2.67233
-0.164709 2.69297
-0.18911 2.7044
-0.211997 2.69367
-0.230179 2.63095
-0.251691 2.61391
-0.271042 2.5788
-0.291159 2.55547
-0.314788 2.56375
-0.337149 2.5609
-0.36018 2.56281
-0.388147 2.59716
-0.409701 2.58676
-0.437872 2.61662
-0.462599 2.62353
-0.48912 2.63906
-0.50946 2.62094
-0.529521 2.60268
-0.54161 2.54807
-0.555384 2.50518
-0.568226 2.46126
-0.586881 2.44454
-0.606981 2.43447
-0.630457 2.4378
-0.659212 2.46021
-0.686268 2.4746
-0.715003 2.49351
-0.733896 2.47759
-0.762505 2.49404
-0.789052 2.50255
-0.809624 2.49177
-0.822136 2.45711
-0.828246 2.4054
-0.840192 2.37263
-0.858813 2.35957
-0.865363 2.31452
-0.875851 2.28167
-0.885833 2.24882
-0.900929 2.22988
-0.909638 2.19606
-0.922125 2.17239
-0.932674 2.145
-0.939155 2.10938
-0.840169 1.84358
-0.815231 1.74827
-0.814958 1.70859
-0.823699 1.68883
-0.832605 1.66995
-0.845784 1.65995
-0.83992 1.61347
-0.843171 1.58577
-0.850774 1.56693
-0.856659 1.54545
-0.860264 1.52051
-0.8735 1.51295
-0.878549 1.49148
-0.891531 1.48376
-0.88877 1.45034
-0.901922 1.44338
-0.910185 1.42871
-0.910636 1.40226
-0.907385 1.37091
-0.919873 1.36377
-0.935703 1.36146
-0.947548 1.35324
-0.961063 1.34736
-0 0
-0 0
-0 0
-0 0
-0 0
-0 0
-0 0
-0 0
-0 0
-0 0
-0 0
-0 0
-0 0
-0 0
-0 0
-0 0
-0 0
-0 0
-0 0
0 0
0 0
0 0
0 0
0 0
0 0
0 0
0 0
0 0
0 0
0 0
0 0
0 0
0 0
0 0
0 0
0 0
0 0
0 0
0 0
0 0
0 0
0 0
0 0
0 0
0 0
0 0
0 0
0 0
23.8576 20.9697
1.6419