3326.43 -4048.72
3385.55 -3984.54
3444.11 -3919.83
3502.1 -3854.62
3559.52 -3788.91
3616.36 -3722.7
3672.63 -3655.99
3728.31 -3588.8
3783.4 -3521.12
3837.9 -3452.96
3891.8 -3384.33
3945.1 -3315.24
3997.8 -3245.68
4049.88 -3175.66
4101.36 -3105.19
4152.22 -3034.28
4202.45 -2962.92
4252.06 -2891.13
4301.05 -2818.91
-2728.74 1920.27
-2716.44 1928.13
4444.19 -2599.71
4490.62 -2525.83
4270.94 -2289.52
-1660.25 1358.26
-1655.03 1382.77
256.323 311.214
-339.328 695.967
-853.774 1021.79
317.155 424.407
4203.07 -1584.32
486.85 432.916
-2755.33 2126.96
-2848.4 2186.74
-2973 2259.7
-3059.93 2311.99
-3125.01 2352.2
-3208.93 2399.5
-3216.8 2411.27
-3222.07 2421.69
-3209.95 2424.59
-3168.24 2415.49
5279.17 -971.27
5311.36 -890.159
5342.84 -808.769
5373.61 -727.107
5403.67 -645.181
-3363.68 2534.19
-3370.27 2542.66
5489.53 -397.871
5516.71 -314.944
5543.16 -231.785
5568.89 -148.397
5593.89 -64.788
-3347.35 2572.32
-3299.48 2565.27
-3320.05 2577.3
-3350.47 2591.44
-3363.6 2600.71
-3396.3 2614.38
-3410.66 2623.22
-3430.02 2632.87
-3460.26 2644.44
-3483.8 2654.09
-3492.73 2660.48
-3505.67 2667.43
5851.77 1039.35
5866.4 1125.38
5880.27 1211.54
5893.39 1297.81
5905.75 1384.2
5917.37 1470.69
5928.22 1557.28
5938.32 1643.96
5947.67 1730.72
5956.25 1817.57
5964.08 1904.48
5971.15 1991.46
5977.46 2078.5
5983.01 2165.59
5987.8 2252.72
5991.83 2339.9
5995.1 2427.1
5997.6 2514.33
5999.35 2601.58
6000.33 2688.84
6000.56 2776.11
6000.02 2863.37
5998.72 2950.63
5996.66 3037.87
5993.83 3125.09
5990.25 3212.28
5985.91 3299.44
5980.8 3386.56
5974.94 3473.63
5968.31 3560.64
5960.93 3647.59
5952.79 3734.48
5943.89 3821.29
5934.23 3908.02
5923.82 3994.66
5912.65 4081.21
5900.72 4167.66
5888.04 4254
5874.61 4340.22
5860.43 4426.33
5845.49 4512.31
5829.81 4598.15
5813.38 4683.86
5796.2 4769.42
5778.27 4854.82
5759.6 4940.07
5740.19 5025.15
5720.04 5110.06
5699.14 5194.78
5677.51 5279.33
5655.14 5363.68
5632.03 5447.83
5608.19 5531.77
5583.62 5615.51
-3518.67 2905.96
5532.29 5782.32
5505.53 5865.39
5478.06 5948.21
-3524.13 2922.64
-3513.34 2931.15
-3510.17 2937.1
-3507.07 2943.12
-3500.31 2950.65
-3506.66 2953.16
-3482.44 2967.99
-3462.13 2981.72
-3461.35 2987.57
-3454.21 2996.27
-3449.92 3003.87
-3443.9 3012.41
-3414.45 3032.09
-3355.54 3066.57
-3338.5 3081.86
-3285.02 3115.83
-3213.39 3160.32
-2431.78 3577.69
-2365.78 3630.44
-2348 3658.55
-2330.58 3687.03
-2317.01 3713.91
-2320.23 3731.56
-2346 3736
-2356.31 3749.35
-2372.69 3758.94
-2389.11 3768.31
-2409.78 3774.78
-2414.53 3791.35
-2431.93 3799.6
-2434.46 3817.73
-2464.34 3817.15
-2485.92 3821.88
-2502.58 3829.81
-2516.03 3839.88
-2531.14 3848.61
-2530.35 3869.22
-2558.32 3867.97
-2568.06 3880.5
-2587.29 3885.46
-2598.73 3896.48
-2617.2 3901.65
-2634.88 3907.23
-2648.76 3915.84
-2661.17 3925.61
-2666.18 3941.89
-2690.66 3940.74
-2703.23 3950.08
-2707.12 3967.5
-2717.72 3978.73
-2741.35 3977.34
-2763.43 3977.04
-2775.52 3986.36
-2770.9 4012.71
-2796.45 4008.26
-2808.78 4017.25
-2825.94 4021
-2831.62 4037.1
-2852.84 4036.08
-2866.02 4043.78
-2868.77 4063.45
-2891.87 4059.56
-2896.86 4076.85
-2907.14 4087.97
-2920.67 4095.11
-2942.94 4091.15
-2952.77 4102.69
-2966.97 4108.59
-2980.6 4115.15
-2996.04 4119.16
-3006.78 4129.49
-3018.21 4138.91
-3023.43 4157.26
-3038.51 4161.6
-3059.16 4157.48
-3073.61 4162.3
-3078.84 4181.24
-3100.93 4174.02
-3099.59 4203.88
-3116.41 4204.85
-3134.2 4203.92
-3140.78 4221.76
-3159.07 4219.66
-3175.78 4219.97
-3184.22 4234.98
-3198.09 4240.28
-3213.87 4241.92
-3219.02 4263.81
-3238.53 4258.07
-3251.2 4265.55
-3254.78 4291.82
-3274.19 4285.61
-3288.39 4290.07
-3302.62 4294.39
-3313.62 4305.9
-3323.18 4321
-3334.9 4331.45
-3354.75 4322.4
-3360.23 4348.37
-3381.79 4334.34
-3394.86 4341.54
-3406.26 4353.31
-3416.8 4367.83
-3427.55 4382.29
-3444.33 4379.65
-3459.14 4382.53
-3478.25 4371.96
-3521.36 4283.88
-3536.72 4281.3
-3553.42 4273.77
-3567.76 4273.75
-3583.93 4266.86
-3595.82 4275.26
-3602.61 4303.91
-3607.23 4343.23
-3606.25 4408.85
-3632.73 4359.58
-3655.3 4323.65
-3674.96 4298.22
-3695.92 4263.74
-3719.66 4211.34
-3757.61 4076.02
-3771.36 4065.28
-3771.67 4134.31
-3790.03 4095.73
-3806.24 4066.84
-3819.46 4055.6
-3834.65 4027.37
-3848.13 4008.91
-3862.84 3976.39
-3873.79 3974.55
-3888.17 3935.78
-3900.16 3916.78
-3911.66 3899.65
-3924.88 3852.49
-3934.56 3851.1
-3945.86 3816.67
-3955.19 3815.1
-3965.21 3791.46
-3974.79 3768.72
-3983.7 3762.9
-3992.59 3746
-4001.21 3747.02
-4009.49 3712.97
-4017.43 3692.85
-4025.26 3680.66
-4033.16 3676.4
-4040.17 3654.1
-4048.15 3656.7
-4054.67 3635.29
-4061.18 3618.81
-4066.45 3590.33
-4074.51 3598.68
-4080.86 3588.04
-4086.51 3572.38
-4091.77 3555.7
-4099.22 3558.83
-4104.62 3546.03
-4109.94 3534.19
-4116.56 3532.21
-4119.67 3508.45
-4126.05 3506.39
-4134.86 3518.05
-4135.78 3486.37
-4141.94 3484.17
-4148.07 3481.92
-4151.65 3467.88
-4153.92 3448.96
-4158.58 3441.74
-4166.66 3449.08
-4171.46 3442.74
-4175.16 3432.51
-4177.39 3417.43
-4180.72 3407.18
-4187.76 3410.38
-4190.59 3399.13
-4196.18 3397.44
-4197.22 3381.4
-4200.47 3372.99
-4205.51 3370.27
-4209.87 3365.61
-4214.49 3361.87
-4212.88 3341.19
-4216.2 3334.62
-4223.74 3339.24
-4229.17 3338.19
-4233.47 3334.31
-4231.19 3314.7
-4235.65 3311.74
-4243.67 3316.99
-4248.13 3313.92
-4245.07 3294.46
-4248.04 3288.67
-4252.23 3285.58
-4260.78 3291.44
-4257.37 3273.04
-4260.94 3268.99
-4268.63 3272.89
-4266.05 3257.29
-4273.27 3260.21
-4274.24 3251.69
-4276.56 3245.79
-4285.82 3252.01
-4279.94 3232.27
-4288.2 3236.66
-4292.36 3234.12
-4291.19 3223.08
-4295.78 3221.35
-4294.9 3211.21
-4298.84 3208.61
-4308.93 3215.09
-4304.39 3200.03
-4306.51 3194.9
-4309.73 3191.39
-4315.85 3191.89
-4313.66 3181.09
-4327 3191.09
-4324.66 3180.29
-4328.95 3178.23
-4326.99 3168.3
-4325.51 3159.22
-4328.36 3155.59
-4341.48 3164.18
-4326.79 3139.92
-4339.97 3148.35
-4337.39 3138.63
-4343.38 3138.64
-4350.75 3140.04
-4345.87 3128.19
-4352.54 3128.78
-4354.37 3124.25
-4358.25 3121.85
-4358.58 3115.88
-4360.26 3111.33
-4363.33 3108.17
-4368.55 3107.04
-4370.12 3102.44
-4370.89 3097.17
-11443 9435.88
-11501 9370.67
-11558.4 9304.96
-11615.2 9238.74
-11671.5 9172.04
-4389.68 3078.54
-4394.02 3076.38
-11836.8 8969.01
-4396.36 3066.98
-11944 8831.28
-11996.7 8761.72
-12048.7 8691.71
-12100.2 8621.24
-12151.1 8550.32
-12201.3 8478.97
-12250.9 8407.18
-12299.9 8334.95
-12348.3 8262.31
-12396 8189.24
-12443 8115.76
-12489.5 8041.87
-12535.3 7967.58
-12580.4 7892.9
-12624.9 7817.82
-12668.7 7742.36
-12711.9 7666.51
-12754.4 7590.3
-12796.2 7513.71
-12837.4 7436.77
-12877.9 7359.46
-4448.02 2985.57
-12956.8 7203.81
-12995.3 7125.47
-13033 7046.81
-13070.1 6967.81
-4454.78 2964.55
-13142.2 6808.87
-13177.2 6728.92
-13211.5 6648.68
-13245.1 6568.15
-13278 6487.32
-4465.9 2940.8
-13341.7 6324.82
-4469.02 2932.63
-4474.28 2929.89
-13431.9 6079.04
-13460.5 5996.6
-13488.4 5913.92
-4481.89 2913.82
-4481.33 2909.01
-4485.5 2905.67
-4483.89 2900.58
-13617 5497.01
-4491.12 2893.43
-4495.19 2889.9
-4500.19 2886.56
-4491.59 2879.79
-4500.41 2877.34
-4504.36 2873.64
-4506.33 2869.44
-4502.39 2863.98
-4495.45 2858.01
-4509.07 2856.13
-4509.91 2851.68
-4510.7 2847.22
-4510.48 2842.59
-4510.21 2837.98
-4525.72 2835.71
-4528.36 2831.39
-4515.1 2824.96
-4528.57 2822.02
-4524.14 2816.85
-4523.64 2812.16
-4534.05 2808.53
-4537.46 2804.11
-4525.87 2798.5
-4545.16 2795.19
-4546.46 2790.49
-4544.73 2785.61
-4537.96 2780.56
-4548.13 2776.19
-4546.26 2771.35
-4559.36 2766.78
-4558.41 2761.89
-4570.43 2756.99
-4568.4 2752.03
-4580.32 2746.83
-4572.2 2741.99
-4563.05 2737.32
-4577.83 2731.72
-4574.58 2726.84
-4573.29 2721.88
-4580.93 2716.3
-4589.52 2710.51
-4604.02 2704.03
-4597.55 2699.34
-4601 2693.7
-4597.43 2688.79
-4603.75 2682.71
-4598.12 2678.1
-4611.26 2670.91
-4602.56 2666.77
-4621.49 2658.34
-4620.6 2652.92
-4628.52 2645.92
-4639.31 2638.23
-4629.41 2634.38
-4629.29 2628.69
-4634 2621.94
-4649.38 2612.7
-4654.9 2605.45
-4651.6 2600.2
-4658.93 2592.32
-4669.07 2583.55
-4668.49 2577.45
-4675.55 2569.2
-4675.8 2562.75
-4686.53 2553.14
-4691.41 2545.09
-4688.57 2539.37
-4704.69 2527.46
-4699.81 2522.27
-4710.96 2511.58
-4708.78 2505.38
-4717.82 2495.08
-4722.05 2486.36
-4728.05 2476.82
-4731.14 2468.26
-4741.56 2456.62
-4749.05 2445.93
-4764.7 2431.55
-4756.32 2427.29
-4763.45 2416.2
-4771.35 2404.55
-4783.63 2390.62
-4784.9 2381.63
-4793.26 2369.07
-4799.67 2357.23
-4818.4 2338.87
-4816.48 2330.81
-4821.54 2318.99
-4819.43 2310.87
-4837.34 2291.58
-4843.68 2278.35
-4861.95 2257.96
-4867.88 2244.35
-4874.5 2230.07
-4879.23 2216.69
-4888.87 2200
-4906.71 2177.71
-4904.13 2168.18
-4909.77 2153.11
-4935.92 2123.88
-4947.64 2103.81
-4961.53 2081.76
-4973.48 2060.58
-4977.05 2045.03
-5013.34 2004.93
-5025.87 1981.63
-5047.58 1950.74
-11868.4 -3412.83
-11814.2 -3481.26
-11759.5 -3549.22
-11704.2 -3616.7
-11648.2 -3683.69
-11591.7 -3750.2
-11534.6 -3816.2
-11477 -3881.71
-11418.8 -3946.71
-11360 -4011.2
-11300.6 -4075.17
-11240.7 -4138.63
-11180.3 -4201.56
-11119.2 -4263.95
-11057.7 -4325.82
-10995.6 -4387.14
-10933 -4447.92
-10869.8 -4508.16
-10806.2 -4567.83
