6576.01 -4001.01
6646.21 -3949.18
6715.96 -3896.73
6785.25 -3843.68
6854.07 -3790.03
6922.42 -3735.77
6990.3 -3680.93
7057.69 -3625.49
7124.6 -3569.47
7191.02 -3512.86
7256.94 -3455.68
7322.36 -3397.92
7387.27 -3339.6
7451.67 -3280.71
7515.56 -3221.26
7578.92 -3161.26
7641.76 -3100.7
7704.07 -3039.6
7765.84 -2977.96
2924.7 1869.92
2917.11 1915.28
2912.54 1956.91
2819.38 2079.85
2552.69 2357.15
2533.27 2404.3
2551.49 2417.31
2506.04 2485.41
2522.85 2498.9
2523.43 2526
2524.45 2552.36
2557.88 2552.29
2618.13 2531.61
2678.09 2512.49
2858.63 2402.78
2908.32 2395.56
2898.67 2432.91
2901.51 2460.6
2894.25 2495.15
2885.74 2530.02
2881.74 2561.24
2879.03 2591.16
2882.66 2616.53
2872.56 2650.51
2898.38 2661.22
2878.3 2700.74
2879.91 2726.28
2896.7 2742.53
2885.75 2775.13
2870.06 2809.91
2867.89 2836.49
2886.46 2851.37
2880.28 2879.75
2893.23 2897.67
2874.05 2932.25
2867.83 2959.63
2875.64 2979.73
2872.46 3005.1
2857.26 3035.89
2860.75 3057.53
2884.99 3069.67
2856.12 3105.58
2140.77 3436.5
1983.08 3517.96
2071.11 3495.27
2236.68 3443.23
2855.1 3217.78
2868.06 3234.74
2855.57 3261.23
2867.24 3278.63
2858.96 3303.11
2868.41 3321.26
2848.27 3349.26
2580.28 3456.37
2492.95 3501.92
2522.72 3510.32
2534.25 3524.53
2715.02 3490.95
2852.13 3472.63
2482.14 3590.86
2342.84 3643.26
2397.97 3645.21
2423.02 3655.23
2452.89 3664.55
2649.81 3637.89
2858.08 3612.4
2861.98 3631.5
2855.9 3652.51
2838.8 3675.35
2848.07 3693.25
2849.29 3712.59
2853.32 3731.45
2847.28 3751.81
2851.95 3770.54
2851.5 3789.96
2851.87 3809.23
2783.49 3836.07
2806.34 3852.39
2722.53 3878.98
2707.17 3898.32
2847.2 3905.64
2837.57 3925.37
2830.76 3944.74
2832.77 3963.54
2846.6 3981.88
2854.28 4000.64
1985.02 4039.59
1715.26 4054.87
1579.35 4064.71
1574.36 4072.62
1583.3 4080.61
1561.18 4088.11
1571.98 4096.2
1576.71 4104.25
1572.37 4111.96
1575.96 4120.04
1561.52 4127.03
1564.97 4135.09
1571.34 4143.46
1565.69 4150.86
1584.84 4160.64
1571.09 4167.21
1516.57 4168.77
1457.14 4168.75
1443.36 4173.87
1428.57 4178.61
1411.77 4182.79
1399.89 4187.49
1379.12 4190.48
1382.96 4197.54
1372.98 4202.07
1371.79 4208.19
1356.85 4211.46
1359.49 4218.28
1358.17 4224.28
1359.72 4230.95
1356.34 4236.48
1356.8 4242.94
1355.26 4248.91
1359.46 4256.45
1358.76 4262.72
1352.25 4267.31
1342.84 4270.95
1352.52 4280.35
1350.65 4286.28
1349.69 4292.52
1355.29 4300.99
1365.53 4311.22
1360.57 4316.26
1358.39 4322.27
1359.9 4329.66
1360.4 4336.75
1374.77 4349.4
1367.67 4353.64
1369.78 4361.64
1369.04 4368.51
1378.31 4379.81
1376.49 4386.37
1374.61 4392.93
1375.38 4400.76
1380.57 4410.79
1365.01 4410.79
1315.54 4393.47
1286.01 4385.37
1291.2 4394.91
1283.93 4397.94
1267.88 4396.08
1265.89 4401.76
1246.46 4397.52
1253.08 4408.06
1240.65 4407.51
1241.1 4414.53
1232.11 4415.82
1236.69 4425.49
1237.77 4433.11
1225.37 4432.02
1236.33 4446.27
1233.02 4451.18
1232.14 4457.78
1230.36 4463.81
1224.47 4466.92
1234.7 4481.77
1319.29 4552.4
1462.43 4669.86
2330 5351.1
2307.75 5356.87
2286.3 5362.97
2250.93 5357.43
2214.24 5350.09
2186.96 5349.95
2168.91 5357.26
2141.06 5355.79
2103.64 5345.29
2095.42 5360.43
2054.7 5345.68
2029.66 5344.7
2006.19 5344.76
1986.41 5348
1955.29 5339.73
1931.48 5338.12
1916.17 5344.77
1889.76 5339.71
1881.38 5353.21
1851.78 5343.91
1825.13 5337.15
1806.03 5338.23
1779.07 5330.05
1763.46 5334.37
1747.85 5338.52
1724.57 5333.27
1717.3 5347.05
1687.31 5332.76
1669.43 5332.94
1651.01 5332.12
1638.75 5339.03
1623.44 5341.82
1593.35 5324.3
1578.86 5327.43
1560.91 5325.51
1558.48 5345.54
1530.4 5328.45
1510.48 5322.61
1498.97 5329.04
1484.69 5331.18
1464.57 5323.86
1449.37 5323.93
1434.24 5323.84
1426.34 5335.6
1409.71 5332.65
1387.73 5319.95
1373.36 5320.05
1360.01 5321.75
1345.27 5320.67
1332.46 5322.96
1316.91 5319.8
1306.87 5327.17
1287.01 5314.74
1274.82 5317.36
1266.47 5328.01
1255.47 5333.15
1235.77 5319.06
1226.87 5328.52
1205.57 5309.44
1199.77 5326.03
1180.44 5310.24
1142.1 5245.94
956.284 4800.02
857.529 4559.44
852.207 4558.24
850.647 4567.32
945.17 4851.05
1075.05 5254.76
1084.49 5318.05
1073.27 5320.66
1056.98 5306.93
1047.62 5315.03
1029.71 5294.28
1021.46 5306.02
1009.08 5303.24
995.232 5294.54
987.249 5307.97
978.102 5317.48
965.359 5312.33
953.617 5310.94
941.921 5309.45
925.155 5283.38
881.018 5117.87
792.152 4702.2
2461.12 13908.2
2375.19 13923.4
2289.14 13937.9
2202.96 13951.6
2116.67 13964.6
2030.26 13976.9
1943.75 13988.3
1857.15 13999.1
1770.46 14009
1683.68 14018.3
1596.82 14026.7
1509.89 14034.4
1422.91 14041.3
1335.86 14047.5
1248.76 14052.9
1161.62 14057.6
1074.44 14061.5
987.23 14064.6
899.996 14067
812.746 14068.6
725.484 14069.5
638.216 14069.6
550.953 14068.9
463.699 14067.5
376.461 14065.3
289.245 14062.3
202.056 14058.6
114.905 14054.1
27.7969 14048.9
-59.2625 14042.9
-146.266 14036.1
-233.21 14028.6
-320.083 14020.4
-406.88 14011.3
-493.595 14001.5
-580.224 13991
-666.755 13979.7
-753.184 13967.6
-839.504 13954.8
-925.71 13941.3
-1011.8 13927
-1097.75 13911.9
-1183.57 13896.1
-1269.25 13879.5
-1354.79 13862.2
-1440.17 13844.2
-1525.38 13825.4
-1610.43 13805.8
-1695.31 13785.5
-1780 13764.5
-1864.51 13742.8
-1948.83 13720.3
-2032.95 13697
-2116.86 13673.1
-2200.55 13648.4
-2284.04 13622.9
-2367.29 13596.8
-2450.31 13569.9
-2533.1 13542.3
-2615.64 13514
-2697.93 13484.9
-2779.97 13455.2
-2861.74 13424.7
-2943.24 13393.5
-3024.47 13361.6
-3105.41 13329
-3186.07 13295.7
-3266.44 13261.7
-3346.5 13227
-3426.26 13191.5
-3505.71 13155.4
-3584.84 13118.6
-3663.64 13081.2
-3742.11 13043
-3820.25 13004.1
-3898.05 12964.6
-3975.5 12924.4
-4052.59 12883.5
-4129.33 12841.9
-4205.7 12799.7
-4281.69 12756.8
-4357.31 12713.3
-4432.55 12669
-4507.4 12624.2
-4581.86 12578.7
-4655.91 12532.5
-4729.56 12485.7
-4802.79 12438.2
-4875.61 12390.1
385.903 4489.84
-5019.98 12292.1
383.223 4478.25
-5162.62 12191.5
374.954 4474.77
366.053 4479.39
362.489 4476.71
358.948 4474
350.485 4477.54
341.937 4480.97
338.991 4477.31
336.724 4472.85
332.572 4470.68
327.13 4469.98
321.015 4469.97
319.53 4464.66
309.38 4468.99
299.806 4472.43
293.568 4472.09
286.616 4472.39
281.722 4470.45
283.865 4461.35
270.53 4467.82
269.217 4462.21
267.249 4457.3
255.878 4461.3
243.672 4465.82
232.836 4468.8
230.86 4463.63
228.941 4458.45
216.482 4462.41
201.633 4468.13
202.783 4460.18
197.845 4457.34
187.467 4458.83
180.165 4457.7
175.217 4454.62
159.151 4459.97
155.764 4455.49
152.416 4450.98
131.267 4459.3
131.151 4452.26
122.907 4450.96
113.818 4450.11
98.8862 4453.02
87.2053 4453.5
73.792 4454.89
70.4528 4449.66
59.511 4449.14
42.5527 4452.1
40.0978 4446.09
15.254 4453.18
9.32875 4448.94
-3.54794 4448.53
-9.45735 4444.07
-22.3834 4443.33
-41.539 4445.66
-53.6788 4444.01
-72.9833 4445.79
-86.9945 4444.6
-97.4397 4441.45
-118.735 4443.28
-127.412 4438.89
-154.299 4442.61
-169.416 4440.63
-186.397 4439.22
-214.478 4442.19
-227.872 4438.62
-230.129 4430.38
-269.576 4436.68
-433.523 4489.56
-509.358 4506.63
-537.588 4505.12
-609.292 4518.36
-2503.5 5151.07
-2125.48 4995.14
-1932.56 4906.16
-2621.42 5095.85
-2834.15 5128.68
-2916.2 5119.39
-3025.29 5116.38
-3138.45 5112.6
-3248.92 5106.15
-3369.25 5100.32
-3489.76 5092.48
-3635.74 5088.59
-3782.94 5082.44
-3940.11 5075.94
-4099.46 5067.18
-3424.52 4888.81
-3270.42 4822.28
-4221.34 4959.67
-4191.47 4910.47
-4217.38 4871.07
-1638.06 4427.56
-1505.53 4387.59
-1013.85 4300.78
-1058.46 4291.53
-1120.9 4283.66
-1170.41 4273.29
-1243.74 4264.5
-1301.13 4252.96
-1364.44 4240.94
-1412.72 4226.7
-1472.88 4212.43
-1542.93 4197.69
-3291.86 4264.16
-3273.42 4228.76
-4148.23 4221.94
-4172.37 4180.4
-4168.15 4138.06
-4165.56 4095.8
-4157.61 4053.62
-4150.28 4011.56
-2997.84 3993.41
-2717.16 3969.65
-2480.33 3949.11
-2479.16 3921.61
-2447.79 3895.79
-2432.19 3869.48
-2455.25 3840.58
-2514.93 3808.23
-2709.71 3762.53
-2631.28 3740.57
-2576.59 3717.36
-2693.56 3674.94
-4095.85 3468.24
-4101.32 3425.19
-4106.4 3382
-4127.9 3336.1
-4314.8 3262.94
-4342.07 3213.57
-4324.57 3171.62
-4343.07 3123.05
-4337.56 3078.75
-4322.85 3036.29
-4344.92 2985.99
-4327.47 2944.01
-4312.59 2901.58
-4312.89 2855.52
-4308.89 2810.36
-4322.87 2760.35
-4333.45 2710.79
-4319.47 2667.71
-4325.3 2618.91
-4317.23 2573.93
-4315.46 2526.91
-4305.62 2482.23
-4303.92 2434.8
-4312.2 2383.76
-4296.36 2340.66
-4307.44 2287.94
-4302.97 2240.42
-4312.07 2187.54
-4295.46 2144.13
-4277.54 2101.23
-4281.47 2049.43
-4199.99 2032.9
-4020.25 2059.77
-3910.05 2059.49
-4010.92 1966.32
-8414.45 -107.449
-8377.65 -186.577
-8340.16 -265.381
-8301.99 -343.855
-8263.14 -421.993
-8223.6 -499.789
-8183.39 -577.237
-8142.5 -654.33
-8100.94 -731.065
-8058.71 -807.433
-8015.82 -883.435
-7972.26 -959.055
-7928.05 -1034.29
-7883.18 -1109.14
-7837.67 -1183.59
-7791.5 -1257.65
-7744.69 -1331.3
-7697.24 -1404.53
-7649.15 -1477.35
-7600.43 -1549.75
-7551.07 -1621.72
-7501.09 -1693.26
-7450.49 -1764.36
-7399.27 -1835.01
