24201 -1376.88
24194.4 -1349.64
24187.8 -1322.6
24181.2 -1295.76
24174.7 -1269.1
24168.2 -1242.63
24161.8 -1216.33
24155.4 -1190.21
24149.1 -1164.25
24142.8 -1138.45
24136.5 -1112.81
24130.2 -1087.31
24124.1 -1061.96
24117.9 -1036.75
24111.8 -1011.68
24105.7 -986.728
24099.6 -961.906
24093.5 -937.203
24087.5 -912.616
24081.6 -888.14
24075.6 -863.77
24069.7 -839.502
24063.8 -815.331
24057.9 -791.254
24052 -767.266
24046.2 -743.363
24040.3 -719.541
24034.5 -695.796
24028.7 -672.124
24023 -648.521
24017.2 -624.983
24011.5 -601.505
24005.7 -578.086
24000 -554.72
23994.3 -531.405
23988.6 -508.135
23983 -484.908
23977.3 -461.72
23971.6 -438.567
23966 -415.446
23960.3 -392.352
23954.7 -369.284
23940.3 -347.989
23934.7 -325.035
23929 -302.095
23923.4 -279.165
23917.8 -256.241
23912.2 -233.321
23906.6 -210.401
23901 -187.476
23104.1 -380.632
22849.8 -435.382
22385.2 -556.258
22191.1 -604.363
22074.3 -632.063
21977.2 -655.679
21899.5 -674.701
21841.1 -688.62
21783 -703.557
30699.9 2508
30669.9 2590.1
30639.3 2671.93
30607.9 2753.5
30575.8 2834.79
30543.1 2915.79
30509.6 2996.51
30475.4 3076.93
30440.5 3157.05
30404.9 3236.86
30368.6 3316.36
30331.6 3395.53
30293.9 3474.38
30255.6 3552.9
30216.5 3631.08
30176.8 3708.91
30136.4 3786.4
30095.3 3863.53
30053.6 3940.3
30011.1 4016.7
29968.1 4092.72
29924.3 4168.37
29879.9 4243.63
29834.8 4318.5
29789.1 4392.97
29742.7 4467.04
29695.7 4540.71
29648.1 4613.95
29599.8 4686.79
29550.8 4759.19
29501.3 4831.17
29451.1 4902.7
29400.3 4973.8
29348.9 5044.45
29296.8 5114.65
29244.2 5184.39
29190.9 5253.67
29137 5322.48
29082.6 5390.82
29027.5 5458.68
28971.8 5526.05
28915.6 5592.94
28858.8 5659.33
28801.4 5725.22
28743.4 5790.61
28684.9 5855.49
28625.8 5919.86
28566.1 5983.7
28505.9 6047.03
28445.1 6109.82
28383.8 6172.08
28321.9 6233.81
28259.5 6294.98
28196.6 6355.62
28133.1 6415.7
28069.1 6475.22
28004.6 6534.18
27939.6 6592.58
27874.1 6650.4
27808.1 6707.65
27741.6 6764.32
27674.6 6820.41
27607.1 6875.91
27539.1 6930.82
27470.6 6985.13
27401.7 7038.84
27332.3 7091.95
27262.4 7144.45
27192.1 7196.33
21581.6 -469.545
21580.3 -463.909
21578.9 -458.186
21577.5 -452.374
21576 -446.47
21574.5 -440.47
21573.1 -434.371
21571.5 -428.169
21570 -421.862
21567.5 -416.974
21561.1 -418.533
21554.9 -420.065
21562.3 -397.652
21555.9 -399.212
21549.7 -400.746
21657.6 -189.05
21648.8 -191.205
21640.1 -193.329
21631.6 -195.42
21623.1 -197.48
21614.8 -199.51
21606.6 -201.512
21598.6 -203.485
21590.6 -205.431
21582.8 -207.351
21575 -209.246
21567.4 -211.116
21559.8 -212.961
21552.4 -214.784
21545 -216.584
21537.7 -218.363
21530.5 -220.12
21523.4 -221.856
21516.4 -223.573
21509.5 -225.271
21502.6 -226.95
21495.8 -228.61
21489.1 -230.253
21482.4 -231.879
21475.9 -233.489
21469.3 -235.082
21462.9 -236.659
21456.5 -238.222
21450.2 -239.77
21443.9 -241.303
21437.7 -242.823
21431.5 -244.33
21425.4 -245.823
21419.4 -247.304
21413.3 -248.772
21407.4 -250.229
21401.5 -251.674
21395.6 -253.108
21389.8 -254.532
21384 -255.944
21378.3 -257.347
21372.6 -258.74
21366.9 -260.123
21361.3 -261.498
21355.7 -262.863
21350.2 -264.22
21344.6 -265.568
21339.2 -266.908
21333.7 -268.241
21328.3 -269.566
21322.9 -270.884
21317.5 -272.195
21312.2 -273.499
21306.9 -274.797
21301.6 -276.088
21296.4 -277.374
21291.1 -278.654
21285.9 -279.928
21280.7 -281.197
21275.6 -282.461
21270.4 -283.72
21265.3 -284.975
21260.2 -286.225
21255.1 -287.471
21250 -288.713
21244.9 -289.951
21239.9 -291.186
21234.8 -292.417
21229.8 -293.645
21224.8 -294.87
21219.8 -296.093
21214.8 -297.313
21209.8 -298.53
21204.9 -299.746
21199.9 -300.959
21194.9 -302.17
21190 -303.38
21185 -304.589
21180.1 -305.796
21175.2 -307.002
21170.2 -308.208
21165.3 -309.412
21160.4 -310.617
21155.5 -311.82
21150.5 -313.024
21145.6 -314.228
21140.7 -315.432
21135.8 -316.636
21130.8 -317.842
21125.9 -319.047
21121 -320.254
21116 -321.462
21111.1 -322.672
21106.1 -323.883
21101.2 -325.095
21096.2 -326.31
21091.2 -327.526
21086.2 -328.745
21081.2 -329.967
21076.2 -331.191
21071.2 -332.418
21066.2 -333.648
21061.1 -334.882
21056.1 -336.118
21051 -337.359
21045.9 -338.604
21040.8 -339.852
21035.7 -341.105
21030.5 -342.362
21025.4 -343.625
21020.2 -344.892
21015 -346.164
21009.8 -347.442
21004.5 -348.725
20828.9 -41.6487
20830.7 -61.7981
20843.2 -99.9173
20845.8 -119.862
20859.6 -157.685
20863.1 -177.423
20866.9 -197.079
20871 -216.653
20875.5 -236.144
20880.3 -255.553
20885.5 -274.879
20891 -294.12
20896.9 -313.277
20903.1 -332.349
20897 -333.845
20903.7 -352.793
20910.7 -371.654
20904.9 -373.084
20912.5 -391.819
20920.4 -410.465
20914.8 -411.828
20923.3 -430.345
20932.2 -448.771
20926.9 -450.066
20936.3 -468.359
20931.1 -469.623
20941 -487.781
20936 -489.016
20946.5 -507.036
20941.6 -508.241
14351 6324.83
14288.4 6263.92
14226.2 6202.46
14164.6 6140.47
14103.6 6077.93
14043.1 6014.87
13983.2 5951.28
13923.8 5887.17
13865 5822.54
13806.7 5757.4
13749 5691.75
13691.9 5625.61
13635.4 5558.96
13579.5 5491.83
13524.1 5424.21
13469.3 5356.1
13415.2 5287.53
13361.6 5218.48
13308.7 5148.96
13256.3 5078.99
13204.6 5008.56
13153.5 4937.68
13103 4866.35
13053.1 4794.59
13003.9 4722.4
12955.3 4649.78
12907.3 4576.73
12860 4503.27
12813.3 4429.4
12767.2 4355.12
12721.8 4280.45
12677.1 4205.38
12633 4129.92
12589.6 4054.08
12546.9 3977.86
12504.8 3901.28
12463.4 3824.32
12422.6 3747.01
12382.6 3669.35
12343.2 3591.34
12304.5 3512.98
12266.5 3434.3
12229.2 3355.28
12192.5 3275.94
12156.6 3196.28
12121.4 3116.31
12086.8 3036.04
12053 2955.47
12019.9 2874.61
11987.4 2793.46
11955.7 2712.03
11924.7 2630.32
11894.4 2548.35
11864.9 2466.11
11836 2383.62
11807.9 2300.89
11780.5 2217.91
11753.8 2134.69
11727.9 2051.24
11702.7 1967.57
11678.2 1883.68
11654.4 1799.59
11631.4 1715.28
11609.2 1630.78
11587.6 1546.09
11566.8 1461.21
11546.8 1376.16
11527.5 1290.93
11508.9 1205.54
11491.1 1119.99
11474 1034.28
11457.7 948.429
11442.1 862.439
11427.3 776.317
11413.2 690.069
11399.9 603.701
11387.4 517.22
11375.6 430.633
11364.5 343.946
11354.3 257.165
11344.7 170.296
11336 83.3495
11328 -3.6705
11320.7 -90.7572
11314.2 -177.904
11308.5 -265.104
11303.6 -352.35
11299.4 -439.637
11295.9 -526.957
11293.3 -614.305
11291.4 -701.672
11290.2 -789.052
11289.8 -876.438
11290.2 -963.825
11291.4 -1051.2
11293.3 -1138.57
11296 -1225.92
11299.4 -1313.24
11303.6 -1400.53
11308.6 -1487.77
11314.3 -1574.97
11320.8 -1662.12
11328 -1749.2
11336 -1836.22
11344.8 -1923.17
11354.3 -2010.03
11364.6 -2096.82
11375.7 -2183.5
11387.5 -2270.09
11400 -2356.57
11413.4 -2442.94
11427.4 -2529.18
11442.3 -2615.3
11457.8 -2701.29
11474.2 -2787.14
11491.2 -2872.85
11509.1 -2958.4
11527.6 -3043.79
11546.9 -3129.01
11567 -3214.07
11587.8 -3298.94
11609.3 -3383.63
11631.6 -3468.13
11654.6 -3552.43
11678.4 -3636.53
11702.9 -3720.42
11728.1 -3804.08
11754.1 -3887.53
11780.7 -3970.74
11808.2 -4053.72
11836.3 -4136.46
11865.1 -4218.95
11894.7 -4301.18
11925 -4383.15
11956 -4464.85
11987.7 -4546.28
12020.2 -4627.43
12053.3 -4708.29
12087.1 -4788.86
12121.7 -4869.13
12156.9 -4949.09
12192.9 -5028.75
12229.5 -5108.08
12266.8 -5187.1
12304.8 -5265.78
12343.5 -5344.13
12382.9 -5422.14
12423 -5499.8
12463.7 -5577.11
12505.2 -5654.06
12547.2 -5730.64
12590 -5806.86
12633.4 -5882.69
12677.5 -5958.15
12722.2 -6033.21
12767.6 -6107.88
12813.7 -6182.16
12860.4 -6256.02
12907.7 -6329.48
12955.7 -6402.52
13004.3 -6475.14
13053.5 -6547.33
13103.4 -6619.09
13153.9 -6690.41
13205 -6761.28
13256.8 -6831.71
13309.1 -6901.68
13362.1 -6971.19
13415.7 -7040.24
13469.8 -7108.81
13524.6 -7176.91
13579.9 -7244.53
13635.9 -7311.66
13692.4 -7378.3
13749.5 -7444.44
13807.2 -7510.08
13865.5 -7575.22
13924.3 -7639.84
13983.7 -7703.95
14043.6 -7767.53
14104.1 -7830.59
14165.2 -7893.12
14226.8 -7955.11
14288.9 -8016.56
14351.6 -8077.47
14414.8 -8137.83
14478.5 -8197.63
14542.7 -8256.87
14607.5 -8315.55
14672.8 -8373.66
14738.5 -8431.2
14804.8 -8488.16
14871.6 -8544.54
14938.8 -8600.33
15006.6 -8655.54
15074.8 -8710.15
15143.5 -8764.16
15212.7 -8817.57
15282.3 -8870.37
15352.4 -8922.57
15422.9 -8974.15
15493.9 -9025.11
15565.3 -9075.44
15637.2 -9125.15
15709.5 -9174.24
15782.2 -9222.68
15855.4 -9270.49
15929 -9317.66
16002.9 -9364.19
16077.3 -9410.07
16152.1 -9455.29
16227.2 -9499.86
16302.8 -9543.77
16378.7 -9587.02
16455 -9629.6
16531.7 -9671.52
16608.8 -9712.76
16686.2 -9753.33
16763.9 -9793.22
16842 -9832.43
16920.4 -9870.96
16999.2 -9908.8
17078.3 -9945.95
17157.7 -9982.41
17237.5 -10018.2
17317.5 -10053.2
17397.9 -10087.6
17478.5 -10121.3
17559.4 -10154.2
17640.7 -10186.4
17722.2 -10218
17803.9 -10248.8
17886 -10278.9
17968.3 -10308.3
18050.8 -10337
18133.6 -10364.9
18216.7 -10392.1
18299.9 -10418.6
18383.4 -10444.4
21146.2 -1364.12
21151.2 -1362.91
21156.1 -1361.7
21155.1 -1382.53
21160.2 -1381.3
21159.8 -1401.99
21164.9 -1400.73
21165.1 -1421.28
21170.3 -1419.99
21171 -1440.42
21172.1 -1460.75
21177.6 -1459.39
21179.2 -1479.59
21181.1 -1499.71
21187 -1498.28
21189.4 -1518.27
21192.3 -1538.17
21195.4 -1557.99
21201.7 -1556.46
21205.3 -1576.15
21209.3 -1595.76
21213.7 -1615.28
21218.4 -1634.73
21223.4 -1654.09
21228.8 -1673.36
21234.5 -1692.56
21239.3 -1732.56
21245.8 -1751.55
21252.7 -1770.45
21259.3 -1810.04
21275.9 -1455.95
21281 -1454.7
21286.1 -1453.46
21291.1 -1452.23
21296.1 -1451
21301.1 -1449.78
21306.1 -1448.56
21311.1 -1447.35
21316 -1446.14
21321 -1444.93
21325.9 -1443.73
21330.8 -1442.54
21335.7 -1441.34
21340.5 -1440.15
21345.4 -1438.97
21350.2 -1437.78
21355.1 -1436.6
21359.9 -1435.42
21364.7 -1434.24
21369.5 -1433.07
21374.3 -1431.9
21379.1 -1430.73
21383.9 -1429.56
21388.6 -1428.39
21393.4 -1427.22
21398.2 -1426.06
21402.9 -1424.89
21407.7 -1423.73
21412.5 -1422.57
21417.2 -1421.41
21422 -1420.24
21426.7 -1419.08
21431.5 -1417.92
21436.2 -1416.76
21441 -1415.59
21445.7 -1414.43
21450.5 -1413.26
21455.3 -1412.1
21460 -1410.93
21464.8 -1409.76
21469.6 -1408.59
21474.4 -1407.42
21479.2 -1406.25
21484 -1405.07
21488.8 -1403.89
21493.7 -1402.71
21498.5 -1401.53
21503.4 -1400.34
21508.2 -1399.15
21513.1 -1397.96
21518 -1396.77
21522.9 -1395.57
21527.8 -1394.36
21532.8 -1393.15
21537.7 -1391.94
21542.7 -1390.73
21547.7 -1389.51
21552.7 -1388.28
21557.7 -1387.05
21562.8 -1385.81
21567.9 -1384.57
21573 -1383.32
21578.1 -1382.07
21583.3 -1380.81
21588.4 -1379.54
21593.6 -1378.27
21598.9 -1376.99
21604.1 -1375.7
21609.4 -1374.41
21614.8 -1373.1
21620.1 -1371.79
21625.5 -1370.47
21631 -1369.14
21636.4 -1367.81
21641.9 -1366.46
21647.5 -1365.11
21653.1 -1363.74
21658.7 -1362.36
21664.4 -1360.98
21670.1 -1359.58
21675.8 -1358.17
21681.6 -1356.75
21687.5 -1355.32
21693.4 -1353.88
21699.4 -1352.42
21705.4 -1350.95
21711.4 -1349.47
21717.5 -1347.98
21723.7 -1346.47
21730 -1344.94
21736.3 -1343.4
21742.6 -1341.84
21749.1 -1340.27
21755.6 -1338.68
21762.1 -1337.08
21768.8 -1335.45
21775.5 -1333.81
21782.3 -1332.15
21789.1 -1330.47
21796.1 -1328.77
21803.1 -1327.05
21810.2 -1325.31
21817.4 -1323.55
21824.7 -1321.77
21832.1 -1319.96
21839.6 -1318.13
21847.2 -1316.27
21854.9 -1314.39
21862.7 -1312.48
21870.7 -1310.54
21878.7 -1308.58
21886.8 -1306.58
21895.1 -1304.56
21903.5 -1302.51
21912.1 -1300.42
21920.7 -1298.3
21929.5 -1296.15
21938.5 -1293.96
21947.6 -1291.74
21956.8 -1289.47
21966.3 -1287.17
24554.2 -2821.25
24543.2 -2776.39
24532.4 -2732.28
24521.8 -2688.89
24511.4 -2646.21
24501.1 -2604.21
24491 -2562.86
24481 -2522.14
24471.2 -2482.05
24461.6 -2442.54
24452.1 -2403.61
24442.7 -2365.24
24433.4 -2327.41
24424.3 -2290.1
24415.3 -2253.3
24406.4 -2216.99
24397.7 -2181.15
24389 -2145.78
24380.5 -2110.85
24372.1 -2076.35
24363.7 -2042.28
24355.5 -2008.61
24347.4 -1975.33
24339.3 -1942.44
24331.4 -1909.92
24323.5 -1877.76
24315.7 -1845.95
24308 -1814.48
24300.4 -1783.34
24292.9 -1752.52
24285.4 -1722
24278 -1691.79
24270.7 -1661.87
24263.5 -1632.23
24256.3 -1602.86
24249.2 -1573.77
24242.1 -1544.93
24235.1 -1516.34
24228.2 -1487.99
24221.3 -1459.87
24214.5 -1431.99
24207.8 -1404.33
24201 -1376.88
