23415.3 -3868.74
23415.3 -3868.74
23415.3 -3868.74
23415.3 -3868.74
23418.2 -3869.39
23424.1 -3870.58
23427 -3871.12
23427 -3871.12
23427 -3871.12
23427 -3871.12
23430 -3871.67
23435.9 -3872.7
23444.8 -3874.18
23456.6 -3876.14
23484.7 -3880.82
23484.7 -3880.82
23512.8 -3885.49
23526.9 -3887.83
23526.9 -3887.83
23540.9 -3890.16
23555 -3892.5
23569.1 -3894.84
23583.1 -3897.17
23612.7 -3902.09
23628.3 -3904.54
23643.8 -3906.85
23643.8 -3906.85
23658 -3908.82
23672.1 -3910.79
23686.2 -3912.75
23714.4 -3916.69
23714.4 -3916.69
23728.5 -3918.66
23742.6 -3920.63
23758.2 -3922.8
23774.6 -3924.94
23791.9 -3916.81
23809.8 -3918.86
23844.1 -3922.34
23844.1 -3922.34
23860.6 -3923.79
23877 -3925.09
23893.5 -3926.25
23910 -3927.27
23926.4 -3928.14
23942.9 -3928.87
23959.4 -3929.46
23975.9 -3930.04
23992.4 -3930.63
24008.9 -3931.22
24025.4 -3931.8
24041.9 -3932.39
24056.8 -3932.92
24071.8 -3933.45
24086.8 -3933.98
24101.8 -3934.52
24113.8 -3934.94
24125.8 -3935.26
24137.8 -3935.48
24149.8 -3935.59
24161.8 -3935.6
24173.8 -3935.5
24187.3 -3935.27
24200.8 -3935.04
24214.3 -3934.82
24227.8 -3934.59
24239.8 -3934.39
24251.8 -3934.18
24297.4 -3935.95
24297.4 -3935.95
24309.4 -3935.72
24327.4 -3935.31
24337.9 -3934.93
24337.9 -3934.93
24348.4 -3934.45
24357.3 -3933.97
24366.3 -3933.41
24375.3 -3932.77
24384.3 -3932.05
24393.2 -3931.26
24402.2 -3930.39
24411.1 -3929.43
24421.6 -3928.23
24432 -3927.03
24442.4 -3925.83
24452.9 -3924.63
24463.3 -3923.42
24473.7 -3922.22
24484.2 -3921.02
24493.1 -3919.99
24502 -3918.96
24519.9 -3916.9
24519.9 -3916.9
24528.9 -3915.87
24537.8 -3914.84
24546.8 -3913.81
24554.2 -3912.95
24561.6 -3912.03
24580.2 -3909.56
24580.2 -3909.56
24589.9 -3908.27
24599.6 -3906.99
24618.9 -3904.42
24618.9 -3904.42
24628.6 -3903.13
24638.2 -3901.85
24647.9 -3900.56
24657.6 -3899.28
24667.2 -3897.99
24676.9 -3896.71
24685.1 -3895.62
24693.2 -3894.46
24715.5 -3891.01
24715.5 -3891.01
24725.1 -3889.47
24731.8 -3888.41
24735.5 -3887.82
