-0 -0
-0 -0
-0 -0
-0 -0
-0 -0
-0 -0
-0 -0
-0 -0
-0 -0
-0 -0
-0 -0
-0 -0
-0 -0
-0 -0
-0 -0
-0 -0
-0 -0
-0 -0
-0 -0
-0 -0
-2.19565 -3.13571
-2.17783 -3.16877
-2.12717 -3.15366
-2.08411 -3.14875
-2.04675 -3.15172
-2.0326 -3.19055
-2.00151 -3.20308
-1.88726 -3.07974
-1.82529 -3.0378
-1.79263 -3.04327
-1.7465 -3.02503
-1.82738 -3.22989
-1.86021 -3.35592
-1.828 -3.36675
-1.79667 -3.37904
-1.77589 -3.41144
-1.74877 -3.43216
-1.71295 -3.43565
-1.70526 -3.49631
-1.66952 -3.50023
-1.66047 -3.56088
-1.61855 -3.55158
-1.5216 -3.41757
-1.50887 -3.47016
-1.47306 -3.4703
-1.42664 -3.44422
-1.48382 -3.67258
-1.4759 -3.74679
-1.45712 -3.79594
-1.41379 -3.78135
-1.39647 -3.83677
-1.3646 -3.85352
-1.34199 -3.89743
-1.31015 -3.91563
-1.28767 -3.96305
-1.20403 -3.81868
-1.20223 -3.93233
-1.20621 -4.07211
-1.17091 -4.08344
-1.1395 -4.10892
-1.09998 -4.10518
-1.04759 -4.05073
-1.01631 -4.07621
-0.984673 -4.10146
-0.948619 -4.10892
-0.908181 -4.09654
-0.863457 -4.06225
-0.820798 -4.03435
-0.780409 -4.01486
-0.739694 -3.99103
-0.698239 -3.95991
-0.658375 -3.93429
-0.619324 -3.91026
-0.581335 -3.8898
-0.54194 -3.8561
-0.505789 -3.84185
-0.468466 -3.81535
-0.433229 -3.8024
-0.396268 -3.77023
-0.361243 -3.75165
-0.325614 -3.72178
-0.292338 -3.71451
-0.258657 -3.69897
-0.22356 -3.65517
-0.190136 -3.62802
-0.1586 -3.63254
-0.126022 -3.6088
-0.0937921 -3.58177
-0.062253 -3.56646
-0.0313282 -3.58986
2.73831e-07 -3.627
0.0318869 -3.65386
0.0648007 -3.71243
0.0987392 -3.77071
0.133002 -3.80868
0.167411 -3.83435
0.204791 -3.90764
0.241447 -3.94762
0.279305 -3.99425
0.317916 -4.03951
0.358733 -4.10034
0.399198 -4.14582
0.442051 -4.20583
0.487339 -4.27733
0.530985 -4.32452
0.882488 -6.70316
0.943594 -6.71402
1.04206 -6.97256
1.12336 -7.09259
1.18372 -7.07364
1.25322 -7.10736
1.37825 -7.43636
1.43984 -7.40736
1.55926 -7.66399
1.6136 -7.5914
1.69602 -7.65026
1.80591 -7.82224
1.99666 -8.31668
2.08416 -8.3591
2.23664 -8.64846
2.26829 -8.46537
2.45325 -8.84613
2.55902 -8.92435
2.70468 -9.13084
2.89389 -9.4655
0 -0
0 -0
0 -0
0 -0
0 -0
0 -0
0 -0
0 -0
0 -0
0 -0
0 -0
0 -0
0 -0
0 -0
0 -0
0 -0
0 -0
2.60919 -5.34962
2.62454 -5.264
2.66311 -5.22664
2.69984 -5.18635
2.7389 -5.15112
2.77754 -5.11559
2.80656 -5.06317
2.85704 -5.0498
2.891 -5.00736
2.92038 -4.95781
2.96353 -4.93214
3.00123 -4.89756
3.03591 -4.85847
3.06906 -4.81745
3.11425 -4.79552
3.1499 -4.75899
3.18852 -4.72717
3.21266 -4.67444
3.25619 -4.65033
3.29026 -4.61278
3.3492 -4.60978
3.39703 -4.59083
3.43095 -4.55302
3.48151 -4.53719
3.51358 -4.49718
3.54647 -4.45852
3.58461 -4.42662
3.6161 -4.38669
3.65232 -4.35266
3.67847 -4.30694
3.71985 -4.2792
3.75772 -4.24733
3.79196 -4.2114
0 -0
0 -0
0 -0
0 -0
0 -0
0 -0
0 -0
0 -0
0 -0
0 -0
0 -0
0 -0
0 -0
0 -0
0 -0
0 -0
0 -0
0 -0
0 -0
0 -0
0 -0
0 -0
7.85449 -5.81201
7.69294 -5.58925
7.51673 -5.36163
7.36663 -5.15817
7.21605 -4.95945
7.09159 -4.78334
6.98213 -4.62137
6.83516 -4.43881
6.73785 -4.29249
6.6258 -4.14026
6.51332 -3.99137
6.40818 -3.85043
6.30626 -3.71467
6.20767 -3.584
6.10729 -3.45534
6.0305 -3.34276
5.95047 -3.23084
5.88308 -3.12809
5.80637 -3.02261
5.71224 -2.91053
5.61929 -2.80168
4.11378 -2.00642
3.90097 -1.86067
3.72674 -1.73781
3.56887 -1.62643
3.45686 -1.53909
3.48391 -1.51485
3.50252 -1.48673
3.52737 -1.46109
3.55111 -1.43474
3.56443 -1.40407
3.61389 -1.38724
3.62492 -1.3553
3.64789 -1.32772
3.67536 -1.30151
3.69225 -1.27134
3.72976 -1.24796
3.75762 -1.22093
3.77481 -1.19019
3.80227 -1.16247
3.83816 -1.13691
3.86716 -1.10889
3.88247 -1.0767
3.90717 -1.04692
3.93939 -1.0188
3.97821 -0.99188
3.9945 -0.958994
4.0222 -0.928598
4.05065 -0.898008
4.09159 -0.869695
4.10784 -0.835751
4.13952 -0.804642
4.15327 -0.769763
4.13127 -0.728454
4.08815 -0.684122
4.04952 -0.641382
4.03815 -0.603506
3.99672 -0.561702
3.96479 -0.521974
3.93842 -0.483578
3.91467 -0.446021
3.88659 -0.408498
3.87209 -0.37284
3.84232 -0.33616
3.8162 -0.300342
3.78576 -0.264726
3.746 -0.229116
3.73188 -0.195579
3.71146 -0.162046
3.68875 -0.128814
3.66174 -0.0958865
3.64145 -0.0635622
3.61886 -0.0315812
3.588 0
3.56286 0.0310925
3.55046 0.0619731
3.52579 0.0923264
3.48787 0.121799
3.48168 0.152014
3.45426 0.18103
3.44357 0.210617
3.41666 0.238916
3.39749 0.267389
3.3771 0.295458
3.34155 0.321754
3.34557 0.351633
3.32052 0.378325
3.29426 0.404484
3.27177 0.430736
3.25204 0.457044
3.23408 0.483336
3.21789 0.509664
3.20444 0.53624
3.1701 0.558973
3.16706 0.58698
3.14808 0.611924
3.11322 0.633392
3.10464 0.659912
3.08314 0.683516
3.06244 0.707021
3.04157 0.730217
3.02538 0.754313
3.01288 0.779183
2.99051 0.801304
2.97665 0.825499
2.94531 0.844553
2.94262 0.871643
2.92821 0.895242
2.90025 0.914446
2.89216 0.93972
2.87721 0.962703
2.85641 0.983541
2.84489 1.00743
2.8219 1.02709
2.81564 1.05272
2.79421 1.0726
2.7652 1.08924
2.75095 1.11146
2.74762 1.1381
2.72746 1.15774
2.71633 1.18109
2.68856 1.19703
2.67984 1.22127
2.66455 1.2425
2.64096 1.25968
2.63616 1.28574
2.62037 1.30647
2.59907 1.32429
2.59539 1.35108
2.57114 1.3671
2.55912 1.38949
2.53902 1.4074
2.52664 1.42951
2.50368 1.4455
2.49614 1.47034
2.48836 1.49516
2.47436 1.51629
2.4551 1.53412
2.44162 1.55548
2.40866 1.5642
2.39992 1.58847
2.381 1.606
2.37513 1.63238
2.37308 1.66165
2.3414 1.6701
2.3235 1.68812
2.31913 1.71606
2.28649 1.723
2.28406 1.75262
2.27026 1.77372
2.26174 1.79907
2.24673 1.81937
2.22228 1.83191
2.20468 1.84994
2.18845 1.86911
2.17809 1.89339
2.16298 1.91365
2.14546 1.93178
2.13737 1.95854
2.12458 1.98121
2.09633 1.98934
2.01343 1.94435
1.91793 1.88474
1.88161 1.88161
1.86161 1.89439
1.83946 1.90481
1.83928 1.9382
1.83048 1.96295
1.85517 2.02456
1.96657 2.1841
1.94877 2.20268
1.92881 2.21885
1.91652 2.24396
1.90137 2.26596
1.88788 2.29018
1.87789 2.319
1.85821 2.33609
1.83282 2.34591
1.69175 2.20473
1.63874 2.17468
1.62089 2.19051
1.59349 2.19324
1.58648 2.22416
1.57504 2.24939
1.57348 2.28942
1.69491 2.51281
1.69445 2.56003
1.67694 2.58227
1.65327 2.59512
1.64328 2.6298
1.63072 2.66109
1.61001 2.6795
1.59316 2.70465
1.571 2.72105
1.55606 2.75032
1.53685 2.77254
1.51641 2.79288
1.50466 2.82985
1.48683 2.85617
1.46866 2.88241
1.44568 2.89959
1.42865 2.92917
1.40304 2.94153
1.38746 2.97541
1.34029 2.94099
1.29139 2.90051
1.25407 2.88415
1.23119 2.90051
1.22382 2.95457
1.21934 3.01798
1.18197 3.0006
1.14857 2.99213
1.12942 3.02077
1.13311 3.1132
1.16232 3.28228
1.1434 3.32066
1.12484 3.36181
1.09639 3.37435
1.07743 3.41717
1.05078 3.43696
1.0253 3.46134
1.00497 3.50476
0.982368 3.54231
0.955042 3.56427
0.932666 3.60635
0.908417 3.64346
0.879855 3.66486
0.853464 3.69676
0.827665 3.73336
0.799421 3.76098
0.774545 3.80701
0.746445 3.84013
0.718555 3.87697
0.691641 3.92249
0.662501 3.95895
0.63356 4.00014
0.604836 4.04705
0.571445 4.06604
0.538682 4.09169
0.508927 4.14487
0.47885 4.20281
0.444873 4.23269
0.411466 4.27324
0.378256 4.32349
0.344044 4.37148
0.308742 4.41522
0.273131 4.46565
0.23703 4.52279
0.199646 4.57264
0.161446 4.62318
0.122194 4.6664
0.0824276 4.72228
0.0416082 4.76782
3.63069e-07 4.809
-0.04255 4.87581
-0.0861628 4.93625
-0.130806 4.99529
-0.176521 5.05492
-0.223244 5.11313
-0.270786 5.16691
-0.320322 5.23721
-0.370686 5.30106
-0.422739 5.37139
-0.474912 5.42826
-0.531274 5.51748
-0.586928 5.58424
-0.636315 5.58487
-0.686855 5.59399
-0.758357 5.76029
-0 0
-0 0
-0 0
-0 0
-0 0
-0 0
-0 0
-0 0
-0 0
-0 0
-0 0
-0 0
-0 0
-0 0
-0 0
-0 0
-0 0
-0 0
-0 0
-0 0
-0 0
-0 0
-0 0
-0 0
-0 0
-0 0
-0 0
-0 0
-0 0
-0 0
-0 0
-0 0
-0 0
-0 0
-0 0
-0 0
-0 0
-0 0
-0 0
-0 0
-0 0
-0 0
-0 0
-2.4045 4.24995
-2.442 4.22967
-2.4235 4.11428
-2.42686 4.03897
-2.45627 4.00826
-2.48903 3.98328
-2.5194 3.95466
-2.55218 3.93001
-2.58417 3.90425
-2.61143 3.87161
-2.64115 3.8429
-2.67918 3.82626
-2.69969 3.78482
-0 0
-0 0
-0 0
-0 0
-0 0
-0 0
-0 0
-0 0
-0 0
-0 0
-0 0
-0 0
-0 0
-0 0
-0 0
-0 0
-0 0
-0 0
-0 0
0 0
0 0
0 0
0 0
0 0
0 0
0 0
0 0
0 0
0 0
0 0
0 0
0 0
0 0
0 0
0 0
0 0
0 0
0 0
0 0
0 0
0 0
0 0
0 0
0 0
0 0
0 0
0 0
0 0
37.7509 12.2799
0.858959