6576.01 -4001.01
6646.21 -3949.18
6715.96 -3896.73
6785.25 -3843.68
6854.07 -3790.03
6922.42 -3735.77
6990.3 -3680.93
7057.69 -3625.49
7124.6 -3569.47
7191.02 -3512.86
7256.94 -3455.68
7322.36 -3397.92
7387.27 -3339.6
7451.67 -3280.71
7515.56 -3221.26
7578.92 -3161.26
7641.76 -3100.7
7704.07 -3039.6
7765.84 -2977.96
2937.58 1857.35
2925.77 1906.98
2917.63 1952.11
2824.51 2075.09
2548.25 2361.19
2539.24 2398.97
2554.5 2414.67
2515.13 2477.57
2520.56 2500.84
2527.27 2522.8
2523.67 2552.99
2560.22 2550.41
2633.82 2519.22
2660.71 2525.98
2849.08 2410.05
2907.52 2396.16
2896.25 2434.69
2883.67 2473.48
2886.91 2500.36
2895.59 2523.17
2878.44 2563.5
2889.83 2583.93
2887.67 2613.23
2886.01 2641.84
2892.47 2664.96
2876.6 2701.79
2876.49 2728.36
2882.1 2751.24
2886.61 2774.62
2884.81 2801.46
2864.41 2838.45
2878.57 2855.7
2878.52 2880.7
2864.92 2912.6
2863.39 2937.75
2873.18 2956.93
2882.81 2976.18
2865.26 3008.58
2861.78 3033.76
2858.93 3058.36
2874.05 3074.61
2858.87 3104.37
2136.18 3438.48
1989.53 3515.25
2083.14 3490.33
2238.54 3442.48
2858.83 3216.33
2857.78 3238.65
2860.26 3259.5
2865.36 3279.31
2874.06 3297.82
2865.57 3322.23
2853.02 3347.69
2566 3460.96
2472.9 3508.17
2510.28 3514.07
2526.58 3526.77
2722.71 3488.77
2839.59 3476.06
2477.31 3592.14
2332.19 3645.98
2411.56 3641.87
2416.2 3656.84
2448.02 3665.65
2669.35 3633.63
2832.63 3617.72
2854.14 3633.07
2847.06 3654.2
2846.67 3673.91
2855.95 3691.89
2853.24 3711.94
2846.4 3732.52
2834.42 3753.69
2839.07 3772.3
2850.51 3790.08
2839.96 3810.65
2799.4 3834.31
2811.32 3851.88
2708.59 3880.28
2720.13 3897.23
2849.19 3905.49
2832.58 3925.7
2839.74 3944.22
2850.74 3962.66
2841.6 3982.08
2841.28 4001.05
1981.02 4039.68
1716.26 4054.85
1592.35 4064.64
1574.36 4072.62
1577.3 4080.54
1563.17 4088.15
1549.98 4095.55
1571.71 4104.06
1569.38 4111.82
1556.99 4118.99
1556.53 4126.71
1574.95 4135.82
1574.33 4143.71
1563.69 4150.68
1585.84 4160.74
1586 4168.83
1514.59 4168.53
1462.1 4169.38
1426.51 4171.59
1422.63 4177.75
1397.93 4180.68
1393.97 4186.53
1388.98 4192.16
1382.96 4197.54
1371.99 4201.89
1361.98 4206.25
1366.64 4213.48
1369.27 4220.39
1360.12 4224.72
1349.01 4228.44
1362.17 4237.9
1368.43 4245.88
1351.39 4247.9
1359.46 4256.45
1342.4 4258.12
1356.09 4268.43
1353.37 4274.11
1345.83 4278.28
1341.13 4283.25
1352.54 4293.45
1357.19 4301.63
1348.53 4305.31
1361.51 4316.6
1352.76 4320.19
1365.51 4331.78
1364.13 4338.19
1355.26 4341.64
1363.04 4351.75
1359.63 4357.39
1369.04 4368.51
1364.58 4373.78
1372.84 4384.74
1368.25 4390.01
1385.33 4405.44
1381.48 4411.23
1357.83 4407.26
1303.93 4387.63
1294.9 4389.94
1280.57 4389.33
1283.05 4397.47
1275.78 4400.4
1264.14 4400.78
1248.2 4398.51
1262.59 4413.59
1243.23 4409.04
1241.96 4415.05
1235.52 4417.92
1234.15 4423.89
1231.03 4428.79
1237.08 4439.68
1223.85 4437.95
1231.37 4450.06
1225.56 4453.23
1229.55 4463.23
1224.47 4466.92
1238.73 4484.72
1312.87 4547.62
1444.1 4655.95
2337.12 5356.6
2303.03 5353.16
2278.5 5356.72
2242.4 5350.48
2219.63 5354.56
2185.44 5348.66
2165.12 5354
2134.29 5349.86
2102.15 5343.96
2082.08 5348.34
2063.52 5353.82
2027.47 5342.65
2006.19 5344.76
1979.95 5341.72
1961.69 5346.06
1950.5 5357.27
1907.78 5336.19
1889.07 5338.99
1869.72 5340.84
1864.01 5357.11
1824.46 5336.41
1804.03 5335.99
1785.01 5336.82
1779.79 5353.3
1747.2 5337.76
1729.05 5338.65
1698.93 5324.62
1689.82 5335.87
1670.67 5334.51
1647.95 5328.17
1636.93 5336.65
1621.64 5339.42
1603.42 5338
1578.86 5327.43
1558.6 5322.24
1544.78 5325.83
1530.4 5328.45
1510.48 5322.61
1495.67 5324.03
1488.49 5337.06
1472.58 5336.53
1447.79 5321.38
1432.68 5321.28
1426.34 5335.6
1402.14 5319.7
1390.21 5324.29
1370.42 5314.82
1360.01 5321.75
1351.43 5332.11
1333.86 5325.62
1314.15 5314.47
1297.85 5309.32
1288.34 5317.43
1278.74 5325.47
1266.47 5328.01
1250.43 5322.26
1235.36 5318.15
1225.66 5325.77
1207.15 5313.11
1196.28 5317.74
1177.78 5303.77
1137.64 5234.8
956.648 4800.96
857.885 4560.38
852.207 4558.24
850.647 4567.32
936.903 4827.45
1075.05 5254.76
1081.03 5307.61
1068.99 5307.33
1056.39 5305.02
1040.39 5291.1
1036.73 5318.27
1024.19 5315.64
1009.08 5303.24
998.3 5306.14
984.778 5298.29
974.283 5301.94
962.366 5299.68
952.951 5308.02
940.855 5304.57
923.109 5273.59
877.684 5101.2
792.152 4702.2
2461.12 13908.2
2375.19 13923.4
2289.14 13937.9
2202.96 13951.6
2116.67 13964.6
2030.26 13976.9
1943.75 13988.3
1857.15 13999.1
1770.46 14009
1683.68 14018.3
1596.82 14026.7
1509.89 14034.4
1422.91 14041.3
1335.86 14047.5
1248.76 14052.9
1161.62 14057.6
1074.44 14061.5
987.23 14064.6
899.996 14067
812.746 14068.6
725.484 14069.5
638.216 14069.6
550.953 14068.9
463.699 14067.5
376.461 14065.3
289.245 14062.3
202.056 14058.6
114.905 14054.1
27.7969 14048.9
-59.2625 14042.9
-146.266 14036.1
-233.21 14028.6
-320.083 14020.4
-406.88 14011.3
-493.595 14001.5
-580.224 13991
-666.755 13979.7
-753.184 13967.6
-839.504 13954.8
-925.71 13941.3
-1011.8 13927
-1097.75 13911.9
-1183.57 13896.1
-1269.25 13879.5
-1354.79 13862.2
-1440.17 13844.2
-1525.38 13825.4
-1610.43 13805.8
-1695.31 13785.5
-1780 13764.5
-1864.51 13742.8
-1948.83 13720.3
-2032.95 13697
-2116.86 13673.1
-2200.55 13648.4
-2284.04 13622.9
-2367.29 13596.8
-2450.31 13569.9
-2533.1 13542.3
-2615.64 13514
-2697.93 13484.9
-2779.97 13455.2
-2861.74 13424.7
-2943.24 13393.5
-3024.47 13361.6
-3105.41 13329
-3186.07 13295.7
-3266.44 13261.7
-3346.5 13227
-3426.26 13191.5
-3505.71 13155.4
-3584.84 13118.6
-3663.64 13081.2
-3742.11 13043
-3820.25 13004.1
-3898.05 12964.6
-3975.5 12924.4
-4052.59 12883.5
-4129.33 12841.9
-4205.7 12799.7
-4281.69 12756.8
-4357.31 12713.3
-4432.55 12669
-4507.4 12624.2
-4581.86 12578.7
-4655.91 12532.5
-4729.56 12485.7
396.017 4490.57
-4875.61 12390.1
-4948.01 12341.4
-5019.98 12292.1
380.918 4481.52
375.001 4482.22
374.954 4474.77
-5303.48 12088.4
-5373.22 12036
356.502 4477.16
348.63 4479.9
348.813 4472.39
343.415 4471.88
336.085 4473.62
330.636 4472.97
325.826 4471.5
319.698 4471.48
310.883 4474.37
313.409 4464.54
302.519 4469.49
296.99 4468.44
291.452 4467.33
292.178 4459.69
285.975 4459.21
271.949 4466.41
271.364 4460.11
256.425 4467.68
260.244 4457.19
236.336 4472.61
240.971 4461.4
227.879 4466.29
226.687 4460.43
220.267 4459.15
217.647 4454.55
200.478 4462.1
197.845 4457.34
196.817 4451.31
180.165 4457.7
169.687 4458.91
166.309 4454.52
146.156 4462.68
148.387 4453.94
137.755 4454.62
132.783 4451.11
116.338 4455.53
121.252 4445.03
94.7317 4455.8
90.5481 4451.3
78.8349 4451.64
71.298 4449.12
62.0605 4447.56
45.9701 4450.03
41.8156 4445.07
11.8007 4455.2
12.7995 4446.95
0.812034 4446.08
-15.5909 4447.44
-36.4697 4450.92
-44.1925 4447.06
-58.1214 4446.31
-74.7684 4446.69
-72.652 4437.51
-100.14 4442.76
-116.927 4442.42
-133.766 4441.82
-150.653 4440.96
-167.586 4439.83
-190.07 4440.8
-209.869 4440.25
-228.797 4439
-243.127 4435.59
-271.44 4437.4
-427.914 4487.43
-510.296 4506.97
-525.357 4500.71
-606.461 4517.37
-2500.66 5150.1
-2092.25 4984.15
-1956.36 4913.81
-2624.29 5096.74
-2828.41 5126.94
-2926.76 5122.48
-3023.37 5115.83
-3132.66 5111.01
-3239.25 5103.59
-3362.46 5098.59
-3471.31 5087.94
-3610.44 5082.6
-3783.91 5082.67
-3946.95 5077.43
-4101.41 5067.59
-3420.59 4888.03
-3267.47 4821.72
-4222.32 4959.85
-4207.24 4913.19
-4210.47 4869.94
-1639.05 4427.71
-1464.96 4381.67
-1019.8 4301.59
-1060.44 4291.79
-1122.88 4283.9
-1159.47 4272.08
-1230.81 4263.18
-1295.16 4252.41
-1353.48 4240.02
-1410.73 4226.55
-1473.88 4212.49
-1539.94 4197.52
-3309.84 4265.04
-3279.42 4229
-4170.22 4222.63
-4150.37 4179.9
-4168.15 4138.06
-4150.56 4095.72
-4144.61 4053.66
-4148.28 4011.59
-3001.84 3993.33
-2727.15 3969.36
-2498.32 3948.42
-2485.15 3921.33
-2471.75 3894.45
-2437.18 3869.16
-2466.22 3839.77
-2512.94 3808.39
-2705.73 3762.89
-2649.19 3738.78
-2572.61 3717.8
-2684.63 3675.99
-4102.79 3467.36
-4100.33 3425.32
-4115.31 3380.72
-4123.95 3336.7
-4311.84 3263.42
-4330.24 3215.59
-4338.35 3169.15
-4332.26 3125.09
-4337.56 3078.75
-4329.71 3034.87
-4335.15 2988.1
-4315.76 2946.65
-4334.01 2896.56
-4325.52 2852.45
-4315.68 2808.64
-4320.93 2760.86
-4333.45 2710.79
-4315.62 2668.79
-4323.38 2619.47
-4318.19 2573.64
-4297.31 2532.52
-4311.33 2480.41
-4310.57 2432.62
-4296.1 2389.21
-4306.75 2337.05
-4314.97 2285.25
-4300.15 2241.46
-4299.91 2192.14
-4301.05 2141.96
-4272.89 2103.07
-4274.99 2052.07
-4189.84 2037.14
-4005.55 2066.07
-3875.25 2074.76
-3978.08 1981.07
-8414.45 -107.449
-8377.65 -186.577
-8340.16 -265.381
-8301.99 -343.855
-8263.14 -421.993
-8223.6 -499.789
-8183.39 -577.237
-8142.5 -654.33
-8100.94 -731.065
-8058.71 -807.433
-8015.82 -883.435
-7972.26 -959.055
-7928.05 -1034.29
-7883.18 -1109.14
-7837.67 -1183.59
-7791.5 -1257.65
-7744.69 -1331.3
-7697.24 -1404.53
-7649.15 -1477.35
-7600.43 -1549.75
-7551.07 -1621.72
-7501.09 -1693.26
-7450.49 -1764.36
-7399.27 -1835.01
