9982.3 -7480.75
9999.87 -7475.93
10016.3 -7467.99
10040.7 -7480.3
10061.2 -7482.22
10078.8 -7476.53
10096.5 -7471.06
10119.9 -7478.64
10138.5 -7474.71
10157.3 -7470.92
10183.7 -7483.3
9916.43 -6884.1
9920.09 -6861.84
9922.93 -6838.67
9916.19 -6797.58
9919.52 -6777.17
9922.57 -6756.87
9914.44 -6716.71
9932.42 -6724.71
9923.41 -6684.82
9925.17 -6664.79
9926.6 -6644.78
9927.7 -6624.76
9928.46 -6604.75
9928.88 -6584.75
9928.95 -6564.74
9928.68 -6544.74
9928.05 -6524.75
9927.07 -6504.76
9939.46 -6504.61
9952 -6504.47
9964.69 -6504.32
9977.54 -6504.17
9990.55 -6504.01
10003.7 -6503.86
10017.1 -6503.7
10030.6 -6503.54
10044.3 -6503.38
10058.2 -6503.22
10072.3 -6503.05
10086.6 -6502.88
10101.1 -6502.71
10115.8 -6502.54
10130.7 -6502.36
10145.9 -6502.18
10161.3 -6502
10176.9 -6501.82
10192.8 -6501.63
10209 -6501.44
10225.4 -6501.24
10242.1 -6501.05
10257.9 -6499.65
10257.7 -6482.69
10277.7 -6485.07
10297.8 -6487.07
10317.8 -6488.67
10337.8 -6489.91
10357.8 -6490.77
10377.8 -6491.27
10397.8 -6491.41
10417.8 -6491.19
10437.8 -6490.63
10457.8 -6489.73
10477.8 -6488.49
10497.8 -6486.92
10517.7 -6485.02
10537.7 -6482.79
10557.7 -6480.25
10597.8 -6491.92
10617.8 -6488.47
10637.8 -6484.72
10657.7 -6480.67
10697.8 -6489.79
10717.8 -6484.88
9931.53 -5960.66
9931.43 -5952.43
9931.34 -5944.28
9931.24 -5936.23
9931.15 -5928.26
9931.06 -5920.38
9930.96 -5912.58
9930.87 -5904.86
9930.78 -5897.22
9930.69 -5889.65
9930.61 -5882.16
9930.52 -5874.73
9930.43 -5867.38
9930.35 -5860.09
9930.26 -5852.86
9930.18 -5845.7
9930.09 -5838.6
9930.01 -5831.56
9929.93 -5824.57
9929.85 -5817.64
9929.76 -5810.76
9929.68 -5803.94
9929.6 -5797.16
9929.52 -5790.44
9929.45 -5783.76
9929.37 -5777.12
9929.29 -5770.53
9929.21 -5763.99
9929.14 -5757.48
9929.06 -5751.02
9928.98 -5744.59
9928.91 -5738.2
9928.83 -5731.85
9928.76 -5725.53
9928.69 -5719.25
9928.61 -5713
9928.54 -5706.77
9928.47 -5700.58
9928.39 -5694.42
9928.32 -5688.28
9888.14 -5673.1
9888.07 -5667.39
9888 -5661.7
9887.94 -5656.03
9887.87 -5650.38
9887.81 -5644.75
9887.74 -5639.14
9887.67 -5633.55
9887.61 -5627.97
9887.54 -5622.42
9887.48 -5616.87
9887.41 -5611.34
9887.35 -5605.83
9887.28 -5600.32
9887.22 -5594.83
9887.15 -5589.35
9887.09 -5583.88
9887.02 -5578.42
9886.96 -5572.96
9886.9 -5567.52
9886.83 -5562.08
9886.77 -5556.64
9886.7 -5551.21
9886.64 -5545.79
9886.58 -5540.37
9886.51 -5534.95
9886.45 -5529.53
9886.38 -5524.11
9886.32 -5518.69
9886.26 -5513.27
9886.19 -5507.85
9886.13 -5502.43
9886.06 -5497
9886 -5491.57
9885.94 -5486.14
9885.87 -5480.69
9885.81 -5475.24
9885.74 -5469.79
9885.68 -5464.32
9885.61 -5458.85
9885.55 -5453.36
9885.49 -5447.87
9885.42 -5442.36
9885.36 -5436.84
9885.29 -5431.3
9885.22 -5425.75
9885.16 -5420.19
9885.09 -5414.61
9885.03 -5409.01
9884.96 -5403.39
9884.89 -5397.75
9884.83 -5392.1
9884.76 -5386.42
9884.69 -5380.72
9884.63 -5375
9884.56 -5369.25
9884.49 -5363.47
9884.42 -5357.68
9884.35 -5351.85
9884.28 -5345.99
9884.22 -5340.11
9884.15 -5334.19
9884.08 -5328.24
9884.01 -5322.26
9883.93 -5316.25
9883.86 -5310.2
9883.79 -5304.11
9883.72 -5297.98
9883.65 -5291.82
9883.57 -5285.61
9883.5 -5279.36
9883.43 -5273.07
9883.35 -5266.74
9883.28 -5260.35
9883.2 -5253.92
9883.12 -5247.44
9883.05 -5240.91
9882.97 -5234.33
9882.89 -5227.69
9882.81 -5221
9882.73 -5214.25
9882.65 -5207.44
9882.57 -5200.57
9882.49 -5193.63
9882.41 -5186.63
9882.32 -5179.56
9882.24 -5172.43
9882.15 -5165.22
9882.07 -5157.94
9881.98 -5150.58
9881.89 -5143.15
9881.81 -5135.63
9881.72 -5128.03
9881.63 -5120.35
9881.53 -5112.58
9881.44 -5104.71
9881.35 -5096.76
9881.25 -5088.7
9881.16 -5080.55
9881.06 -5072.29
9880.96 -5063.93
9880.86 -5055.46
9880.76 -5046.87
9880.66 -5038.17
9880.55 -5029.35
9880.45 -5020.41
9880.34 -5011.33
9880.23 -5002.13
9880.12 -4992.78
9880.01 -4983.3
9879.9 -4973.67
9879.78 -4963.89
9879.66 -4953.95
9879.55 -4943.85
9879.42 -4933.59
9879.3 -4923.15
9879.18 -4912.53
9875.62 -4905.26
9864.94 -4905.38
9873.41 -4885.28
9862.75 -4885.41
9870.57 -4865.31
9859.93 -4865.44
9867.13 -4845.35
9873.86 -4825.27
9863.09 -4825.4
9869.23 -4805.32
9874.93 -4785.26
9864.04 -4785.38
9869.17 -4765.32
9858.31 -4765.45
9862.88 -4745.39
9867.05 -4725.34
9870.8 -4705.3
9874.16 -4685.26
9862.92 -4685.39
9865.77 -4665.36
9868.22 -4645.33
9870.3 -4625.3
9872 -4605.28
9873.33 -4585.26
9861.64 -4585.4
9862.49 -4565.39
9862.98 -4545.38
9863.12 -4525.38
9862.9 -4505.38
9862.34 -4485.38
9861.43 -4465.39
9860.18 -4445.41
9853.96 -4434.08
9852.26 -4413.86
9850.23 -4393.64
9847.22 -4374.69
9844.96 -4353.61
9852.02 -4312.37
9849.52 -4289.86
9846.48 -4267.73
9853.59 -4222.12
9850.09 -4198.81
9846.28 -4175.37
9850.51 -4131.69
9848.93 -4100.38
9844.34 -4075.3
9847.2 -4029.92
9846.03 -3993.07
9840.67 -3965.93
9849.31 -3898.29
9841.36 -3874.95
9841.99 -3825.09
9841.91 -3774.73
9841.27 -3723.37
9840.34 -3670.06
9844.7 -3595.94
9838.18 -3554.91
9841.3 -3476.95
9837.92 -3417.98
9839.08 -3337.73
9838.08 -3260.47
9837.81 -3174.65
9836.46 -3087.02
9835.09 -2992.72
10221.8 -1083.54
10181.1 -1084.02
10140.6 -1084.5
10100.2 -1084.98
10059.9 -1085.45
10019.8 -1085.93
9979.82 -1086.4
9939.95 -1086.87
9900.2 -1087.33
9860.55 -1087.8
9821 -1088.27
9781.55 -1088.73
9742.18 -1089.2
9702.9 -1089.66
9663.69 -1090.12
9909.32 2441.65
9839.62 2446.96
9769.86 2451.67
9700.07 2455.76
9630.25 2459.25
9560.4 2462.12
9490.53 2464.38
9420.64 2466.04
9350.73 2467.08
9280.83 2467.51
9210.92 2467.33
9141.01 2466.54
9071.11 2465.14
9001.23 2463.13
9161.79 -3036.17
9139.94 -3036.43
9118.08 -3036.69
9096.2 -3036.94
9074.3 -3037.2
9052.37 -3037.46
9030.41 -3037.72
9008.42 -3037.98
8986.4 -3038.24
8964.34 -3038.5
8942.23 -3038.76
8920.08 -3039.02
8897.88 -3039.28
8875.63 -3039.54
8853.33 -3039.81
8830.96 -3040.07
8810.68 -3052.07
8786.92 -3045.23
8770.66 -3076.56
8770.78 -3183.18
8775.47 -3302.08
8776.82 -3397.26
8769.68 -3449.82
8748.23 -3441.07
8731.09 -3450.02
8712.5 -3453.22
8693.46 -3454.9
8672.08 -3448.62
8651.34 -3445.24
8636.21 -3460.82
8614.73 -3455.57
8594.2 -3453.91
8657.44 -3704.18
8663.75 -3774.52
8663.74 -3823.32
8656.98 -3851.13
8665.35 -3918.39
8665 -3959.61
8659.13 -3984.94
8661.58 -4029.93
8668.9 -4084.76
8663.94 -4108.17
8659.29 -4131.43
8646.13 -4134.66
8626.28 -4123.29
8612.27 -4125.23
8598.15 -4127.11
8589.47 -4140.36
8574.45 -4140.53
8559.3 -4140.71
8544.02 -4140.89
8528.61 -4141.07
8523.82 -4161.13
8519.34 -4181.19
8515.16 -4201.24
8522.73 -4241.15
8519.4 -4261.19
8516.39 -4281.23
8525.84 -4321.12
8523.7 -4341.15
8521.89 -4361.17
8520.41 -4381.19
8519.27 -4401.2
8518.45 -4421.21
8517.98 -4441.22
8517.85 -4461.22
8518.07 -4481.22
8518.64 -4501.22
8519.57 -4521.21
8520.85 -4541.19
8522.5 -4561.18
8524.52 -4581.15
8526.92 -4601.13
8529.7 -4621.1
8532.87 -4641.06
8519.84 -4641.21
8523.5 -4661.17
8527.57 -4681.12
8532.05 -4701.07
8519.15 -4701.23
8524.15 -4721.17
8529.59 -4741.11
8535.46 -4761.04
8522.7 -4761.19
8529.14 -4781.11
8536.03 -4801.03
8523.3 -4801.18
8517.86 -4808.59
8518.01 -4821.29
8518.15 -4833.77
8518.3 -4846.04
8518.44 -4858.12
8518.58 -4870
8518.72 -4881.69
8518.85 -4893.21
8518.99 -4904.55
8519.12 -4915.72
8519.25 -4926.72
8519.38 -4937.57
8519.5 -4948.26
8519.63 -4958.81
8519.75 -4969.21
8519.87 -4979.47
8519.99 -4989.59
8520.11 -4999.59
8520.22 -5009.46
8520.34 -5019.2
8520.45 -5028.83
8520.56 -5038.34
8520.68 -5047.73
8520.79 -5057.02
8520.89 -5066.2
8521 -5075.28
8521.11 -5084.27
8521.21 -5093.15
8521.31 -5101.94
8521.42 -5110.64
8521.52 -5119.25
8521.62 -5127.78
8521.72 -5136.22
8521.82 -5144.59
8521.91 -5152.87
8522.01 -5161.08
8522.11 -5169.22
8522.2 -5177.28
8522.3 -5185.28
8522.39 -5193.21
8522.48 -5201.07
8522.57 -5208.87
8522.67 -5216.61
8522.76 -5224.29
8522.85 -5231.92
8522.94 -5239.49
8523.02 -5247
8523.11 -5254.46
8523.2 -5261.88
8523.29 -5269.24
8523.37 -5276.56
8523.46 -5283.83
8523.54 -5291.05
8523.63 -5298.24
8523.71 -5305.38
8523.8 -5312.49
8523.88 -5319.55
8523.96 -5326.58
8524.04 -5333.57
8524.13 -5340.53
8524.21 -5347.46
8524.29 -5354.35
8524.37 -5361.21
8524.45 -5368.05
8524.53 -5374.85
8524.61 -5381.63
8524.69 -5388.39
8524.77 -5395.12
8524.85 -5401.83
8524.93 -5408.51
8525.01 -5415.17
8525.08 -5421.82
8525.16 -5428.44
8525.24 -5435.05
8525.32 -5441.64
8525.39 -5448.22
8525.47 -5454.78
8525.55 -5461.33
8525.63 -5467.86
8525.7 -5474.39
8525.78 -5480.9
8525.86 -5487.41
8525.93 -5493.9
8526.01 -5500.39
8526.09 -5506.87
8526.16 -5513.35
8526.24 -5519.83
8526.31 -5526.3
8526.39 -5532.76
8526.47 -5539.23
8526.54 -5545.7
8526.62 -5552.16
8526.7 -5558.63
8526.77 -5565.1
8526.85 -5571.58
8526.92 -5578.06
8527 -5584.54
8527.08 -5591.04
8527.15 -5597.53
8527.23 -5604.04
8527.31 -5610.56
8527.38 -5617.09
8527.46 -5623.63
8527.54 -5630.18
8527.62 -5636.75
8527.69 -5643.33
8527.77 -5649.93
8527.85 -5656.54
8527.93 -5663.18
8528.01 -5669.83
8528.08 -5676.5
8528.16 -5683.19
8528.24 -5689.91
8528.32 -5696.65
8528.4 -5703.41
8528.48 -5710.2
8528.56 -5717.02
8528.64 -5723.87
8528.72 -5730.74
8528.81 -5737.65
8528.89 -5744.59
8528.97 -5751.56
8529.05 -5758.56
8529.13 -5765.61
8529.22 -5772.69
8529.3 -5779.81
8529.39 -5786.96
8529.47 -5794.16
8529.56 -5801.41
8529.64 -5808.7
8529.73 -5816.03
8529.82 -5823.41
8529.9 -5830.85
8529.99 -5838.33
8530.08 -5845.86
8530.17 -5853.45
8530.26 -5861.1
8530.35 -5868.8
8530.44 -5876.57
8530.53 -5884.39
8530.63 -5892.28
8530.72 -5900.24
8530.82 -5908.26
8530.91 -5916.35
8531.01 -5924.52
8531.1 -5932.76
8531.2 -5941.07
8531.3 -5949.47
8531.4 -5957.94
8531.5 -5966.5
8531.6 -5975.15
8531.71 -5983.89
8531.81 -5992.71
8531.92 -6001.63
8532.02 -6010.65
8532.13 -6019.77
8532.24 -6029
8532.35 -6038.33
8532.46 -6047.77
8532.57 -6057.32
8532.69 -6066.99
8532.8 -6076.79
8532.92 -6086.7
8533.04 -6096.75
8533.16 -6106.93
8533.28 -6117.24
8533.4 -6127.7
8533.53 -6138.3
8553.46 -6132.39
8573.39 -6126.05
8573.51 -6136.52
8593.43 -6129.58
8593.55 -6140.06
8613.46 -6132.52
8633.37 -6124.52
8633.49 -6134.86
8653.39 -6126.22
8653.51 -6136.57
8673.41 -6127.27
8673.53 -6137.63
8682.1 -6139.41
8692.35 -6139.28
8702.42 -6139.17
8712.33 -6139.05
8722.09 -6138.93
8731.68 -6138.82
8741.12 -6138.71
8750.42 -6138.6
8759.58 -6138.49
8768.61 -6138.39
8761.2 -6158.47
8770.25 -6158.37
8763.46 -6178.45
8757.12 -6198.53
8766.36 -6198.42
8760.61 -6218.49
8769.88 -6218.38
8764.7 -6238.44
8759.94 -6258.5
8769.39 -6258.38
8765.18 -6278.44
8761.37 -6298.48
8770.99 -6298.37
8767.71 -6318.41
8764.82 -6338.44
8762.32 -6358.48
8772.24 -6358.36
8770.25 -6378.38
8768.62 -6398.4
8767.36 -6418.42
8766.47 -6438.43
8765.93 -6458.44
8765.75 -6478.44
8765.92 -6498.44
8766.44 -6518.44
8767.31 -6538.43
8768.52 -6558.42
8770.06 -6578.4
8771.95 -6598.38
8765.05 -6638.46
8767.81 -6658.43
8770.9 -6678.4
8758.47 -6735.9
8753.54 -6777.84
8754.14 -6807.95
8757.95 -6831.16
8754.41 -6874.61
8754.61 -6910.12
8548.57 -7517.69
8545.12 -7583.09
8544.01 -7645.03
8542.14 -7712.55
8560.76 -7720.22
8585.56 -7708.23
8602.8 -7720.03
8626.27 -7710.99
8649.28 -7702.62
8669.21 -7704.53
8685.44 -7720.11
8706.74 -7716.65
8728.34 -7711.38
8748.07 -7713.19
8770.92 -7701.1
8790.88 -7700.86
8806.93 -7718.82
8828.2 -7712.07
8848.72 -7708.19
8868.06 -7710.06
8886.29 -7718.15
8907.12 -7710.98
8928.48 -7699.24
8947.88 -7699.01
8967.23 -7698.79
8986.53 -7698.56
9005.78 -7698.33
9024.99 -7698.11
9044.15 -7697.88
9063.28 -7697.66
9082.37 -7697.43
9101.43 -7697.21
9120.46 -7696.98
9139.47 -7696.76
9158.45 -7696.53
9177.41 -7696.31
9196.35 -7696.09
9215.28 -7695.86
9234.19 -7695.64
9253.1 -7695.42
9272 -7695.2
9290.9 -7694.97
9309.8 -7694.75
9328.7 -7694.53
9347.6 -7694.3
9366.52 -7694.08
9385.44 -7693.86
9404.38 -7693.64
9423.34 -7693.41
9442.32 -7693.19
9461.32 -7692.96
9480.35 -7692.74
9499.4 -7692.52
9518.49 -7692.29
9537.61 -7692.07
9556.77 -7691.84
9575.98 -7691.61
9595.22 -7691.39
9614.52 -7691.16
9633.86 -7690.93
9653.26 -7690.7
9672.71 -7690.47
9696.1 -7709.9
9712.36 -7692.71
9734.07 -7701.97
9753.1 -7698.18
9772.94 -7697.83
9793.59 -7700.51
9814.21 -7702.54
9832.06 -7693.47
9855.76 -7706.3
9876.18 -7706.24
9890.58 -7685.05
9887.16 -7605.34
9886.52 -7539.24
9888.13 -7483.82
9902.14 -7469.11
9922.44 -7473.55
9944.35 -7482.04
9959.62 -7471.17
9982.3 -7480.75
