18821 -1104.02
18821 -1104.02
18821 -1104.02
18821 -1104.02
18823.7 -1111.57
18823.7 -1111.57
18825.3 -1116.29
18827 -1121.01
18830.3 -1130.44
18831.9 -1135.16
18831.9 -1135.16
18833.6 -1139.88
18835.2 -1144.6
18836.9 -1149.32
18838.5 -1154.04
18841.8 -1163.47
18841.8 -1163.47
18845.2 -1172.91
18846.8 -1177.63
18846.8 -1177.63
18848.5 -1182.35
18850.1 -1187.07
18850.8 -1188.95
18850.8 -1188.95
18850.8 -1188.95
18850.8 -1188.95
18850.8 -1188.95
18850.8 -1188.95
18850.8 -1188.95
18850.8 -1188.95
18850.8 -1188.95
18850.8 -1188.95
18850.8 -1188.95
18850.8 -1188.95
18850.8 -1188.95
18850.8 -1188.95
18850.8 -1188.95
18850.8 -1188.95
18850.8 -1188.95
18850.5 -1196.95
18850.5 -1196.95
18850.4 -1201.95
18850.2 -1206.94
18849.8 -1216.94
18849.8 -1216.94
18849.8 -1218.94
18849.8 -1218.94
18849.8 -1218.94
18849.8 -1218.94
18849.8 -1218.94
18849.8 -1218.94
18849.8 -1218.94
18849.8 -1218.94
18849.8 -1218.94
18849.8 -1218.94
18849.8 -1218.94
18849.8 -1218.94
18849.8 -1218.94
18849.8 -1218.94
18849.8 -1218.94
18864.8 -1210.1
18864.8 -1210.1
18864.8 -1210.1
18864.8 -1210.1
18864.8 -1210.1
18864.8 -1210.1
18864.8 -1210.1
18864.8 -1210.1
18864.8 -1210.1
18864.8 -1210.1
18864.8 -1210.1
18864.8 -1210.1
18864.8 -1210.1
18864.8 -1210.1
18864.8 -1210.1
18864.8 -1210.1
18864.8 -1210.1
18864.8 -1210.1
18864.8 -1210.1
18864.8 -1210.1
18864.8 -1210.1
18864.8 -1210.1
18864.8 -1210.1
18864.8 -1210.1
18864.8 -1210.1
18864.8 -1210.1
18864.8 -1210.1
18864.8 -1210.1
18864.8 -1210.1
18864.8 -1210.1
18864.8 -1210.1
18864.8 -1210.1
18867.5 -1211.49
18872.7 -1214.4
18889.4 -1224.54
18896.1 -1230.33
18896.1 -1230.33
18904.7 -1236.36
18921.5 -1248.87
18921.5 -1248.87
18929.8 -1255.34
18938 -1261.95
18946 -1268.71
18953.9 -1275.61
18961.8 -1282.57
18969.6 -1289.61
18985 -1303.88
18985 -1303.88
18992.6 -1311.11
19002.3 -1320.5
19012 -1329.89
19014.9 -1339.94
19021.9 -1346.72
19028.9 -1353.49
19043 -1367.04
19043 -1367.04
19050 -1373.81
19059.2 -1382.67
19068.3 -1391.52
19075.3 -1398.3
19082.4 -1405.07
19096.4 -1418.62
19096.4 -1418.62
19103.4 -1425.39
19110.4 -1432.16
19117.4 -1438.94
19126.6 -1447.8
19135.8 -1456.65
19142.8 -1463.43
19149.8 -1470.2
19156.8 -1476.97
19163.8 -1483.75
19170.8 -1490.52
19177.8 -1497.29
19191.9 -1510.84
19198.9 -1517.61
19205.9 -1524.39
19205.9 -1524.39
19212.9 -1531.16
19222.1 -1540.02
19246.9 -1563.98
19246.9 -1563.98
19262.5 -1579.09
19280.3 -1596.29
19299.9 -1614.87
19319.8 -1633.2
19338.7 -1650.27
19357.3 -1666.59
19375.6 -1682.17
19393.3 -1697.2
19410.5 -1711.66
19427.8 -1726.05
19447.5 -1742.27
19469.2 -1759.64
19492.8 -1778.11
19524.3 -1791.96
19546.8 -1809.35
19567.1 -1824.82
19607 -1854.08
19607 -1854.08
19644.9 -1881.06
19644.9 -1881.06
19681.8 -1906.86
19681.8 -1906.86
19720.1 -1933.17
19720.1 -1933.17
19740 -1946.63
19777.5 -1971.45
19777.5 -1971.45
19815.7 -1995.28
19815.7 -1995.28
19834.9 -2006.98
19854.2 -2018.6
19873.5 -2030.14
19891.6 -2040.83
19903 -2056.08
19921.2 -2066.52
19956.5 -2086.42
19956.5 -2086.42
19973.5 -2095.89
19990.6 -2105.29
20024.9 -2123.86
20040.8 -2132.32
20054.1 -2139.32
20067.3 -2146.26
20067.3 -2146.26
20083.3 -2154.52
20099.4 -2162.7
20114.1 -2170.14
20128.9 -2177.52
20143.7 -2184.83
20161.2 -2193.4
20180.1 -2202.54
20218 -2220.57
20218 -2220.57
20237 -2229.47
20258.8 -2239.54
20281.3 -2249.82
20308.9 -2257.7
20328.5 -2267.04
20345.5 -2275.02
20362.6 -2282.84
20382.4 -2291.75
20402.2 -2300.66
20419.3 -2308.34
20434.5 -2314.96
20449.6 -2321.46
20467.6 -2329.13
20485.5 -2336.8
20503.5 -2344.32
20521.5 -2351.68
20536.8 -2357.91
20550 -2363.29
20563.2 -2368.55
20596.8 -2381.55
20596.8 -2381.55
20614.3 -2388.4
20630.3 -2394.77
20643.5 -2400.1
20655.4 -2404.8
20667.3 -2409.41
20682 -2414.97
20697.4 -2420.8
20712.8 -2426.69
20726.9 -2437.97
20748 -2445.97
20748 -2445.97
20761.4 -2450.86
20775.4 -2456.01
20789.5 -2461.22
20812 -2469.61
20812 -2469.61
20826.1 -2474.76
20840.2 -2479.97
20852.8 -2484.72
20865.4 -2489.52
20878 -2494.37
20890.6 -2499.28
20903.1 -2504.25
20914.3 -2508.71
20925.4 -2513.22
20947.6 -2522.38
20958.6 -2527.04
20958.6 -2527.04
20979.3 -2535.9
20979.3 -2535.9
20998.5 -2544.34
20998.5 -2544.34
21008.1 -2548.63
21017.7 -2552.95
21027.2 -2557.32
21046.3 -2566.18
21055.8 -2570.67
21065.2 -2575.2
21065.2 -2575.2
21074.7 -2579.78
21084.1 -2584.39
21093.5 -2589.05
21102.9 -2593.75
21112.7 -2603.92
21122 -2608.77
21131.3 -2613.73
21140.5 -2618.82
21149.6 -2624.03
21167.6 -2634.8
21176.5 -2640.44
21176.5 -2640.44
21185.2 -2646.27
21202.3 -2658.49
21202.3 -2658.49
21210.6 -2664.88
21218.8 -2671.45
21226.8 -2678.2
21242.5 -2692.21
21250.1 -2699.46
21257.6 -2706.82
21265 -2714.28
21272.3 -2721.83
21272.3 -2721.83
21279.5 -2729.47
21286.5 -2737.21
21293.5 -2745.04
21300.4 -2752.96
21307.2 -2760.97
21313.9 -2769.07
21320.5 -2777.26
21326.9 -2785.53
21333.3 -2793.89
21339.6 -2802.33
21345.7 -2810.85
21351.7 -2819.44
21357.6 -2828.12
21363.4 -2836.88
21372.3 -2853.55
21372.3 -2853.55
21377.7 -2862.52
21383 -2871.57
21388.2 -2880.69
21393.3 -2889.88
21399 -2900.45
21399 -2900.45
