24576.9 403.644
24631.3 405.214
24685.7 406.781
24740 408.349
24794.2 409.913
24849.5 51.3565
24906.8 53.0109
24964.2 54.6642
25021.5 56.3178
25078.8 57.9718
25136.2 59.6255
25193.5 61.28
25250.9 62.9348
25308.3 64.5907
25365.8 66.2481
25232.2 2183.28
25207.9 2822.84
25230.5 2923.54
25263.1 2924.48
25110.2 4400.68
25086.9 4720.14
25086.6 4840.18
25093.3 4900.4
25095.7 4980.51
25103.6 5020.75
25117.9 5021.16
25132.2 5021.57
25146.6 5021.99
25161 5022.4
25175.5 5022.82
25190 5023.24
25204.6 5023.66
25219.2 5024.08
25233.8 5024.5
25248.6 5024.93
25263.3 5025.36
25278.2 5025.78
25293.1 5026.21
25308.1 5026.65
25323.1 5027.08
25338.3 5027.52
25353.5 5027.95
25368.7 5028.4
25384.1 5028.84
25399.5 5029.28
25415.1 5029.73
25430.7 5030.18
25445.9 5031.99
25454.9 5049.63
25474.6 5040.15
25492.9 5035.09
25503.2 5049.17
25518.1 5052.2
25538.1 5044.18
25555.4 5042.64
25567.5 5052.38
25587 5046.79
25600 5054.79
25621.7 5045.57
25635.6 5052.09
25659.5 5039.6
25653.2 5084.24
25657.5 5108.18
25650.4 5151.65
25655.2 5172.86
25647.3 5215.29
25652.7 5234.01
25643.9 5275.52
25649.9 5291.97
25652.7 5313.01
25646.9 5347
25649.4 5367.33
25656.5 5380.14
25658.6 5400.2
25660.3 5420.26
25661.7 5440.31
25662.8 5460.35
25663.6 5480.38
25649.4 5519.99
25649.2 5539.99
25648.7 5559.99
25647.8 5579.97
25646.6 5599.94
25661 5600.36
25643.1 5639.86
25640.7 5659.8
25654.8 5660.2
25652.1 5680.13
25648.9 5700.05
25645.3 5719.95
25641.3 5739.85
25655.3 5740.25
25650.8 5760.13
25645.9 5780
25640.6 5799.85
25654.5 5800.25
25648.7 5820.09
25642.4 5839.92
25654.3 5842.17
25653.9 5855.99
25653.5 5869.58
25653.1 5882.94
25652.8 5896.08
25652.4 5909.01
25652 5921.74
25651.7 5934.26
25651.3 5946.6
25651 5958.75
25650.6 5970.72
25650.3 5982.51
25649.9 5994.14
25649.6 6005.61
25649.3 6016.91
25649 6028.07
25648.6 6039.07
25648.3 6049.94
25648 6060.66
25647.7 6071.25
25647.4 6081.7
25647.1 6092.04
25646.8 6102.24
25646.5 6112.33
25646.2 6122.3
25646 6132.17
25645.7 6141.92
25645.4 6151.56
25645.1 6161.11
25644.8 6170.55
25644.6 6179.9
25644.3 6189.15
25644 6198.32
25643.8 6207.39
25643.5 6216.38
25643.3 6225.29
25643 6234.12
25642.8 6242.87
25642.5 6251.54
25662.5 6251.22
25682.5 6251.26
25682.3 6260.14
25682 6268.96
25681.8 6277.7
25681.5 6286.38
25681.3 6295
25681 6303.55
25680.8 6312.04
25680.5 6320.48
25680.3 6328.86
25680.1 6337.19
25679.8 6345.46
25679.6 6353.68
25679.3 6361.85
25679.1 6369.98
25678.9 6378.06
25678.6 6386.09
25678.4 6394.09
25678.2 6402.04
25678 6409.95
25677.7 6417.83
25677.5 6425.67
25677.3 6433.47
25677.1 6441.24
25676.8 6448.98
25676.6 6456.68
25676.4 6464.36
25676.2 6472.01
25675.9 6479.63
25675.7 6487.23
25675.5 6494.8
25675.3 6502.35
25675.1 6509.87
25674.9 6517.38
25674.6 6524.87
25674.4 6532.34
25674.2 6539.79
25674 6547.23
25673.8 6554.65
25673.6 6562.06
25673.4 6569.45
25673.1 6576.84
25672.9 6584.22
25672.7 6591.58
25672.5 6598.94
25672.3 6606.29
25672.1 6613.64
25671.9 6620.99
25671.7 6628.33
25671.4 6635.66
25671.2 6643
25671 6650.34
25670.8 6657.68
25670.6 6665.02
25670.4 6672.37
25670.2 6679.72
25670 6687.07
25669.8 6694.44
25669.5 6701.81
25669.3 6709.19
25669.1 6716.58
25668.9 6723.98
25668.7 6731.4
25668.5 6738.83
25668.3 6746.27
25668 6753.73
25667.8 6761.21
25667.6 6768.71
25667.4 6776.23
25667.2 6783.77
25667 6791.33
25666.7 6798.91
25666.5 6806.52
25666.3 6814.16
25666.1 6821.82
25665.9 6829.51
25665.6 6837.23
25665.4 6844.99
25665.2 6852.77
25665 6860.6
25664.7 6868.45
25664.5 6876.35
25664.3 6884.28
25664 6892.25
25663.8 6900.27
25663.6 6908.33
25663.4 6916.43
25663.1 6924.58
25662.9 6932.78
25662.6 6941.03
25662.4 6949.33
25662.2 6957.68
25661.9 6966.09
25661.7 6974.56
25661.4 6983.08
25661.2 6991.67
25660.9 7000.31
25660.7 7009.03
25660.4 7017.81
25660.2 7026.66
25659.9 7035.58
25659.7 7044.57
25659.4 7053.64
25659.1 7062.79
25658.9 7072.02
25658.6 7081.33
25658.3 7090.73
25658 7100.22
25657.8 7109.8
25657.5 7119.47
25657.2 7129.23
25656.9 7139.1
25656.6 7149.07
25656.3 7159.15
25656.1 7169.34
25655.8 7179.63
25655.5 7190.05
25655.2 7200.58
25654.8 7211.24
25654.5 7222.03
25654.2 7232.94
25653.9 7243.99
25653.6 7255.19
25653.3 7266.52
25652.9 7278.01
25652.6 7289.64
25652.2 7301.44
25651.9 7313.4
25651.6 7325.52
25651.2 7337.82
25650.8 7350.3
25631 7345.21
25630.6 7357.76
25610.8 7352.12
25590.9 7346.05
25590.6 7358.56
25570.8 7351.93
25551 7344.85
25550.6 7357.32
25530.8 7349.65
25525.7 7357.19
25513.4 7356.83
25501.2 7356.48
25489.2 7356.13
25477.4 7355.79
25465.8 7355.46
25454.4 7355.13
25443.2 7354.81
25432.1 7354.49
25421.2 7354.17
25330.1 7251.5
25321 7251.24
25312 7250.98
25303.2 7250.73
25294.4 7250.47
25285.8 7250.23
25277.3 7249.98
25268.9 7249.74
25260.6 7249.5
25252.5 7249.26
25244.4 7249.03
25236.4 7248.8
25228.5 7248.57
25220.7 7248.35
25213 7248.13
25205.4 7247.91
25197.9 7247.69
25190.4 7247.47
25183 7247.26
25175.7 7247.05
25168.5 7246.84
25161.3 7246.64
25154.3 7246.43
25147.2 7246.23
25140.3 7246.03
25133.4 7245.83
25126.6 7245.63
25119.8 7245.44
25113.1 7245.24
25106.4 7245.05
25099.9 7244.86
25093.3 7244.67
25086.8 7244.49
25080.4 7244.3
25074 7244.12
25067.6 7243.93
25061.3 7243.75
25055.1 7243.57
25048.9 7243.39
25042.7 7243.21
25036.5 7243.04
25030.4 7242.86
25024.4 7242.69
25018.4 7242.51
25012.4 7242.34
25006.4 7242.17
25000.5 7242
24994.6 7241.83
24988.7 7241.66
24982.9 7241.49
24977.1 7241.32
24971.3 7241.16
24965.6 7240.99
24959.8 7240.82
24954.1 7240.66
24948.5 7240.5
24942.8 7240.33
24937.2 7240.17
24931.5 7240.01
24925.9 7239.85
24920.3 7239.69
24914.8 7239.52
24909.2 7239.36
24903.7 7239.2
24898.2 7239.05
24892.7 7238.89
24887.2 7238.73
24881.7 7238.57
24876.2 7238.41
24870.7 7238.25
24865.3 7238.1
24859.8 7237.94
24854.4 7237.78
24848.9 7237.63
24843.5 7237.47
24838.1 7237.31
24832.7 7237.16
24827.2 7237
24821.8 7236.84
24816.4 7236.69
24811 7236.53
24805.6 7236.38
24800.2 7236.22
24794.7 7236.06
24789.3 7235.91
24783.9 7235.75
24778.5 7235.59
24773 7235.44
24767.6 7235.28
24762.1 7235.12
24756.7 7234.96
24751.2 7234.81
24745.7 7234.65
24740.3 7234.49
24734.8 7234.33
24729.2 7234.17
24723.7 7234.01
24718.2 7233.85
24712.6 7233.69
24707.1 7233.53
24701.5 7233.37
24695.9 7233.21
24690.3 7233.05
24684.6 7232.89
24679 7232.72
24673.3 7232.56
24667.6 7232.39
24661.8 7232.23
24656.1 7232.06
24650.3 7231.9
24644.5 7231.73
24638.7 7231.56
24632.8 7231.39
24626.9 7231.22
24621 7231.05
24580.1 7329.91
24573.1 7329.71
24566.1 7329.51
24559.1 7329.31
24552 7329.1
24544.9 7328.9
24537.7 7328.69
24530.5 7328.48
24523.2 7328.27
24515.9 7328.06
24508.5 7327.85
24501.1 7327.64
24493.6 7327.42
24486.1 7327.2
24478.5 7326.98
24470.8 7326.76
24463.1 7326.54
24455.3 7326.31
24447.5 7326.09
24439.5 7325.86
24431.5 7325.63
24423.4 7325.4
24415.3 7325.16
24407.1 7324.92
24398.8 7324.68
24390.4 7324.44
24381.9 7324.2
24373.3 7323.95
24364.7 7323.7
24355.9 7323.45
24347 7323.19
24338.1 7322.93
24329 7322.67
24319.9 7322.41
24310.6 7322.14
24301.2 7321.87
24291.7 7321.6
24282.1 7321.32
24272.3 7321.04
24262.5 7320.75
24268.6 7300.92
24258.7 7300.64
24265.3 7280.82
24255.5 7280.53
24262.7 7260.74
24252.9 7260.45
24260.7 7240.67
24269.1 7220.9
24259.4 7220.62
24268.3 7200.87
24258.7 7200.59
24268.3 7180.86
24258.6 7180.58
24268.9 7160.87
24259.3 7160.59
24358.7 7058.33
24358.9 7050.45
24359.2 7042.7
24359.4 7035.09
24359.6 7027.59
24359.8 7020.22
24360 7012.96
24360.2 7005.81
24360.4 6998.77
24360.6 6991.84
24360.8 6985
24361 6978.27
24361.2 6971.63
24361.4 6965.08
24361.6 6958.63
24361.8 6952.26
24362 6945.97
24362.1 6939.76
24362.3 6933.64
24362.5 6927.59
24362.7 6921.61
24362.8 6915.7
24363 6909.87
24363.2 6904.1
24363.3 6898.4
24363.5 6892.76
24363.7 6887.19
24363.8 6881.67
24364 6876.21
24364.1 6870.81
24364.3 6865.46
24364.4 6860.16
24364.6 6854.92
24364.7 6849.73
24364.9 6844.58
24365 6839.48
24365.2 6834.43
24365.3 6829.42
24365.5 6824.45
24365.6 6819.53
24365.7 6814.65
24365.9 6809.8
24366 6804.99
24366.2 6800.22
24366.3 6795.49
24366.4 6790.79
24366.6 6786.12
24366.7 6781.48
24366.8 6776.88
24367 6772.31
24367.1 6767.76
24367.2 6763.24
24367.4 6758.76
24367.5 6754.29
24367.6 6749.86
24367.7 6745.44
24367.9 6741.05
24368 6736.69
24368.1 6732.34
24368.2 6728.02
24368.4 6723.72
24368.5 6719.44
24368.6 6715.17
24368.7 6710.93
24368.9 6706.7
24369 6702.49
24369.1 6698.29
24369.2 6694.11
24369.3 6689.94
24369.5 6685.79
24369.6 6681.65
24369.7 6677.52
24369.8 6673.4
24369.9 6669.3
24370.1 6665.2
24370.2 6661.12
24370.3 6657.04
24370.4 6652.97
24370.5 6648.91
24370.6 6644.86
24370.8 6640.81
24370.9 6636.77
24371 6632.73
24371.1 6628.7
24371.2 6624.67
24371.3 6620.65
24371.5 6616.63
24371.6 6612.6
24371.7 6608.59
24371.8 6604.57
24371.9 6600.55
24372 6596.53
24372.2 6592.51
24372.3 6588.49
24372.4 6584.47
24372.5 6580.44
24372.6 6576.41
22385.2 6379.66
22385.8 6358.13
22386.4 6336.57
22387.1 6314.97
22387.7 6293.35
22388.3 6271.68
22388.9 6249.97
22399.6 6229.81
22390.2 6206.4
22390.8 6184.54
22391.5 6162.63
22392.1 6140.65
22392.7 6118.61
22393.4 6096.5
22394 6074.33
22394.6 6052.07
22395.3 6029.74
22395.9 6007.33
22396.6 5984.83
22397.2 5962.24
22397.9 5939.55
22398.5 5916.77
22399.2 5893.89
22399.9 5870.89
22400.5 5847.79
22401.2 5824.57
22401.9 5801.24
22402.6 5777.77
22403.2 5754.18
22403.9 5730.46
22404.6 5706.59
22405.3 5682.59
22406 5658.43
22406.7 5634.13
22407.4 5609.66
22408.1 5585.03
22408.8 5560.23
22409.6 5535.25
22410.3 5510.1
22411 5484.76
22411.7 5459.22
22412.5 5433.49
22413.2 5407.55
22414 5381.4
22414.7 5355.03
22415.5 5328.44
22416.3 5301.62
22417.1 5274.55
22417.9 5247.24
22418.7 5219.68
22419.5 5191.85
22420.3 5163.76
22421.1 5135.38
22421.9 5106.72
22422.7 5077.76
22423.6 5048.5
22424.4 5018.92
22425.3 4989.02
22426.2 4958.79
22427.1 4928.21
22428 4897.28
22428.9 4865.98
22429.8 4834.31
22430.7 4802.24
22431.6 4769.78
22432.6 4736.9
22433.5 4703.59
22442 4675.94
22435.5 4635.64
22436.5 4600.97
22437.5 4565.81
22438.5 4530.16
22439.6 4493.99
22440.6 4457.28
22441.7 4420.03
22442.8 4382.2
22443.9 4343.79
22445 4304.77
22465.6 4284.3
22525.1 4302.86
22545.7 4283.07
22605.1 4303.65
22625.7 4284.55
22660.6 4280.87
22696.4 4278.75
22731.3 4276.19
22765.2 4273.16
22816.1 4290.18
22848 4286.16
22861.9 4261.14
22858.9 4215.11
22856.2 4168.56
22854 4121.48
22868.1 4094.31
22862.7 4041.33
22861.2 3992.06
22870.9 3956.91
22865.1 3899.7
22859.3 3840.82
22872.5 3807.76
22866.4 3745.85
22883.1 3716.19
22873 3645.47
22872.6 3587.52
22879.3 3539.21
22879.2 3478.72
22885.2 3426.57
22878.5 3351.73
22878.8 3286.62
22883.9 3227.79
22884.6 3159.43
22889.3 3096.11
22890.2 3023.89
22894.2 2955.12
22895.6 2879.17
22899.1 2804.7
22900.9 2724.3
22904 2643.55
22906.2 2558.18
22908.8 2470.48
22911.4 2379.54
22913.6 2284.12
21983.8 28.7305
22052.7 30.7186
22121.1 32.6899
22468.6 731.255
22525.5 724.638
22589.7 737.702
22648.3 737.675
22708.4 742.488
22762.4 731.692
22820.5 733.145
22878.3 734.813
22935.8 736.469
22992.9 738.116
23049.6 739.753
23106 741.379
23162.1 742.998
23217.9 744.606
23273.4 746.206
23328.6 747.798
23383.5 749.384
23438.2 750.959
23437.4 510.836
23440.8 270.836
23452.7 51.0861
23504.7 12.5714
23565 14.3096
23625 16.0414
23684.9 17.7666
23744.5 19.4859
23803.9 21.1992
23863.1 22.9068
24024.6 767.874
24076.9 769.381
24128.9 770.883
24180.9 772.381
24232.7 773.875
24284.4 775.366
24336 776.854
24387.4 778.339
24437.5 759.773
24467.8 400.499
24522.4 402.073
24576.9 403.644
