23361.6 15.059
23383.5 15.6481
23405.2 16.2327
23426.8 16.8138
23448.2 17.3903
23469.5 17.9634
23490.6 18.5324
23440.8 -202.889
23451.3 -242.62
23462.5 -282.333
23445 -422.854
23452.8 -482.667
23461.6 -542.453
23450.2 -682.809
23466.8 -722.376
23493.9 -721.648
23520.8 -720.922
23547.7 -720.2
23574.4 -719.481
23600.9 -718.766
23627.4 -718.053
23653.8 -717.343
23680.1 -716.636
23706.2 -715.931
23732.3 -715.229
23758.3 -714.529
23784.2 -713.831
23810.1 -713.136
23835.8 -712.442
23861.5 -711.75
23887.2 -711.06
23912.8 -710.372
23938.3 -709.685
23963.7 -708.999
24043.4 33.4137
24062.3 33.921
24081.1 34.4274
24099.9 34.9334
24118.6 35.4385
24137.4 35.9431
24156.1 36.4471
24174.8 36.9507
24193.5 37.4542
24212.2 37.9572
24230.9 38.4599
24249.5 38.9627
24268.2 39.4655
24286.9 39.9683
24305.6 40.4711
24324.3 40.9743
24343 41.4776
24361.7 41.9814
24380.4 42.4854
24399.1 42.9901
24417.9 43.4953
24436.7 44.001
24455.5 44.5079
24523.1 -333.81
24545.4 -333.212
24567.6 -332.612
24590 -332.011
24612.4 -331.408
24634.8 -330.804
24657.3 -330.199
24679.8 -329.592
24702.4 -328.983
24725.1 -328.372
24747.9 -327.76
24770.7 -327.145
24793.6 -326.528
24816.6 -325.909
24931.2 -682.956
24957.6 -682.243
24984.2 -681.527
25011 -680.808
25037.8 -680.086
25064.7 -679.36
25091.8 -678.631
25119.1 -677.898
25146.4 -677.162
25173.9 -676.421
25201.6 -675.677
25229.4 -674.928
25257.4 -674.175
25285.5 -673.418
25313.8 -672.655
25342.3 -671.888
25371 -671.116
25399.8 -670.339
25428.9 -669.557
25458.2 -668.769
25487.7 -667.975
25517.4 -667.176
25547.3 -666.371
25577.4 -665.559
25607.8 -664.741
25638.5 -663.916
25669.4 -663.084
25700.5 -662.246
25731.9 -661.4
25763.6 -660.546
25795.6 -659.685
25827.9 -658.816
25814.4 -579.152
25808.2 -514.372
25804.3 -455.5
25812.4 -417.485
25812.2 -367.284
25808.1 -312.419
25803.6 -258.553
25798.8 -205.64
25799.6 -162.477
25801.1 -121.328
25796.2 -72.1401
25798.5 -34.2295
25795.2 10.4694
25790.5 55.908
25794.7 88.6566
25799.5 119.819
25799.9 156.022
25795.6 197.21
25786.3 243.534
25793.6 268.915
25781 317.279
25793.5 335.335
25785.7 376.45
25792.4 400.301
25785.6 438.665
25781.6 473.249
25775 509.814
25785.5 527.727
25780.1 561.861
25774.9 595.016
25769.2 628.025
25785.1 639.49
25781.6 669.436
25786.4 691.142
25785.6 717.598
25784.9 743.608
25784.3 769.189
25783.6 794.353
25782.9 819.116
25782.3 843.49
25781.6 867.487
25781 891.122
25780.3 914.404
25779.7 937.345
25779.1 959.956
25778.5 982.249
25777.9 1004.23
25777.3 1025.91
25776.8 1047.31
25246 1441.09
25245.6 1454.92
25245.2 1468.57
25244.9 1482.06
25244.5 1495.37
25244.2 1508.53
25243.8 1521.53
25243.5 1534.39
25243.1 1547.09
25242.8 1559.66
25242.4 1572.09
25242.1 1584.38
25241.8 1596.55
25256 1600.64
25255.7 1612.73
25255.4 1624.69
25255.1 1636.54
25254.8 1648.28
25254.4 1659.91
25254.1 1671.43
25253.8 1682.85
25253.5 1694.17
25253.2 1705.39
25252.9 1716.52
25252.6 1727.56
25252.3 1738.51
25252 1749.38
25251.7 1760.16
25251.5 1770.86
25251.2 1781.49
25250.9 1792.04
25250.6 1802.51
25250.3 1812.92
25250.1 1823.26
25249.8 1833.53
25249.5 1843.74
25249.2 1853.88
25249 1863.97
25248.7 1874
25248.4 1883.97
25248.1 1893.89
25247.9 1903.76
25247.6 1913.58
25247.4 1923.35
25247.1 1933.08
25246.8 1942.76
25246.6 1952.4
25246.3 1961.99
25246.1 1971.55
25245.8 1981.07
25245.5 1990.56
25245.3 2000.01
25245 2009.43
25244.8 2018.82
25244.5 2028.18
25244.3 2037.51
25244 2046.82
25243.8 2056.1
25243.5 2065.36
25243.3 2074.59
25243 2083.81
25242.8 2093.01
25242.5 2102.19
25242.3 2111.35
25242 2120.5
25241.8 2129.64
25241.6 2138.77
25241.3 2147.88
25241.1 2156.99
25240.8 2166.09
25240.6 2175.18
25240.3 2184.28
25240.1 2193.36
25239.8 2202.45
25239.6 2211.53
25758.9 2242.85
25758.6 2256.48
25758.2 2270.12
25757.8 2283.77
25757.5 2297.43
25757.1 2311.09
25756.7 2324.78
25756.4 2338.48
25756 2352.2
25755.6 2365.94
25755.3 2379.7
25754.9 2393.48
25754.5 2407.3
25754.1 2421.14
25753.8 2435.02
25753.4 2448.92
25753 2462.87
25752.6 2476.85
25752.3 2490.87
25751.9 2504.94
25737.2 2515.9
25736.9 2529.93
25736.5 2544
25736.1 2558.13
25735.7 2572.32
25735.3 2586.56
25734.9 2600.86
25734.6 2615.23
25734.2 2629.66
25733.8 2644.15
25733.4 2658.72
25733 2673.36
25732.6 2688.07
25732.2 2702.86
25731.8 2717.74
25731.4 2732.7
25731 2747.74
25730.6 2762.88
25730.2 2778.11
25729.8 2793.44
25729.3 2808.86
25728.9 2824.39
25728.5 2840.03
25728.1 2855.78
25727.7 2871.64
25727.2 2887.62
25726.8 2903.72
25726.4 2919.95
25725.9 2936.31
25725.5 2952.8
25725 2969.42
25724.6 2986.19
25724.1 3003.11
25723.7 3020.18
25723.2 3037.4
25722.7 3054.78
25722.3 3072.33
25721.8 3090.05
25721.3 3107.94
25720.8 3126.02
25720.3 3144.28
25719.8 3162.74
25719.3 3181.39
25718.8 3200.25
25718.3 3219.31
25717.8 3238.6
25735.4 3271.05
25718 3278.76
25720.6 3301.1
25723.6 3324.07
25727 3347.69
25730.8 3371.97
25715.3 3381.35
25719.8 3406.72
25724.5 3432.79
25729.6 3459.58
25715.4 3470.4
25721 3498.38
25726.9 3527.12
25713.6 3539.05
25700.5 3551.18
25668.1 3545.29
25636 3538.99
25623.6 3551.09
25591.9 3544.23
25560.5 3536.93
25548.8 3549
25517.8 3541.12
25507.3 3554.08
25484 3553.45
25461.1 3552.84
25438.6 3552.23
25416.5 3551.64
25394.7 3551.05
25373.3 3550.48
25352.2 3549.91
25331.5 3549.35
25311 3548.8
25290.9 3548.26
25271 3547.72
25251.5 3547.2
25232.2 3546.68
25213.2 3546.16
25194.4 3545.66
25177.1 3546.95
25167.3 3558.53
25143.6 3550.02
25134.2 3562.19
25125 3574.68
25115.8 3587.49
25113 3610.45
25117 3644.87
25120.5 3679.67
25111.5 3694.52
25114.5 3730.12
25117.1 3766.15
25107.8 3782.31
25106.4 3813.12
25108.5 3851.28
25110.2 3889.98
25111.5 3929.26
25112.4 3969.15
25112.9 4009.67
25102.4 4028.98
25102.9 4071.75
25102.9 4115.29
25102.5 4159.67
25101.8 4204.92
25100.7 4251.11
25099.2 4298.29
25684.4 5766.42
25679.8 5846.03
25673.7 5924.92
25671.2 6016.73
25670.2 6116.82
25668.9 6221.12
25664.5 6321.4
25660.3 6427.65
25663.3 6560.51
25645.3 6636.17
25598.4 6623.57
25554.5 6619.14
25513.5 6623.57
25468.6 6614.15
25426.5 6613.01
25384.5 6611.89
25316.8 6510.03
25276.3 6508.94
25235.9 6507.85
25195.7 6506.77
25155.7 6505.69
25115.9 6504.62
25076.2 6503.55
25036.7 6502.49
24997.4 6501.43
24958.2 6500.37
24919.1 6499.32
24880.2 6498.27
24841.4 6497.23
24802.7 6496.19
24764.1 6495.15
24725.6 6494.11
24687.3 6493.08
24651.1 6512.11
24620.3 6591.31
24581.3 6590.26
24542.4 6589.22
24503.6 6588.17
24464.8 6587.13
24388.1 5844.79
24355.9 5843.93
24323.8 5843.06
24291.7 5842.2
24259.7 5841.34
24227.6 5840.47
24195.6 5839.61
24163.6 5838.75
24131.6 5837.89
24099.6 5837.03
24067.6 5836.17
24035.6 5835.3
24003.6 5834.44
23971.6 5833.58
23939.5 5832.72
23907.5 5831.86
23875.4 5830.99
23843.2 5830.13
23811.1 5829.26
23778.8 5828.39
23654.9 6565.32
23616.1 6564.28
23577.2 6563.23
23538.2 6562.18
23515 6461.52
23476.7 6460.49
23438.3 6459.46
23399.8 6458.42
23361.2 6457.38
23322.5 6456.34
23283.7 6455.3
23244.8 6454.25
23205.7 6453.2
23166.5 6452.14
23127.1 6451.08
23087.6 6450.02
23047.9 6448.95
23008 6447.87
22968 6446.8
22927.8 6445.72
22887.4 6444.63
22815.4 6542.72
22773.6 6541.6
22731.6 6540.47
22685 6552.12
22646.6 6539.45
22598.8 6552.36
22555.9 6550.77
22510.8 6554.08
22474.8 6533.56
22427.6 6540.98
22392.3 6518.7
22397.8 6401.1
22403.9 6286.88
22401.8 6195.58
22409 6087.47
22407.6 6001.87
22438.3 5852.33
22417 5814.82
22416.1 5737.49
22425.6 5642.54
22425.5 5569.32
22425.7 5497.98
22426.2 5428.4
22426 5362.18
22437.8 5276.95
22427.5 5232.6
22440.3 5150.26
22442 5088.95
22432 5048.58
22445.1 4972.19
22444.9 4919.05
22447.4 4863.07
22450.3 4808.1
22440.2 4773.76
22443.5 4720.7
22447.2 4668.51
22451.2 4617.18
22447.7 4577.44
22452 4528.22
22456.5 4479.72
22446.4 4451.53
22451.5 4404.41
22456.9 4357.92
22451.6 4325.78
22457.3 4280.96
22463.4 4236.71
22453.1 4212.54
22459.7 4169.34
22479 4112.79
22459.4 4100.67
22466.7 4059.31
22456.1 4037.89
22463.9 3997.38
22869.4 3547.82
22886.3 3506.95
22882.5 3487.66
22878.7 3468.71
22874.7 3450.09
22871.6 3430.97
22872.2 3408.62
22872.8 3386.65
22873.3 3365.05
22873.9 3343.81
22874.5 3322.9
22875 3302.33
22875.6 3282.08
22876.1 3262.14
22876.6 3242.49
22877.2 3223.14
22877.7 3204.07
22878.2 3185.27
22878.7 3166.73
22879.2 3148.45
22879.7 3130.41
22880.1 3112.62
22880.6 3095.05
22881.1 3077.71
22881.5 3060.59
22882 3043.68
22887.8 3023.51
22882.9 3010.47
22883.3 2994.16
22883.8 2978.03
22884.2 2962.09
22884.6 2946.32
22885 2930.72
22885.5 2915.28
22885.9 2900.01
22886.3 2884.89
22886.7 2869.93
22887.1 2855.11
22887.5 2840.43
22887.9 2825.89
22888.2 2811.48
22888.6 2797.21
22889 2783.06
22889.4 2769.03
22889.8 2755.12
22890.1 2741.32
22890.5 2727.64
22890.9 2714.07
22891.2 2700.6
22891.6 2687.23
22891.9 2673.95
22892.3 2660.78
22892.7 2647.7
22893 2634.7
22893.4 2621.79
22893.7 2608.97
22894 2596.22
22894.4 2583.56
22894.7 2570.97
22895.1 2558.45
22895.4 2546
22895.7 2533.62
22896.1 2521.31
22896.4 2509.06
22896.7 2496.87
22897 2484.73
22897.4 2472.66
22897.7 2460.64
22898 2448.67
22898.3 2436.75
22898.7 2424.87
22899 2413.05
22899.3 2401.26
22916.7 2386.71
22899.9 2377.81
22900.2 2366.15
22900.5 2354.52
22900.9 2342.92
22901.2 2331.35
22901.5 2319.82
22901.8 2308.31
22902.1 2296.83
22902.4 2285.37
22902.7 2273.93
22903 2262.51
22903.3 2251.12
22903.6 2239.74
22903.9 2228.37
22904.2 2217.02
22904.6 2205.68
22904.9 2194.35
22905.2 2183.03
22905.5 2171.71
22905.8 2160.4
22906.1 2149.09
22906.4 2137.79
22906.7 2126.48
22907 2115.17
22907.3 2103.85
22907.6 2092.53
22907.9 2081.21
22908.2 2069.87
22908.5 2058.52
22908.8 2047.16
22909.1 2035.79
22909.4 2024.4
22909.7 2012.99
22910 2001.56
22910.4 1990.11
22910.7 1978.64
22911 1967.14
22911.3 1955.61
22911.6 1944.06
22911.9 1932.47
22912.2 1920.85
22912.5 1909.2
22912.8 1897.51
22913.2 1885.78
22913.5 1874.02
22913.8 1862.2
22914.1 1850.35
22914.4 1838.45
22914.8 1826.49
22915.1 1814.49
22915.4 1802.44
22915.7 1790.33
22916.1 1778.16
22916.4 1765.93
22916.7 1753.64
22917.1 1741.28
22917.4 1728.86
22917.7 1716.37
22928.4 1707.6
22918.4 1691.17
22918.7 1678.46
22919.1 1665.66
22919.4 1652.79
22919.8 1639.82
22920.1 1626.77
22920.5 1613.63
22920.8 1600.4
22921.2 1587.06
22921.6 1573.63
22921.9 1560.1
22922.3 1546.45
22527.9 1333.85
22528.4 1315.7
22528.9 1297.39
22529.4 1278.93
22529.9 1260.31
22530.4 1241.51
22530.9 1222.55
22531.4 1203.4
22531.9 1184.07
22532.4 1164.55
22533 1144.84
22533.5 1124.92
22534 1104.8
22534.6 1084.46
22535.1 1063.9
19902.2 -749.545
19998 -738.449
20071.7 -741.072
20153.6 -736.572
20223.4 -739.371
20291.2 -742.526
20376.6 -731.136
20440.5 -734.759
20522.2 -723.313
20576.2 -732.407
20635.2 -736.615
20712.2 -724.945
20768 -729.669
20841.8 -717.956
20894.5 -723.222
20965.4 -711.475
21015.3 -717.308
21063.9 -723.588
21130.7 -711.97
21176.8 -718.868
21241.1 -707.252
21284.8 -714.805
21346.8 -703.206
21388.2 -711.45
21448 -699.888
21480.8 -715.819
21529.2 -714.514
21576.8 -713.233
21623.6 -711.972
21669.7 -710.732
21715 -709.513
21759.6 -708.311
21803.6 -707.13
22430.6 9.00515
22451.5 -3.98121
22488.3 3.18404
22524.1 10.0312
22543.6 -3.87348
22578.1 2.31361
22611.8 8.14855
22644.6 13.6189
22662.3 -1.68546
22689.7 -3.02712
22718.3 -2.25895
22746.5 -1.49972
22774.3 -0.750326
22801.8 -0.00974795
22829 0.721609
22855.9 1.44478
22882.4 2.15997
22908.7 2.86688
22934.7 3.5664
22960.3 4.25771
22985.8 4.94232
23010.9 5.61941
23035.8 6.29016
23060.5 6.9539
23084.9 7.61065
23109.1 8.26209
23133.1 8.90686
23156.8 9.54582
23180.3 10.1791
23203.6 10.8071
23226.8 11.4295
23249.7 12.0468
23272.4 12.6586
23295 13.2656
23317.3 13.8683
23339.6 14.4659
23361.6 15.0593
