21399.7 -2901.77
21399.7 -2901.77
21399.7 -2901.77
21399.7 -2901.77
21401.1 -2904.42
21403.9 -2909.75
21407.8 -2917.86
21412.6 -2928.82
21418.3 -2942.71
21423.6 -2956.76
21428.4 -2970.97
21436.7 -2999.79
21436.7 -2999.79
21440.2 -3014.37
21443.2 -3029.06
21445.8 -3043.83
21448 -3058.68
21449.7 -3073.58
21450.9 -3088.53
21451.7 -3103.51
21452 -3118.51
21451.9 -3132.01
21451.4 -3144.75
21453.8 -3158.41
21451.6 -3182.31
21451.6 -3182.31
21450.1 -3194.21
21448.3 -3206.08
21446.3 -3217.92
21444 -3229.7
21438.7 -3253.11
21435.7 -3264.72
21432.4 -3276.26
21428.9 -3287.73
21428.9 -3287.73
21425.1 -3299.11
21421.1 -3310.41
21416.8 -3321.63
21412.8 -3331.35
21409.1 -3340.33
21405.1 -3349.27
21395.3 -3370.33
21395.3 -3370.33
21389.9 -3381.03
21384.8 -3390.25
21379.9 -3398.66
21374.9 -3407.01
21368.9 -3416.56
21362.5 -3426.66
21355.8 -3436.63
21349.7 -3445.21
21337.3 -3462.15
21337.3 -3462.15
21330.9 -3470.49
21324.4 -3478.75
21317.9 -3486.92
21312.1 -3493.85
21306.3 -3500.76
21299.6 -3508.78
21288.2 -3507.39
21280.4 -3516.5
21268.5 -3530.08
21268.5 -3530.08
21262.6 -3536.83
21256.6 -3543.56
21250.5 -3550.21
21244.4 -3556.78
21238.2 -3563.32
21233.1 -3568.77
21227.9 -3574.22
21221.7 -3580.76
21221.7 -3580.76
21221.7 -3580.76
21221.7 -3580.76
21221.7 -3580.76
21221.7 -3580.76
21221.7 -3580.76
21221.7 -3580.76
21221.7 -3580.76
21221.7 -3580.76
21221.7 -3580.76
21221.7 -3580.76
21221.7 -3580.76
21221.7 -3580.76
21221.7 -3580.76
21221.7 -3580.76
21221.7 -3580.76
21221.7 -3580.76
21221.7 -3580.76
21221.7 -3580.76
21221.7 -3580.76
21221.7 -3580.76
21233.9 -3586.02
21233.9 -3586.02
21233.9 -3586.02
21233.9 -3586.02
21233.9 -3586.02
21233.9 -3586.02
21233.9 -3586.02
21233.9 -3586.02
21233.9 -3586.02
21233.9 -3586.02
21233.9 -3586.02
21233.9 -3586.02
21233.9 -3586.02
21233.9 -3586.02
21233.9 -3586.02
21233.9 -3586.02
21233.9 -3586.02
21233.9 -3586.02
21222.7 -3586.68
21222.7 -3586.68
21222.7 -3586.68
21222.7 -3586.68
21222.7 -3586.68
21222.7 -3586.68
21222.7 -3586.68
21222.7 -3586.68
21222.7 -3586.68
21222.7 -3586.68
21222.7 -3586.68
21222.7 -3586.68
21222.7 -3586.68
21222.7 -3586.68
21222.7 -3586.68
21222.7 -3586.68
21222.7 -3586.68
21222.7 -3586.68
21222.7 -3586.68
21222.7 -3586.68
21222.7 -3586.68
21222.7 -3586.68
21224.3 -3593.24
21224.3 -3593.24
21224.3 -3593.24
21224.3 -3593.24
21224.3 -3593.24
21224.3 -3593.24
21224.3 -3593.24
21224.3 -3593.24
21224.3 -3593.24
21224.3 -3593.24
21224.3 -3593.24
21224.3 -3593.24
21224.3 -3593.24
21224.3 -3593.24
21224.3 -3593.24
21224.3 -3593.24
21224.3 -3593.24
21224.3 -3593.24
21221.3 -3591.72
21217.6 -3588.39
21213.8 -3585.07
21210.1 -3581.75
21202.6 -3575.1
21201.1 -3573.77
21201.1 -3573.77
21201.1 -3573.77
21201.1 -3573.77
21201.1 -3573.77
21201.1 -3573.77
21201.1 -3573.77
21201.1 -3573.77
21201.1 -3573.77
21201.1 -3573.77
21201.1 -3573.77
21201.1 -3573.77
21201.1 -3573.77
21201.1 -3573.77
21201.1 -3573.77
21201.1 -3573.77
21201.1 -3573.77
21204.1 -3574.06
21204.1 -3574.06
21204.1 -3574.06
21204.1 -3574.06
21204.1 -3574.06
21204.1 -3574.06
21204.1 -3574.06
21204.1 -3574.06
21204.1 -3574.06
21204.1 -3574.06
21204.1 -3574.06
21204.1 -3574.06
21204.1 -3574.06
21194 -3576.26
21194 -3576.26
21191.4 -3581.65
21187.3 -3589.66
21182 -3599.61
21176.6 -3609.49
21171.8 -3617.95
21166.8 -3626.3
21161.6 -3634.58
21156.4 -3642.82
21151.1 -3651.01
21145.8 -3659.16
21140.3 -3667.26
21137.5 -3671.14
21131.1 -3680.38
21125.5 -3688.39
21120 -3696.4
21113.6 -3705.64
21113.6 -3705.64
21111.8 -3708.07
21111.8 -3708.07
21108.2 -3712.88
21102.8 -3720.04
21095.4 -3729.53
21095.4 -3729.53
21095.4 -3729.53
21093.5 -3731.87
21089.7 -3736.48
21076.1 -3752.47
21076.1 -3752.47
21076.1 -3752.47
21076.1 -3752.47
21074.1 -3754.71
21070 -3759.14
21063.9 -3765.72
21055.7 -3774.45
21046.5 -3784.32
21037.3 -3794.27
21028.3 -3804.3
21020.4 -3821.94
21010.5 -3833.2
21001.7 -3843.41
20993 -3853.7
20984.3 -3864.07
20975.8 -3874.51
20967.3 -3885.02
20958.9 -3895.61
20951.6 -3905.09
20944.3 -3914.63
20937.1 -3924.23
20930 -3933.9
20922.9 -3943.63
20909.2 -3963.27
20909.2 -3963.27
20897.4 -3980.66
20897.4 -3980.66
20891.6 -3989.43
20885.9 -3998.25
20874.8 -4016.04
20874.8 -4016.04
20869.3 -4025.01
20858.7 -4043.14
20858.7 -4043.14
20853.6 -4052.33
20848.7 -4061.62
20839.4 -4080.44
20839.4 -4080.44
20835 -4089.97
20830.7 -4099.53
20826.4 -4109.14
20822.3 -4118.78
20818.2 -4128.45
20814.2 -4138.17
20810.3 -4147.91
20806.5 -4157.69
20802.7 -4167.51
20799.1 -4177.35
20795.5 -4187.23
20792 -4197.14
20788.7 -4207.07
20785.4 -4217.04
20782.1 -4227.04
20776 -4247.11
20773 -4257.18
20773 -4257.18
20768.6 -4253.98
20765.8 -4264.13
20763.2 -4274.29
20760.7 -4284.48
20758.2 -4294.69
20755.9 -4304.92
20753.6 -4315.17
20751.4 -4325.44
20749.3 -4335.73
20747.3 -4346.04
20745.4 -4356.37
20743.6 -4366.71
20741.8 -4377.06
20740.2 -4387.43
20739.1 -4394.85
20738.4 -4399.3
