7267.84 -6515.67
7267.84 -6515.67
7267.84 -6515.67
7267.84 -6515.67
7268.11 -6512.69
7268.57 -6507.71
7269.03 -6502.73
7269.48 -6497.75
7270.4 -6487.79
7270.4 -6487.79
7270.85 -6482.81
7271.31 -6477.83
7271.77 -6472.85
7272.68 -6462.9
7272.68 -6462.9
7273.14 -6457.92
7273.59 -6452.94
7274.51 -6442.98
7274.51 -6442.98
7274.96 -6438
7275.42 -6433.02
7275.88 -6428.04
7276.33 -6423.06
7276.79 -6418.08
7277.7 -6408.13
7277.7 -6408.13
7278.16 -6403.15
7278.62 -6398.17
7279.07 -6393.19
7279.99 -6383.23
7279.99 -6383.23
7280.9 -6373.27
7280.9 -6373.27
7281.81 -6363.31
7282.27 -6358.34
7282.27 -6358.34
7282.73 -6353.36
7283.64 -6343.4
7284.1 -6338.42
7284.1 -6338.42
7285.01 -6328.46
7285.01 -6328.46
7285.92 -6318.5
7285.92 -6318.5
7286.38 -6313.52
7287.29 -6303.57
7287.29 -6303.57
7287.75 -6298.59
7288.66 -6288.63
7288.66 -6288.63
7289.58 -6278.67
7289.58 -6278.67
7290.03 -6273.69
7290.49 -6268.71
7291.4 -6258.75
7291.4 -6258.75
7291.59 -6256.76
7291.59 -6256.76
7291.59 -6256.76
7291.59 -6256.76
7291.59 -6256.76
7291.48 -6253.76
7291.48 -6253.76
7291.29 -6248.77
7291.09 -6243.77
7290.89 -6238.78
7290.69 -6233.78
7290.5 -6228.78
7290.3 -6223.79
7290.1 -6218.79
7289.91 -6213.79
7289.71 -6208.8
7289.51 -6203.8
7289.12 -6193.81
7289.12 -6193.81
7290.3 -6190
7290.1 -6185.01
7289.9 -6180.01
7289.7 -6175.02
7289.49 -6170.02
7289.29 -6165.02
7289.09 -6160.03
7288.88 -6155.03
7288.68 -6150.04
7288.28 -6140.04
7288.07 -6135.05
7288.07 -6135.05
7287.87 -6130.05
7287.67 -6125.06
7287.47 -6120.06
7287.26 -6115.06
7286.86 -6105.07
7286.86 -6105.07
7286.65 -6100.08
7286.45 -6095.08
7286.25 -6090.08
7286.05 -6085.09
7285.64 -6075.1
7285.64 -6075.1
7285.44 -6070.1
7285.23 -6065.11
7285.03 -6060.11
7284.83 -6055.11
7284.63 -6050.12
7284.42 -6045.12
7284.22 -6040.13
7284.02 -6035.13
7283.81 -6030.13
7283.61 -6025.14
7283.41 -6020.14
7283.21 -6015.15
7283 -6010.15
7282.8 -6005.15
7282.39 -5995.16
7282.39 -5995.16
7282.19 -5990.17
7281.79 -5980.18
7281.79 -5980.18
7281.58 -5975.18
7281.38 -5970.18
7280.98 -5960.19
7280.98 -5960.19
7280.77 -5955.2
7280.57 -5950.2
7280.37 -5945.2
7279.96 -5935.21
7279.96 -5935.21
7279.76 -5930.22
7279.35 -5920.22
7279.15 -5915.23
7279.15 -5915.23
7278.95 -5910.23
7278.74 -5905.24
7278.34 -5895.25
7278.34 -5895.25
7278.14 -5890.25
7277.93 -5885.25
7277.73 -5880.26
7277.53 -5875.26
7277.32 -5870.27
7277.12 -5865.27
7276.92 -5860.27
7276.72 -5855.28
7276.51 -5850.28
7276.31 -5845.29
7276.11 -5840.29
7275.9 -5835.29
7275.5 -5825.3
7275.3 -5820.31
7275.3 -5820.31
7274.89 -5810.32
7274.89 -5810.32
7274.69 -5805.32
7274.48 -5800.32
7274.08 -5790.33
7274.08 -5790.33
7273.88 -5785.34
7273.67 -5780.34
7273.47 -5775.34
7273.27 -5770.35
7272.86 -5760.36
7272.86 -5760.36
7272.66 -5755.36
7272.46 -5750.36
7272.25 -5745.37
7272.05 -5740.37
7271.85 -5735.38
7271.65 -5730.38
7271.44 -5725.39
7271.04 -5715.39
7271.04 -5715.39
7270.83 -5710.4
7270.43 -5700.41
7270.43 -5700.41
7270.23 -5695.41
7269.82 -5685.42
7269.82 -5685.42
7268.74 -5687.82
7268.32 -5677.82
7268.32 -5677.82
7268.11 -5672.83
7267.69 -5662.84
7267.69 -5662.84
7267.48 -5657.84
7267.27 -5652.85
7266.85 -5642.85
7266.64 -5637.86
7266.64 -5637.86
7266.43 -5632.86
7266.02 -5622.87
7266.02 -5622.87
7265.81 -5617.88
7265.6 -5612.88
7265.39 -5607.89
7265.18 -5602.89
7264.97 -5597.89
7264.76 -5592.9
7264.55 -5587.9
7264.13 -5577.91
7264.13 -5577.91
7263.92 -5572.92
7263.71 -5567.92
7263.5 -5562.92
7263.3 -5557.93
7263.09 -5552.93
7262.88 -5547.94
7262.67 -5542.94
7262.25 -5532.95
7262.04 -5527.96
7261.83 -5522.96
7261.83 -5522.96
7261.62 -5517.96
7261.41 -5512.97
7261.2 -5507.97
7260.99 -5502.98
7260.78 -5497.98
7260.57 -5492.99
7260.37 -5487.99
7260.16 -5483
7259.95 -5478
7259.74 -5473
7259.53 -5468.01
7259.32 -5463.01
7259.11 -5458.02
7258.9 -5453.02
7258.69 -5448.03
7258.48 -5443.03
7258.27 -5438.03
7258.06 -5433.04
7257.85 -5428.04
7257.64 -5423.05
7257.44 -5418.05
7257.02 -5408.06
7257.02 -5408.06
7256.81 -5403.07
7256.39 -5393.07
7256.39 -5393.07
7256.18 -5388.08
7255.97 -5383.08
7255.76 -5378.09
7255.55 -5373.09
7255.13 -5363.1
7255.13 -5363.1
7254.92 -5358.1
7254.71 -5353.11
7254.51 -5348.11
7254.09 -5338.12
7253.88 -5333.13
7253.67 -5328.13
7253.67 -5328.13
7253.46 -5323.14
7253.04 -5313.14
7253.04 -5313.14
7252.83 -5308.15
7252.62 -5303.15
7252.41 -5298.16
7252.2 -5293.16
7251.99 -5288.17
7251.58 -5278.17
7251.58 -5278.17
7251.37 -5273.18
7251.16 -5268.18
7250.74 -5258.19
7250.74 -5258.19
7250.53 -5253.2
7250.11 -5243.21
7249.9 -5238.21
7249.9 -5238.21
7249.48 -5228.22
7249.48 -5228.22
7249.27 -5223.22
7248.85 -5213.23
7248.65 -5208.24
7248.44 -5203.24
7248.44 -5203.24
7248.02 -5193.25
7247.81 -5188.25
7247.81 -5188.25
7247.6 -5183.26
7261.71 -5174.45
7261.49 -5169.46
7261.28 -5164.46
7260.84 -5154.47
7260.84 -5154.47
7260.62 -5149.48
7260.54 -5147.48
7260.54 -5147.48
7260.54 -5147.48
7260.54 -5147.48
7260.54 -5147.48
7260.54 -5147.48
7260.54 -5147.48
7260.54 -5147.48
7259.84 -5144.56
7259.84 -5144.56
7258.65 -5139.7
7257.46 -5134.85
7255.09 -5125.13
7255.09 -5125.13
7252.71 -5115.42
7252.71 -5115.42
7251.52 -5110.56
7250.34 -5105.71
7247.96 -5095.99
7246.77 -5091.14
7246.77 -5091.14
7246.3 -5089.19
7246.3 -5089.19
7246.3 -5089.19
7246.3 -5089.19
7246.3 -5089.19
7246.3 -5089.19
7245.22 -5086.39
7243.41 -5081.73
7239.79 -5072.41
7239.79 -5072.41
7237.98 -5067.75
7234.35 -5058.43
7234.35 -5058.43
7233.63 -5056.57
7233.63 -5056.57
7233.63 -5056.57
7233.63 -5056.57
7233.63 -5056.57
7233.63 -5056.57
7233.63 -5056.57
7233.63 -5056.57
7233.63 -5056.57
7233.63 -5056.57
7233.63 -5056.57
7233.63 -5056.57
7233.63 -5056.57
7233.63 -5056.57
7233.63 -5056.57
7233.63 -5056.57
7237.08 -5045.61
7237.08 -5045.61
7237.08 -5045.61
7237.08 -5045.61
7237.08 -5045.61
7237.08 -5045.61
7237.08 -5045.61
7237.08 -5045.61
7237.08 -5045.61
7237.08 -5045.61
7237.08 -5045.61
7237.08 -5045.61
7228.38 -5046.75
7228.38 -5046.75
7228.38 -5046.75
7228.38 -5046.75
7228.38 -5046.75
7228.38 -5046.75
7228.38 -5046.75
7228.38 -5046.75
7228.38 -5046.75
7228.38 -5046.75
7228.38 -5046.75
7228.38 -5046.75
7235.38 -5050.2
7235.38 -5050.2
7235.38 -5050.2
7235.38 -5050.2
7235.38 -5050.2
7235.38 -5050.2
7235.38 -5050.2
7235.38 -5050.2
7235.38 -5050.2
7235.38 -5050.2
7235.38 -5050.2
7235.38 -5050.2
7235.38 -5050.2
7233.43 -5056.32
7232.74 -5056.05
7229.29 -5054.57
7229.29 -5054.57
7229.29 -5054.57
7228.6 -5054.27
7225.2 -5052.7
7221.82 -5051.07
7221.14 -5050.75
7220.47 -5050.42
7217.12 -5048.74
7210.51 -5045.19
7210.51 -5045.19
7195.8 -5031.69
7192.57 -5029.77
7189.38 -5027.8
7186.23 -5025.77
7183.11 -5023.69
7180.03 -5021.55
7178.2 -5020.24
7176.39 -5018.91
7174.59 -5017.56
7172.79 -5016.2
7171.02 -5014.82
7169.25 -5013.43
7167.49 -5012.02
7164.02 -5009.16
7164.02 -5009.16
7160.6 -5006.24
7160.6 -5006.24
7158.91 -5004.76
7157.23 -5003.26
7155.56 -5001.75
7153.91 -5000.22
7152.27 -4998.68
7150.64 -4997.12
7147.43 -4993.97
7147.43 -4993.97
7145.85 -4992.37
7142.72 -4989.14
7142.72 -4989.14
7141.18 -4987.5
7139.65 -4985.85
7138.14 -4984.18
7136.64 -4982.5
7135.16 -4980.81
7133.69 -4979.11
7132.23 -4977.39
7130.79 -4975.66
7129.37 -4973.92
7127.96 -4972.16
7125.19 -4968.62
7125.19 -4968.62
7139.47 -4971.35
7138.12 -4969.55
7136.79 -4967.73
7134.18 -4964.07
7134.18 -4964.07
7132.9 -4962.22
7131 -4959.43
7131 -4959.43
7130.38 -4958.49
7126.25 -4952.23
7126.25 -4952.23
7123.68 -4948.09
7121.23 -4943.87
7118.02 -4937.93
7118.02 -4937.93
