20181.3 -3584.33
20261.3 -3581.59
20361.1 -3568.72
20401.3 -3580.76
20481.2 -3573.95
20561.1 -3565.7
20601.2 -3575.07
20681.1 -3564.31
20701.3 -3581.98
20701.8 -3609.64
20702.2 -3637.53
17331.4 -5471.94
17332.4 -5538.1
17333.5 -5604.87
17334.6 -5672.28
17335.7 -5740.33
17336.8 -5809.05
17337.9 -5878.47
17339.1 -5948.59
17340.2 -6019.45
17341.4 -6091.06
17342.5 -6163.46
17343.7 -6236.65
17344.9 -6310.68
17346.1 -6385.56
17347.3 -6461.31
17348.6 -6537.98
17349.8 -6615.58
22273.1 -3026.3
22275.8 -3037.48
22304.8 -3028.38
22332.8 -3019.44
22334.4 -3031.08
22361 -3022.48
22362 -3034.46
22387.2 -3026.22
22387.8 -3038.55
22429.1 -3015.37
22449 -3010.21
22468.9 -3004.61
22469.1 -3016.77
22489 -3010.62
22508.9 -3004.02
22509.1 -3016.12
22529 -3008.94
22548.9 -3001.28
22549.1 -3013.32
22556.1 -3018.51
22568.1 -3018.32
22579.9 -3018.13
22591.5 -3017.94
22602.9 -3017.76
22614.1 -3017.58
22625.2 -3017.4
22636.1 -3017.22
22646.8 -3017.05
22657.4 -3016.88
22667.8 -3016.71
22678.1 -3016.55
22688.2 -3016.38
22698.1 -3016.22
22708 -3016.07
22717.7 -3015.91
22727.3 -3015.75
22736.7 -3015.6
22746.1 -3015.45
22755.3 -3015.3
22764.4 -3015.16
22773.4 -3015.01
22782.3 -3014.87
22791.1 -3014.73
22799.7 -3014.59
22808.3 -3014.45
22816.8 -3014.31
22825.2 -3014.18
22833.5 -3014.04
22841.8 -3013.91
22849.9 -3013.78
22858 -3013.65
22866 -3013.52
22873.9 -3013.39
22881.7 -3013.26
22889.5 -3013.14
22897.2 -3013.02
22904.8 -3012.89
22912.4 -3012.77
22919.9 -3012.65
22927.3 -3012.53
22934.7 -3012.41
22942 -3012.29
22949.3 -3012.18
22956.5 -3012.06
22963.7 -3011.94
22970.8 -3011.83
22977.8 -3011.72
22984.8 -3011.6
22991.8 -3011.49
22998.7 -3011.38
23005.6 -3011.27
23012.4 -3011.16
23019.2 -3011.05
23026 -3010.94
23032.7 -3010.83
23039.4 -3010.72
23046 -3010.62
23052.7 -3010.51
23059.2 -3010.4
23065.8 -3010.3
23072.3 -3010.19
23078.8 -3010.09
23085.3 -3009.98
23091.7 -3009.88
23098.1 -3009.78
23104.5 -3009.67
23110.9 -3009.57
23117.2 -3009.47
23123.5 -3009.37
23129.8 -3009.27
23136.1 -3009.16
23142.4 -3009.06
23148.6 -3008.96
23154.9 -3008.86
23161.1 -3008.76
23167.3 -3008.66
23173.5 -3008.56
23179.7 -3008.46
23185.9 -3008.36
23192 -3008.26
23198.2 -3008.16
23204.3 -3008.06
23210.5 -3007.97
23216.6 -3007.87
23222.7 -3007.77
23228.8 -3007.67
23235 -3007.57
23241.1 -3007.47
23247.2 -3007.37
23253.3 -3007.27
23259.4 -3007.18
23265.5 -3007.08
23271.7 -3006.98
23277.8 -3006.88
23283.9 -3006.78
23290 -3006.68
23296.2 -3006.58
23302.3 -3006.48
23308.5 -3006.39
23314.7 -3006.29
23320.8 -3006.19
23327 -3006.09
23333.2 -3005.99
23339.4 -3005.89
23345.7 -3005.79
23351.9 -3005.69
23358.2 -3005.58
23364.4 -3005.48
23370.7 -3005.38
23377 -3005.28
23383.4 -3005.18
23389.7 -3005.08
23396.1 -3004.97
23402.5 -3004.87
23408.9 -3004.77
23415.4 -3004.66
23421.8 -3004.56
23428.3 -3004.45
23434.9 -3004.35
23441.4 -3004.24
23448 -3004.14
23454.7 -3004.03
23461.3 -3003.92
23468 -3003.81
23474.7 -3003.71
23481.5 -3003.6
23488.3 -3003.49
23495.2 -3003.38
23502.1 -3003.26
23509 -3003.15
23516 -3003.04
23523 -3002.93
23530.1 -3002.81
23537.2 -3002.7
23544.4 -3002.58
23551.6 -3002.47
23558.9 -3002.35
23566.3 -3002.23
23573.7 -3002.11
23581.1 -3001.99
23588.7 -3001.87
23596.2 -3001.75
23603.9 -3001.62
23611.6 -3001.5
23619.4 -3001.37
23627.3 -3001.25
23635.2 -3001.12
23643.2 -3000.99
23651.3 -3000.86
23659.5 -3000.73
23667.8 -3000.59
23676.1 -3000.46
23684.6 -3000.32
23693.1 -3000.19
23701.7 -3000.05
23709.1 -2998
23717.9 -2997.86
23726.8 -2997.72
23735.9 -2997.57
23745 -2997.43
23754.2 -2997.28
23763.6 -2997.13
23773 -2996.97
23782.6 -2996.82
23792.4 -2996.66
23802.2 -2996.5
23812.2 -2996.34
23822.4 -2996.18
23832.7 -2996.01
23843.1 -2995.84
23853.7 -2995.67
23864.5 -2995.5
23875.4 -2995.32
23886.5 -2995.14
23897.8 -2994.96
23909.2 -2994.78
23920.9 -2994.59
23932.7 -2994.4
23944.8 -2994.2
23971 -3007.28
23975.4 -2999.35
24001.4 -3011.21
24006.4 -3003.52
24011.5 -2995.96
24039.2 -3008.16
24045 -3000.83
24050.8 -2993.6
24080.5 -3006.1
24087 -2999.08
24093.6 -2992.15
24125.4 -3004.92
24132.8 -2998.17
24140.4 -2991.52
24174.4 -3004.53
24182.8 -2998.03
24191.4 -2991.62
24228 -3004.84
24237.6 -2998.57
24247.3 -2992.37
24257.4 -2986.24
24297.6 -2999.7
24308.7 -2993.69
24320.1 -2987.75
24363.5 -3001.36
24376.2 -2995.53
24389.2 -2989.75
24402.6 -2984.02
24450.6 -2997.8
24465.6 -2992.16
24481 -2986.57
24496.8 -2981.03
24550.3 -2994.93
24568 -2989.46
24586.3 -2984.02
24605.2 -2978.63
24665.1 -2992.61
24686.3 -2987.27
24708.2 -2981.95
24731 -2976.67
24798.7 -2990.7
24824.3 -2985.45
24850.9 -2980.21
24878.6 -2975
24956 -2989.02
24987.3 -2983.82
25020 -2978.63
25054.2 -2973.45
25143.7 -2987.4
25182.6 -2982.21
25223.5 -2977.01
25266.5 -2971.8
25311.6 -2966.58
25420.9 -2980.36
25473 -2975.09
25528 -2969.79
25586.3 -2964.47
25672.1 -2965.57
25772.1 -2968.91
25872.2 -2970.49
25891.8 -2950.83
25891.5 -2926.24
25891.1 -2901.75
25890.7 -2877.36
25890.3 -2853.07
25889.9 -2828.88
25889.5 -2804.77
25889.1 -2780.75
25888.7 -2756.82
25888.3 -2732.96
25888 -2709.17
25887.6 -2685.46
25887.2 -2661.81
25886.8 -2638.22
25886.4 -2614.69
25886.1 -2591.22
25885.7 -2567.8
25885.3 -2544.42
25884.9 -2521.08
25884.5 -2497.79
25884.2 -2474.53
25883.8 -2451.3
25883.4 -2428.11
25883 -2404.93
25882.7 -2381.78
25882.3 -2358.65
25881.9 -2335.53
25881.6 -2312.42
25881.2 -2289.32
25880.8 -2266.22
25880.4 -2243.13
25880.1 -2220.03
25879.7 -2196.92
25839.4 -2175.82
25839 -2153.04
25838.6 -2130.24
25838.2 -2107.43
25837.9 -2084.58
25837.5 -2061.71
25837.1 -2038.81
25836.8 -2015.87
25836.4 -1992.89
25836 -1969.88
25835.7 -1946.81
25835.3 -1923.7
25834.9 -1900.53
25834.5 -1877.31
25834.2 -1854.03
25833.8 -1830.68
25833.4 -1807.26
25833 -1783.77
25832.7 -1760.21
25832.3 -1736.56
25831.9 -1712.83
25831.5 -1689.02
25831.1 -1665.11
25830.7 -1641.1
25830.3 -1616.99
25831.4 -1592.38
25845.9 -1563.8
25844.5 -1539.49
25846.9 -1513.96
25845.1 -1489.54
25836.1 -1467.36
25829.8 -1444.31
25845.8 -1413.58
25844.2 -1388.59
25826.4 -1369.39
25830.8 -1342.07
25796.7 -1329.21
25704.6 -1339.62
25661.6 -1331.97
25593.6 -1335.34
25526.8 -1339.41
25461.1 -1344.18
25429.2 -1335.18
25128.5 -1448.76
25086.8 -1448.11
25046 -1447.8
25003.1 -1449.2
24964.7 -1449.1
24927 -1449.34
24890 -1449.92
24853.5 -1450.83
24819.2 -1451.24
24784.7 -1452.39
24750.6 -1453.89
24687.9 -1472.48
24688.3 -1455.24
24695.9 -1433.59
24703.7 -1411.37
24698.8 -1396.75
24688.2 -1385.67
24697.7 -1361.65
24687.6 -1350.08
24686.9 -1332.23
24697.7 -1306.31
24689 -1293.55
24482.7 -1421.39
24466 -1417.02
24438.6 -1420.73
24431.2 -1409.96
24397.3 -1419.48
24390.8 -1408.42
24364.6 -1412.88
24333.1 -1422.21
24307.6 -1427.19
24302.1 -1416.07
24272.7 -1425.17
24267.8 -1413.71
24243.2 -1419.49
24215.8 -1428.35
24211.6 -1416.66
24187.7 -1423.13
24181.8 -1413.06
24158.5 -1419.78
24135.2 -1426.95
24131 -1415.61
24108.3 -1423.04
24104.4 -1411.43
24089.1 -1411.67
24074.1 -1411.91
24059.4 -1412.15
24044.9 -1412.39
24030.6 -1412.62
24016.6 -1412.84
24002.7 -1413.07
23989.1 -1413.28
23975.7 -1413.5
23962.5 -1413.71
23949.5 -1413.92
23936.6 -1414.13
23924 -1414.33
23911.5 -1414.54
23899.2 -1414.73
23885.6 -1416.88
23873.7 -1417.07
23861.8 -1417.26
23850.2 -1417.45
23838.7 -1417.63
23827.3 -1417.82
23816 -1418
23804.9 -1418.18
23794 -1418.35
23783.1 -1418.53
23772.4 -1418.7
23761.7 -1418.87
23751.2 -1419.04
23740.8 -1419.21
23730.5 -1419.38
23720.3 -1419.54
23710.3 -1419.7
23700.3 -1419.86
23690.4 -1420.02
23680.6 -1420.18
23670.8 -1420.34
23661.2 -1420.49
23651.7 -1420.65
23642.2 -1420.8
23632.8 -1420.95
23623.5 -1421.1
23614.2 -1421.25
23605.1 -1421.4
23596 -1421.55
23586.9 -1421.69
23578 -1421.84
23569.1 -1421.98
23560.2 -1422.12
23551.4 -1422.26
23542.7 -1422.4
23534 -1422.54
23525.4 -1422.68
23516.8 -1422.82
23508.3 -1422.96
23499.9 -1423.1
23491.4 -1423.23
23483.1 -1423.37
23474.7 -1423.5
23466.4 -1423.63
23458.2 -1423.77
23450 -1423.9
23441.8 -1424.03
23433.6 -1424.16
23425.5 -1424.29
23417.4 -1424.42
23409.4 -1424.55
23401.4 -1424.68
23393.4 -1424.81
23385.4 -1424.94
23377.5 -1425.07
23369.6 -1425.2
23361.7 -1425.32
23353.8 -1425.45
23346 -1425.58
23338.1 -1425.7
23330.3 -1425.83
23322.5 -1425.95
23314.8 -1426.08
23307 -1426.2
23299.2 -1426.33
23291.5 -1426.45
23283.8 -1426.58
23276 -1426.7
23268.3 -1426.83
23260.6 -1426.95
23252.9 -1427.08
23245.2 -1427.2
23237.5 -1427.32
23229.9 -1427.45
23222.2 -1427.57
23214.5 -1427.7
23206.8 -1427.82
23199.1 -1427.94
23191.4 -1428.07
23183.7 -1428.19
23176 -1428.32
23168.3 -1428.44
23160.5 -1428.56
23152.8 -1428.69
23145.1 -1428.81
23137.3 -1428.94
23129.5 -1429.06
23121.8 -1429.19
23114 -1429.32
23106.1 -1429.44
23098.3 -1429.57
23090.4 -1429.69
23082.6 -1429.82
23074.7 -1429.95
23066.7 -1430.08
23058.8 -1430.2
23050.8 -1430.33
23042.8 -1430.46
23034.8 -1430.59
23026.7 -1430.72
23018.7 -1430.85
23010.5 -1430.98
23002.4 -1431.11
22994.2 -1431.25
22985.9 -1431.38
22977.7 -1431.51
22969.4 -1431.65
22961 -1431.78
22952.6 -1431.92
22944.2 -1432.05
22935.7 -1432.19
22927.2 -1432.33
22918.6 -1432.47
22909.9 -1432.6
22901.2 -1432.74
22892.5 -1432.89
22883.7 -1433.03
22874.8 -1433.17
22865.9 -1433.31
22856.9 -1433.46
22847.8 -1433.61
22838.7 -1433.75
22829.5 -1433.9
22820.2 -1434.05
22810.9 -1434.2
22801.5 -1434.35
22792 -1434.51
22782.4 -1434.66
22772.7 -1434.82
22763 -1434.97
22753.1 -1435.13
22743.2 -1435.29
22733.2 -1435.45
22723 -1435.62
22712.8 -1435.78
22702.5 -1435.95
22692 -1436.12
22681.5 -1436.29
22670.8 -1436.46
22660 -1436.63
22649.1 -1436.81
22447.3 -1160.03
22446.5 -1180.04
22446 -1200.05
22445.8 -1220.06
22446 -1240.06
22446.6 -1260.05
22447.5 -1280.04
22448.7 -1300.02
22450.4 -1320
22452.4 -1339.97
22454.7 -1359.93
22457.5 -1379.89
22460.6 -1399.84
22447 -1400.06
22450.6 -1420.01
22454.6 -1439.94
22459.1 -1459.87
22445.5 -1460.09
22450.5 -1480.02
22455.9 -1499.93
22461.7 -1519.84
22448.2 -1520.06
22454.6 -1539.96
22445.4 -1544.38
22445.6 -1557.82
22445.8 -1571.03
22446 -1584.03
22446.2 -1596.81
22446.5 -1609.38
22446.6 -1621.76
22446.8 -1633.94
22447 -1645.94
22447.2 -1657.76
22447.4 -1669.4
22447.6 -1680.87
22447.8 -1692.19
22448 -1703.34
22448.1 -1714.34
22448.3 -1725.19
22448.5 -1735.9
22448.7 -1746.47
22448.8 -1756.9
22449 -1767.21
22449.2 -1777.38
22449.3 -1787.44
22449.5 -1797.37
22449.6 -1807.19
22449.8 -1816.9
22450 -1826.5
22450.1 -1835.99
22450.3 -1845.38
22450.4 -1854.67
22450.6 -1863.86
22450.7 -1872.96
22450.8 -1881.97
22451 -1890.89
22451.1 -1899.73
22451.3 -1908.48
22451.4 -1917.16
22451.6 -1925.75
22451.7 -1934.27
22451.8 -1942.72
22452 -1951.09
22452.1 -1959.4
22452.2 -1967.64
22452.4 -1975.81
22452.5 -1983.92
22452.6 -1991.98
22452.7 -1999.97
22452.9 -2007.9
22453 -2015.78
22453.1 -2023.61
22453.3 -2031.38
22453.4 -2039.11
22453.5 -2046.78
22453.6 -2054.41
22453.7 -2061.99
22453.9 -2069.53
22454 -2077.03
22454.1 -2084.49
22454.2 -2091.91
22454.3 -2099.28
22454.5 -2106.63
22454.6 -2113.94
22454.7 -2121.21
22454.8 -2128.45
22434.9 -2131.26
22394.8 -2130.19
22354.8 -2129.81
22314.8 -2130.15
22274.8 -2131.18
22234.9 -2132.9
22174.8 -2132.01
22134.9 -2135.31
22074.9 -2136.34
21994.9 -2135.65
21914.9 -2136.36
21834.9 -2138.47
21734.9 -2139.74
21634.9 -2142.75
21474.9 -2141.86
15266.6 -1629.01
15261 -1698.69
15256 -1768.42
15251.6 -1838.19
15247.8 -1908
15244.6 -1977.83
15242 -2047.7
15240.1 -2117.58
15238.7 -2187.48
15238 -2257.38
15237.8 -2327.29
15238.3 -2397.2
15239.4 -2467.1
15241.1 -2536.99
15243.4 -2606.86
15246.3 -2676.71
17285.6 -2634.63
17286.5 -2686.77
17287.3 -2738.96
17288.2 -2791.2
17289 -2843.5
17289.8 -2895.86
17290.7 -2948.31
17291.5 -3000.83
17292.4 -3053.45
17293.2 -3106.17
17294.1 -3159
17313.1 -3209.18
17296.3 -3264.93
17309.6 -3316.02
17540.2 -3328.09
17580.7 -3371.93
17583.9 -3422.58
17597.6 -3471.18
17588 -3524.73
17583.8 -3577.44
17669.3 -3609.45
17906.1 -3603.32
18061 -3613.69
18061.8 -3661.71
17306.3 -3914.89
17307.2 -3970.42
17308.1 -4026.2
17309 -4082.24
17309.9 -4138.56
19235.1 -3582.27
19346.5 -3584.37
19468.8 -3580.81
19561.3 -3585.49
19681.2 -3578.75
19741.4 -3591.79
19881.1 -3573.86
19981 -3568.78
20021.3 -3585.62
20121.2 -3577.57
20181.3 -3584.33
