9640.66 -2364.88
9640.66 -2364.88
9640.66 -2364.88
9640.66 -2364.88
9640.66 -2364.88
9640.66 -2364.88
9640.66 -2364.88
9640.66 -2364.88
9640.66 -2364.88
9640.66 -2364.88
9640.66 -2364.88
9640.66 -2364.88
9640.66 -2364.88
9640.66 -2364.88
9640.66 -2364.88
9640.66 -2364.88
9640.66 -2364.88
9640.66 -2364.88
9640.66 -2364.88
9627.44 -2372.06
9627.44 -2372.06
9627.44 -2372.06
9627.44 -2372.06
9627.44 -2372.06
9627.44 -2372.06
9627.44 -2372.06
9627.44 -2372.06
9627.44 -2372.06
9627.44 -2372.06
9627.44 -2372.06
9627.44 -2372.06
9627.44 -2372.06
9627.44 -2372.06
9627.44 -2372.06
9627.44 -2372.06
9627.44 -2372.06
9627.44 -2372.06
9627.44 -2372.06
9627.44 -2372.06
9627.44 -2372.06
9627.44 -2372.06
9627.44 -2372.06
9627.44 -2372.06
9625.9 -2369.49
9620.87 -2360.28
9620.87 -2360.28
9618.62 -2355.53
9616.6 -2350.69
9614.81 -2345.75
9612.82 -2339.3
9610.77 -2331.31
9610.77 -2331.31
9610.77 -2331.31
9610.77 -2331.31
9610.77 -2331.31
9610.77 -2331.31
9610.77 -2331.31
9610.58 -2328.31
9610.41 -2322.32
9610.46 -2313.32
9610.9 -2302.83
9611.7 -2292.36
9612.86 -2281.92
9614.39 -2271.53
9616.81 -2258.25
9620.49 -2242.17
9625.65 -2223.36
9620.14 -2197.93
9639.91 -2147.7
9639.91 -2147.7
9653.31 -2119.19
9669.33 -2088.63
9687.05 -2058.16
9730 -1994.89
9730 -1994.89
9752.03 -1967.36
9774.24 -1941.96
9796.41 -1918.54
9819.38 -1895.9
9843.13 -1874.08
9891.66 -1833.92
9891.66 -1833.92
9913.95 -1817.39
9934.22 -1794.08
9957.32 -1778.69
9980.8 -1763.91
10006 -1748.98
10032.8 -1733.99
10085.3 -1708.13
10085.3 -1708.13
10110.7 -1696.98
10136.3 -1686.39
10162.2 -1676.37
10188.3 -1666.91
10214.6 -1658.02
10241.1 -1649.7
10267.7 -1641.97
10293.1 -1635.2
10318.6 -1628.99
10345.7 -1623.02
10416.8 -1626.49
10416.8 -1626.49
10443.6 -1622.6
10470.3 -1619.07
10498.6 -1615.71
10498.6 -1615.71
10498.6 -1615.71
10498.6 -1615.71
10498.6 -1615.71
10498.6 -1615.71
10498.6 -1615.71
10498.6 -1615.71
10498.6 -1615.71
10498.6 -1615.71
10498.6 -1615.71
10498.6 -1615.71
10498.6 -1615.71
10484.3 -1614.25
10484.3 -1614.25
10484.3 -1614.25
10484.3 -1614.25
10484.3 -1614.25
10484.3 -1614.25
10484.3 -1614.25
10486.8 -1615.95
10491.6 -1619.51
10498.8 -1624.99
10520.2 -1641.35
10520.2 -1641.35
10534.7 -1652.04
10551.2 -1663.86
10569.6 -1676.74
10582.3 -1698.11
10603.4 -1712.49
10625.2 -1727.01
10649.2 -1742.46
10674.6 -1758.4
10700.2 -1774
10724.8 -1788.49
10746.9 -1801.18
10766.4 -1812.37
10783.3 -1822.07
10797.6 -1830.28
10809.3 -1836.99
10825 -1845.95
10825 -1845.95
10828.9 -1848.19
10803.8 -1845.33
10803.8 -1845.33
10803.8 -1845.33
10803.8 -1845.33
10806.4 -1846.79
10811 -1849.38
10827.9 -1859.08
10827.9 -1859.08
10840.4 -1865.96
10855.7 -1874.02
10873.7 -1883.17
10894.6 -1893.31
10918.5 -1904.35
10944.4 -1916.1
10971.2 -1927.93
10998 -1939.53
11025 -1950.89
11052 -1962.02
11079.2 -1972.91
11106.4 -1983.57
11133.8 -1993.98
11159.8 -2003.64
11185.9 -2013.06
11212.1 -2022.26
11236.9 -2030.75
11260.4 -2038.55
11281.8 -2045.45
11303.3 -2051.97
11326.4 -2058.53
11375.5 -2072.63
11398.6 -2079.03
11420.3 -2084.94
11441.3 -2090.55
11461.6 -2095.89
11482 -2101.14
11502.3 -2106.3
11521.2 -2111
11540.2 -2115.63
11559.1 -2120.17
11578.1 -2124.63
11597.1 -2129.01
11614.7 -2132.97
11632.3 -2136.86
11649.8 -2140.67
11667.5 -2144.4
11685.1 -2148.06
11701.3 -2151.34
11695.8 -2150.74
11728.2 -2156.98
11744.4 -2160.21
11759.1 -2163.21
11759.1 -2163.21
11773.8 -2166.27
11788.5 -2169.39
11803.1 -2172.58
11832.4 -2179.03
11832.4 -2179.03
11847.1 -2182.15
11861.8 -2185.22
11875 -2187.8
11888.3 -2190.21
11901.6 -2192.67
11914.8 -2195.2
11928.1 -2197.78
11939.9 -2200.13
11951.6 -2202.53
11963.4 -2204.98
11975.1 -2207.48
11986.8 -2210.03
11998.5 -2212.63
12010.3 -2215.18
12022 -2217.68
12042.6 -2221.93
12042.6 -2221.93
12052.9 -2223.98
12063.2 -2226.08
12090.6 -2233.98
12100.8 -2236.24
12111.1 -2238.55
12131.5 -2243.31
12131.5 -2243.31
12140.3 -2245.25
12149.1 -2247.08
12159.4 -2249.07
12180 -2253.29
12180 -2253.29
12187.3 -2254.97
12204.7 -2259.49
12214.9 -2262.21
12214.9 -2262.21
12225 -2264.92
12235.2 -2267.72
12245.2 -2270.69
12255.2 -2273.84
12265.2 -2277.08
12273.8 -2279.93
12282.3 -2282.85
12299.1 -2289.15
12299.1 -2289.15
12307.5 -2292.44
12315.9 -2295.81
12324.2 -2299.24
12332.5 -2302.75
12351.7 -2311.28
12351.7 -2311.28
12362.5 -2316.44
12373.2 -2321.79
12389.2 -2330.16
12389.2 -2330.16
12397.1 -2334.45
12416.7 -2345.53
12416.7 -2345.53
12427 -2351.7
12435.9 -2357.26
12444.7 -2362.97
12462 -2374.85
12462 -2374.85
12470.5 -2381.02
12478.9 -2387.33
12487.2 -2393.79
12495.3 -2400.39
12503.4 -2407.14
12511.3 -2414.02
12535.8 -2441.7
12535.8 -2441.7
12543.3 -2449.03
12550.7 -2456.48
12555.9 -2461.86
12561.1 -2467.27
12567.2 -2473.88
12573.7 -2481.15
12580.1 -2488.54
12590.5 -2501.31
12590.5 -2501.31
12596.5 -2509.02
12602.3 -2516.83
12607.1 -2523.52
12616.4 -2537.16
12616.4 -2537.16
12621.7 -2545.36
12626.8 -2553.65
12630.3 -2559.45
12636.3 -2569.84
12636.3 -2569.84
12639.2 -2575.07
12642.1 -2580.33
12647.7 -2590.93
12647.7 -2590.93
12650.5 -2596.26
12655.9 -2607
12655.9 -2607
12674.8 -2621
12681.3 -2635.32
12684.9 -2643.58
12688.3 -2651.9
12688.3 -2651.9
12690.5 -2657.49
12694.7 -2668.73
12694.7 -2668.73
12696.8 -2674.37
12698.7 -2680.03
12701.2 -2687.13
12703.5 -2694.25
12705.8 -2701.39
12708.1 -2708.55
12710.2 -2715.72
12712.3 -2722.92
12714.4 -2730.14
12716.4 -2737.37
12718.3 -2744.62
12719.8 -2750.43
12721.2 -2756.26
12722.6 -2762.1
12723.9 -2767.94
12725.2 -2773.81
12726.5 -2779.68
12727.6 -2785.56
12729.8 -2797.36
12729.8 -2797.36
12731.4 -2806.22
12733 -2815.83
12733 -2815.83
12733 -2815.83
12733.6 -2818.78
12736.2 -2831.26
12738 -2840.07
12738 -2840.07
12739.8 -2848.9
12741 -2854.78
12742.1 -2860.68
12743.5 -2868.04
12745.2 -2876.13
12749.9 -2908.77
12751.5 -2916.86
12754.1 -2930.11
12754.1 -2930.11
12756.2 -2940.4
12756.2 -2940.4
12758.3 -2950.68
12758.3 -2950.68
12759.4 -2955.81
12760.9 -2962.4
12762.4 -2968.98
12763.9 -2975.56
12767 -2988.7
12767 -2988.7
12768.3 -2993.8
12769.5 -2998.89
12770.8 -3003.98
12772.1 -3009.06
12773.5 -3014.14
12774.8 -3019.21
12776.6 -3025.73
12778.4 -3032.23
12780.2 -3038.73
12782.1 -3045.22
12783.6 -3050.26
12785 -3055.29
12786.5 -3060.32
12790.5 -3073.22
12790.5 -3073.22
12794.4 -3086.14
12794.4 -3086.14
12796.3 -3092.62
12798.2 -3099.1
12800.1 -3105.59
12802.3 -3113.53
12802.3 -3113.53
12803.2 -3116.41
12803.2 -3116.41
12805 -3122.13
12807.5 -3129.98
12812.6 -3145.67
12812.6 -3145.67
12815.1 -3153.54
12819.9 -3169.32
12822.3 -3177.21
12822.3 -3177.21
12824.3 -3183.67
12829.1 -3199.45
12829.1 -3199.45
12832 -3208.77
12836.8 -3224.56
12839.2 -3232.45
12839.2 -3232.45
12841.6 -3240.34
12844 -3248.23
12846.8 -3257.55
12849.7 -3266.88
12853 -3277.64
12856.5 -3289.11
12863.5 -3312.07
12863.5 -3312.07
12867 -3323.55
12870.5 -3335.02
12878.4 -3360.85
12882.3 -3373.76
12882.3 -3373.76
12886.3 -3386.67
12893.3 -3409.63
12896.8 -3421.1
12900.3 -3432.58
12900.3 -3432.58
12903.8 -3444.06
12907.3 -3455.53
12927.6 -3411.14
12930.9 -3422.67
12934.2 -3434.2
12937.5 -3445.73
12940.9 -3457.26
12944.2 -3468.79
12950.8 -3491.85
12950.8 -3491.85
12954.2 -3503.38
12957.5 -3514.91
12960.8 -3526.44
12966.6 -3546.62
12966.6 -3546.62
12969.6 -3556.71
12972.5 -3566.8
12975.4 -3576.89
12978.3 -3586.98
12981.2 -3597.06
12984.1 -3607.15
12987 -3617.24
12989.9 -3627.33
12992.8 -3637.42
12995.7 -3647.51
12998.2 -3656.15
13000.7 -3664.8
13003.2 -3673.45
13005.7 -3682.1
13008.2 -3690.74
13010.7 -3699.39
13013.2 -3708.04
13015.7 -3716.69
13018.2 -3725.33
13020.7 -3733.98
13023.2 -3742.63
13027.8 -3758.48
13027.8 -3758.48
13031.9 -3772.89
13031.9 -3772.89
13034 -3780.1
13036.1 -3787.31
13038.1 -3794.51
13040.2 -3801.72
13042.3 -3808.93
13024.6 -3845.89
13024.6 -3845.89
13029.1 -3860.19
13029.1 -3860.19
13031.4 -3867.34
13033.6 -3874.49
13035.9 -3881.64
13038.2 -3888.79
13040.4 -3895.93
13044.8 -3910.29
13044.8 -3910.29
13048.5 -3923.27
13050.1 -3929.05
13050.1 -3929.05
13052.1 -3936.28
13056.2 -3950.72
13056.2 -3950.72
13060.2 -3965.17
13060.2 -3965.17
13062.2 -3972.4
13065.4 -3983.95
13065.4 -3983.95
13067 -3989.73
13068.7 -3995.51
13071.9 -4007.07
13071.9 -4007.07
13073.5 -4012.85
13075.1 -4018.63
13076.7 -4024.41
13080 -4035.96
13080 -4035.96
13081.6 -4041.74
13083.2 -4047.52
13085.2 -4054.74
13087.5 -4063.43
13090 -4072.87
13092.4 -4082.33
13094.7 -4091.8
13096.9 -4101.3
13098.7 -4109.35
13100.4 -4117.42
13102.1 -4125.5
13105.2 -4141.7
13105.2 -4141.7
13106.6 -4149.82
13107.8 -4156.48
13108.8 -4162.4
13109.8 -4168.31
13110.8 -4174.23
13111.8 -4180.14
13112.8 -4186.06
13113.8 -4191.98
13114.8 -4197.89
13115.8 -4203.81
13116.8 -4209.72
13118 -4217.12
13120.6 -4233.42
13121.7 -4241.59
13121.7 -4241.59
13122.8 -4249.77
13123.8 -4257.95
13124.8 -4266.15
13125.7 -4274.35
13126.5 -4282.56
13127.2 -4290.78
13128.3 -4304.24
13128.3 -4304.24
13131.8 -4317.73
13131.8 -4317.73
13133 -4332.69
13133 -4332.69
13133.5 -4339.42
13134 -4346.15
13135 -4359.62
13135 -4359.62
13136 -4373.08
13136 -4373.08
13136.4 -4379.81
13136.9 -4386.54
13137.4 -4393.28
13138.4 -4406.74
13138.9 -4413.47
13138.9 -4413.47
13139.4 -4420.2
13139.9 -4426.94
13140.4 -4433.67
13140.9 -4440.4
13141.4 -4447.13
13141.8 -4453.87
13142.3 -4460.6
13142.8 -4467.33
13143.3 -4474.06
13144.3 -4487.53
13144.3 -4487.53
13144.8 -4494.26
13145.3 -4500.99
13145.8 -4507.72
13146.3 -4514.45
13147.2 -4527.92
13147.2 -4527.92
13147.7 -4534.66
13148 -4541.39
13148.4 -4548.13
13149.2 -4561.61
13149.2 -4561.61
13149.5 -4568.35
13149.9 -4575.09
13150.3 -4581.83
13150.7 -4588.57
13151 -4595.31
13151.4 -4602.05
13151.8 -4608.79
13152.2 -4615.53
13152.5 -4622.27
13153 -4630.51
13153.4 -4638.75
13153.7 -4646.99
13153.9 -4655.24
13154.1 -4661.99
13154.2 -4668.74
13154.3 -4675.49
13154.5 -4682.23
13154.6 -4688.98
13154.7 -4695.73
13155 -4709.23
13155 -4709.23
13155.3 -4722.73
13155.3 -4722.73
13155.4 -4729.47
13155.6 -4736.22
13155.7 -4742.97
13155.8 -4749.72
13156 -4756.47
13156.1 -4763.22
13156.3 -4769.97
13156.4 -4776.71
13156.5 -4783.46
13156.8 -4796.96
13157 -4803.71
13157 -4803.71
13153.7 -4820.18
13153.8 -4826.93
13154 -4833.68
13154.1 -4840.43
13154.2 -4847.18
13154.4 -4860.67
13154.4 -4860.67
13154.5 -4867.42
13154.6 -4874.17
13154.7 -4880.92
13154.8 -4887.67
13155.1 -4901.17
13155.1 -4901.17
13155.2 -4907.92
13155.4 -4921.42
13155.5 -4928.17
13155.5 -4928.17
13155.6 -4934.91
13155.7 -4941.66
13155.8 -4948.41
13155.9 -4955.16
13156.2 -4968.66
13156.2 -4968.66
13156.3 -4975.41
13156.4 -4982.16
13156.5 -4988.91
13156.6 -4995.66
13156.7 -5002.41
13156.8 -5009.15
13156.9 -5015.9
13157 -5022.65
13157.1 -5029.4
13157.3 -5036.15
13157.4 -5042.9
13157.6 -5056.4
13157.6 -5056.4
13157.8 -5069.9
13157.8 -5069.9
13158 -5083.39
13158.1 -5090.14
13158.1 -5090.14
13158.3 -5103.64
13158.3 -5103.64
13158.6 -5117.14
13158.6 -5117.14
13158.7 -5123.89
13158.8 -5130.64
13158.9 -5137.39
13159 -5144.14
13159.1 -5150.89
13159.2 -5157.63
13159.3 -5164.38
13159.6 -5177.88
13159.7 -5184.63
13159.7 -5184.63
13159.8 -5191.38
13159.9 -5198.13
13160 -5204.88
13160.1 -5211.63
13160.3 -5225.13
13160.4 -5231.87
13160.5 -5238.62
13160.5 -5238.62
13160.7 -5245.37
13160.8 -5252.12
13160.9 -5258.87
13161.1 -5275.37
13161.1 -5275.37
13161.3 -5283.62
13161.4 -5291.87
13161.5 -5300.12
13161.7 -5308.36
13161.8 -5316.61
13162.1 -5333.11
13162.1 -5333.11
13161 -5333.35
13161.3 -5349.85
13161.3 -5349.85
13161.4 -5358.09
13161.6 -5366.34
13161.7 -5374.59
13161.9 -5382.84
13162.1 -5399.34
13162.3 -5407.59
13162.4 -5415.84
13162.4 -5415.84
13162.7 -5432.33
13162.9 -5440.58
13162.9 -5440.58
13163 -5448.83
13163.3 -5465.33
13163.4 -5473.58
13163.6 -5481.83
13163.7 -5490.07
13163.7 -5490.07
13163.9 -5498.32
13164 -5506.57
13164.2 -5514.82
13164.3 -5523.07
13164.5 -5531.32
13164.6 -5539.57
13164.7 -5547.82
13165 -5564.31
13165 -5564.31
13165.2 -5572.56
13165.3 -5580.81
13165.5 -5589.06
13165.6 -5596.56
