10598 -1669
10598 -1669
10598 -1669
10598 -1669
10598 -1669
10598 -1669
10598 -1669
10598 -1669
10598 -1669
10598 -1669
10598 -1669
10598 -1669
10598 -1669
10598 -1669
10598 -1669
10598 -1669
10598 -1669
10598 -1669
10598 -1669
10598 -1669
10598 -1669
10598 -1669
10598 -1669
10598 -1669
10598 -1669
10598 -1669
10593 -1659.81
10590.1 -1660.57
10584.4 -1662.25
10575.8 -1664.91
10566.5 -1667.92
10557.3 -1671.01
10548 -1674.18
10538.9 -1677.42
10529.7 -1680.75
10520.6 -1684.16
10511.4 -1687.65
10502.4 -1691.22
10493.3 -1694.86
10484.3 -1698.51
10475.2 -1702.16
10466.2 -1705.88
10457.3 -1709.68
10445.6 -1714.76
10431.1 -1721.03
10413.9 -1728.5
10394 -1737.16
10371.2 -1746.81
10317 -1768.92
10317 -1768.92
10285.6 -1781.26
10251.3 -1794.41
10173.9 -1822.9
10130.7 -1838.15
10087.5 -1853.01
10087.5 -1853.01
10044.1 -1867.5
10000.5 -1881.61
9956.9 -1895.34
9913.14 -1908.69
9869.27 -1921.65
9825.28 -1934.23
9781.19 -1946.43
9736.99 -1958.24
9651.2 -1979.98
9651.2 -1979.98
9610.35 -1989.76
9570.89 -1998.84
9533.86 -2011.97
9495.69 -2019.99
9457.45 -2027.67
9419.15 -2035.02
9382.27 -2041.77
9346.06 -2048.07
9275.71 -2059.35
9275.71 -2059.35
9240.83 -2064.48
9205.92 -2069.3
9172.44 -2073.63
9140.43 -2077.48
9076.39 -2085.19
9044.37 -2089.05
9044.37 -2089.05
8975.28 -2095.03
8975.28 -2095.03
8944.78 -2098.94
8915.77 -2102.67
8886.76 -2106.39
8857.74 -2110.12
8802.7 -2117.18
8775.17 -2120.72
8749.14 -2124.06
8749.14 -2124.06
8698.55 -2130.55
8698.55 -2130.55
8673.26 -2133.8
8649.45 -2136.86
8625.65 -2139.91
8601.85 -2142.97
8591.84 -2116.33
8569.49 -2118.97
8569.49 -2118.97
8547.15 -2121.6
8524.8 -2124.24
8502.46 -2126.87
8481.6 -2129.33
8460.75 -2131.79
8439.89 -2134.25
8399.67 -2138.99
8399.67 -2138.99
8380.3 -2141.28
8360.94 -2143.56
8341.55 -2145.68
8322.15 -2147.62
8304.23 -2149.26
8261.36 -2185.49
8243.44 -2187.19
8225.52 -2188.88
8209.09 -2190.43
8192.67 -2191.98
8176.24 -2193.53
8159.81 -2195.09
8143.39 -2196.64
8128.45 -2198.05
8098.59 -2200.87
8083.65 -2202.28
8083.65 -2202.28
8068.72 -2203.69
8055.28 -2204.96
8041.84 -2206.23
8014.96 -2208.77
8001.52 -2210.04
7988.08 -2211.3
7988.08 -2211.3
7976.13 -2212.43
7964.18 -2213.56
7952.24 -2214.69
7943.34 -2198.27
7931.39 -2199.43
7919.45 -2200.58
7907.5 -2201.74
7898.55 -2202.69
7889.61 -2203.71
7877.68 -2204.97
7865.73 -2206.08
7855.26 -2206.91
7844.8 -2207.78
7834.34 -2208.7
7823.88 -2209.67
7813.43 -2210.68
7792.54 -2212.85
7792.54 -2212.85
7782.11 -2214
7771.69 -2215.28
7761.28 -2216.7
7750.9 -2218.26
7740.54 -2219.96
7730.2 -2221.79
7711.04 -2225.4
7711.04 -2225.4
7702.18 -2227
7691.87 -2229.01
7681.6 -2231.2
7671.38 -2233.57
7661.19 -2236.12
7651.05 -2238.84
7640.96 -2241.74
7630.92 -2244.82
7620.93 -2248.07
7611.01 -2251.49
7601.14 -2255.09
7591.34 -2258.86
7581.61 -2262.8
7571.95 -2266.9
7562.36 -2271.18
7552.84 -2275.62
7543.41 -2280.23
7535.39 -2284.32
7527.45 -2288.55
7519.58 -2292.92
7495.78 -2296.3
7488.18 -2301.11
7480.66 -2306.06
7480.66 -2306.06
7473.23 -2311.13
7465.89 -2316.34
7457.43 -2322.56
7448.48 -2329.38
7439.66 -2336.36
7430.95 -2343.49
7422.38 -2350.77
7413.93 -2358.2
7405.61 -2365.77
7389.38 -2381.36
7389.38 -2381.36
7381.48 -2389.36
7373.71 -2397.5
7366.08 -2405.77
7358.6 -2414.17
7350.3 -2423.84
7342.16 -2433.66
7336.07 -2441.27
7323.39 -2458.01
7323.39 -2458.01
7316.83 -2467.15
7310.43 -2476.4
7319.81 -2490.62
7313.71 -2500.07
7303.57 -2516.73
7298.72 -2525.19
7298.72 -2525.19
7293.29 -2535.04
7288.04 -2544.99
7283.64 -2553.69
7279.39 -2562.46
7275.29 -2571.31
7272.56 -2577.49
7269.89 -2583.68
7267.27 -2589.9
7262.19 -2602.41
7262.19 -2602.41
7260.28 -2607.3
7258.41 -2612.21
7256.07 -2618.54
7253.78 -2624.89
7251.54 -2631.26
7249.36 -2637.65
7247.24 -2644.05
7245.17 -2650.48
7243.16 -2656.92
7241.2 -2663.38
7239.3 -2669.86
7237.46 -2676.35
7236.1 -2688.03
7232.61 -2701.07
7232.61 -2701.07
7230.96 -2707.61
7228.15 -2719.28
7228.15 -2719.28
7227 -2724.4
7225.88 -2729.53
7224.51 -2736.14
7223.2 -2742.76
7220.74 -2756.04
7220.74 -2756.04
7219.6 -2762.69
7218.52 -2769.35
7217.5 -2776.03
7216.53 -2782.71
7215.62 -2789.4
7214.77 -2796.09
7213.98 -2802.8
7213.25 -2809.51
7212.58 -2816.22
7211.96 -2822.94
7211.41 -2829.67
7210.91 -2836.4
7210.47 -2843.14
7210.09 -2849.88
7209.77 -2856.62
7209.51 -2863.36
7209.35 -2868.61
7209.24 -2873.86
7209.14 -2887.36
7209.14 -2887.36
7209.18 -2895.61
7209.29 -2903.86
7209.47 -2912.11
7209.68 -2918.85
7209.89 -2925.6
7210.1 -2932.35
7210.31 -2939.09
7210.52 -2945.84
7210.73 -2952.59
7210.93 -2959.33
7211.14 -2966.08
7211.35 -2972.83
7211.56 -2979.58
7211.68 -2983.32
