-5112.83 6458.03
-5179.57 6514.25
-5246.81 6569.88
-5314.52 6624.93
-5382.72 6679.38
-5451.38 6733.24
-5520.51 6786.49
-5590.11 6839.14
-5660.16 6891.18
-5730.66 6942.61
-5801.61 6993.42
-5873 7043.6
-5944.83 7093.17
-6017.08 7142.1
-6089.76 7190.4
-6162.86 7238.07
-6236.37 7285.1
-6310.29 7331.48
-6384.61 7377.22
-6459.33 7422.3
-9807.39 1878.68
-9829.01 1902.78
-9871.51 1890.12
-9902.56 1897.11
-9944.52 1883.54
-9973.96 1892.47
-10009 1890.45
-10045.1 1885.38
-10074.9 1892.46
-10107.3 1893.86
-10135.3 1903.95
-10167.6 1904.72
-10201.8 1900.61
-10235.9 1896.13
-10267.8 1895.88
-10302.3 1888.86
-10321.3 1918.46
-11131.2 -22.4161
-11148.5 -37.0965
-11160.8 -39.8415
-11181 -64.2788
-11196.4 -76.7548
-10226.1 2715.52
-10266.8 2707.38
-10330.5 2628.6
-10328.4 2748.9
-10361.3 2763.56
-10392.8 2783.69
-10434.8 2768.07
-10470 2775.1
-10503.6 2787.6
-10539.1 2793.05
-10575.4 2795.27
-10610 2803.96
-10648.3 2796.78
-10679.6 2819.46
-10717.4 2813.56
-10751.1 2825.91
-10786.9 2828.16
-10821.5 2835.98
-10858.3 2832.69
-10893.2 2838.91
-10927.9 2845.81
-10962.2 2856.36
-10996.7 2865.63
-11030.6 2879.55
-11066.4 2880.3
-11102.9 2874.77
-11136.6 2892.77
-11172 2896.56
-11207.1 2904.02
-11243.6 2895.24
-11277.8 2914.04
-11312.5 2929.57
-11348.9 2919.84
-11384.2 2927.77
-11419.5 2939.39
-11455 2950.7
-11490.8 2957.71
-11526.7 2957.4
-11562.7 2949.78
-11598.6 2962.85
-11634.8 2974.6
-11671.4 2998.04
-11707.3 2986.16
-11743.2 2974.97
-11781.1 3012.42
-11711.6 1082.48
-11732.4 1100.28
-11889.6 2996.97
-11927.3 3011.13
-11964.9 3021.95
-12002.3 3027.47
-12040.2 3035.63
-12077.5 3037.48
-12094.1 2873.3
-12076.7 2477.25
-12150.1 2763.88
-12214.6 2957.55
-12227.9 2811.73
-12247.2 2715.3
-12266.2 2626.72
-12284.1 2540.07
-12298.8 2444.57
-12314.3 2360.86
-12328.2 2276.18
-12340 2188.61
-12211.9 1508.05
-12181.8 1282.88
-12195.1 1245.61
-12181.9 1109.61
-12158.4 944.104
-12174.3 930.383
-12193.7 929.033
-12214.2 931.337
-12248 976.441
-12384 1339.4
-12449.4 1465.4
-12420.5 1304.29
-12327.5 967.233
-12332.6 923.029
-12462.4 1220.64
-12491.9 1236.32
-12493.7 1178.91
-12503.1 1143.03
-12504.3 1088.65
-12512.7 1053.81
-12525.7 1030.95
-12537.2 1005.28
-12541.8 964.976
-12542.4 917.492
-12552 890.982
-12558.2 858.154
-12561.3 819.99
-12561.9 778.354
-12567.9 748.427
-12578.5 728.291
-12580.8 693.126
-12585.9 664.21
-12593.5 640.587
-12601.3 617.841
-12600.7 581.261
-12597.6 541.388
-12548.3 426.386
-12029.1 -447.012
-11976.8 -544.025
-11979.5 -551.648
-11977.7 -565.969
-11979.5 -574.383
-11986.3 -575.336
-11982.3 -591.994
-11981 -604.449
-11983.5 -611.146
-11986.5 -617.038
-11991.3 -620.533
-11989.3 -632.837
-11999.4 -629.229
-11992.9 -646.993
-11990.6 -659.135
-11993.7 -664.214
-12003.7 -660.839
-11995.2 -679.772
-12000 -682.581
-12004.9 -685.439
-12007.7 -690.586
-12007.1 -699.453
-12003.7 -711.216
-12013.7 -708.29
-12015.6 -714.19
-12011.1 -726.546
-12005.8 -739.502
-12015.1 -737.517
-12014.5 -745.452
-12021.8 -745.722
-12025.4 -749.52
-12019.4 -762.191
-12027.3 -761.925
-12015.9 -779.117
-12022.3 -780.219
-12024.1 -785.328
-12026.6 -789.792
-12027.5 -795.552
-12030.7 -799.398
-12031.5 -805.153
-12033.8 -809.654
-12031.3 -817.85
-12034.3 -821.728
-12033.3 -828.632
-12038.6 -830.748
-12028.5 -844.062
-12037 -843.863
-12039.7 -847.79
-12040 -853.433
-12048.5 -853.486
-12041.9 -863.561
-12041.2 -869.7
-12034.4 -879.55
-12050.5 -875.008
-12052.9 -879.051
-12044.2 -889.783
-12050 -891.75
-12038.5 -903.754
-12056.4 -898.867
-12050 -907.788
-12052.2 -911.825
-12050.8 -917.751
-12055.6 -920.417
-12055.9 -925.406
-12063.3 -926.831
-12059 -934.037
-12057.4 -939.866
-12061.1 -943.126
-12054.8 -950.972
-12056.7 -955.05
-12064 -956.765
-12058.4 -964.031
-12062.8 -966.998
-12060.8 -972.635
-12062.4 -976.765
-12069.7 -978.772
-12068.4 -984.022
-12070 -988.218
-12079 -989.775
-21051.6 2070.05
-21079.5 1987.35
-12070 -1006.97
-12065.6 -1012.97
-12067.9 -1016.85
-12072 -1020.19
-12085.7 -1020.87
-12087.9 -1024.95
-21254.1 1402.06
-12078.6 -1036.66
-21297.3 1232.98
-12080.7 -1045.24
-12082.7 -1049.31
-12086.6 -1052.99
-12080.7 -1058.78
-12084.5 -1062.49
-21409.4 721.568
-12084.2 -1071.52
-12083 -1076.19
-21455.3 463.838
-21469.1 377.673
-12088 -1088.73
-12092.6 -1092.55
-12086.3 -1097.85
-12092.8 -1101.48
-21526.9 -54.7843
-21536.2 -141.557
-12086.2 -1115.45
-12090.6 -1119.46
-12094.9 -1123.54
-12101.2 -1127.56
-12105.5 -1131.8
-12098.8 -1136.66
-12095 -1141.28
-12097.1 -1145.64
-12098.3 -1150.05
-12089.3 -1154.64
-12096.4 -1158.97
-12104.4 -1163.42
-12108.4 -1167.97
-12106.3 -1172.46
-12104.2 -1176.93
-12105 -1181.46
-12109.8 -1186.2
-12109.6 -1190.75
-12101.4 -1194.79
-12103.1 -1199.41
-12111.7 -1204.63
-12106.3 -1208.74
-12097.9 -1212.48
-12104.4 -1217.67
-12113.9 -1223.33
-12108.3 -1227.29
-12111.7 -1232.35
-12109.1 -1236.64
-12116.3 -1242.38
-12119.6 -1247.62
-12125.7 -1253.42
-12117 -1256.7
-12114.2 -1260.94
-12117.2 -1266.3
-12122.2 -1272.12
-12116.3 -1275.72
-12122.1 -1281.86
-12133.7 -1289.46
-12122.9 -1291.86
-12133.4 -1299.45
-12124.4 -1302.18
-12121.2 -1306.33
-12134.4 -1315.02
-12129.2 -1318.66
-12132.6 -1324.81
-12127.3 -1328.37
-12128.7 -1333.98
-12131 -1339.93
-12133.2 -1345.94
-12127.8 -1349.38
-12130.9 -1355.76
-12132.9 -1361.86
-12137.7 -1369.07
-12132.2 -1372.42
-12145.2 -1383.05
-12134.9 -1384.51
-12133.9 -1389.66
-12135.5 -1395.98
-12145.4 -1405.96
-12136.8 -1407.95
-12141.9 -1416.06
-12145.1 -1423.43
-12154.6 -1433.91
-12146.8 -1436.19
-12154.2 -1445.99
-12157 -1453.65
-12156.2 -1459.53
-12158.9 -1467.3
-12147.5 -1467.48
-12150 -1475.27
-12160.3 -1487.57
-12154 -1490.54
-12158 -1499.54
-12161 -1508.12
-12152 -1509.43
-12166.7 -1525.51
-12169.4 -1534.32
-12161.1 -1536.09
-12167 -1547.17
-12166.1 -1553.89
-12181.6 -1571.99
-12186.2 -1582.91
-12191.4 -1594.52
-12188.4 -1600.35
-12199.8 -1616.91
-12205.4 -1629.48
-12232.2 -1658.66
-12245.1 -1677.85
-19399 -7406.7
-12979.8 -2294.6
-13076.1 -2394.74
-13071.4 -2412.83
-13075.6 -2438.75
-13082.5 -2467.47
-13090.5 -2497.74
-13092.9 -2523.54
-13099.3 -2553.56
-13103.9 -2582.42
-13113.2 -2616.29
-13100.4 -2629.54
-13117.4 -2672.19
-13114.1 -2695.4
-13113.9 -2722.24
-13098.9 -2734.05
-13068.6 -2729.73
-13120.8 -2813.69
-13140.7 -2864.68
-13141.8 -2896.04
-12927.1 -2682.85
-12861.4 -2633.97
-13130.9 -2977.26
-13177.8 -3065.88
-13177.6 -3099.78
-13168.2 -3122.92
-13213.1 -3215.05
-13210.4 -3248.88
-13221.3 -3301.11
-13234.3 -3357.69
-13232.9 -3396.13
-13235.6 -3441.19
-13249.2 -3502.78
-13259 -3560.68
-13268.5 -3619.74
-13282.1 -3686.63
-13290.2 -3747.25
-13298 -3809.04
-13303.7 -3869.48
-13315.9 -3942.1
-12928.9 -3361.87
-12983.5 -3497.1
-13165.7 -3855.21
-13145.7 -3874.94
-13117 -3879.71
-12958.1 -3647.72
-12895.1 -3583.02
-12655.2 -3180.56
-12761.2 -3428.71
-12967.2 -3884.92
-12935.9 -3881.62
-12913 -3895.07
-12884.8 -3897.49
-12858.3 -3903.26
-12836.4 -3918.79
-12809.5 -3923.17
-12688.6 -3709.72
-12655.1 -3692.5
-12722.7 -3919.97
-12695.6 -3922.34
-12673.3 -3936.55
-12649.8 -3947.79
-12618.1 -3937.25
-12593.2 -3944.25
-12571.9 -3961.41
-12548.4 -3972.72
-12516.2 -3958.21
-12488.4 -3955.73
-12465.5 -3968.25
-12439.5 -3971.01
-11888.1 -2183.07
-11847.4 -2074.06
-11845 -2096.54
-11857.9 -2178
-11934.8 -2515.5
-11947 -2615.56
-12121.2 -3405.75
-12123.8 -3507.81
-12066.1 -3342.42
-12042.3 -3324
-13557.7 -10966.3
-13472.1 -10983.1
-13386.3 -10999.2
-13300.4 -11014.5
-13214.4 -11029.1
-13128.2 -11042.9
-13041.9 -11055.9
-12955.5 -11068.2
-11869.1 -3336.09
-11863 -3445.68
-12695.8 -11100.6
-11684.6 -2100.21
-11676.2 -2098.03
-11669.3 -2113.71
-11810.9 -4081.67
-11783.6 -4056.56
-11758.2 -4056.16
-11733.4 -4067.52
-11708.2 -4070.67
-11683.4 -4090.6
-11658.7 -4128.3
-11632.7 -4123.81
-11606.8 -4111.08
-11581 -4155.13
-11476.3 -11161.5
-11389 -11160.1
-11301.8 -11158
-11214.6 -11155.1
-11127.4 -11151.5
-11040.2 -11147.1
-10953.1 -11141.9
-10866.1 -11136
-10779.1 -11129.3
-11496.9 -2179.03
-11488.7 -2171.22
-11479.8 -2171.31
-11471.8 -2163.37
-11463 -2163.31
-11452.2 -2177.04
-11443.2 -2176.8
-11433 -2184.4
-11425.1 -2177.08
-11415.4 -2180.54
-11403 -2198.68
-9741.63 -10990.1
-9655.94 -10973.6
-9570.39 -10956.4
-9485 -10938.4
-9399.77 -10919.7
-9314.7 -10900.2
-9229.81 -10880
-9145.09 -10859.1
-9060.57 -10837.4
-8976.23 -10814.9
-10667.1 -4452.58
-10623.1 -4497.25
-8724.45 -10743.3
-8640.95 -10717.9
-10514.9 -4537.55
-10484.6 -4530.9
-10451.1 -4533.46
-10411.2 -4553.63
-10379.3 -4549.83
-10347.4 -4545.72
-10318.9 -4531.95
-10274.4 -4559.92
-11173.5 -2207.83
-11170.4 -2189.35
-10185.5 -4525.28
-10159 -4506.47
-10149.9 -4448.07
-10142.6 -4387.94
-10136.6 -4327.03
-10113.7 -4304.28
-10066 -4333.66
-10030.9 -4335.52
-10643.1 -3046.32
-10662.3 -2968.59
-6948.9 -10020.8
-6871.78 -9979.93
-9799.51 -4437.45
-9771.48 -4420.84
-9744.6 -4402.25
-9717.4 -4384.31
-9696.99 -4354.95
-9672.31 -4333.19
-9738.09 -4164.81
-9575.23 -4366.16
-9489.09 -4439.41
-9438.7 -4454.46
-9400.63 -4449.73
-9366.41 -4438.79
-9339.04 -4417.63
-9270.43 -4455.12
-9220.8 -4464.02
-9679.25 -3776.19
-9795.56 -3572.48
-9799.36 -3524.06
-9773.93 -3514.69
-5412.24 -9026.93
-5343.84 -8972.73
-5275.92 -8917.94
-9759.92 -3369.08
-5141.52 -8806.59
-5075.06 -8750.04
-5009.09 -8692.92
-4943.62 -8635.21
-4878.66 -8576.94
-4814.21 -8518.11
-4750.28 -8458.71
-4686.86 -8398.76
-4623.98 -8338.26
-4561.62 -8277.21
-4499.8 -8215.62
-4438.51 -8153.49
-4377.78 -8090.83
-4317.59 -8027.65
-4257.95 -7963.94
-4198.88 -7899.71
-4140.36 -7834.96
-4082.41 -7769.71
-4025.04 -7703.96
-3968.24 -7637.71
