19414.9 5648.46
19414.9 5648.46
19414.9 5648.46
19414.9 5648.46
19422 5654.04
19422 5654.04
19428.9 5659.78
19443.8 5672.34
19443.8 5672.34
19451.3 5678.62
19458.8 5684.91
19463.9 5689.26
19466.8 5691.67
19467.4 5692.16
19467.4 5692.16
19467.4 5692.16
19467.4 5692.16
19469.7 5694.09
19480.8 5704.07
19480.8 5704.07
19488.1 5710.61
19497.6 5719.12
19509.4 5729.47
19523.2 5741.13
19537 5752.61
19551 5763.9
19579.5 5785.94
19579.5 5785.94
19594 5796.67
19608.5 5807.22
19623.3 5817.57
19638.1 5827.73
19653.1 5837.7
19668.2 5847.47
19683.5 5857.04
19698.8 5866.41
19714.3 5875.57
19745.7 5893.29
19761.5 5901.85
19777.5 5910.19
19777.5 5910.19
19793.5 5918.32
19809.7 5926.25
19825.9 5933.96
19856.8 5944.55
19856.8 5944.55
19872 5951.03
19887.2 5957.3
19902.6 5963.38
19933.5 5974.93
19933.5 5974.93
19949.1 5980.39
19963.3 5985.18
19975.4 5989.09
19986.8 5992.72
20009.8 5999.83
20021.2 6003.31
20021.2 6003.31
20032.7 6006.74
20044.3 6010.11
20067.3 6016.72
20067.3 6016.72
20078.9 6019.95
20090.5 6023.13
20102.1 6026.25
20113.7 6029.33
20136.9 6035.33
20136.9 6035.33
20148.5 6038.25
20160.2 6041.13
20171.8 6043.95
20183.5 6046.72
20195.2 6049.44
20206.9 6052.11
20218.6 6054.73
20242.1 6059.82
20253.8 6062.28
20253.8 6062.28
20264.1 6064.39
20288.3 6051.57
20309 6055.43
20309 6055.43
20319.3 6057.3
20340 6060.9
20340 6060.9
20350.4 6062.62
20360.7 6064.31
20371.1 6065.95
20381.5 6067.54
20391.9 6069.09
20402.3 6070.6
20412.7 6072.05
20423.1 6073.47
20433.5 6074.83
20443.9 6076.16
20454.3 6077.43
20464.7 6078.66
20475.2 6079.85
20485.6 6080.99
20496.1 6082.08
20506.5 6083.13
20517 6084.13
20527.4 6085.09
20548.3 6086.87
20548.3 6086.87
20557.3 6087.57
20565.5 6088.18
20573 6088.7
20588 6089.84
20588 6089.84
20595.4 6090.46
20602.9 6091.11
20610.4 6091.8
20617.9 6092.51
20625.3 6093.26
20634.3 6094.2
20643.2 6095.18
20652.2 6096.19
20661.1 6097.25
20679 6099.48
20679 6099.48
20687.9 6100.65
20705.7 6102.88
20705.7 6102.88
20714.7 6103.93
20723.6 6104.95
20722.7 6105.62
20731.7 6106.6
20740.6 6107.54
20749.6 6108.44
20758.5 6109.3
20767.5 6110.12
20776.5 6110.91
20785.4 6111.65
20794.4 6112.36
20803.4 6113.02
20812.3 6113.73
20821.3 6114.47
20830.3 6115.26
20839.2 6116.08
20848.2 6116.94
20857.1 6117.84
20866.1 6118.78
20875 6119.76
20884 6120.7
20893 6121.6
20901.9 6122.46
20910.9 6123.29
20919.8 6124.07
20928.8 6124.82
20937.8 6125.52
20946.8 6126.27
20955.7 6127.05
20973.6 6128.66
20973.6 6128.66
20982.6 6129.4
20991.6 6130.11
21000.6 6130.77
21009.5 6131.4
21018.5 6131.99
21027.5 6132.54
21036.5 6133.05
21045.5 6133.52
21054.5 6133.95
21072.5 6134.69
21072.5 6134.69
21090.4 6135.28
21099.4 6135.51
21099.4 6135.51
21108.4 6135.71
21117.4 6135.87
21117.4 6135.87
21117.4 6135.87
21117.4 6135.87
21120.4 6135.92
21120.4 6135.92
21125.7 6135.92
21133.9 6135.77
21154.9 6135.4
21154.9 6135.4
21175.9 6135.04
21175.9 6135.04
21190 6121.71
21200.5 6121.52
21211 6121.33
21221.5 6121.14
21232 6120.96
21242.5 6120.77
21253 6120.58
21263.5 6120.39
21274 6120.2
21284.5 6120.02
21305.5 6119.64
21305.5 6119.64
21316 6119.45
21326.4 6119.27
21347.4 6118.89
21347.4 6118.89
21357.9 6118.7
21366.9 6118.54
21375.9 6118.38
21384.9 6118.22
21393.9 6118.06
21401.4 6117.92
21408.9 6117.73
21417.9 6117.41
21426.9 6117.09
21434.4 6116.82
21441.9 6116.49
21450.9 6116.02
21459.9 6115.47
21468.9 6114.83
21477.8 6114.2
21485.3 6113.68
21492.8 6113.08
21501.8 6112.3
21510.7 6111.43
21518.2 6110.64
21525.6 6109.79
21534.6 6108.69
21543.5 6107.51
21552.4 6106.26
21561.3 6104.92
21568.7 6103.74
21576.1 6102.5
21590.9 6099.83
21590.9 6099.83
21598.2 6098.39
21612.9 6095.33
21612.9 6095.33
21620.2 6093.71
21627.5 6092.02
21634.8 6090.26
21642.1 6088.45
21649.4 6086.56
21663.8 6082.61
21663.8 6082.61
21671 6080.48
21678.2 6078.22
21685.3 6075.9
21692.4 6073.52
21699.5 6071.01
21706.5 6068.38
21701.3 6067.72
