19685.8 5297.59
19685.8 5297.59
19685.8 5297.59
19685.8 5297.59
19685.8 5297.59
19685.8 5297.59
19685.8 5297.59
19685.8 5297.59
19685.8 5297.59
19685.8 5297.59
19685.8 5297.59
19685.8 5297.59
19685.8 5297.59
19685.8 5297.59
19685.8 5297.59
19685.8 5297.59
19685.8 5297.59
19685.8 5297.59
19685.8 5297.59
19685.8 5297.59
19685.8 5297.59
19685.8 5297.59
19685.8 5297.59
19685.8 5297.59
19685.8 5297.59
19685.8 5297.59
19685.8 5297.59
19685.8 5297.59
19685.8 5297.59
19685.8 5297.59
19680.2 5332.76
19680.2 5332.76
19680.2 5332.76
19680.2 5332.76
19680.2 5332.76
19680.2 5332.76
19680.2 5332.76
19680.2 5332.76
19680.2 5332.76
19680.2 5332.76
19683.2 5332.43
19689.2 5332
19698.1 5331.65
19710.1 5331.61
19725.1 5332.08
19743.1 5333.28
19764 5335.4
19787.8 5338.67
19814.4 5343.26
19843.7 5349.66
19875.6 5358.09
19912.5 5351.47
19949.2 5364.63
19988.1 5380.53
20029 5399.35
20071.6 5421.32
20115.1 5446.12
20157.6 5472.41
20157.6 5472.41
20239.1 5528.94
20239.1 5528.94
20316.5 5591.04
20353.9 5624.33
20390 5658.89
20423.3 5693.08
20423.3 5693.08
20488.1 5766.29
20519.7 5805
20579.3 5838.5
20609.2 5878.61
20638 5919.48
20665.7 5961.1
20692.3 6003.42
20692.3 6003.42
20742.2 6090.09
20765.4 6134.37
20787.4 6179.25
20808.3 6224.69
20808.3 6224.69
20846.4 6317.13
20862.9 6361.95
20878.2 6407.19
20920.9 6463.59
20934.5 6511.69
20946.7 6559.4
20957.3 6605.96
20957.3 6605.96
20976.3 6700.7
20984.9 6749.96
20984.9 6749.96
20998 6848.33
20998 6848.33
21002.8 6895.84
21006.6 6940.43
21010.1 6982.03
21013.4 7020.64
21016.4 7056.26
21022.4 7117.53
21022.4 7117.53
21027.1 7167.81
21029 7188.47
21029 7188.47
21030.7 7206.14
21032.1 7220.83
21033.2 7232.53
21034.5 7246.96
21034.8 7249.7
21034.8 7249.7
21034.8 7249.7
21034.8 7249.7
21034.8 7249.7
21034.8 7249.7
21034.8 7249.7
21034.8 7249.7
21034.6 7252.7
21034.6 7252.7
21033.1 7267.62
21031.4 7279.5
21028.9 7294.28
21028.9 7294.28
21035.8 7336.47
21030.7 7359.91
21024.5 7386.21
21017.3 7415.33
21009.4 7445.81
21001 7476.19
20992.7 7505.01
20984 7533.72
20984 7533.72
20965.9 7589.36
20956.6 7616.29
20946.9 7643.09
20937.4 7668.36
20937.4 7668.36
20917.4 7718.52
20906.9 7743.4
20896.1 7768.14
20896.1 7768.14
20875.1 7813.78
20864.8 7835.46
20859.2 7834.9
20848.5 7856.37
20838.3 7876.45
20838.3 7876.45
20817.8 7916.48
20807.4 7936.43
20796.9 7956.33
20787 7974.86
20777 7993.35
20767 8011.8
20756.9 8030.2
20747.4 8047.25
20747.4 8047.25
20728.3 8081.21
20718.6 8098.13
20708.8 8115.01
20699.7 8130.55
20690.6 8146.05
20690.6 8146.05
20672.1 8176.93
20663.5 8191.03
20654.8 8205.09
20646.2 8219.11
20637.4 8233.1
20628.6 8247.05
20620.5 8259.69
20608.6 8269.97
20600.5 8282.61
20592.3 8295.22
20584.2 8307.79
20575.9 8320.32
20568.5 8331.57
20560.9 8342.79
20553.4 8353.97
20545.8 8365.12
20538.1 8376.23
20530.4 8387.32
20522.6 8398.37
20515.7 8408.16
20508.7 8417.92
20501.7 8427.65
20507.3 8428.24
20500.2 8437.89
20493 8447.51
20485.8 8457.09
20478.5 8466.65
20472.1 8474.98
20465.7 8483.28
20459.2 8491.56
20452.7 8499.81
20446.2 8508.03
20439.6 8516.22
20433 8524.38
20426.4 8532.51
20419.7 8540.62
20413 8548.69
20406.3 8556.74
20399.5 8564.75
20392.7 8572.74
20385.8 8580.69
20378.9 8588.62
20372 8596.52
20365.1 8604.38
20358.1 8612.22
20351 8620.02
20344 8627.8
20336.9 8635.54
20329.8 8643.26
20322.6 8650.94
20315.5 8658.65
20308.4 8666.39
20301.3 8674.17
20294.3 8681.97
20287.3 8689.81
20280.3 8697.61
20273.2 8705.39
20266.1 8713.13
20259 8720.84
20251.9 8728.53
20244.7 8736.24
20237.6 8743.98
20230.6 8751.76
20223.6 8759.56
20216.6 8767.4
20209.6 8775.2
20200.3 8772.14
20193.2 8779.9
20186.1 8787.62
20179 8795.3
20171.8 8803.02
20164.8 8810.78
20157.7 8818.56
20150.7 8826.37
20143.7 8834.21
20136.8 8842.09
20129.9 8849.99
20123 8857.92
20116.1 8865.89
20109.3 8873.88
20104.5 8879.61
20101.6 8883.05
