25265.1 2067.91
25251.8 2167.57
25269.7 2208.11
25309.5 2209.27
25349.6 2210.44
25390.1 2211.63
25431 2212.83
25472.3 2214.04
25514 2215.26
25556.2 2216.49
25598.8 2217.74
25641.9 2219
25685.4 2220.27
25729.4 2221.69
25759.7 2243.1
25764.2 2300.46
25763.6 2363.58
25762.8 2425.47
25750.3 2501.21
25760.1 2546.23
25750.6 2615
25747.6 2673.85
25745.6 2730.23
25744.6 2784.23
25740.3 2840.93
25145.1 3583.46
25139.9 3626.77
25138.2 3665.11
25150.9 3686.88
25146.5 3726.97
25144.7 3763.41
25140.6 3801.65
25138.5 3837.06
25134.6 3873.55
25131 3909.03
25128.5 3942.85
25125.2 3976.73
25142.8 3990.29
25141 4022
25140.1 4052.28
25139.2 4082.05
25138.4 4111.33
25141.7 4136.56
25153.6 4154.13
25145.3 4188.52
25140.4 4219.49
25136.7 4249.03
25150.6 4264.14
25148.7 4291.5
25148.1 4317.53
25184.3 4315.62
25206.3 4324.9
25243.7 4323.23
25288.3 4317.21
25313.8 4325.25
25353.5 4323.98
25401.9 4317.59
25422.7 4330.25
25473.8 4323.64
25516.6 4323.17
25531.8 4340.56
25592.1 4330.64
25632.1 4334.01
25651.6 4349.95
25711.8 4342.77
25711 4370.95
25710.2 4398.84
25709.4 4426.44
25708.6 4453.77
25707.8 4480.82
25707 4507.62
25706.2 4534.16
25705.5 4560.46
25704.7 4586.52
25703.9 4612.35
25703.2 4637.96
25702.5 4663.35
25701.7 4688.53
25701 4713.5
25700.3 4738.28
25699.5 4762.87
25698.8 4787.27
25698.1 4811.49
25697.4 4835.54
25696.7 4859.41
25696 4883.13
25695.3 4906.69
25694.6 4930.09
25694 4953.34
25693.3 4976.46
25692.6 4999.43
25691.9 5022.27
25691.3 5044.99
25690.6 5067.57
25690 5090.04
25689.3 5112.39
25688.7 5134.63
25688 5156.77
25687.4 5178.8
25686.7 5200.73
25686.1 5222.57
25685.5 5244.31
25684.8 5265.97
25684.2 5287.55
25683.6 5309.05
25682.9 5330.47
25682.3 5351.82
25681.7 5373.1
25681.1 5394.31
25680.4 5415.46
25679.8 5436.56
25679.2 5457.6
25678.6 5478.59
25678 5499.53
25677.4 5520.43
25676.8 5541.29
25716.2 5559.48
25715.6 5580.62
25715 5601.72
25714.4 5622.8
25713.8 5643.85
25713.2 5664.88
25712.5 5685.89
25711.9 5706.89
25711.3 5727.87
25710.7 5748.84
25710.1 5769.81
25709.5 5790.78
25708.9 5811.74
25708.2 5832.71
25707.6 5853.69
25707 5874.68
25706.4 5895.68
25705.8 5916.69
25705.2 5937.73
25704.6 5958.79
25703.9 5979.88
25703.3 6000.99
24426.8 5859.32
24346.8 5858.33
24286.8 5858.83
24186.9 5852.15
24146.9 5853.46
24086.9 5850.64
24046.9 5850.39
23987 5845.64
23967 5847.78
23927 5845.42
23907 5846.69
23867.1 5843.11
23847 5843.51
23827 5843.56
23807 5843.26
23806.9 5847.86
23806.8 5852.47
23806.6 5857.11
23806.5 5861.76
23806.3 5866.44
23806.2 5871.13
23806.1 5875.85
23805.9 5880.6
23805.8 5885.37
23805.6 5890.16
23805.5 5894.98
23805.4 5899.83
23805.2 5904.71
23805.1 5909.61
23804.9 5914.55
23804.8 5919.52
23804.6 5924.52
23804.5 5929.56
23804.3 5934.63
23804.2 5939.74
23804 5944.88
23803.9 5950.07
23803.7 5955.29
23803.6 5960.55
23803.4 5965.86
23803.3 5971.21
23803.1 5976.6
23803 5982.05
23802.8 5987.54
23802.6 5993.07
23802.5 5998.66
23802.3 6004.31
23802.1 6010
23802 6015.75
23801.8 6021.56
23801.6 6027.43
23801.5 6033.36
23801.3 6039.35
23801.1 6045.41
23800.9 6051.54
23800.7 6057.73
23800.6 6063.99
23800.4 6070.33
23800.2 6076.74
23800 6083.23
23799.8 6089.81
23799.6 6096.46
23799.4 6103.2
23799.2 6110.03
23799 6116.95
23798.8 6123.96
23798.6 6131.07
23798.4 6138.28
23798.2 6145.59
23798 6153.01
23797.7 6160.54
23797.5 6168.18
23797.3 6175.95
23797.1 6183.83
23796.8 6191.84
23796.6 6199.98
23796.3 6208.25
23796.1 6216.66
23795.8 6225.22
23793 6231.21
23784.4 6230.95
23776 6230.71
23785.9 6251.01
23777.4 6250.76
23892.5 6394.18
23899.3 6414.39
23905.7 6434.59
23894.9 6434.27
23900.7 6454.45
23906.1 6474.62
23895.2 6474.3
23900 6494.45
23889.1 6494.13
23893.3 6514.26
23897.1 6534.38
23900.5 6554.49
23889.4 6554.16
23892.3 6574.26
23894.8 6594.34
23883.6 6594.01
23872.5 6593.69
23861.6 6593.37
23850.7 6593.05
23840 6592.74
23829.5 6592.43
23819 6592.12
23808.6 6591.82
23798.4 6591.52
23788.3 6591.22
23778.2 6590.93
23768.3 6590.64
23758.5 6590.35
23748.7 6590.06
23739.1 6589.78
23729.5 6589.5
23720 6589.22
23710.6 6588.95
23701.3 6588.68
23692.1 6588.41
23682.9 6588.14
23673.9 6587.87
23664.8 6587.61
23655.9 6587.35
23647 6587.09
23638.2 6586.83
23629.5 6586.57
23620.8 6586.32
23577.1 6485
23569.5 6484.78
23562 6484.56
23554.5 6484.34
23547.1 6484.12
23539.7 6483.9
23532.3 6483.69
23525 6483.47
23517.8 6483.26
23510.6 6483.05
23503.4 6482.84
23496.2 6482.63
23489.1 6482.42
23482 6482.22
23475 6482.01
23467.9 6481.8
23460.9 6481.6
23454 6481.39
23447 6481.19
23440.1 6480.99
23433.2 6480.79
23426.3 6480.59
23419.5 6480.39
23412.7 6480.19
23405.9 6479.99
23399.1 6479.79
23392.3 6479.59
23385.5 6479.39
23378.8 6479.19
23372.1 6479
23365.4 6478.8
23358.7 6478.61
23352 6478.41
23345.3 6478.21
23338.6 6478.02
23332 6477.82
23325.3 6477.63
23318.7 6477.43
23312 6477.24
23305.4 6477.05
23298.7 6476.85
23292.1 6476.66
23285.4 6476.46
23278.8 6476.27
23272.2 6476.07
23265.5 6475.88
23258.9 6475.69
23252.2 6475.49
23245.6 6475.3
23238.9 6475.1
23232.2 6474.91
23225.6 6474.71
23218.9 6474.51
23212.2 6474.32
23205.5 6474.12
23198.7 6473.92
23192 6473.73
23185.2 6473.53
23178.5 6473.33
23171.7 6473.13
23164.9 6472.93
23158.1 6472.73
23151.2 6472.53
23144.3 6472.33
23137.5 6472.13
23130.5 6471.93
23123.6 6471.73
23116.6 6471.52
23109.7 6471.32
23102.6 6471.11
23095.6 6470.91
23088.5 6470.7
23081.4 6470.49
23074.2 6470.28
23067.1 6470.07
23059.8 6469.86
23052.6 6469.65
23045.3 6469.43
23037.9 6469.22
23030.6 6469
23023.1 6468.79
23015.7 6468.57
23008.1 6468.35
23000.6 6468.13
22993 6467.9
22985.3 6467.68
22977.6 6467.45
22969.8 6467.23
22962 6467
22954.1 6466.77
22946.1 6466.53
22938.1 6466.3
22930 6466.06
22921.9 6465.82
22913.6 6465.58
22905.4 6465.34
22897 6465.09
22888.6 6464.85
22880 6464.6
22813.7 6562.7
22803.9 6562.41
22793.9 6562.12
22783.9 6561.83
22773.8 6561.53
22763.6 6561.23
22753.2 6560.93
22742.8 6560.62
22732.2 6560.32
22721.5 6560
22710.7 6559.69
22699.8 6559.37
22688.7 6559.04
22677.5 6558.72
22666.2 6558.38
22654.7 6558.05
22643.1 6557.71
22631.3 6557.36
22619.4 6557.01
22607.3 6556.66
22595 6556.3
22582.6 6555.94
22569.9 6555.57
22557.1 6555.19
22544.1 6554.81
22530.9 6554.42
22517.5 6554.03
22503.9 6553.63
22490.1 6553.23
22476 6552.82
22461.7 6552.4
22447.2 6551.97
22432.4 6551.54
22426 6543.1
22426.4 6528.35
22426.8 6513.84
22427.2 6499.58
22427.6 6485.55
22428 6471.74
22428.4 6458.15
22428.8 6444.77
22429.2 6431.59
22429.6 6418.61
22430 6405.82
22430.3 6393.22
22430.7 6380.79
22431.1 6368.54
22431.4 6356.45
22431.8 6344.53
22432.1 6332.76
22432.5 6321.15
22432.8 6309.68
22433.1 6298.36
22433.4 6287.17
22433.8 6276.12
22434.1 6265.2
22434.4 6254.41
22434.7 6243.74
22435 6233.19
22435.3 6222.75
22435.6 6212.43
22435.9 6202.22
22436.2 6192.11
22436.5 6182.1
22436.8 6172.19
22437.1 6162.38
22437.4 6152.66
22437.7 6143.04
22437.9 6133.5
22438.2 6124.04
22438.5 6114.67
22438.8 6105.38
22439 6096.17
22439.3 6087.03
22439.6 6077.96
22439.8 6068.97
22440.1 6060.05
22440.4 6051.19
22440.6 6042.39
22440.9 6033.66
22441.1 6024.99
22441.4 6016.38
22441.6 6007.82
22441.9 5999.32
22442.1 5990.87
22442.4 5982.48
22442.6 5974.13
22442.9 5965.83
22443.1 5957.58
22443.3 5949.37
22443.6 5941.2
22443.8 5933.08
22444 5924.99
22444.3 5916.95
22444.5 5908.94
22444.8 5900.96
22445 5893.02
22445.2 5885.12
22445.4 5877.24
22445.7 5869.39
22445.9 5861.57
22446.1 5853.78
22446.4 5846.01
22446.6 5838.27
22446.8 5830.55
22447 5822.85
22447.3 5815.18
22447.5 5807.52
22447.7 5799.88
22447.9 5792.26
22448.2 5784.65
22448.4 5777.06
22448.6 5769.48
22448.8 5761.91
22449 5754.35
22449.3 5746.8
22449.5 5739.27
22449.7 5731.73
22449.9 5724.21
22450.1 5716.69
22450.4 5709.17
22450.6 5701.66
22450.8 5694.14
22451 5686.63
22451.2 5679.12
22451.5 5671.6
22451.7 5664.09
22451.9 5656.56
22452.1 5649.04
22452.3 5641.5
22452.6 5633.96
22452.8 5626.41
22453 5618.85
22453.2 5611.28
22453.4 5603.69
22453.7 5596.1
22453.9 5588.48
22454.1 5580.85
22454.3 5573.21
22454.6 5565.54
22454.8 5557.86
22455 5550.16
22455.2 5542.43
22455.5 5534.68
22455.7 5526.9
22455.9 5519.1
22456.2 5511.27
22456.4 5503.41
22456.6 5495.53
22456.8 5487.61
22457.1 5479.65
22457.3 5471.67
22457.5 5463.64
22457.8 5455.58
22458 5447.49
22458.3 5439.35
22458.5 5431.17
22458.7 5422.94
22459 5414.67
22459.2 5406.36
22459.5 5397.99
22459.7 5389.58
22460 5381.11
22460.2 5372.59
22460.5 5364.02
22460.7 5355.38
22461 5346.69
22461.2 5337.94
22461.5 5329.12
22461.7 5320.24
22462 5311.29
22462.3 5302.27
22462.5 5293.18
22462.8 5284.02
22463.1 5274.78
22463.3 5265.46
22463.6 5256.06
22463.9 5246.58
22464.2 5237.01
22464.5 5227.35
22464.7 5217.6
22465 5207.75
22465.3 5197.81
22465.6 5187.77
22465.9 5177.62
22466.2 5167.37
22466.5 5157
22466.8 5146.53
22467.1 5135.94
22467.5 5125.22
22467.8 5114.39
22468.1 5103.42
22468.4 5092.32
22468.7 5081.09
22469.1 5069.72
22469.4 5058.2
22469.8 5046.53
22470.1 5034.71
22470.5 5022.73
22470.8 5010.59
22471.2 4998.27
22471.5 4985.78
22471.9 4973.11
22472.3 4960.26
22472.7 4947.21
22473 4933.96
22473.4 4920.51
22473.8 4906.84
22474.2 4892.96
22474.7 4878.84
22475.1 4864.5
22475.5 4849.9
22475.9 4835.06
22488 4832.43
22483.9 4812.3
22480.2 4792.19
22495.1 4792.62
22491.9 4772.52
22489.2 4752.43
22486.8 4732.35
22484.8 4712.29
22483.2 4692.23
22482 4672.19
22481.2 4652.16
22496.4 4652.6
22496 4632.58
22495.9 4612.57
22496.3 4592.57
22496.9 4572.58
22498 4552.6
22499.3 4532.63
22487.3 4492.27
22489.6 4472.32
22492.2 4452.39
22495.2 4432.47
22498.4 4412.56
22502 4392.65
22493.7 4352.39
22498.1 4332.52
22502.9 4312.65
22496.5 4272.44
22502.1 4252.6
22497 4212.43
22487.1 4161.83
22482.9 4120.23
22491.4 4102.25
22488 4059.81
22495.1 4037.61
22493.4 3995.93
22491.6 3952.43
22490.1 3907.94
22489.3 3863.3
22498 3838.77
22496.8 3790.02
22497.5 3743.84
22496.6 3691.52
22498.4 3643.75
22500.8 3595.67
22508 3558.06
22526 3548.46
22553.8 3566.78
22570.7 3554.82
22594.3 3562.47
22612.1 3553.03
22634.4 3557.71
22656.2 3561.55
22674.2 3552.76
22694.8 3553.36
22716.2 3556.85
22740.6 3572.5
22759.1 3566.45
22779.2 3566.95
22801 3575
22817.4 3560.69
22838 3564.21
22857.2 3561.81
22879.7 3576.28
22895.9 3559.24
22904.5 3499.6
22906.6 3396.96
22909.2 3286.33
22915.4 3186.84
22916.3 3039.33
22934.8 3000.14
22926.6 2750.26
22930.4 2563.25
22937.8 2379.22
22943.5 2148.26
22952.9 1913.25
22968.3 1700.57
22876.4 34.504
22925.2 18.5875
22975.3 20.0529
23025.3 21.5165
23075.2 22.9776
23125.1 24.437
23174.9 25.8948
23224.7 27.352
23274.4 28.8071
23324.1 30.262
23373.8 31.7156
23423.5 33.1687
23473.1 34.6224
23522.8 36.0754
23606.6 -701.79
23662.7 -700.147
23718.9 -698.503
23775.1 -696.858
23831.3 -695.213
23887.6 -693.565
23944 -691.916
24000.4 -690.265
24056.9 -688.611
24093.5 -527.471
24079.2 -7.66769
24121.4 53.5932
24171.7 55.067
24222.2 56.5434
24272.8 58.0231
24323.5 59.5066
24374.3 60.9943
24425.2 62.4855
24476.4 63.9814
24609 -312.301
24663.9 -310.694
24718.9 -309.083
24774.2 -307.465
24829.7 -305.842
24978.8 -661.631
25038 -659.898
25097.5 -658.158
25157.2 -656.409
25217.2 -654.654
25277.5 -652.89
25338.1 -651.117
25399 -649.336
25460.2 -647.544
25521.7 -645.744
25583.6 -643.934
25645.8 -642.114
25708.3 -640.282
25771.3 -638.44
25842 -655.144
25840.8 -493.345
25839.2 -337.583
25834.8 -181.406
25832.8 -37.3143
25824.5 115.232
25821.6 250.152
25262.4 1563.6
25264.8 1651.16
25271 1727.94
25274.2 1808.07
25255.8 1927.58
25266.2 1987.91
25265.1 2067.91
