34.9847 15.5029
35.0114 15.5719
34.9847 15.5029
33.0018 15.5952
33.0018 15.5952
32.8354 15.6029
32.8354 15.6029
32.7828 15.6054
32.7828 15.6054
27.4245 17.042
27.3725 16.4833
27.4245 17.042
27.887 16.1402
27.3725 16.4833
27.7809 13.4354
27.887 16.1402
33.0237 13.2218
27.7809 13.4354
33.0326 12.7418
33.0237 13.2218
33.0229 12.6627
33.0326 12.7418
34.3114 12.5533
33.0229 12.6627
34.3114 12.5533
34.3829 12.6007
34.4657 12.5977
34.3829 12.6007
34.5037 12.537
34.4657 12.5977
34.6787 12.5221
34.5037 12.537
34.6835 12.477
34.6787 12.5221
35.2692 12.0907
34.6835 12.477
35.2614 12.0697
35.2692 12.0907
35.1116 9.50513
35.2614 12.0697
35.1459 9.37362
35.1116 9.50513
35.181 9.36958
35.1459 9.37362
35.2151 9.36338
35.181 9.36958
40.1222 9.03929
35.2151 9.36338
40.1222 9.03929
40.1703 9.07868
40.1703 9.07868
40.3229 10.0419
40.3229 10.0419
40.3945 10.0641
41.1748 10.0214
40.3945 10.0641
41.1748 10.0214
35.2975 15.6921
35.2975 15.6921
35.0114 15.5719
