32.385 18.0239
32.5214 19.8309
33.3028 17.8368
32.385 18.0239
33.3657 17.8319
33.3028 17.8368
33.2068 16.5034
33.3657 17.8319
33.1918 16.4255
33.2068 16.5034
33.3867 16.3862
33.1918 16.4255
33.4752 16.3684
33.3867 16.3862
33.6071 16.3826
33.4752 16.3684
34.8786 16.1529
33.6071 16.3826
35.002 16.1755
34.8786 16.1529
35.3978 16.12
35.002 16.1755
35.3978 16.12
35.4936 16.4015
35.7513 16.3518
35.4936 16.4015
36.5158 15.716
35.7513 16.3518
36.5215 15.715
36.5158 15.716
36.7058 15.7562
36.5215 15.715
36.913 15.717
36.7058 15.7562
36.913 15.717
36.743 16.1324
36.8025 16.1211
36.743 16.1324
37.4906 15.4257
36.8025 16.1211
38.06 15.4102
37.4906 15.4257
38.06 15.4102
38.0564 15.4366
38.0965 15.4293
38.0564 15.4366
38.0965 15.4293
38.1626 15.8915
38.8154 15.7492
38.1626 15.8915
39.0698 15.5089
38.8154 15.7492
39.1375 15.5099
39.0698 15.5089
39.2249 15.4489
39.1375 15.5099
39.3187 15.4245
39.2249 15.4489
39.3187 15.4245
39.4103 15.6194
39.6997 15.5563
39.4103 15.6194
40.6808 14.9606
39.6997 15.5563
40.7359 14.9506
40.6808 14.9606
41.0669 14.9264
40.7359 14.9506
41.0752 14.8091
41.0669 14.9264
41.0852 14.715
41.0752 14.8091
41.9794 14.172
41.0852 14.715
41.9794 14.172
42.3472 14.2998
42.3472 14.2998
41.8821 14.737
42.4127 14.7926
41.8821 14.737
42.4127 14.7926
42.2125 14.971
42.4 15.0184
42.2125 14.971
42.8342 15.1283
42.4 15.0184
43.6624 15.3377
42.8342 15.1283
43.6624 15.3377
43.812 15.624
45.1982 15.2737
43.812 15.624
45.2307 15.2585
45.1982 15.2737
45.6227 15.1535
45.2307 15.2585
45.6227 15.1535
45.5662 15.32
46.8005 15.0381
45.5662 15.32
47.553 15.1078
46.8005 15.0381
47.8082 15.0912
47.553 15.1078
50.888 14.1046
47.8082 15.0912
55.8135 12.9796
50.888 14.1046
55.823 12.936
55.8135 12.9796
56.8929 12.7013
55.823 12.936
56.9375 12.682
56.8929 12.7013
57.0236 12.6647
56.9375 12.682
57.0648 12.6463
57.0236 12.6647
57.0926 12.6252
57.0648 12.6463
57.087 12.5695
57.0926 12.6252
56.9374 12.3464
57.087 12.5695
57.0517 12.3204
56.9374 12.3464
56.9951 12.2032
57.0517 12.3204
56.9717 12.1039
56.9951 12.2032
56.8713 12.004
56.9717 12.1039
56.7889 11.5696
56.8713 12.004
56.8665 11.4951
56.7889 11.5696
56.6128 10.5812
56.8665 11.4951
56.3469 10.4722
56.6128 10.5812
56.2926 10.1926
56.3469 10.4722
56.2926 10.1926
56.062 10.2314
56.0816 10.1603
56.062 10.2314
56.0781 10.0846
56.0816 10.1603
56.0603 10.0124
56.0781 10.0846
56.0476 9.94431
56.0603 10.0124
56.0476 9.94431
55.7235 9.97951
55.1878 8.93013
55.7235 9.97951
55.3565 8.89852
55.1878 8.93013
55.1732 8.07115
55.3565 8.89852
55.3021 8.01164
55.1732 8.07115
54.9861 6.65405
55.3021 8.01164
55.006 6.62411
54.9861 6.65405
54.9792 6.60824
55.006 6.62411
54.9792 6.60824
54.8494 6.60935
54.7412 6.12099
54.8494 6.60935
54.7412 6.12099
54.6984 6.13378
54.6781 6.03611
54.6984 6.13378
54.6499 5.98438
54.6781 6.03611
54.6323 5.92992
54.6499 5.98438
54.6323 5.92992
54.4496 5.98566
54.4326 5.90434
54.4496 5.98566
54.4326 5.90434
54.2429 5.92646
54.2429 5.92646
54.0518 5.96177
54.0518 5.96177
53.8834 5.98776
53.8834 5.98776
53.6962 6.04413
53.6962 6.04413
52.9699 6.43715
52.9699 6.43715
51.7052 6.82305
52.1086 6.61417
51.7052 6.82305
52.1086 6.61417
51.4842 6.73504
51.4947 6.69102
51.4842 6.73504
51.4947 6.69102
50.7447 6.82538
50.877 6.65968
50.7447 6.82538
50.877 6.65968
50.7077 6.69336
50.7077 6.69336
50.5195 6.86572
50.5195 6.86572
50.2217 6.91906
50.3247 6.76954
50.2217 6.91906
50.3247 6.76954
50.2105 6.79226
50.2105 6.79226
50.0405 6.95154
50.0405 6.95154
49.8087 6.99304
49.8087 6.99304
49.7699 7.00227
49.8589 6.8622
49.7699 7.00227
49.8589 6.8622
49.5801 6.91765
49.5801 6.91765
49.458 7.0764
49.458 7.0764
49.2955 7.11502
49.2955 7.11502
49.2673 7.12044
49.3376 6.9659
49.2673 7.12044
49.3376 6.9659
49.0933 7.0145
49.0933 7.0145
47.4576 7.46862
47.4576 7.46862
47.1338 7.53093
47.125 7.51248
47.1338 7.53093
47.125 7.51248
46.6912 7.59942
46.6912 7.59942
46.631 7.62766
46.631 7.62766
46.2787 7.69544
46.2675 7.68434
46.2787 7.69544
46.2675 7.68434
46.1357 7.71074
46.1357 7.71074
46.1088 7.72813
46.1088 7.72813
45.8503 7.77786
45.8547 7.76708
45.8503 7.77786
45.8547 7.76708
45.6449 7.80912
45.6449 7.80912
45.627 7.82081
45.627 7.82081
45.4573 7.85347
45.4661 7.84495
45.4573 7.85347
45.4661 7.84495
45.1059 7.91715
45.1059 7.91715
45.0998 7.92225
45.0998 7.92225
45.0048 7.94053
45.0051 7.93736
45.0048 7.94053
45.0051 7.93736
44.8442 7.9696
44.8442 7.9696
44.8423 7.97179
44.8423 7.97179
43.8847 8.15602
43.8422 8.11484
43.8847 8.15602
43.8422 8.11484
43.5193 8.22633
43.5193 8.22633
41.2204 8.66864
41.2204 8.66864
41.2453 8.76392
41.2453 8.76392
41.2726 9.00211
41.2726 9.00211
40.631 9.22363
40.2802 9.10338
40.631 9.22363
40.2375 8.85107
40.2802 9.10338
40.2375 8.85107
40.1733 8.84821
40.1733 8.84821
40.1338 8.84012
40.1418 8.74842
40.1338 8.84012
40.1418 8.74842
40.0767 8.74416
40.0781 8.73064
40.0767 8.74416
40.0781 8.73064
39.9104 8.71978
39.9104 8.71978
39.6237 8.71757
39.6237 8.71757
39.4861 8.83119
39.3668 8.79029
39.4861 8.83119
39.3829 8.7157
39.3668 8.79029
39.3829 8.7157
39.1058 8.71356
39.1058 8.71356
38.8985 8.90745
38.8985 8.90745
38.8778 8.92037
38.8778 8.92037
38.8594 8.91987
38.8692 8.66514
38.8594 8.91987
38.8692 8.66514
38.8385 8.66313
38.8021 8.64968
38.8385 8.66313
38.8021 8.64968
38.7462 8.64508
38.7462 8.64508
38.006 9.17905
38.006 9.17905
35.2151 9.36338
35.2151 9.36338
35.181 9.36958
35.181 9.36958
35.1459 9.37362
35.1459 9.37362
35.1116 9.50513
35.1116 9.50513
35.1296 9.81272
35.1296 9.81272
34.9975 9.83601
34.9975 9.83601
34.982 9.90821
34.982 9.90821
35.0422 10.3341
35.0422 10.3341
35.0336 10.4167
35.0336 10.4167
35.1718 11.2236
35.1718 11.2236
33.1974 12.6479
33.1974 12.6479
33.0229 12.6627
33.0229 12.6627
33.0326 12.7418
33.0326 12.7418
33.0237 13.2218
33.0237 13.2218
30.677 13.3175
30.8783 11.8002
30.677 13.3175
30.8246 11.5638
30.8783 11.8002
30.8246 11.5638
30.3596 13.0254
29.8622 11.707
30.3596 13.0254
29.8622 11.707
29.7855 11.7228
29.7855 11.7228
30.3198 13.1506
30.3198 13.1506
30.2613 13.3344
30.2613 13.3344
29.8055 13.353
28.358 12.016
29.8055 13.353
28.358 12.016
28.0903 12.071
28.0903 12.071
28.1002 12.08
28.1002 12.08
28.012 12.0976
28.012 12.0976
29.4494 13.3675
29.4494 13.3675
27.884 13.4312
27.884 13.4312
27.6345 13.3151
27.6345 13.3151
27.6444 13.37
27.6444 13.37
27.7813 13.4467
27.7813 13.4467
27.8097 14.1701
27.8097 14.1701
27.7401 14.1837
27.7401 14.1837
27.742 14.1934
27.742 14.1934
27.6882 14.2035
27.6882 14.2035
27.6915 14.2211
27.6915 14.2211
27.695 14.2692
27.695 14.2692
27.701 14.317
27.701 14.317
27.8535 15.2864
27.8535 15.2864
27.887 16.1402
27.887 16.1402
27.3725 16.4833
27.3725 16.4833
27.4245 17.042
28.2645 16.8168
27.4245 17.042
28.2645 16.8168
28.361 17.353
28.361 17.353
28.3488 17.3952
28.3488 17.3952
28.3914 17.5824
28.3914 17.5824
27.9115 17.9508
27.9115 17.9508
28.0416 18.538
31.4976 20.0827
28.0416 18.538
32.5214 19.8309
31.4976 20.0827
49.3505 10.8983
49.8324 11.1496
49.3012 10.6587
49.3505 10.8983
51.9308 10.0284
49.3012 10.6587
51.9308 10.0284
52.1691 10.1655
52.1691 10.1655
52.2134 10.3771
52.2134 10.3771
51.8445 10.6812
51.8445 10.6812
50.0222 11.0956
50.0222 11.0956
49.8324 11.1496
