9.67217 11.704
9.22972 11.7165
9.67146 11.5847
9.67217 11.704
10.1911 11.5853
9.67146 11.5847
10.367 11.6026
10.1911 11.5853
10.5726 11.6786
10.367 11.6026
10.6702 11.6759
10.5726 11.6786
10.652 11.6156
10.6702 11.6759
10.6536 11.5838
10.652 11.6156
10.6678 11.5858
10.6536 11.5838
10.6694 11.5858
10.6678 11.5858
10.6577 11.503
10.6694 11.5858
10.6671 11.3175
10.6577 11.503
10.9206 11.325
10.6671 11.3175
11.0492 11.4391
10.9206 11.325
11.053 11.4389
11.0492 11.4391
11.053 11.4389
11.0223 11.5976
12.3623 11.5799
11.0223 11.5976
12.4123 11.5848
12.3623 11.5799
12.4122 11.4769
12.4123 11.5848
12.4362 11.4804
12.4122 11.4769
12.4304 10.2223
12.4362 11.4804
12.4694 10.2124
12.4304 10.2223
12.4659 9.71673
12.4694 10.2124
12.4659 9.71673
12.428 9.70735
12.4251 9.0724
12.428 9.70735
12.4609 8.98879
12.4251 9.0724
12.4585 8.64884
12.4609 8.98879
12.4585 8.64884
12.4231 8.63962
12.4081 5.38513
12.4231 8.63962
12.4075 4.44454
12.4081 5.38513
12.4075 4.44454
12.3248 4.44117
12.3248 4.44117
11.6333 4.45384
11.612 4.37241
11.6333 4.45384
11.609 4.31148
11.612 4.37241
11.609 4.31148
11.596 4.31148
11.586 4.27323
11.596 4.31148
11.586 4.27323
10.8283 4.27181
10.8283 4.27181
10.7731 4.27171
10.7787 4.26929
10.7731 4.27171
10.8675 4.23109
10.7787 4.26929
11.0913 4.23071
10.8675 4.23109
11.1001 4.21292
11.0913 4.23071
11.1684 4.21057
11.1001 4.21292
11.157 4.10648
11.1684 4.21057
11.389 4.00662
11.157 4.10648
11.6164 4.00383
11.389 4.00662
11.6191 3.9914
11.6164 4.00383
11.6348 3.9914
11.6191 3.9914
11.648 3.89512
11.6348 3.9914
11.6833 3.87994
11.648 3.89512
11.6809 3.71203
11.6833 3.87994
11.7238 3.51788
11.6809 3.71203
11.774 3.50051
11.7238 3.51788
14.4918 3.4909
11.774 3.50051
14.4918 3.4909
14.4958 3.49514
14.4995 2.71371
14.4958 3.49514
14.5318 2.68966
14.4995 2.71371
14.6009 2.67888
14.5318 2.68966
14.6009 2.67888
14.5839 3.36603
14.5978 3.3655
14.5839 3.36603
14.5978 3.3655
14.5973 3.47789
14.5973 3.47789
14.5921 3.52722
14.6369 3.52716
14.5921 3.52722
14.6369 3.52716
14.6348 3.53705
15.4228 3.53165
14.6348 3.53705
16.4451 3.54656
15.4228 3.53165
16.4501 3.52461
16.4451 3.54656
16.4832 3.52438
16.4501 3.52461
16.7177 3.52403
16.4832 3.52438
16.7177 3.52403
16.7187 3.5276
16.8254 3.52387
16.7187 3.5276
16.9401 3.5237
16.8254 3.52387
16.9401 3.5237
16.9527 3.55508
18.4222 3.551
16.9527 3.55508
18.4013 3.5215
18.4222 3.551
19.1435 3.52039
18.4013 3.5215
19.1435 3.52039
19.1575 3.52993
19.1954 3.52031
19.1575 3.52993
19.4406 3.51994
19.1954 3.52031
19.6161 3.52327
19.4406 3.51994
19.6161 3.52327
19.6144 3.88185
19.7136 3.88445
19.6144 3.88185
19.7136 3.88445
19.7156 3.98773
19.7663 3.94761
19.7156 3.98773
19.7663 3.94761
19.7791 4.19461
19.7791 4.19461
18.3933 8.00352
18.5914 8.00995
18.3933 8.00352
18.5914 8.00995
18.5558 8.11099
18.8184 8.12097
18.5558 8.11099
18.8184 8.12097
18.8497 8.17843
18.963 8.18211
18.8497 8.17843
18.963 8.18211
18.9671 8.2798
19.5044 8.28755
18.9671 8.2798
19.5044 8.28755
19.2401 11.244
19.7261 11.2511
19.2401 11.244
19.9296 10.0527
19.7261 11.2511
20.7483 10.0687
19.9296 10.0527
20.7483 10.0687
21.1083 11.271
21.3889 11.2751
21.1083 11.271
20.9974 4.78874
21.3889 11.2751
20.9974 4.78874
21.0136 4.79986
20.8236 4.40193
21.0136 4.79986
20.8415 4.02767
20.8236 4.40193
20.8415 4.02767
20.843 4.02831
20.843 3.99659
20.843 4.02831
20.8523 3.80381
20.843 3.99659
20.8523 3.80381
20.8655 3.80717
20.8645 3.54839
20.8655 3.80717
20.8747 3.33561
20.8645 3.54839
20.8747 3.33561
20.9018 3.49267
20.9238 3.49385
20.9018 3.49267
20.9238 3.49385
20.9225 3.51296
21.6795 3.52362
20.9225 3.51296
21.9642 3.52763
21.6795 3.52362
27.8818 3.61095
21.9642 3.52763
26.71 1.85743
27.8818 3.61095
26.71 1.85743
25.3904 1.82071
25.3922 1.73613
25.3904 1.82071
25.3976 1.36704
25.3922 1.73613
25.3976 1.36704
24.4479 1.79448
24.4479 1.79448
21.5466 1.71373
21.5583 1.68899
21.5466 1.71373
21.5583 1.68899
21.3542 1.68641
21.4478 1.52247
21.3542 1.68641
21.6483 1.52268
21.4478 1.52247
21.6813 1.52281
21.6483 1.52268
21.6902 1.52305
21.6813 1.52281
21.7138 1.52461
21.6902 1.52305
21.717 1.17462
21.7138 1.52461
21.7246 1.03763
21.717 1.17462
21.7252 1.03684
21.7246 1.03763
23.0279 1.05146
21.7252 1.03684
23.0817 1.04032
23.0279 1.05146
23.0818 1.00719
23.0817 1.04032
23.0924 1.00705
23.0818 1.00719
23.0962 0.966196
23.0924 1.00705
23.0935 0.858594
23.0962 0.966196
23.0829 0.778744
23.0935 0.858594
23.0895 -0.652077
23.0829 0.778744
23.0895 -0.652077
22.9209 -0.522071
22.9101 -0.522775
22.9209 -0.522071
22.8998 -0.600569
22.9101 -0.522775
22.2623 -0.597602
22.8998 -0.600569
22.2572 -0.601238
22.2623 -0.597602
22.2538 -0.616898
22.2572 -0.601238
22.2541 -0.941946
22.2538 -0.616898
22.4433 -1.09033
22.2541 -0.941946
22.4433 -1.09033
22.9433 -1.0921
22.9433 -1.0921
23.0633 -1.06719
23.0623 -2.14071
23.0633 -1.06719
23.0623 -2.14071
22.3968 -1.70162
22.3342 -1.70241
22.3968 -1.70162
21.7447 -1.91141
22.3342 -1.70241
21.7454 -1.99349
21.7447 -1.91141
21.7373 -2.04148
21.7454 -1.99349
21.734 -2.22151
21.7373 -2.04148
21.734 -2.22151
21.7166 -2.16342
21.6065 -2.8128
21.7166 -2.16342
21.508 -2.83417
21.6065 -2.8128
21.5028 -2.85602
21.508 -2.83417
21.407 -2.85612
21.5028 -2.85602
21.3137 -2.87636
21.407 -2.85612
21.3137 -2.87636
21.3131 -2.85622
21.1772 -2.85636
21.3131 -2.85622
21.1772 -2.85636
21.1855 -2.37609
21.1855 -2.37609
21.1854 -2.37375
21.1844 -2.37526
21.1854 -2.37375
21.1844 -2.37526
21.1847 -2.34268
21.1847 -2.34268
21.171 -1.77655
21.171 -1.77655
21.173 -1.71715
20.9494 -1.71998
21.173 -1.71715
20.8349 -1.72375
20.9494 -1.71998
20.3786 -3.07943
20.8349 -1.72375
20.0844 -3.14332
20.3786 -3.07943
20.0844 -3.14332
20.2082 -2.58799
20.2082 -2.58799
20.1954 -2.18425
20.106 -2.27032
20.1954 -2.18425
20.106 -2.27032
20.0934 -2.17241
20.0832 -2.17992
20.0934 -2.17241
20.0832 -2.17992
20.0888 1.27757
20.4873 0.811784
20.0888 1.27757
20.4873 0.811784
20.4892 0.859341
20.4892 0.859341
20.4945 1.11581
20.4945 1.11581
20.4852 1.47015
20.4852 1.47015
20.5021 1.48028
20.5021 1.48028
20.503 1.52164
20.5109 1.52148
20.503 1.52164
20.5111 1.52148
20.5109 1.52148
20.5111 1.52148
20.3514 1.67377
20.3514 1.67377
20.2987 1.6731
20.2987 1.6731
19.9111 1.66821
19.9111 1.66821
18.6492 1.6331
18.51 1.60863
18.6492 1.6331
18.51 1.60863
18.1178 1.6183
18.1178 1.6183
17.0303 1.58804
17.0056 1.55321
17.0303 1.58804
17.0321 1.5149
17.0056 1.55321
17.101 1.51591
17.0321 1.5149
17.1021 1.50926
17.101 1.51591
17.2826 1.50801
17.1021 1.50926
17.2832 1.48597
17.2826 1.50801
17.2794 1.36485
17.2832 1.48597
17.2966 1.35757
17.2794 1.36485
17.296 1.17322
17.2966 1.35757
17.296 1.17322
17.2738 1.18225
17.2733 1.16685
17.2738 1.18225
17.334 1.07926
17.2733 1.16685
18.1953 1.09182
17.334 1.07926
18.1869 1.05149
18.1953 1.09182
18.7731 1.04563
18.1869 1.05149
18.7573 1.0095
18.7731 1.04563
19.0589 0.995934
18.7573 1.0095
19.0591 0.960687
19.0589 0.995934
19.1269 0.958051
19.0591 0.960687
19.1239 0.875377
19.1269 0.958051
19.1036 0.296147
19.1239 0.875377
19.0616 0.271536
19.1036 0.296147
19.0701 -1.96147
19.0616 0.271536
19.0726 -2.10897
19.0701 -1.96147
19.0801 -2.15046
19.0726 -2.10897
19.3865 -2.93167
19.0801 -2.15046
19.3288 -2.93172
19.3865 -2.93167
19.3288 -2.93172
19.1782 -2.69403
19.2193 -2.92156
19.1782 -2.69403
18.7036 -2.92077
19.2193 -2.92156
18.7036 -2.92077
18.6222 -1.95038
18.6222 -1.95038
18.6093 -1.93193
18.6093 -1.93193
18.5865 -1.76027
18.5865 -1.76027
18.5238 -1.66137
18.2317 -1.65655
18.5238 -1.66137
18.2317 -1.65655
18.2673 -1.44473
18.2673 -1.44473
18.216 -1.37172
18.216 -1.37172
18.2416 -1.21603
18.2416 -1.21603
18.224 -1.18827
17.7955 -1.17976
18.224 -1.18827
17.7661 -1.24668
17.7955 -1.17976
17.7681 -1.31281
17.7661 -1.24668
17.7695 -1.76761
17.7681 -1.31281
17.9594 -1.98338
17.7695 -1.76761
17.9594 -1.98338
18.0794 -1.98159
18.0794 -1.98159
18.1783 -1.98121
18.1788 -2.0202
18.1783 -1.98121
18.1788 -2.0202
18.1807 -2.02023
18.1951 -2.10336
18.1807 -2.02023
18.191 -2.78181
18.1951 -2.10336
18.6376 -3.18849
18.191 -2.78181
18.6376 -3.18849
18.1907 -2.82567
18.1907 -2.83114
18.1907 -2.82567
18.1541 -2.8502
18.1907 -2.83114
18.1532 -2.87854
18.1541 -2.8502
18.0279 -2.96658
18.1532 -2.87854
17.6203 -2.95518
18.0279 -2.96658
17.6148 -2.95936
17.6203 -2.95518
17.6066 -3.09933
17.6148 -2.95936
17.6084 -3.18723
17.6066 -3.09933
17.5811 -3.18719
17.6084 -3.18723
17.5798 -3.21057
17.5811 -3.18719
17.5515 -3.2101
17.5798 -3.21057
17.5515 -3.21191
17.5515 -3.2101
17.5479 -3.21595
17.5515 -3.21191
16.3551 -3.21972
17.5479 -3.21595
16.3551 -3.21972
16.3501 -3.21325
16.2325 -3.21329
16.3501 -3.21325
16.2325 -3.21329
16.2299 -3.18813
16.1318 -3.1865
16.2299 -3.18813
16.1318 -3.1865
16.1318 -3.18491
16.1318 -3.18491
16.1335 -3.02124
16.1335 -3.02124
16.1214 -3.0158
16.1214 -3.0158
16.1342 -2.94791
16.1342 -2.94791
16.1343 -2.9348
16.0725 -2.93486
16.1343 -2.9348
16.0725 -2.93486
16.0744 -2.91412
15.743 -2.91771
16.0744 -2.91412
15.743 -2.91771
15.7468 -2.9051
15.7401 -2.90498
15.7468 -2.9051
15.6256 -2.90292
15.7401 -2.90498
15.6831 -3.22185
15.6256 -2.90292
15.5961 -3.22212
15.6831 -3.22185
15.5961 -3.22212
15.5318 -2.93538
14.9835 -2.9359
15.5318 -2.93538
14.9835 -2.9359
14.9858 -2.92592
14.4589 -2.93163
14.9858 -2.92592
14.459 -2.94251
14.4589 -2.93163
14.459 -2.94251
14.4583 -2.89057
14.4489 -2.89155
14.4583 -2.89057
14.4489 -2.89155
14.4527 -2.50915
14.4527 -2.50915
14.4503 -2.34675
14.4503 -2.34675
14.4492 -2.26858
14.4126 -2.26948
14.4492 -2.26858
14.4126 -2.26948
14.4555 -1.11031
14.4555 -1.11031
14.5278 -1.10266
14.5278 -1.10266
14.5396 -1.08341
14.4876 -1.08045
14.5396 -1.08341
14.4876 -1.08045
14.4879 -0.576525
14.4879 -0.576525
14.4718 -0.56273
14.4718 -0.56273
14.4755 -0.191537
14.4881 -0.20208
14.4755 -0.191537
14.4881 -0.20208
14.489 1.19355
14.489 1.19355
14.5015 1.22012
14.5015 1.22012
14.5016 1.25793
14.5016 1.25793
14.53 1.26305
14.53 1.26305
14.5914 1.35364
14.5914 1.35364
14.5896 1.45914
14.5896 1.45914
14.5949 1.47992
14.6207 1.48011
14.5949 1.47992
14.6207 1.48011
14.6089 1.52645
14.6881 1.5259
14.6089 1.52645
14.6881 1.5259
14.6894 1.55233
15.8274 1.51805
14.6894 1.55233
16.1199 1.51603
15.8274 1.51805
16.1199 1.51603
16.0908 1.59573
16.0908 1.59573
16.0355 1.59626
16.0355 1.59626
14.8735 1.57179
14.8735 1.57179
14.8576 1.63246
14.8576 1.63246
12.6193 1.62266
12.6193 1.62266
12.7933 1.70784
12.7933 1.70784
12.5678 1.70675
12.5499 1.64652
12.5678 1.70675
12.5335 1.03356
12.5499 1.64652
12.5335 1.03356
12.7404 1.05452
12.7404 1.05452
12.7408 1.05508
12.745 1.05498
12.7408 1.05508
12.745 1.05498
13.071 1.08802
13.071 1.08802
14.0063 1.22349
14.0885 1.19522
14.0063 1.22349
14.0918 0.514097
14.0885 1.19522
13.6343 0.475997
14.0918 0.514097
13.6284 -0.891029
13.6343 0.475997
14.0914 -1.27599
13.6284 -0.891029
14.0914 -1.60168
14.0914 -1.27599
14.0714 -1.62265
14.0914 -1.60168
13.6686 -1.61833
14.0714 -1.62265
13.6686 -1.61833
13.6253 -1.61164
13.6252 -1.62637
13.6253 -1.61164
13.6252 -1.62637
13.5499 -1.61706
13.2831 -1.6142
13.5499 -1.61706
13.2848 -1.6195
13.2831 -1.6142
12.8298 -1.60935
13.2848 -1.6195
12.5975 -1.60686
12.8298 -1.60935
12.5975 -1.60686
12.5963 -1.60414
12.4058 -1.59989
12.5963 -1.60414
12.3804 -1.77199
12.4058 -1.59989
12.3804 -1.77199
13.4863 -1.78674
13.4865 -1.78888
13.4863 -1.78674
13.486 -1.84533
13.4865 -1.78888
13.486 -1.84533
13.4896 -1.84549
13.4859 -1.85226
13.4896 -1.84549
13.4854 -1.90263
13.4859 -1.85226
13.489 -2.12704
13.4854 -1.90263
13.489 -2.12704
14.0119 -2.13729
14.05 -2.15551
14.0119 -2.13729
14.0496 -2.19748
14.05 -2.15551
14.0496 -2.19748
14.0552 -2.19771
14.0475 -2.38735
14.0552 -2.19771
14.0381 -3.25391
14.0475 -2.38735
13.977 -3.27344
14.0381 -3.25391
12.6171 -3.25556
13.977 -3.27344
12.6171 -3.25556
12.6224 -3.24679
12.6224 -3.24679
12.6117 -2.95339
12.5339 -2.95309
12.6117 -2.95339
12.3302 -2.95349
12.5339 -2.95309
12.2846 -2.95242
12.3302 -2.95349
12.2846 -2.95242
12.2856 -2.9261
12.2593 -2.92628
12.2856 -2.9261
12.1934 -2.92673
12.2593 -2.92628
12.1931 -2.93637
12.1934 -2.92673
12.1496 -2.96353
12.1931 -2.93637
10.7557 -2.94173
12.1496 -2.96353
10.7557 -2.94173
10.7327 -2.87262
10.7327 -2.87262
10.7876 -1.5137
10.7876 -1.5137
10.7911 -1.51384
10.7911 -1.51384
11.2176 -1.52868
11.2176 -1.52868
11.2671 -1.51642
11.2671 -1.51642
11.2888 -1.11152
11.2888 -1.11152
11.3131 0.910894
11.3131 0.910894
11.314 0.913223
11.314 0.913223
11.3134 1.48529
11.3256 1.48302
11.3134 1.48529
11.5368 1.48717
11.3256 1.48302
11.5368 1.48717
11.5959 1.63959
11.5959 1.63959
11.5772 1.64096
11.5772 1.64096
11.5825 1.65121
11.5825 1.65121
11.5712 1.65494
11.5712 1.65494
11.5725 1.66545
11.5725 1.66545
11.5614 1.67613
11.5614 1.67613
11.5225 1.67248
11.5225 1.67248
10.9273 1.68256
10.9167 1.65587
10.9273 1.68256
10.9167 1.65587
9.57823 1.69235
9.57823 1.69235
9.03022 1.68971
9.03022 1.68971
7.89906 1.68426
7.89906 1.68426
6.6174 1.67808
6.6174 1.67808
6.55621 1.77472
6.55621 1.77472
5.15299 1.81296
5.09298 1.69808
5.15299 1.81296
5.06802 0.91854
5.09298 1.69808
5.06802 0.91854
5.06191 0.937871
5.06589 0.820933
5.06191 0.937871
5.06589 0.820933
5.14441 0.853665
5.14441 0.853665
5.14572 1.59174
5.14572 1.59174
5.13841 1.59387
6.01746 1.60871
5.13841 1.59387
6.01746 1.60871
6.01779 1.61245
6.02585 1.3926
6.01779 1.61245
6.02518 1.33932
6.02585 1.3926
6.37604 1.32655
6.02518 1.33932
6.3792 1.31643
6.37604 1.32655
6.3792 1.31643
6.4154 1.3244
6.4094 1.21964
6.4154 1.3244
6.42044 1.18424
6.4094 1.21964
6.95986 1.17763
6.42044 1.18424
6.95986 1.17763
7.01069 1.18782
7.01117 1.11767
7.01069 1.18782
7.05107 1.11383
7.01117 1.11767
7.01884 -0.000110205
7.05107 1.11383
7.03777 -2.75909
7.01884 -0.000110205
6.97813 -2.79517
7.03777 -2.75909
6.93875 -2.79581
6.97813 -2.79517
6.93729 -2.81904
6.93875 -2.79581
6.93651 -2.84627
6.93729 -2.81904
6.9355 -2.84772
6.93651 -2.84627
6.92166 -3.06821
6.9355 -2.84772
6.81653 -3.07043
6.92166 -3.06821
6.81722 -3.11342
6.81653 -3.07043
6.58896 -3.11077
6.81722 -3.11342
6.58896 -3.11077
6.45303 -2.99527
5.96062 -2.9903
6.45303 -2.99527
5.93895 -3.08893
5.96062 -2.9903
5.86131 -3.09057
5.93895 -3.08893
5.8621 -3.10235
5.86131 -3.09057
5.61465 -3.09949
5.8621 -3.10235
5.61465 -3.09949
5.61253 -3.09582
5.60694 -3.09594
5.61253 -3.09582
5.60981 -3.11512
5.60694 -3.09594
5.51385 -3.10418
5.60981 -3.11512
5.51385 -3.10418
5.43068 -2.82063
5.40901 -2.82032
5.43068 -2.82063
5.19146 -2.82381
5.40901 -2.82032
5.11478 -3.10632
5.19146 -2.82381
4.79326 -3.1131
5.11478 -3.10632
4.79326 -3.1131
4.79001 -3.09145
4.70341 -3.09021
4.79001 -3.09145
4.70341 -3.09021
4.65478 -3.00619
4.61223 -3.00134
4.65478 -3.00619
4.19052 -3.01169
4.61223 -3.00134
4.05531 -3.12866
4.19052 -3.01169
3.833 -3.13335
4.05531 -3.12866
3.833 -3.13335
4.0651 -2.51791
4.0651 -2.51791
4.02804 -2.10019
4.02804 -2.10019
4.06157 -0.619885
3.68935 -0.622037
4.06157 -0.619885
3.63343 -0.624094
3.68935 -0.622037
3.63343 -0.624094
3.63053 -0.573173
3.63053 -0.573173
3.61136 -0.549043
3.61136 -0.549043
3.58867 0.16277
3.58867 0.16277
3.56604 0.560492
3.57595 0.56165
3.56604 0.560492
3.57595 0.56165
3.57247 0.671006
3.57247 0.671006
3.58356 0.700528
3.58356 0.700528
4.09403 0.812988
4.09403 0.812988
4.10409 1.25709
4.10409 1.25709
4.11318 1.27411
4.11318 1.27411
4.11757 1.60563
4.28918 1.60368
4.11757 1.60563
4.28918 1.60368
4.32687 1.67425
4.32687 1.67425
4.32194 1.7734
4.32194 1.7734
4.25886 1.83733
4.25886 1.83733
3.2655 1.86441
3.2655 1.86441
3.06091 1.80254
3.08743 1.65836
3.06091 1.80254
3.29908 1.65878
3.08743 1.65836
3.29859 1.59823
3.29908 1.65878
3.29859 1.59823
3.40047 1.82512
3.60336 1.85402
3.40047 1.82512
3.29363 0.979507
3.60336 1.85402
3.29208 0.785798
3.29363 0.979507
3.31455 0.702289
3.29208 0.785798
3.30695 0.700243
3.31455 0.702289
3.33914 0.698468
3.30695 0.700243
3.44814 0.700382
3.33914 0.698468
3.4635 0.696411
3.44814 0.700382
3.4683 0.696768
3.4635 0.696411
3.4684 0.695145
3.4683 0.696768
3.50434 0.685855
3.4684 0.695145
3.50655 0.627949
3.50434 0.685855
3.52048 0.627597
3.50655 0.627949
3.51374 0.440096
3.52048 0.627597
3.54253 -0.312064
3.51374 0.440096
3.58977 -0.320188
3.54253 -0.312064
3.53868 -0.37372
3.58977 -0.320188
3.5451 -0.482272
3.53868 -0.37372
3.5451 -0.482272
3.56327 -0.47406
3.55966 -0.72841
3.56327 -0.47406
3.5701 -0.904993
3.55966 -0.72841
3.56381 -0.903423
3.5701 -0.904993
3.5677 -0.968642
3.56381 -0.903423
3.60752 -1.10395
3.5677 -0.968642
3.5629 -1.10419
3.60752 -1.10395
3.53792 -1.1152
3.5629 -1.10419
3.13704 -1.11377
3.53792 -1.1152
2.89306 -1.22155
3.13704 -1.11377
2.91535 -1.5811
2.89306 -1.22155
2.91535 -1.5811
2.95896 -1.57883
2.95896 -1.57883
3.45887 -1.56953
3.45887 -1.56953
3.59068 -1.57012
3.61392 -2.17718
3.59068 -1.57012
3.58668 -2.16724
3.61392 -2.17718
3.58804 -2.17861
3.58668 -2.16724
3.23542 -2.16126
3.58804 -2.17861
2.98641 -2.17523
3.23542 -2.16126
3.02518 -2.43669
2.98641 -2.17523
3.07415 -2.49909
3.02518 -2.43669
3.07415 -2.49909
3.55777 -2.7589
3.51772 -2.75847
3.55777 -2.7589
3.51772 -2.75847
3.53069 -2.76437
3.53035 -2.78849
3.53069 -2.76437
3.31043 -2.7562
3.53035 -2.78849
3.27801 -2.75585
3.31043 -2.7562
3.27801 -2.75585
3.69707 -3.09305
3.70571 -3.16546
3.69707 -3.09305
3.23695 -2.96946
3.70571 -3.16546
2.46373 -2.96409
3.23695 -2.96946
2.42444 -2.94076
2.46373 -2.96409
2.26981 -2.94127
2.42444 -2.94076
2.2678 -2.93906
2.26981 -2.94127
2.162 -2.93974
2.2678 -2.93906
2.162 -2.93974
2.15622 -2.91652
2.07609 -2.91034
2.15622 -2.91652
2.07609 -2.91034
2.08952 -2.75269
1.74561 -2.72048
2.08952 -2.75269
1.74561 -2.72048
1.74566 -2.71825
1.69112 -2.71892
1.74566 -2.71825
1.69112 -2.71892
1.69454 -2.51896
1.62658 -2.50898
1.69454 -2.51896
1.33494 -2.55677
1.62658 -2.50898
1.27 -2.51866
1.33494 -2.55677
0.2708 -2.52751
1.27 -2.51866
0.247712 -2.53544
0.2708 -2.52751
0.247236 -2.53874
0.247712 -2.53544
0.259839 -2.70109
0.247236 -2.53874
0.22273 -2.70848
0.259839 -2.70109
0.221506 -2.71696
0.22273 -2.70848
0.221506 -2.71696
0.225937 -2.73851
-0.0995829 -2.79185
0.225937 -2.73851
-0.09982 -2.79338
-0.0995829 -2.79185
-0.116316 -3.08103
-0.09982 -2.79338
-0.126969 -3.08102
-0.116316 -3.08103
-0.126969 -3.08102
-0.126975 -3.10631
-0.541573 -3.09701
-0.126975 -3.10631
-0.548071 -2.98629
-0.541573 -3.09701
-0.932903 -2.96753
-0.548071 -2.98629
-0.970742 -2.95401
-0.932903 -2.96753
-1.19727 -3.03183
-0.970742 -2.95401
-1.2398 -3.07966
-1.19727 -3.03183
-1.33615 -3.07954
-1.2398 -3.07966
-1.35877 -3.08731
-1.33615 -3.07954
-1.35954 -3.07951
-1.35877 -3.08731
-1.43747 -3.07942
-1.35954 -3.07951
-1.4365 -3.07694
-1.43747 -3.07942
-1.47945 -3.07597
-1.4365 -3.07694
-1.47201 -3.01676
-1.47945 -3.07597
-1.47908 -3.01792
-1.47201 -3.01676
-1.47163 -2.94127
-1.47908 -3.01792
-1.47718 -2.941
-1.47163 -2.94127
-1.47718 -2.941
-1.44699 -2.89588
-1.47705 -2.74701
-1.44699 -2.89588
-1.47705 -2.74701
-1.27855 -2.65387
-1.27537 -2.20555
-1.27855 -2.65387
-1.53252 -2.21551
-1.27537 -2.20555
-1.53377 -2.15574
-1.53252 -2.21551
-1.59725 -2.1518
-1.53377 -2.15574
-1.63456 -1.96705
-1.59725 -2.1518
-1.63456 -1.96705
-1.56006 -1.95939
-1.56006 -1.95939
-0.865131 -1.96694
-0.865131 -1.96694
-0.840388 -1.96766
-0.840388 -1.96766
-0.83903 -1.96524
-0.82055 -1.47817
-0.83903 -1.96524
-1.27694 -1.43026
-0.82055 -1.47817
-1.54758 -1.42949
-1.27694 -1.43026
-1.60823 -1.42786
-1.54758 -1.42949
-1.60279 -0.866472
-1.60823 -1.42786
-1.60279 -0.866472
-1.505 -0.870062
-1.505 -0.870062
-0.865002 -0.871331
-0.865002 -0.871331
-0.802855 -0.876194
-0.802855 -0.876194
-0.801584 -0.874893
-0.800882 -0.446022
-0.801584 -0.874893
-0.886246 -0.400809
-0.800882 -0.446022
-1.46002 -0.396983
-0.886246 -0.400809
-1.60784 -0.408607
-1.46002 -0.396983
-1.60678 -0.151867
-1.60784 -0.408607
-6.3 -0.50597
-1.60678 -0.151867
-6.3 1.30803
-6.3 -0.50597
-2.55902 0.563363
-6.3 1.30803
-1.64938 0.581729
-2.55902 0.563363
-1.60537 0.610914
-1.64938 0.581729
-1.60538 0.614269
-1.60537 0.610914
-1.60714 1.13719
-1.60538 0.614269
-1.60712 1.17961
-1.60714 1.13719
-1.60064 1.17968
-1.60712 1.17961
-1.6 1.19625
-1.60064 1.17968
0.0898091 1.19656
-1.6 1.19625
1.91387 1.21477
0.0898091 1.19656
1.94421 1.21421
1.91387 1.21477
1.94421 1.21421
1.94164 1.65417
1.98718 1.65617
1.94164 1.65417
2.17701 1.65654
1.98718 1.65617
2.17701 1.65654
2.17526 1.80377
2.17526 1.80377
2.16056 1.89372
2.16056 1.89372
1.96158 1.89509
1.96158 1.89509
1.96166 1.89994
1.96166 1.89994
1.91997 1.90108
1.91997 1.90108
1.89444 1.97277
1.89444 1.97277
1.90245 2.37784
1.90245 2.37784
1.90253 2.38203
1.90253 2.38203
1.89474 2.38994
1.89474 2.38994
1.89267 2.39388
1.89267 2.39388
1.85437 2.51323
1.85437 2.51323
1.05438 2.51003
1.05438 2.51003
-1.75292 2.45188
-1.70294 2.69131
-1.75292 2.45188
-1.59329 3.2166
-1.70294 2.69131
-1.53627 3.48976
-1.59329 3.2166
-1.48688 3.50167
-1.53627 3.48976
-1.43209 3.50198
-1.48688 3.50167
-1.43209 3.50198
-1.59517 3.55067
0.698178 3.52946
-1.59517 3.55067
0.773505 3.51432
0.698178 3.52946
1.47445 3.51824
0.773505 3.51432
1.65856 3.3364
1.47445 3.51824
1.90226 3.28741
1.65856 3.3364
1.91607 3.29259
1.90226 3.28741
1.92051 3.29147
1.91607 3.29259
1.92051 3.29147
1.92376 3.45573
1.92376 3.45573
1.93088 3.49925
1.93088 3.49925
1.93067 3.53417
1.94358 3.53425
1.93067 3.53417
2.70157 3.53678
1.94358 3.53425
2.70157 3.53678
2.77448 3.86904
3.01949 3.87334
2.77448 3.86904
3.01949 3.87334
3.11618 4.21509
3.38046 4.21974
3.11618 4.21509
3.37801 4.20489
3.38046 4.21974
3.82269 4.21275
3.37801 4.20489
3.85299 4.215
3.82269 4.21275
3.82168 3.60698
3.85299 4.215
3.80722 3.53129
3.82168 3.60698
3.81594 3.53134
3.80722 3.53129
3.81508 3.47891
3.81594 3.53134
3.80828 3.34682
3.81508 3.47891
3.91763 3.38549
3.80828 3.34682
3.91763 3.38549
3.94851 4.45864
3.94851 4.45864
3.93818 4.49132
3.93818 4.49132
3.90462 4.53126
3.90462 4.53126
1.8236 4.54158
1.824 4.54025
1.8236 4.54158
1.824 4.54025
0.506519 4.56456
0.506519 4.56456
0.460037 4.565
0.460037 4.565
0.45524 4.56551
0.45524 4.56551
0.411205 4.56632
0.411205 4.56632
0.410795 4.57022
0.410795 4.57022
0.398372 4.57154
0.398372 4.57154
0.398395 4.5727
0.398395 4.5727
0.39692 4.57271
0.39692 4.57271
0.396514 4.63103
0.396514 4.63103
0.397031 4.70107
0.397031 4.70107
0.347819 5.16891
0.347819 5.16891
0.195761 5.16966
0.231313 5.15089
0.195761 5.16966
0.231313 5.15089
-0.523669 5.17257
-0.523669 5.17257
-0.54376 5.14104
-0.54376 5.14104
-1.62459 5.14428
-1.62594 5.21232
-1.62459 5.14428
-1.62594 5.21232
-1.69165 5.21334
-1.67857 5.23015
-1.69165 5.21334
-1.67857 5.23015
-1.72299 5.23088
-1.7233 5.32772
-1.72299 5.23088
-1.7233 5.32772
-1.75088 5.32715
-1.75088 5.32715
-1.74859 5.15952
-1.74859 5.15952
-2.3985 5.13369
-2.3985 5.13369
-2.39559 5.07581
-2.38558 5.06742
-2.39559 5.07581
-2.38558 5.06742
-2.39048 4.97459
-2.39048 4.97459
-2.37356 4.6389
-2.37356 4.6389
-2.40113 4.60848
-2.40113 4.60848
-2.41542 4.60837
-2.41542 4.60837
-2.41378 4.60485
-2.41378 4.60485
-2.4215 4.60498
-2.4215 4.60498
-2.4231 4.60107
-2.4231 4.60107
-2.45564 4.60142
-2.45564 4.60142
-2.45011 4.58924
-2.45011 4.58924
-2.59321 4.59124
-2.59321 4.59124
-2.59442 4.57928
-2.59442 4.57928
-3.47898 4.60011
-3.47898 4.60011
-4.36106 4.59325
-4.36106 4.59325
-4.36215 4.58896
-4.36244 4.6209
-4.36215 4.58896
-4.36244 4.6209
-4.3942 4.62165
-4.38625 4.6991
-4.3942 4.62165
-4.36954 5.27065
-4.38625 4.6991
-4.38313 5.35934
-4.36954 5.27065
-4.38313 5.35934
-4.40968 5.36895
-4.40968 5.36895
-4.60824 5.36726
-4.60824 5.36726
-4.61386 5.37321
-4.61386 5.37321
-4.68764 5.37139
-4.68968 5.37628
-4.68764 5.37139
-4.68968 5.37628
-4.76907 5.37701
-4.76904 5.38132
-4.76907 5.37701
-4.76904 5.38132
-4.77351 5.38138
-4.78535 5.50329
-4.77351 5.38138
-4.78535 5.50329
-5.59519 5.53826
-5.59519 5.53826
-6.04878 5.54116
-6.04878 5.54116
-6.08223 5.50995
-6.08223 5.50995
-6.08359 5.35476
-6.08359 5.35476
-6.23209 5.3535
-6.23209 5.3535
-6.23985 5.34279
-6.23985 5.34279
-6.26113 5.34308
-6.26113 5.34308
-6.27256 5.33241
-6.27256 5.33241
-6.73942 5.32093
-6.73942 5.32093
-6.82291 5.32769
-6.82292 5.35052
-6.82291 5.32769
-6.82292 5.35052
-6.84715 5.35053
-6.84618 5.53519
-6.84715 5.35053
-6.84618 5.53519
-6.84812 5.53513
-6.84293 6.14802
-6.84812 5.53513
-6.8424 6.2495
-6.84293 6.14802
-6.8424 6.2495
-6.86064 6.25611
-6.89127 8.23305
-6.86064 6.25611
-6.82534 8.22637
-6.89127 8.23305
-6.8246 8.31392
-6.82534 8.22637
-6.77571 8.2889
-6.8246 8.31392
-6.77206 8.38041
-6.77571 8.2889
-6.33827 8.36551
-6.77206 8.38041
-6.22585 9.04623
-6.33827 8.36551
-5.75958 9.03258
-6.22585 9.04623
-5.75958 9.03258
-5.75928 8.9748
-5.75928 8.9748
-5.77328 8.37496
-5.77328 8.37496
-5.77319 8.3461
-5.48849 8.33632
-5.77319 8.3461
-5.48849 8.33632
-5.48868 8.31673
-5.47348 8.31858
-5.48868 8.31673
-5.4694 8.40297
-5.47348 8.31858
-5.43511 8.39951
-5.4694 8.40297
-5.42268 8.98321
-5.43511 8.39951
-5.48222 9.10108
-5.42268 8.98321
-5.48222 9.10108
-6.79254 9.15731
-6.78429 9.21405
-6.79254 9.15731
-6.78539 9.22598
-6.78429 9.21405
-6.78189 9.23795
-6.78539 9.22598
-6.74873 10.9669
-6.78189 9.23795
-6.74873 10.9669
-6.77426 11.0022
-6.7617 11.6338
-6.77426 11.0022
-6.85696 11.8224
-6.7617 11.6338
-6.75792 11.824
-6.85696 11.8224
-6.75745 11.8475
-6.75792 11.824
-6.73036 11.8733
-6.75745 11.8475
-6.73036 11.8733
-6.73036 11.8733
-6.72732 11.9281
-6.73036 11.8733
-6.71253 11.9278
-6.72732 11.9281
-6.71202 11.9294
-6.71253 11.9278
-5.63952 11.9145
-6.71202 11.9294
-5.63952 11.9145
-5.6373 11.9074
-5.27961 11.9007
-5.6373 11.9074
-5.28115 11.9096
-5.27961 11.9007
-4.08823 11.8931
-5.28115 11.9096
-3.59521 11.89
-4.08823 11.8931
-3.58866 11.8687
-3.59521 11.89
-3.50718 11.8671
-3.58866 11.8687
-3.50718 11.8671
-3.52083 11.8194
-3.52083 11.8194
-3.45532 11.4809
-3.36943 11.5256
-3.45532 11.4809
-3.38473 11.8887
-3.36943 11.5256
-2.92258 11.8858
-3.38473 11.8887
-2.7586 11.8848
-2.92258 11.8858
-2.3393 11.8821
-2.7586 11.8848
-2.28091 11.8998
-2.3393 11.8821
-2.28091 11.8998
-2.2781 11.7362
-2.25833 11.7454
-2.2781 11.7362
-2.25833 11.7454
-2.2674 11.1121
-2.2674 11.1121
-2.26099 10.7384
-2.23437 10.7683
-2.26099 10.7384
-2.23437 10.7683
-2.23893 9.45178
-2.23893 9.45178
-2.21986 8.33946
-2.19613 8.34438
-2.21986 8.33946
-2.19613 8.34438
-2.22032 7.2555
-2.22032 7.2555
-2.2243 7.07646
-2.2243 7.07646
-2.23715 6.49816
-2.23715 6.49816
-2.23393 6.48736
-2.18232 6.48951
-2.23393 6.48736
-1.6674 6.48431
-2.18232 6.48951
-1.6674 6.48431
-1.6976 6.45048
-1.64123 6.47372
-1.6976 6.45048
-1.63277 7.7056
-1.64123 6.47372
-1.59266 7.692
-1.63277 7.7056
-1.59485 7.94848
-1.59266 7.692
-1.59485 7.94848
-1.62422 7.95808
-1.62229 8.25605
-1.62422 7.95808
-1.62229 8.25605
-1.62897 8.25956
-1.62439 8.92738
-1.62897 8.25956
-1.59955 8.91278
-1.62439 8.92738
-1.59145 9.3063
-1.59955 8.91278
-1.59145 9.3063
-1.60654 9.31454
-1.62757 11.7744
-1.60654 9.31454
-1.54732 11.7752
-1.62757 11.7744
-1.54057 11.7752
-1.54732 11.7752
-1.53875 11.8635
-1.54057 11.7752
-1.53537 11.8635
-1.53875 11.8635
-0.863344 11.8511
-1.53537 11.8635
-0.699088 11.5486
-0.863344 11.8511
-0.587022 11.5611
-0.699088 11.5486
-0.587022 11.5611
-0.613054 11.7498
-0.599198 11.7867
-0.613054 11.7498
-0.544656 11.7868
-0.599198 11.7867
-0.545419 11.8113
-0.544656 11.7868
-0.480406 11.8049
-0.545419 11.8113
-0.480406 11.8049
-0.522377 11.8383
-0.253054 11.8356
-0.522377 11.8383
-0.253054 11.8356
-0.253644 11.8398
0.259274 11.8304
-0.253644 11.8398
1.20068 11.8208
0.259274 11.8304
1.20068 11.8208
1.19999 11.8267
2.91173 11.8108
1.19999 11.8267
3.13335 11.8087
2.91173 11.8108
3.14173 11.8257
3.13335 11.8087
5.06354 11.8439
3.14173 11.8257
5.11593 11.8154
5.06354 11.8439
5.11609 11.7959
5.11593 11.8154
5.16181 11.7959
5.11609 11.7959
5.16181 11.7959
5.15368 11.7946
5.15405 11.7805
5.15368 11.7946
5.19353 11.7801
5.15405 11.7805
5.19886 11.7748
5.19353 11.7801
5.19532 11.3852
5.19886 11.7748
5.31329 11.3242
5.19532 11.3852
5.32738 11.3244
5.31329 11.3242
5.32738 11.3244
5.32645 11.3287
5.33104 11.3287
5.32645 11.3287
5.33104 11.3287
5.33046 11.3855
6.04238 11.3884
5.33046 11.3855
6.04238 11.3884
6.07052 11.448
6.16898 11.4472
6.07052 11.448
6.77293 11.4426
6.16898 11.4472
6.91936 11.4415
6.77293 11.4426
7.04996 11.4713
6.91936 11.4415
7.15139 11.4705
7.04996 11.4713
7.37847 11.5019
7.15139 11.4705
7.37847 11.5019
7.39546 11.6801
7.74657 11.6792
7.39546 11.6801
7.79275 11.613
7.74657 11.6792
7.89466 11.5912
7.79275 11.613
7.93124 11.6035
7.89466 11.5912
8.10069 11.6016
7.93124 11.6035
8.18769 11.6136
8.10069 11.6016
8.47299 11.6529
8.18769 11.6136
8.47299 11.6529
8.48141 11.6773
8.64694 11.6769
8.48141 11.6773
8.77039 11.694
8.64694 11.6769
8.80971 11.7002
8.77039 11.694
8.80975 11.6994
8.80971 11.7002
8.82853 11.702
8.80975 11.6994
8.82853 11.702
8.80999 11.6956
8.81634 11.5932
8.80999 11.6956
8.95385 11.5916
8.81634 11.5932
8.95385 11.5916
8.95537 11.6906
9.09207 11.6559
8.95537 11.6906
9.09207 11.6559
8.03674 12.9905
8.48681 12.9906
8.03674 12.9905
9.22972 11.7165
8.48681 12.9906
-5.25623 11.2802
-5.28079 11.2156
-5.28079 11.2156
-5.28078 11.2143
-5.28078 11.2143
-5.17448 10.9409
-5.15299 11.1637
-5.17448 10.9409
-5.15526 11.1769
-5.15299 11.1637
-5.15526 11.1769
-5.25623 11.2802
1.33963 10.2822
0.737846 10.2148
0.770111 10.0688
0.737846 10.2148
1.40336 10.0639
0.770111 10.0688
1.40336 10.0639
1.37832 10.2809
1.37832 10.2809
1.33963 10.2822
-4.14795 10.1469
-4.18402 10.1414
-4.18402 10.1414
-4.20124 10.0483
-4.20124 10.0483
-4.21967 9.39098
-4.15168 9.38272
-4.21967 9.39098
-4.1469 10.1459
-4.15168 9.38272
-4.1469 10.1459
-4.14795 10.1469
-4.20577 9.22373
-4.15392 9.02446
-4.15272 9.21747
-4.15392 9.02446
-4.15272 9.21747
-4.20577 9.22373
-4.26561 9.26743
-4.29472 8.79062
-4.29472 8.79062
-4.29696 8.6839
-4.29696 8.6839
-4.29515 8.67925
-4.24752 8.64779
-4.29515 8.67925
-4.24174 9.26682
-4.24752 8.64779
-4.24174 9.26682
-4.26561 9.26743
1.52286 8.93662
1.35936 8.92428
1.35936 8.92428
1.08993 8.89965
1.08993 8.89965
1.03481 8.87139
1.08445 8.64685
1.03481 8.87139
1.09348 8.62861
1.08445 8.64685
1.12644 8.62852
1.09348 8.62861
1.12644 8.62852
1.11932 8.64422
1.56642 8.65051
1.11932 8.64422
1.56642 8.65051
1.53352 8.93567
1.53352 8.93567
1.52286 8.93662
-0.568764 8.74799
-0.678982 8.73791
-0.678982 8.73791
-0.855361 8.68517
-0.855361 8.68517
-0.942287 8.60624
-0.639105 8.55316
-0.942287 8.60624
-0.56661 8.55587
-0.639105 8.55316
-0.409505 8.66104
-0.56661 8.55587
-0.409505 8.66104
-0.568764 8.74799
5.21746 10.4102
5.18633 10.395
5.1553 6.97805
5.18633 10.395
5.15543 6.96144
5.1553 6.97805
5.15543 6.96144
5.15515 6.96153
5.14548 5.89694
5.15515 6.96153
5.14548 5.89694
5.0967 5.89606
5.09669 5.89526
5.0967 5.89606
4.95704 5.73177
5.09669 5.89526
4.96622 5.64741
4.95704 5.73177
5.06827 5.5453
4.96622 5.64741
5.10902 5.53801
5.06827 5.5453
5.10903 5.50451
5.10902 5.53801
5.16776 5.44574
5.10903 5.50451
5.17326 4.77027
5.16776 5.44574
5.17326 4.77027
5.08059 4.74614
5.06596 4.73162
5.08059 4.74614
5.10137 4.40642
5.06596 4.73162
5.10137 4.40642
5.03138 4.41676
5.03641 4.34795
5.03138 4.41676
5.03641 4.34795
5.01534 4.38247
5.0185 4.34766
5.01534 4.38247
5.0185 4.34766
4.93964 4.35201
4.93353 4.18899
4.93964 4.35201
4.93333 4.14575
4.93353 4.18899
4.96192 4.10741
4.93333 4.14575
5.92813 4.09643
4.96192 4.10741
6.08945 4.15348
5.92813 4.09643
7.67651 4.14657
6.08945 4.15348
7.94935 3.86696
7.67651 4.14657
8.15448 3.87905
7.94935 3.86696
8.1896 3.8868
8.15448 3.87905
8.21975 3.88289
8.1896 3.8868
8.24614 3.88445
8.21975 3.88289
8.34038 3.91895
8.24614 3.88445
8.34038 3.91895
8.34454 4.16454
8.34454 4.16454
8.34687 4.22434
8.38038 4.22411
8.34687 4.22434
8.38038 4.22411
8.37945 4.23524
9.20046 4.23387
8.37945 4.23524
9.31135 4.27447
9.20046 4.23387
9.61046 4.26418
9.31135 4.27447
9.6571 4.26962
9.61046 4.26418
9.6571 4.26962
9.56666 4.26945
9.56666 4.26945
9.57019 4.2883
9.57019 4.2883
8.5373 4.28134
8.53147 4.26752
8.5373 4.28134
8.53147 4.26752
8.1147 4.26674
8.1147 4.26674
8.115 4.2785
8.115 4.2785
7.97155 4.27753
7.97155 4.27753
7.98625 4.29775
7.98625 4.29775
7.97797 4.44084
7.97797 4.44084
7.69112 4.43782
7.69112 4.43782
7.67268 4.47884
7.67268 4.47884
7.66791 4.47912
7.66791 4.47912
7.66788 4.48951
7.66788 4.48951
7.6676 4.49012
7.6676 4.49012
7.57092 4.49148
7.57092 4.49148
7.5247 4.48515
7.5247 4.48515
7.52713 4.95796
7.52713 4.95796
7.39255 4.95882
7.39255 4.95882
7.3922 5.01663
7.3922 5.01663
7.25275 5.02678
7.25275 5.02678
7.246 5.70549
7.53105 5.71989
7.246 5.70549
7.53105 5.71989
7.53679 6.83462
7.53679 6.83462
7.30343 6.83957
7.30343 6.83957
7.3137 7.1274
7.3137 7.1274
7.23094 7.21905
7.23094 7.21905
7.22762 7.553
7.28467 7.55027
7.22762 7.553
7.44128 7.55088
7.28467 7.55027
7.54048 7.55232
7.44128 7.55088
7.54048 7.55232
7.54592 8.61009
7.54592 8.61009
7.36685 8.61723
7.36685 8.61723
7.37651 8.88811
7.37651 8.88811
7.37089 8.98782
7.37089 8.98782
7.20996 9.3287
7.54975 9.35391
7.20996 9.3287
7.54975 9.35391
7.55464 10.3027
7.55464 10.3027
7.55398 10.305
7.55398 10.305
5.54753 10.3062
5.54753 10.3062
5.5408 10.3373
5.5408 10.3373
5.34114 10.3359
5.34114 10.3359
5.3404 10.4087
5.3404 10.4087
5.21746 10.4102
3.03955 7.53875
2.39878 7.5191
2.43875 7.4932
2.39878 7.5191
3.04934 7.51102
2.43875 7.4932
3.04934 7.51102
3.03955 7.53875
1.58447 7.49414
1.1852 7.4819
1.1852 7.4819
0.94026 7.47051
0.94026 7.47051
0.932699 7.45864
0.935547 7.44932
0.932699 7.45864
1.61237 7.46907
0.935547 7.44932
1.61237 7.46907
1.58447 7.49414
-0.0372272 7.42506
-0.27679 7.41392
-0.0297383 7.42114
-0.27679 7.41392
-0.0297383 7.42114
-0.0372272 7.42506
9.49235 6.03681
9.52507 6.51197
9.83737 6.03035
9.49235 6.03681
9.83737 6.03035
9.90881 6.09575
9.90881 6.09575
9.98473 6.50103
9.98473 6.50103
9.52507 6.51197
11.702 3.8719
11.6833 3.87994
11.6833 3.87994
11.6843 3.95386
11.702 3.8719
11.6843 3.95386
16.1934 0.149275
16.2265 0.304966
16.1885 -0.576004
16.1934 0.149275
16.1885 -0.576004
16.26 -0.481847
16.26 -0.481847
16.2605 -0.187304
16.2605 -0.187304
16.2265 0.304966
1.5445 -0.499727
1.94 -0.497965
1.5167 -0.511062
1.5445 -0.499727
1.468 -0.561031
1.5167 -0.511062
1.4654 -1.1265
1.468 -0.561031
1.46547 -1.12913
1.4654 -1.1265
1.46547 -1.12913
1.49122 -1.14495
1.49122 -1.14495
1.95547 -1.12897
1.95547 -1.12897
1.95787 -1.12742
1.95787 -1.12742
1.95422 -0.501514
1.94 -0.497965
1.95422 -0.501514
16.6497 -1.99958
16.6519 -1.15703
16.6497 -1.99958
16.7664 -2.00115
16.7664 -2.00115
16.9076 -1.99905
16.9076 -1.99905
17.0013 -1.16398
16.6519 -1.15703
17.0013 -1.16398
