32.8354 15.6029
32.7828 15.6054
33.0018 15.5952
32.8354 15.6029
34.9847 15.5029
33.0018 15.5952
34.9847 15.5029
35.0114 15.5719
35.272 15.6814
35.0114 15.5719
35.272 15.6814
35.2475 15.9461
35.5953 15.883
35.2475 15.9461
35.7303 15.9154
35.5953 15.883
36.1089 15.8272
35.7303 15.9154
36.2951 15.7561
36.1089 15.8272
36.5868 15.7031
36.2951 15.7561
36.9989 15.6284
36.5868 15.7031
37.2018 15.5916
36.9989 15.6284
37.6873 15.2979
37.2018 15.5916
38.0904 15.1862
37.6873 15.2979
38.0904 15.1862
38.0564 15.4366
40.7359 14.9506
38.0564 15.4366
41.0669 14.9264
40.7359 14.9506
41.0752 14.8091
41.0669 14.9264
41.0895 14.675
41.0752 14.8091
41.4875 14.001
41.0895 14.675
41.4875 14.001
43.1891 14.5923
43.1891 14.5923
43.1998 14.6028
43.2136 14.6009
43.1998 14.6028
43.2136 14.6009
43.5437 14.7156
47.2822 14.4291
43.5437 14.7156
46.6562 14.0999
47.2822 14.4291
46.9156 14.0421
46.6562 14.0999
47.1652 13.9956
46.9156 14.0421
47.5719 13.9831
47.1652 13.9956
48.2774 13.8831
47.5719 13.9831
48.2717 13.7473
48.2774 13.8831
51.9773 13.1128
48.2717 13.7473
43.9278 10.3537
51.9773 13.1128
43.9521 10.3305
43.9278 10.3537
44.3557 10.2477
43.9521 10.3305
44.4907 10.2408
44.3557 10.2477
44.5019 10.2177
44.4907 10.2408
45.5745 9.99751
44.5019 10.2177
52.1086 6.61417
45.5745 9.99751
52.1086 6.61417
47.1539 7.57329
47.125 7.51248
47.1539 7.57329
47.125 7.51248
46.6912 7.59942
46.6912 7.59942
46.4609 7.70744
46.4609 7.70744
46.3185 7.73502
46.2675 7.68434
46.3185 7.73502
46.2675 7.68434
46.1357 7.71074
46.1357 7.71074
46.0035 7.796
46.0035 7.796
45.8292 7.82975
45.8547 7.76708
45.8292 7.82975
45.8547 7.76708
45.6449 7.80912
45.6449 7.80912
45.5228 7.88905
45.5228 7.88905
45.3947 7.91384
45.4661 7.84495
45.3947 7.91384
45.4661 7.84495
45.1059 7.91715
45.1059 7.91715
45.0236 7.98568
45.0236 7.98568
45.0007 7.99011
45.0051 7.93736
45.0007 7.99011
45.0051 7.93736
44.8442 7.9696
44.8442 7.9696
44.7913 8.03065
44.7913 8.03065
44.5537 8.07665
44.5615 8.02625
44.5537 8.07665
44.5615 8.02625
44.5302 8.03253
44.5302 8.03253
44.4528 8.04806
44.4528 8.04806
44.4072 8.05719
44.4072 8.05719
44.3691 8.11238
44.3691 8.11238
44.3494 8.1162
44.3213 8.0744
44.3494 8.1162
44.3213 8.0744
44.1317 8.11241
44.1317 8.11241
44.0909 8.16623
44.0909 8.16623
44.051 8.17397
44.0555 8.12767
44.051 8.17397
44.0555 8.12767
43.9312 8.1526
43.9312 8.1526
43.902 8.17274
43.8422 8.11484
43.902 8.17274
43.8422 8.11484
40.631 9.22363
40.2802 9.10338
40.631 9.22363
40.2375 8.85107
40.2802 9.10338
40.2375 8.85107
40.1733 8.84821
40.1733 8.84821
40.1338 8.84012
40.1418 8.74842
40.1338 8.84012
40.1418 8.74842
40.0767 8.74416
40.0781 8.73064
40.0767 8.74416
40.0781 8.73064
39.9104 8.71978
39.9104 8.71978
39.6237 8.71757
39.6237 8.71757
39.4861 8.83119
39.3668 8.79029
39.4861 8.83119
39.3829 8.7157
39.3668 8.79029
39.3829 8.7157
39.1058 8.71356
39.1058 8.71356
38.8985 8.90745
38.8985 8.90745
38.8778 8.92037
38.8778 8.92037
38.8594 8.91987
38.8692 8.66514
38.8594 8.91987
38.8692 8.66514
38.8385 8.66313
38.8021 8.64968
38.8385 8.66313
38.8021 8.64968
38.7462 8.64508
38.7462 8.64508
38.006 9.17905
38.006 9.17905
35.2151 9.36338
35.2151 9.36338
35.181 9.36958
35.181 9.36958
35.1459 9.37362
35.1459 9.37362
35.1116 9.50513
35.1116 9.50513
35.1296 9.81272
35.1296 9.81272
34.9975 9.83601
34.9975 9.83601
34.982 9.90821
34.982 9.90821
35.0422 10.3341
35.0422 10.3341
35.0336 10.4167
35.0336 10.4167
35.1718 11.2236
35.1718 11.2236
33.1974 12.6479
33.1974 12.6479
33.0229 12.6627
33.0229 12.6627
33.0326 12.7418
33.0326 12.7418
33.0237 13.2218
33.0237 13.2218
27.7809 13.4354
27.7809 13.4354
27.887 16.1402
27.887 16.1402
27.3725 16.4833
27.3725 16.4833
27.4245 17.042
32.7828 15.6054
27.4245 17.042
