32.8354 15.6029
32.7828 15.6054
33.0018 15.5952
32.8354 15.6029
34.9847 15.5029
33.0018 15.5952
34.9847 15.5029
35.0114 15.5719
35.2975 15.6921
35.0114 15.5719
35.6826 15.3205
35.2975 15.6921
36.0243 15.2955
35.6826 15.3205
36.2041 15.1286
36.0243 15.2955
36.3852 15.1049
36.2041 15.1286
36.3852 15.1049
36.3885 15.1479
36.398 15.1473
36.3885 15.1479
36.398 15.1473
36.4039 15.2677
36.9571 15.2272
36.4039 15.2677
37.0441 14.9444
36.9571 15.2272
37.1746 14.9377
37.0441 14.9444
37.1746 14.9377
37.1727 15.2114
37.3818 15.1961
37.1727 15.2114
37.4248 14.9686
37.3818 15.1961
37.5748 14.949
37.4248 14.9686
37.5748 14.949
37.6149 15.1791
41.0669 14.9264
37.6149 15.1791
41.0752 14.8091
41.0669 14.9264
41.1189 14.4
41.0752 14.8091
41.1214 14.361
41.1189 14.4
41.1433 14.1391
41.1214 14.361
41.1501 14.1088
41.1433 14.1391
41.1733 13.8918
41.1501 14.1088
41.1733 13.8918
43.1891 14.5923
43.1891 14.5923
43.1998 14.6028
43.2136 14.6009
43.1998 14.6028
43.2136 14.6009
43.5437 14.7156
47.2822 14.4291
43.5437 14.7156
46.6562 14.0999
47.2822 14.4291
46.9156 14.0421
46.6562 14.0999
47.1652 13.9956
46.9156 14.0421
47.5719 13.9831
47.1652 13.9956
48.2774 13.8831
47.5719 13.9831
48.2717 13.7473
48.2774 13.8831
51.9773 13.1128
48.2717 13.7473
43.9278 10.3537
51.9773 13.1128
46.0493 8.3318
43.9278 10.3537
46.0493 8.3318
45.3542 8.38499
45.3542 8.38499
44.8532 8.53521
44.8532 8.53521
43.8809 8.57613
43.8551 8.49972
43.8809 8.57613
43.8551 8.49972
43.7107 8.51077
43.7107 8.51077
41.784 9.61884
40.2802 9.10338
41.784 9.61884
40.2375 8.85107
40.2802 9.10338
40.2375 8.85107
40.1733 8.84821
40.1733 8.84821
40.1338 8.84012
40.1418 8.74842
40.1338 8.84012
40.1418 8.74842
40.0767 8.74416
40.0781 8.73064
40.0767 8.74416
40.0781 8.73064
39.9104 8.71978
39.9104 8.71978
39.6237 8.71757
39.6237 8.71757
39.4861 8.83119
39.3668 8.79029
39.4861 8.83119
39.3829 8.7157
39.3668 8.79029
39.3829 8.7157
39.1058 8.71356
39.1058 8.71356
38.8985 8.90745
38.8985 8.90745
38.8778 8.92037
38.8778 8.92037
38.8594 8.91987
38.8692 8.66514
38.8594 8.91987
38.8692 8.66514
38.8385 8.66313
38.8021 8.64968
38.8385 8.66313
38.8021 8.64968
38.7462 8.64508
38.7462 8.64508
38.006 9.17905
38.006 9.17905
35.2151 9.36338
35.2151 9.36338
35.181 9.36958
35.181 9.36958
35.1459 9.37362
35.1459 9.37362
35.1116 9.50513
35.1116 9.50513
35.1296 9.81272
35.1296 9.81272
34.9975 9.83601
34.9975 9.83601
34.982 9.90821
34.982 9.90821
35.0422 10.3341
35.0422 10.3341
35.0336 10.4167
35.0336 10.4167
35.1718 11.2236
35.1718 11.2236
33.1974 12.6479
33.1974 12.6479
33.0229 12.6627
33.0229 12.6627
33.0326 12.7418
33.0326 12.7418
33.0237 13.2218
33.0237 13.2218
27.7809 13.4354
27.7809 13.4354
27.887 16.1402
27.887 16.1402
27.3725 16.4833
27.3725 16.4833
27.4245 17.042
32.7828 15.6054
27.4245 17.042
