32.8354 15.6029
32.7828 15.6054
33.0018 15.5952
32.8354 15.6029
34.9847 15.5029
33.0018 15.5952
34.9847 15.5029
35.0114 15.5719
35.0725 15.5976
35.0114 15.5719
35.0725 15.5976
35.0122 16.0084
35.338 15.9445
35.0122 16.0084
35.338 15.9445
35.4936 16.4015
35.7513 16.3518
35.4936 16.4015
36.5158 15.716
35.7513 16.3518
36.5868 15.7031
36.5158 15.716
36.9453 15.6381
36.5868 15.7031
36.9453 15.6381
36.743 16.1324
36.8025 16.1211
36.743 16.1324
37.512 15.404
36.8025 16.1211
37.6467 15.3225
37.512 15.404
37.7322 15.2855
37.6467 15.3225
38.0628 15.1939
37.7322 15.2855
38.0628 15.1939
38.0764 15.2894
38.0764 15.2894
38.0564 15.4366
38.0965 15.4293
38.0564 15.4366
38.0965 15.4293
38.1626 15.8915
38.8154 15.7492
38.1626 15.8915
39.0698 15.5089
38.8154 15.7492
39.1375 15.5099
39.0698 15.5089
39.2249 15.4489
39.1375 15.5099
39.3187 15.4245
39.2249 15.4489
39.3187 15.4245
39.4103 15.6194
39.6997 15.5563
39.4103 15.6194
40.6808 14.9606
39.6997 15.5563
40.7359 14.9506
40.6808 14.9606
41.0669 14.9264
40.7359 14.9506
41.0752 14.8091
41.0669 14.9264
41.0852 14.715
41.0752 14.8091
41.9794 14.172
41.0852 14.715
41.9794 14.172
43.1891 14.5923
43.1891 14.5923
43.1998 14.6028
43.2136 14.6009
43.1998 14.6028
43.2136 14.6009
43.5437 14.7156
47.2822 14.4291
43.5437 14.7156
46.6562 14.0999
47.2822 14.4291
46.9156 14.0421
46.6562 14.0999
47.1652 13.9956
46.9156 14.0421
47.5719 13.9831
47.1652 13.9956
48.2774 13.8831
47.5719 13.9831
48.2717 13.7473
48.2774 13.8831
51.9773 13.1128
48.2717 13.7473
46.7016 11.3045
51.9773 13.1128
48.9811 9.92032
46.7016 11.3045
48.9249 9.6334
48.9811 9.92032
49.3338 9.5831
48.9249 9.6334
50.8663 9.31976
49.3338 9.5831
51.429 6.96608
50.8663 9.31976
52.1086 6.61417
51.429 6.96608
52.1086 6.61417
51.4842 6.73504
51.4947 6.69102
51.4842 6.73504
51.4947 6.69102
49.8087 6.99304
49.8087 6.99304
49.2955 7.11502
49.2955 7.11502
47.1338 7.53093
47.125 7.51248
47.1338 7.53093
47.125 7.51248
46.6912 7.59942
46.6912 7.59942
46.631 7.62766
46.631 7.62766
46.2787 7.69544
46.2675 7.68434
46.2787 7.69544
46.2675 7.68434
46.1357 7.71074
46.1357 7.71074
46.1088 7.72813
46.1088 7.72813
45.8503 7.77786
45.8547 7.76708
45.8503 7.77786
45.8547 7.76708
45.6449 7.80912
45.6449 7.80912
45.627 7.82081
45.627 7.82081
45.4573 7.85347
45.4661 7.84495
45.4573 7.85347
45.4661 7.84495
45.1059 7.91715
45.1059 7.91715
45.0998 7.92225
45.0998 7.92225
45.0048 7.94053
45.0051 7.93736
45.0048 7.94053
45.0051 7.93736
44.8442 7.9696
44.8442 7.9696
44.8423 7.97179
44.8423 7.97179
43.8847 8.15602
43.8422 8.11484
43.8847 8.15602
43.8422 8.11484
43.5193 8.22633
43.5193 8.22633
41.2204 8.66864
41.2204 8.66864
41.2453 8.76392
41.2453 8.76392
41.2726 9.00211
41.2726 9.00211
40.631 9.22363
40.2802 9.10338
40.631 9.22363
40.2375 8.85107
40.2802 9.10338
40.2375 8.85107
40.1733 8.84821
40.1733 8.84821
40.1338 8.84012
40.1418 8.74842
40.1338 8.84012
40.1418 8.74842
40.0767 8.74416
40.0781 8.73064
40.0767 8.74416
40.0781 8.73064
39.9104 8.71978
39.9104 8.71978
39.6237 8.71757
39.6237 8.71757
39.4861 8.83119
39.3668 8.79029
39.4861 8.83119
39.3829 8.7157
39.3668 8.79029
39.3829 8.7157
39.1058 8.71356
39.1058 8.71356
38.8985 8.90745
38.8985 8.90745
38.8778 8.92037
38.8778 8.92037
38.8594 8.91987
38.8692 8.66514
38.8594 8.91987
38.8692 8.66514
38.8385 8.66313
38.8021 8.64968
38.8385 8.66313
38.8021 8.64968
38.7462 8.64508
38.7462 8.64508
38.006 9.17905
38.006 9.17905
35.2151 9.36338
35.2151 9.36338
35.181 9.36958
35.181 9.36958
35.1459 9.37362
35.1459 9.37362
35.1116 9.50513
35.1116 9.50513
35.1296 9.81272
35.1296 9.81272
34.9975 9.83601
34.9975 9.83601
34.982 9.90821
34.982 9.90821
35.0422 10.3341
35.0422 10.3341
35.0336 10.4167
35.0336 10.4167
35.1718 11.2236
35.1718 11.2236
33.1974 12.6479
33.1974 12.6479
33.0229 12.6627
33.0229 12.6627
33.0326 12.7418
33.0326 12.7418
33.0237 13.2218
33.0237 13.2218
27.7809 13.4354
27.7809 13.4354
27.887 16.1402
27.887 16.1402
27.3725 16.4833
27.3725 16.4833
27.4245 17.042
32.7828 15.6054
27.4245 17.042
