11.8494 6.98195
11.8156 6.98184
11.8309 6.94872
11.8494 6.98195
11.8377 6.93701
11.8309 6.94872
11.8584 5.56545
11.8377 6.93701
11.8584 5.56545
11.7777 5.5571
11.7777 5.5571
11.0503 5.54712
11.0378 5.52462
11.0503 5.54712
11.0375 5.26369
11.0378 5.52462
11.0375 5.04554
11.0375 5.26369
11.0598 5.03972
11.0375 5.04554
11.1011 5.04332
11.0598 5.03972
11.7811 5.04376
11.1011 5.04332
11.8781 5.04468
11.7811 5.04376
11.8839 4.44003
11.8781 5.04468
11.8839 4.44003
11.7824 4.44168
11.7824 4.44168
11.4024 4.44098
11.4024 4.44098
11.3204 4.44183
11.3204 4.44011
11.3204 4.44183
11.3204 4.44011
11.2824 4.44076
11.2824 4.44076
11.1224 4.44046
11.1224 4.44046
11.0518 4.43881
11.0416 4.38402
11.0518 4.43881
11.0446 3.91493
11.0416 4.38402
11.0508 3.90391
11.0446 3.91493
11.0851 3.9043
11.0508 3.90391
11.0851 3.9043
11.1052 3.94772
11.1567 3.9051
11.1052 3.94772
11.2998 3.90671
11.1567 3.9051
11.3305 3.90752
11.2998 3.90671
11.3496 3.37362
11.3305 3.90752
11.3567 3.36096
11.3496 3.37362
11.3635 3.18104
11.3567 3.36096
11.3666 3.17046
11.3635 3.18104
11.8951 3.14537
11.3666 3.17046
11.8951 3.14537
11.8958 3.16073
11.9019 2.62487
11.8958 3.16073
11.9019 2.62487
11.8419 2.62075
11.8419 2.62075
11.5273 2.61813
11.5342 2.59462
11.5273 2.61813
11.5342 2.59462
11.5127 2.61801
11.5127 2.61801
11.4419 2.61742
11.4419 2.61742
11.4211 2.61741
11.3855 2.60039
11.4211 2.61741
11.4769 0.182612
11.3855 2.60039
11.4733 -0.117454
11.4769 0.182612
11.4372 -0.117885
11.4733 -0.117454
11.4351 -0.132022
11.4372 -0.117885
11.1355 -0.135388
11.4351 -0.132022
11.1355 -0.135388
11.0846 0.336042
11.0846 0.336042
11.0664 0.362286
11.0664 0.362286
11.0394 0.366968
11.0394 0.366968
10.621 0.373792
10.621 0.373792
9.96554 0.361763
9.90196 0.195705
9.96554 0.361763
9.90009 0.15305
9.90196 0.195705
9.90065 0.0900817
9.90009 0.15305
9.90065 0.0900817
9.89739 0.0915006
9.88803 -0.121933
9.89739 0.0915006
10.6142 -1.22528
9.88803 -0.121933
10.59 -1.22472
10.6142 -1.22528
10.59 -1.22472
9.85426 -0.127736
9.85426 -0.127736
9.79234 -0.126457
9.79682 -0.14233
9.79234 -0.126457
9.79734 -1.20659
9.79682 -0.14233
9.62318 -1.2026
9.79734 -1.20659
9.64614 -1.22516
9.62318 -1.2026
9.62957 -1.25912
9.64614 -1.22516
9.63158 -1.26971
9.62957 -1.25912
9.63158 -1.26971
13.2039 -1.2147
13.2265 -1.2269
13.2039 -1.2147
13.2265 -1.2269
13.4431 -1.22366
13.4431 -1.22366
13.4417 -1.09816
13.4601 -1.10381
13.4417 -1.09816
13.4601 -1.10381
13.4728 -0.761773
13.473 -0.769342
13.4728 -0.761773
13.473 -0.769342
13.4806 -0.752967
13.5483 -0.78249
13.4806 -0.752967
13.5483 -0.78249
13.6384 -0.614947
13.6384 -0.614947
13.6218 -0.446392
13.6218 -0.446392
15.0587 5.96318
15.1028 3.68628
15.0587 5.96318
15.1028 3.68628
15.1987 3.98437
15.2156 1.82728
15.1987 3.98437
14.6738 0.469058
15.2156 1.82728
14.6243 -0.551264
14.6738 0.469058
14.5973 -0.602046
14.6243 -0.551264
14.5666 -1.0897
14.5973 -0.602046
14.5736 -1.21791
14.5666 -1.0897
14.5736 -1.21791
15.2065 -1.19217
15.2129 -1.21469
15.2065 -1.19217
15.2129 -1.21469
15.3016 -1.21353
15.3016 -1.21353
15.3837 -1.19466
15.3837 -1.19466
15.6299 -1.19099
15.6299 -1.19099
15.6737 -1.18345
15.6737 -1.18345
15.702 -1.11642
15.702 -1.11642
15.6917 -0.969556
15.6917 -0.969556
15.6699 -0.9196
15.6699 -0.9196
15.7162 -0.868709
15.7162 -0.868709
15.6806 -0.812306
15.6806 -0.812306
15.6783 -0.779457
15.6783 -0.779457
15.7567 -0.767795
15.7567 -0.767795
15.7542 -0.744121
15.7542 -0.744121
15.7827 -0.738193
15.7827 -0.738193
15.7811 -0.442368
15.7986 -0.46285
15.7811 -0.442368
15.8635 -0.599141
15.7986 -0.46285
15.8635 -0.599141
15.8993 -0.57541
15.9266 -0.597631
15.8993 -0.57541
15.9266 -0.597631
15.9723 -0.423384
15.9723 -0.423384
15.693 -0.181723
15.693 -0.181723
15.6862 -0.119087
15.6862 -0.119087
15.3966 0.255879
15.3966 0.255879
16.1314 0.296963
16.1314 0.296963
16.1784 0.361678
16.1784 0.361678
16.1838 0.382288
16.1838 0.382288
15.3429 3.93863
15.3429 3.93863
15.2927 5.50278
15.2927 5.50278
15.1653 6.53653
15.6344 6.54494
15.1653 6.53653
15.835 6.54853
15.6344 6.54494
18.526 6.59678
15.835 6.54853
19.91 5.06199
18.526 6.59678
21.3301 5.0172
19.91 5.06199
17.0595 -0.388949
21.3301 5.0172
17.0812 -1.53864
17.0595 -0.388949
17.1138 -1.56514
17.0812 -1.53864
17.2031 -1.588
17.1138 -1.56514
17.2031 -1.588
17.8204 -1.60497
17.8204 -1.60497
18.1682 -1.58736
18.1682 -1.58736
18.1899 -1.52852
17.2497 -1.52992
18.1899 -1.52852
17.2498 -1.54337
17.2497 -1.52992
17.2498 -1.54337
17.2281 -0.82223
17.2281 -0.82223
17.2679 -0.817469
17.2679 -0.817469
17.63 -0.807221
17.63 -0.807221
17.6035 -0.774788
17.6035 -0.774788
19.2195 -0.732888
19.2144 -1.00429
19.2195 -0.732888
19.2216 -1.24226
19.2144 -1.00429
19.2216 -1.24226
21.2951 -1.21328
21.2951 -1.21328
22.1602 -1.19597
22.1603 -1.20118
22.1602 -1.19597
22.1603 -1.20118
22.2321 -1.20018
22.2269 -1.20569
22.2321 -1.20018
22.2377 -1.94065
22.2269 -1.20569
22.2399 -1.99284
22.2377 -1.94065
22.2385 -1.99331
22.2399 -1.99284
22.2389 -2.01999
22.2385 -1.99331
22.2389 -2.01999
22.4501 -2.03343
22.4501 -2.03343
22.4492 -1.53997
22.4492 -1.53997
22.4463 -1.45304
22.4463 -1.45304
22.455 -1.45279
22.455 -1.45279
22.449 -1.39986
22.449 -1.39986
22.4486 -1.16002
22.6494 -1.44731
22.4486 -1.16002
22.6494 -1.44731
24.482 -1.39568
24.482 -1.39568
24.6946 -1.38969
24.6946 -1.38969
24.7031 -1.38945
24.6874 -1.45848
24.7031 -1.38945
24.6874 -1.45848
25.1284 -1.44506
25.1284 -1.44506
25.4302 -1.36897
25.4302 -1.36897
25.8312 -1.35767
25.8227 -1.38964
25.8312 -1.35767
25.8984 -2.95052
25.8227 -1.38964
25.8721 -2.96807
25.8984 -2.95052
22.2832 -3.02206
25.8721 -2.96807
22.2958 -3.32287
22.2832 -3.02206
22.4902 -3.35258
22.2958 -3.32287
22.4902 -3.35258
22.4931 -3.2585
22.4931 -3.2585
22.4979 -3.25833
22.4979 -3.25833
22.4977 -3.24167
22.4977 -3.24167
22.5067 -3.2312
22.5067 -3.2312
22.5198 -3.23039
22.5198 -3.23039
22.5166 -3.20935
22.5166 -3.20935
22.9713 -3.20239
22.9713 -3.20239
23.1542 -3.19104
23.1542 -3.19104
23.1602 -3.14104
23.1602 -3.14104
23.1541 -3.11076
23.1541 -3.11076
23.1639 -3.11058
23.1639 -3.11058
23.1653 -3.0985
23.1653 -3.0985
23.1874 -3.09806
23.1874 -3.09806
23.1869 -3.07794
23.1869 -3.07794
23.1889 -3.07792
23.1889 -3.07792
23.1887 -3.0763
23.1887 -3.0763
23.2006 -3.07623
23.2006 -3.07623
23.1917 -3.05733
23.1917 -3.05733
23.4576 -3.07474
23.4576 -3.07474
23.5922 -3.07396
23.5922 -3.07396
24.2441 -3.06602
24.2441 -3.06602
24.272 -3.04943
24.2748 -3.1935
24.272 -3.04943
24.2748 -3.1935
24.284 -3.19328
24.284 -3.19328
24.3864 -3.19087
24.3864 -3.19087
24.3858 -3.18074
24.3858 -3.18074
24.5627 -3.17803
24.5627 -3.17803
24.5483 -3.14615
24.5483 -3.14615
24.882 -3.16799
24.8796 -3.17318
24.882 -3.16799
24.8796 -3.17318
24.8917 -3.173
24.8936 -3.29089
24.8917 -3.173
24.8936 -3.29089
24.9067 -3.29027
24.9067 -3.29027
24.9057 -3.25282
24.9057 -3.25282
24.9034 -3.17505
24.9034 -3.17505
25.0111 -3.17132
25.0111 -3.17132
25.0111 -3.17117
25.0111 -3.17117
25.0189 -3.17105
25.0189 -3.17105
25.8665 -3.14171
25.8665 -3.14171
25.869 -3.13952
25.8697 -3.15803
25.869 -3.13952
25.8697 -3.15803
25.9061 -3.15747
25.9137 -3.21055
25.9061 -3.15747
25.9162 -4.33278
25.9137 -3.21055
25.7797 -4.33813
25.9162 -4.33278
25.6217 -4.56982
25.7797 -4.33813
25.6193 -4.57089
25.6217 -4.56982
25.6146 -4.63201
25.6193 -4.57089
25.6159 -4.6409
25.6146 -4.63201
25.5215 -4.62984
25.6159 -4.6409
25.474 -4.677
25.5215 -4.62984
25.4733 -4.83721
25.474 -4.677
25.5129 -5.00143
25.4733 -4.83721
25.4717 -5.24774
25.5129 -5.00143
25.4715 -5.29998
25.4717 -5.24774
25.4739 -5.49204
25.4715 -5.29998
25.4739 -5.49204
25.848 -5.5055
25.848 -5.5055
25.9249 -5.49418
25.9258 -5.53368
25.9249 -5.49418
25.9258 -5.53368
25.9361 -5.53453
25.9397 -5.73418
25.9361 -5.53453
25.9305 -5.73339
25.9397 -5.73418
25.9503 -6.57365
25.9305 -5.73339
25.9548 -6.57616
25.9503 -6.57365
25.9616 -6.95595
25.9548 -6.57616
25.9666 -7.23567
25.9616 -6.95595
25.9749 -7.70197
25.9666 -7.23567
25.9687 -7.75391
25.9749 -7.70197
25.9484 -7.7545
25.9687 -7.75391
25.9492 -7.75838
25.9484 -7.7545
25.8852 -7.75632
25.9492 -7.75838
25.2726 -7.77393
25.8852 -7.75632
25.2726 -7.77393
24.8512 -7.17497
25.0742 -7.76945
24.8512 -7.17497
25.0354 -7.76998
25.0742 -7.76945
25.0354 -7.76998
24.6606 -7.02879
24.6562 -7.7575
24.6606 -7.02879
24.6562 -7.7575
24.6417 -7.74771
24.6415 -7.75882
24.6417 -7.74771
24.6415 -7.75882
24.5945 -7.71586
24.5945 -7.71586
24.5563 -7.69003
24.4898 -7.68483
24.5563 -7.69003
24.1651 -7.70225
24.4898 -7.68483
24.1697 -7.80565
24.1651 -7.70225
24.1188 -7.80711
24.1697 -7.80565
24.1168 -7.814
24.1188 -7.80711
23.1703 -7.83607
24.1168 -7.814
23.1703 -7.83607
23.2961 -7.60079
23.2961 -7.60079
23.2851 -7.14482
23.1194 -7.16335
23.2851 -7.14482
23.1194 -7.16335
23.1244 -7.1458
22.6135 -7.15824
23.1244 -7.1458
22.5123 -7.16208
22.6135 -7.15824
22.5123 -7.16208
22.5071 -6.59747
22.5071 -6.59747
22.5221 -6.5964
22.5221 -6.5964
22.9621 -6.58839
22.9621 -6.58839
23.2716 -6.5863
23.2716 -6.5863
23.2564 -5.95764
23.2439 -5.98995
23.2564 -5.95764
23.2439 -5.98995
23.2542 -5.86436
23.2542 -5.86436
23.2479 -5.60646
23.1618 -5.61333
23.2479 -5.60646
22.4824 -5.5994
23.1618 -5.61333
22.4795 -5.61373
22.4824 -5.5994
22.4795 -5.61373
22.4758 -5.01709
22.4758 -5.01709
22.5507 -5.01601
22.5507 -5.01601
23.1586 -5.00298
23.1586 -5.00298
23.2321 -4.94947
23.2321 -4.94947
23.2245 -4.63503
23.2229 -4.63527
23.2245 -4.63503
23.2229 -4.63527
23.2245 -4.63408
23.2245 -4.63408
23.2219 -4.52973
22.5215 -4.5618
23.2219 -4.52973
22.5215 -4.5618
22.542 -4.54054
22.542 -4.54054
22.5361 -4.50095
22.5184 -4.50124
22.5361 -4.50095
22.5184 -4.50124
22.5176 -4.4949
22.5176 -4.4949
22.5169 -4.45079
22.5169 -4.45079
22.5085 -4.43638
22.5085 -4.43638
22.5099 -4.32418
22.5099 -4.32418
22.5031 -4.27829
22.264 -4.31284
22.5031 -4.27829
22.273 -4.82655
22.264 -4.31284
22.027 -4.85901
22.273 -4.82655
22.0698 -4.94387
22.027 -4.85901
22.2763 -5.01204
22.0698 -4.94387
22.2802 -5.23766
22.2763 -5.01204
22.2463 -5.2938
22.2802 -5.23766
22.3243 -5.44848
22.2463 -5.2938
22.285 -5.50674
22.3243 -5.44848
22.287 -5.62453
22.285 -5.50674
22.2895 -5.66084
22.287 -5.62453
21.4344 -5.71096
22.2895 -5.66084
21.3921 -5.78403
21.4344 -5.71096
21.3953 -5.94217
21.3921 -5.78403
21.3839 -5.95899
21.3953 -5.94217
21.3854 -6.047
21.3839 -5.95899
21.4343 -6.17881
21.3854 -6.047
21.4009 -6.22863
21.4343 -6.17881
21.4017 -6.2659
21.4009 -6.22863
21.4702 -6.30572
21.4017 -6.2659
21.4702 -6.30572
21.4728 -6.30567
21.4728 -6.30567
22.2907 -6.28759
22.3002 -6.78771
22.2907 -6.28759
22.3075 -6.79198
22.3002 -6.78771
22.3132 -7.11584
22.3075 -6.79198
22.3064 -7.11579
22.3132 -7.11584
22.3068 -7.13397
22.3064 -7.11579
22.2268 -7.13344
22.3068 -7.13397
21.6669 -7.1424
22.2268 -7.13344
21.5469 -7.14432
21.6669 -7.1424
21.5001 -7.14507
21.5469 -7.14432
21.4199 -7.19016
21.5001 -7.14507
21.4294 -7.67092
21.4199 -7.19016
21.4291 -7.74046
21.4294 -7.67092
21.4149 -7.74077
21.4291 -7.74046
21.4152 -7.75631
21.4149 -7.74077
21.3982 -7.77632
21.4152 -7.75631
20.8658 -7.78115
21.3982 -7.77632
20.8658 -7.78115
20.841 -7.66767
20.5317 -7.6696
20.841 -7.66767
20.5135 -7.76069
20.5317 -7.6696
20.4708 -7.76164
20.5135 -7.76069
20.4637 -7.7848
20.4708 -7.76164
19.103 -7.79714
20.4637 -7.7848
19.103 -7.79714
19.1181 -7.73388
18.9156 -7.67779
19.1181 -7.73388
18.8424 -7.67999
18.9156 -7.67779
18.7922 -7.80307
18.8424 -7.67999
17.501 -7.84425
18.7922 -7.80307
17.501 -7.84425
17.5032 -7.82721
17.3547 -7.83049
17.5032 -7.82721
17.3547 -7.83049
17.3562 -7.81298
17.3528 -7.81301
17.3562 -7.81298
17.3528 -7.81301
17.3344 -7.77629
17.3344 -7.77629
17.27 -3.72754
17.27 -3.72754
17.2864 -3.72291
17.2864 -3.72291
17.2912 -3.69408
17.2912 -3.69408
17.3364 -3.69317
17.3364 -3.69317
17.3363 -3.68653
17.3363 -3.68653
17.3515 -3.68184
17.3515 -3.68184
17.3477 -3.3497
17.2691 -3.35011
17.3477 -3.3497
17.2691 -3.35011
17.2252 -3.3121
17.2252 -3.3121
17.2111 -2.6946
17.2081 -2.70763
17.2111 -2.6946
17.2081 -2.70763
17.1019 -2.63101
17.1076 -2.93095
17.1019 -2.63101
17.1007 -2.95489
17.1076 -2.93095
17.1012 -2.98478
17.1007 -2.95489
17.0873 -3.02735
17.1012 -2.98478
17.0797 -3.02741
17.0873 -3.02735
17.0778 -3.03382
17.0797 -3.02741
16.0281 -3.05175
17.0778 -3.03382
15.9943 -3.17412
16.0281 -3.05175
15.9943 -3.62139
15.9943 -3.17412
15.9947 -3.63358
15.9943 -3.62139
16.0026 -3.63779
15.9947 -3.63358
16.0026 -3.63779
16.0035 -3.32519
16.0035 -3.32519
16.0073 -3.16513
16.0073 -3.16513
16.4647 -3.14616
16.4647 -3.14616
16.5043 -3.14487
16.5377 -3.92252
16.5043 -3.14487
16.5721 -3.94083
16.5377 -3.92252
16.5707 -4.23554
16.5721 -3.94083
16.5707 -4.23554
16.5897 -4.23978
16.591 -5.16321
16.5897 -4.23978
16.7068 -7.86056
16.591 -5.16321
16.7068 -7.86056
16.7753 -7.85778
16.7069 -7.86065
16.7753 -7.85778
16.7069 -7.86065
16.7068 -7.86056
16.1639 -7.88264
16.7068 -7.86056
16.1639 -7.88264
15.9964 -5.7672
15.9964 -5.7672
15.9979 -5.24754
15.9979 -5.24754
15.9967 -5.23398
15.9144 -5.21833
15.9967 -5.23398
15.5803 -5.22907
15.9144 -5.21833
15.5697 -5.30862
15.5803 -5.22907
15.6023 -6.66502
15.5697 -5.30862
15.704 -7.98329
15.6023 -6.66502
15.563 -7.98603
15.704 -7.98329
15.563 -7.98603
15.5136 -7.70694
15.4483 -7.70822
15.5136 -7.70694
15.4225 -7.98877
15.4483 -7.70822
15.282 -7.99151
15.4225 -7.98877
15.1697 -8.09598
15.282 -7.99151
15.1697 -8.09598
15.1404 -7.715
15.1404 -7.715
15.1539 -7.71396
14.9563 -7.71781
15.1539 -7.71396
14.9563 -7.71781
14.9609 -7.66417
14.8527 -7.6656
14.9609 -7.66417
14.8527 -7.6656
15.0473 -6.50775
15.0473 -6.50775
14.9468 -5.20429
14.8766 -5.1987
14.9468 -5.20429
14.7675 -5.19594
14.8766 -5.1987
14.5771 -5.19811
14.7675 -5.19594
14.5315 -5.23327
14.5771 -5.19811
14.5315 -5.23327
14.5063 -5.19891
14.4858 -5.19915
14.5063 -5.19891
14.4697 -5.22241
14.4858 -5.19915
14.4695 -5.2648
14.4697 -5.22241
14.4701 -5.28054
14.4695 -5.2648
14.4759 -5.39564
14.4701 -5.28054
14.4588 -6.5355
14.4759 -5.39564
14.2888 -6.5139
14.4588 -6.5355
14.1828 -6.51292
14.2888 -6.5139
13.6232 -6.50783
14.1828 -6.51292
13.6232 -6.50783
13.6213 -6.0077
13.6213 -6.0077
13.6389 -5.92068
13.5935 -5.95564
13.6389 -5.92068
13.5935 -5.95564
13.6207 -5.86761
13.6207 -5.86761
13.6171 -4.91784
13.6171 -4.91784
13.6057 -4.75984
13.6057 -4.75984
13.6165 -4.75906
13.6165 -4.75906
13.6164 -4.7426
13.6164 -4.7426
13.7593 -4.74884
13.7593 -4.74884
13.9492 -4.73526
13.9492 -4.73526
13.9305 -4.27555
13.9305 -4.27555
13.9279 -4.25811
13.9279 -4.25811
13.9297 -4.25677
13.9297 -4.25677
13.9079 -3.72121
13.9079 -3.72121
13.9499 -3.7147
13.9499 -3.7147
14.7385 -3.68429
14.7385 -3.68429
14.7963 -3.68418
14.7963 -3.68418
14.7533 -3.25359
14.7533 -3.25359
14.7633 -3.21672
14.7633 -3.21672
15.2023 -3.19852
15.2023 -3.19852
15.2077 -3.18207
15.2077 -3.18207
15.1734 -3.07855
13.2628 -3.11206
15.1734 -3.07855
13.2005 -3.22921
13.2628 -3.11206
13.1968 -3.23826
13.2005 -3.22921
13.2268 -3.29162
13.1968 -3.23826
13.2268 -3.29162
13.5131 -3.29907
13.5131 -3.30422
13.5131 -3.29907
13.4921 -3.76313
13.5131 -3.30422
13.5006 -3.77827
13.4921 -3.76313
13.5446 -8.05458
13.5006 -3.77827
13.5446 -8.05458
13.3109 -7.70903
13.3094 -7.74139
13.3109 -7.70903
12.8337 -7.77255
13.3094 -7.74139
12.8337 -7.77255
12.7372 -6.00546
12.7372 -6.00546
12.7096 -4.64564
12.6235 -4.65639
12.7096 -4.64564
12.6167 -4.67317
12.6235 -4.65639
12.4682 -4.6605
12.6167 -4.67317
12.4682 -4.6605
12.4451 -4.09595
12.4271 -4.12473
12.4451 -4.09595
12.4271 -4.12473
12.4056 -3.98904
12.4056 -3.98904
12.3847 -3.85764
12.321 -3.87306
12.3847 -3.85764
12.321 -3.87306
12.3175 -3.43427
12.3175 -3.43427
12.2755 -3.17025
12.2755 -3.17025
12.2876 -3.12916
11.2939 -3.14658
12.2876 -3.12916
11.2939 -3.14658
11.2916 -3.12648
11.2502 -3.12752
11.2916 -3.12648
11.2024 -3.1485
11.2502 -3.12752
11.2017 -3.1664
11.2024 -3.1485
11.2017 -3.1664
11.9087 -3.16039
11.9641 -3.21088
11.9087 -3.16039
11.914 -5.7009
11.9641 -3.21088
11.9067 -6.06287
11.914 -5.7009
11.894 -6.69653
11.9067 -6.06287
11.894 -6.69653
11.7781 -6.27142
11.7781 -6.27142
11.6067 -5.70918
10.6159 -5.71483
11.6067 -5.70918
9.93361 -5.72185
10.6159 -5.71483
9.92317 -5.72333
9.93361 -5.72185
9.92317 -5.72333
9.92294 -5.68281
9.92294 -5.68281
9.91997 -5.66294
9.91997 -5.66294
9.9052 -3.78221
9.9052 -3.78221
9.91191 -3.76973
9.91191 -3.76973
9.90855 -3.1864
9.90855 -3.1864
9.96872 -3.17688
9.96872 -3.17688
10.1344 -3.17547
10.1344 -3.17547
10.1687 -3.15458
9.87442 -3.16195
10.1687 -3.15458
9.82326 -3.16323
9.87442 -3.16195
9.86565 -5.7954
9.82326 -3.16323
9.8801 -6.69283
9.86565 -5.7954
9.88193 -6.80638
9.8801 -6.69283
9.86529 -7.8763
9.88193 -6.80638
8.63743 -7.89813
9.86529 -7.8763
8.63743 -7.89813
8.4927 -6.30051
8.4927 -6.30051
8.54158 -5.5715
8.54158 -5.5715
8.50306 -5.49462
8.50306 -5.49462
8.49275 -4.65197
8.49275 -4.65197
8.62703 -4.29724
8.62703 -4.29724
8.65102 -3.93953
8.65102 -3.93953
8.92086 -3.53771
8.71836 -3.63984
8.92086 -3.53771
8.71836 -3.63984
8.70398 -3.46072
8.70398 -3.46072
8.83452 -3.36412
8.83452 -3.36412
8.74633 -3.19018
7.83208 -3.21306
8.74633 -3.19018
7.57152 -3.19256
7.83208 -3.21306
7.46369 -3.19536
7.57152 -3.19256
6.78507 -3.81159
7.46369 -3.19536
6.78507 -3.81159
6.77689 -3.21315
6.75165 -3.2138
6.77689 -3.21315
6.51185 -3.22002
6.75165 -3.2138
6.51185 -3.22002
6.52915 -3.17071
5.42969 -3.18473
6.52915 -3.17071
5.42969 -3.18473
5.40223 -3.16754
4.34817 -3.17155
5.40223 -3.16754
3.70791 -3.17398
4.34817 -3.17155
3.70791 -3.17398
3.70714 -3.17136
2.72467 -3.18613
3.70714 -3.17136
2.72467 -3.18613
3.33475 -3.53516
1.836 -3.51773
3.33475 -3.53516
1.836 -3.51773
1.86315 -3.55956
1.73116 -3.55883
1.86315 -3.55956
1.72721 -3.74401
1.73116 -3.55883
1.72721 -3.74401
1.85024 -3.88155
1.85024 -3.88155
2.43869 -3.89708
2.43869 -3.89708
3.05209 -3.89421
3.05209 -3.89421
3.07312 -3.89377
3.07297 -3.90472
3.07312 -3.89377
3.07297 -3.90472
3.08397 -3.90431
3.04753 -5.55461
3.08397 -3.90431
3.00717 -5.535
3.04753 -5.55461
3.00707 -5.57895
3.00717 -5.535
2.89693 -5.48791
3.00707 -5.57895
2.89611 -5.49518
2.89693 -5.48791
2.25038 -5.49955
2.89611 -5.49518
2.26132 -6.63798
2.25038 -5.49955
1.91219 -6.63673
2.26132 -6.63798
1.69667 -6.63713
1.91219 -6.63673
1.68255 -6.63591
1.69667 -6.63713
1.66564 -6.63585
1.68255 -6.63591
1.65163 -7.29378
1.66564 -6.63585
1.7636 -7.99228
1.65163 -7.29378
1.62526 -7.99381
1.7636 -7.99228
1.52801 -7.77501
1.62526 -7.99381
1.30336 -7.77661
1.52801 -7.77501
1.30336 -7.77661
1.2543 -7.21701
1.21673 -7.2711
1.2543 -7.21701
1.21673 -7.2711
1.2 -6.69158
1.2 -6.69158
1.1999 -6.63807
0.74264 -6.63893
1.1999 -6.63807
0.538657 -8.00577
0.74264 -6.63893
0.00865278 -8.01161
0.538657 -8.00577
0.00865278 -8.01161
0.12428 -7.47087
0.12428 -7.47087
0.0983316 -4.50843
0.0886569 -4.507
0.0983316 -4.50843
0.0886569 -4.507
0.0858319 -4.12974
0.0858319 -4.12974
0.470898 -4.22339
0.470898 -4.22339
0.496712 -3.5675
0.496712 -3.5675
0.496783 -3.55713
0.297406 -3.55248
0.496783 -3.55713
0.204932 -3.5566
0.297406 -3.55248
-0.441978 -3.54685
0.204932 -3.5566
-1.49653 -3.54104
-0.441978 -3.54685
-1.63889 -3.59028
-1.49653 -3.54104
-2.82437 -3.54068
-1.63889 -3.59028
-2.82437 -3.54068
-2.82405 -3.72864
-2.82405 -3.72864
-2.70325 -3.8346
-2.70325 -3.8346
-2.70347 -3.84628
-2.70347 -3.84628
-1.7675 -3.84443
-1.7675 -3.84443
-1.06443 -3.83564
-1.06443 -3.83564
-1.01585 -3.83793
-1.01585 -3.83793
-1.01579 -3.84149
-1.01579 -3.84149
-0.991715 -3.84072
-0.991715 -3.84072
-0.98295 -5.75165
-0.98295 -5.75165
-0.973221 -6.31758
-0.973221 -6.31758
-0.697293 -7.80356
-0.909582 -7.80881
-0.697293 -7.80356
-0.909582 -7.80881
-0.737314 -8.13703
-0.859019 -8.13519
-0.737314 -8.13703
-1.04362 -7.81212
-0.859019 -8.13519
-1.39086 -7.8207
-1.04362 -7.81212
-1.42643 -7.14216
-1.39086 -7.8207
-1.74208 -6.58974
-1.42643 -7.14216
-1.78243 -6.59014
-1.74208 -6.58974
-1.78882 -6.59063
-1.78243 -6.59014
-1.79375 -6.49931
-1.78882 -6.59063
-1.87364 -6.35949
-1.79375 -6.49931
-2.26827 -6.35321
-1.87364 -6.35949
-2.26827 -6.35321
-2.20011 -6.93352
-2.20011 -6.93352
-1.83432 -6.93904
-1.83432 -6.93904
-1.82237 -7.73018
-1.94869 -7.83131
-1.82237 -7.73018
-2.20247 -7.83363
-1.94869 -7.83131
-2.20247 -7.83363
-2.12316 -8.11604
-2.41137 -8.11168
-2.12316 -8.11604
-2.41137 -8.11168
-2.40642 -8.12219
-2.41812 -8.12251
-2.40642 -8.12219
-2.41812 -8.12251
-2.4188 -8.12623
-2.48129 -8.12665
-2.4188 -8.12623
-2.48129 -8.12665
-2.50636 -8.40979
-2.56977 -8.12723
-2.50636 -8.40979
-2.59139 -8.12737
-2.56977 -8.12723
-3.33875 -8.14833
-2.59139 -8.12737
-3.33875 -8.14833
-3.33781 -8.16498
-3.40923 -8.15031
-3.33781 -8.16498
-3.46142 -8.15177
-3.40923 -8.15031
-3.46142 -8.15177
-3.45936 -8.38653
-3.90027 -8.39742
-3.45936 -8.38653
-4.26114 -8.08367
-3.90027 -8.39742
-4.30797 -8.08296
-4.26114 -8.08367
-4.49846 -8.41219
-4.30797 -8.08296
-4.54864 -8.41343
-4.49846 -8.41219
-4.54353 -8.07939
-4.54864 -8.41343
-5.12321 -8.07061
-4.54353 -8.07939
-5.0705 -7.85977
-5.12321 -8.07061
-5.54947 -7.86414
-5.0705 -7.85977
-5.56892 -7.85133
-5.54947 -7.86414
-5.57005 -7.41983
-5.56892 -7.85133
-5.57044 -7.27116
-5.57005 -7.41983
-5.57349 -6.11188
-5.57044 -7.27116
-5.57349 -6.11188
-5.55912 -6.11791
-5.55912 -6.11791
-5.03904 -6.09415
-5.03904 -6.09415
-5.00611 -6.08771
-5.00611 -6.08771
-4.93178 -6.06124
-5.55173 -6.0596
-4.93178 -6.06124
-5.56107 -6.05136
-5.55173 -6.0596
-5.56083 -6.0386
-5.56107 -6.05136
-5.56866 -6.0394
-5.56083 -6.0386
-5.56986 -5.14172
-5.56866 -6.0394
-5.57607 -5.13299
-5.56986 -5.14172
-5.57994 -3.66356
-5.57607 -5.13299
-5.57186 -3.64461
-5.57994 -3.66356
-5.57189 -3.62898
-5.57186 -3.64461
-5.49808 -3.43763
-5.57189 -3.62898
-5.49808 -3.43763
-5.46083 -3.43746
-5.46081 -3.43728
-5.46083 -3.43746
-5.46074 -3.43037
-5.46081 -3.43728
-6.1203 -3.40277
-5.46074 -3.43037
-6.49518 -3.39403
-6.1203 -3.40277
-7.5572 -3.39509
-6.49518 -3.39403
-7.5572 -3.39509
-7.55755 -3.4105
-7.55755 -3.4105
-7.56617 -3.98472
-7.56617 -3.98472
-7.50493 -4.01116
-7.50493 -4.01116
-7.49763 -4.01004
-7.49763 -4.01004
-7.44914 -4.00259
-7.42718 -3.96195
-7.44914 -4.00259
-7.42718 -3.96195
-7.17855 -3.90241
-7.17855 -3.90241
-7.19783 -3.964
-7.19783 -3.964
-7.18453 -3.96196
-7.18453 -3.96196
-6.72671 -3.89165
-6.72671 -3.89165
-6.51326 -3.85887
-6.51326 -3.85887
-6.09241 -3.79423
-6.09241 -3.79423
-5.9773 -3.81108
-5.9773 -3.81108
-5.98679 -3.85118
-5.98679 -3.85118
-6.39245 -4.61815
-6.39245 -4.61815
-6.39526 -4.88488
-6.39526 -4.88488
-6.34537 -4.90888
-6.34537 -4.90888
-6.44376 -5.23298
-6.44376 -5.23298
-6.39907 -5.24664
-6.39907 -5.24664
-6.40051 -5.38328
-6.40051 -5.38328
-6.3536 -5.40084
-6.3536 -5.40084
-6.45447 -5.82695
-6.45447 -5.82695
-6.40531 -5.83848
-6.40531 -5.83848
-6.40623 -5.92584
-6.40623 -5.92584
-5.96485 -6.66455
-7.20187 -6.63642
-5.96485 -6.66455
-7.24598 -6.65225
-7.20187 -6.63642
-7.26467 -6.62188
-7.24598 -6.65225
-7.30332 -6.62138
-7.26467 -6.62188
-7.32618 -6.63359
-7.30332 -6.62138
-7.69443 -6.62522
-7.32618 -6.63359
-7.65524 -6.19996
-7.69443 -6.62522
-7.72903 -5.86759
-7.65524 -6.19996
-7.74162 -5.84714
-7.72903 -5.86759
-7.74162 -5.84714
-7.77192 -6.29738
-7.77192 -6.29738
-7.78204 -6.79085
-7.78204 -6.79085
-7.76534 -6.7852
-7.76534 -6.7852
-7.46605 -6.79769
-7.44011 -6.74455
-7.46605 -6.79769
-7.44011 -6.74455
-6.53159 -6.85631
-6.5257 -6.79387
-6.53159 -6.85631
-6.5257 -6.79387
-6.52602 -6.96937
-6.52602 -6.96937
-6.54318 -7.01738
-6.54318 -7.01738
-6.508 -7.03539
-6.508 -7.03539
-6.5262 -7.07095
-6.5262 -7.07095
-6.52631 -7.1291
-6.52631 -7.1291
-5.96529 -7.18529
-5.96529 -7.18529
-5.96046 -7.40283
-5.96046 -7.40283
-5.95971 -7.42293
-5.95971 -7.42293
-5.96666 -7.97671
-5.96666 -7.97671
-5.96246 -7.98915
-5.97254 -7.98899
-5.96246 -7.98915
-5.97254 -7.98899
-5.96783 -8.06938
-5.96783 -8.06938
-5.96933 -8.18894
-5.96933 -8.18894
-5.97109 -8.22967
-7.0929 -8.24668
-5.97109 -8.22967
-7.37522 -7.96685
-7.0929 -8.24668
-7.56889 -7.9638
-7.37522 -7.96685
-7.79103 -7.74094
-7.56889 -7.9638
-7.79103 -7.74094
-7.79102 -7.80095
-7.79102 -7.80095
-7.79338 -7.96025
-9.24261 -7.93738
-7.79338 -7.96025
-9.24486 -6.54801
-9.24261 -7.93738
-9.24217 -6.52287
-9.24486 -6.54801
-9.24217 -6.52287
-9.04455 -6.54718
-9.04455 -6.54718
-8.74526 -6.55339
-8.72446 -4.21609
-8.74526 -6.55339
-8.72446 -4.21609
-8.73819 -4.22628
-8.72932 -3.8226
-8.73819 -4.22628
-8.7209 -3.81581
-8.72932 -3.8226
-8.71845 -3.54069
-8.7209 -3.81581
-8.71845 -3.54069
-8.71027 -3.54049
-8.71045 -3.50451
-8.71027 -3.54049
-8.71045 -3.50451
-8.66687 -3.51121
-8.66683 -3.50939
-8.66687 -3.51121
-8.66683 -3.50939
-8.66025 -3.51223
-8.66025 -3.51223
-8.60817 -3.52023
-8.60817 -3.52023
-8.4666 -3.49482
-8.47807 -3.4901
-8.4666 -3.49482
-8.45724 -3.41463
-8.47807 -3.4901
-9.36701 -3.39691
-8.45724 -3.41463
-10.426 -3.39797
-9.36701 -3.39691
-10.426 -3.39797
-10.3224 -3.3783
-11.0399 -3.36432
-10.3224 -3.3783
-11.2995 -3.35926
-11.0399 -3.36432
-11.2995 -3.35926
-12.2564 -5.00468
-12.2549 -4.16206
-12.2564 -5.00468
-12.2701 -3.62615
-12.2549 -4.16206
-12.1505 -3.43274
-12.2701 -3.62615
-12.1155 -3.34337
-12.1505 -3.43274
-12.4094 -3.33764
-12.1155 -3.34337
-12.3972 -3.30004
-12.4094 -3.33764
-12.982 -3.28107
-12.3972 -3.30004
-12.982 -3.28107
-12.9748 -3.28935
-14.1015 -3.27432
-12.9748 -3.28935
-14.1231 -3.24404
-14.1015 -3.27432
-14.2059 -3.24135
-14.1231 -3.24404
-14.4233 -3.25996
-14.2059 -3.24135
-14.4233 -3.25996
-14.4227 -3.26275
-14.4428 -3.26163
-14.4227 -3.26275
-14.6066 -3.27566
-14.4428 -3.26163
-14.6192 -3.25186
-14.6066 -3.27566
-14.7971 -3.24201
-14.6192 -3.25186
-14.7971 -3.24201
-14.8075 -3.29286
-14.8705 -3.29826
-14.8075 -3.29286
-14.8705 -3.29826
-14.8741 -3.31212
-14.8741 -3.31212
-14.7415 -4.73818
-14.7415 -4.73818
-13.7147 -8.04107
-14.0705 -8.03671
-13.7147 -8.04107
-14.0705 -8.03671
-14.1094 -8.15039
-14.3719 -8.14811
-14.1094 -8.15039
-14.479 -7.84717
-14.3719 -8.14811
-14.8462 -7.84398
-14.479 -7.84717
-14.8462 -7.84398
-14.881 -8.08517
-14.881 -8.08517
-14.8844 -8.14366
-15.2366 -8.1406
-14.8844 -8.14366
-15.2907 -8.02173
-15.2366 -8.1406
-15.8785 -8.01452
-15.2907 -8.02173
-15.6136 -3.19678
-15.8785 -8.01452
-15.6613 -3.19413
-15.6136 -3.19678
-15.9989 -3.18318
-15.6613 -3.19413
-15.9989 -3.18318
-16.0497 -3.22231
-16.1348 -3.17877
-16.0497 -3.22231
-16.3471 -3.17188
-16.1348 -3.17877
-16.372 -3.17154
-16.3471 -3.17188
-16.3725 -3.17062
-16.372 -3.17154
-16.4229 -3.16672
-16.3725 -3.17062
-16.4209 -3.1586
-16.4229 -3.16672
-16.4425 -3.15792
-16.4209 -3.1586
-16.4425 -3.15792
-16.4828 -3.16747
-16.7204 -3.15977
-16.4828 -3.16747
-16.9083 -3.18045
-16.7204 -3.15977
-16.914 -3.15348
-16.9083 -3.18045
-16.9151 -3.15345
-16.914 -3.15348
-16.9151 -3.15345
-16.9274 -4.11936
-16.9274 -4.11936
-16.925 -4.12761
-16.925 -4.12761
-16.7029 -4.12878
-16.7029 -4.12878
-16.7029 -4.13759
-16.7029 -4.13759
-16.6958 -4.13784
-16.6958 -4.13784
-16.6139 -4.34959
-16.6139 -4.34959
-16.5507 -4.35341
-16.5507 -4.35341
-16.4509 -4.34977
-16.4509 -4.34977
-16.4501 -4.3595
-16.4501 -4.3595
-16.4427 -4.35995
-16.4427 -4.3595
-16.4427 -4.35995
-16.4427 -4.3595
-16.4307 -4.36067
-16.4427 -4.35995
-16.4307 -4.36067
-16.4427 -4.35995
-16.4318 -4.59842
-16.4318 -4.59842
-16.4294 -4.6012
-16.4294 -4.6012
-16.4253 -4.64888
-16.4253 -4.64888
-16.4291 -4.65705
-16.4291 -4.65705
-16.4017 -5.25379
-16.4017 -5.25379
-16.3739 -5.24952
-16.3739 -5.24952
-16.3672 -5.32862
-16.3672 -5.32862
-16.3967 -5.36349
-16.3967 -5.36349
-16.3637 -6.08364
-16.3637 -6.08364
-16.3382 -6.17252
-16.7911 -6.16972
-16.3382 -6.17252
-16.8332 -6.17273
-16.7911 -6.16972
-17.093 -6.20389
-16.8332 -6.17273
-17.093 -6.20389
-17.0732 -6.63344
-17.0732 -6.63344
-16.9554 -6.65367
-16.9554 -6.65367
-16.9525 -6.65346
-16.9525 -6.65346
-16.9525 -6.65417
-16.9525 -6.65417
-16.9465 -6.65519
-16.9465 -6.65519
-16.8781 -6.65321
-16.8781 -6.65321
-16.4981 -6.65006
-16.4981 -6.65006
-16.3675 -6.6448
-16.3675 -6.6448
-16.3465 -7.12057
-16.3807 -7.12134
-16.3465 -7.12057
-16.3807 -7.12134
-16.3808 -7.20579
-16.9464 -7.16273
-16.3808 -7.20579
-16.9464 -7.16273
-16.9447 -7.3058
-16.9447 -7.3058
-16.8957 -7.49532
-16.8957 -7.49532
-16.3379 -7.76687
-16.6178 -7.77134
-16.3379 -7.76687
-16.6178 -7.77134
-16.6159 -7.98511
-16.7687 -7.98657
-16.6159 -7.98511
-16.7687 -7.98657
-16.7668 -7.99391
-17.0107 -7.99273
-16.7668 -7.99391
-17.0107 -7.99273
-17.0105 -7.99532
-17.2221 -7.9917
-17.0105 -7.99532
-17.2774 -7.99143
-17.2221 -7.9917
-17.7867 -7.9963
-17.2774 -7.99143
-17.7879 -7.98895
-17.7867 -7.9963
-17.8325 -7.98874
-17.7879 -7.98895
-17.8431 -7.83886
-17.8325 -7.98874
-17.9122 -7.79201
-17.8431 -7.83886
-18.2202 -7.79693
-17.9122 -7.79201
-18.2174 -7.71639
-18.2202 -7.79693
-18.2217 -7.59656
-18.2174 -7.71639
-18.2201 -7.58329
-18.2217 -7.59656
-18.2825 -7.541
-18.2201 -7.58329
-19.6495 -7.58056
-18.2825 -7.541
-19.68 -7.5881
-19.6495 -7.58056
-19.68 -7.5881
-19.6894 -7.78661
-20.0404 -7.78712
-19.6894 -7.78661
-20.0404 -7.78712
-20.0657 -8.12652
-20.4787 -8.12621
-20.0657 -8.12652
-20.4598 -8.00687
-20.4787 -8.12621
-21.096 -8.0047
-20.4598 -8.00687
-21.096 -8.0047
-21.2016 -8.12566
-21.293 -8.12559
-21.2016 -8.12566
-21.3691 -8.00377
-21.293 -8.12559
-21.3789 -8.00373
-21.3691 -8.00377
-21.343 -7.93744
-21.3789 -8.00373
-21.3402 -7.77635
-21.343 -7.93744
-21.3402 -7.77635
-21.2368 -7.74146
-21.1975 -7.66879
-21.2368 -7.74146
-21.1999 -7.37591
-21.1975 -7.66879
-21.2052 -7.34533
-21.1999 -7.37591
-21.1758 -7.32306
-21.2052 -7.34533
-21.186 -7.21986
-21.1758 -7.32306
-21.5031 -7.201
-21.186 -7.21986
-21.5045 -7.04325
-21.5031 -7.201
-21.5045 -7.04325
-20.7655 -7.00403
-20.7649 -7.00356
-20.7655 -7.00403
-20.7608 -6.48874
-20.7649 -7.00356
-20.8911 -6.45683
-20.7608 -6.48874
-21.4434 -6.46159
-20.8911 -6.45683
-21.5235 -6.45969
-21.4434 -6.46159
-21.5236 -6.45597
-21.5235 -6.45969
-21.557 -6.45592
-21.5236 -6.45597
-21.553 -5.91455
-21.557 -6.45592
-21.553 -5.91455
-21.2123 -5.91651
-21.2123 -5.91556
-21.2123 -5.91651
-21.2123 -5.91556
-20.7562 -5.91685
-20.7532 -5.54435
-20.7562 -5.91685
-20.7858 -5.45007
-20.7532 -5.54435
-20.8043 -5.44971
-20.7858 -5.45007
-21.5897 -5.44882
-20.8043 -5.44971
-21.5825 -5.36477
-21.5897 -5.44882
-21.5904 -5.36379
-21.5825 -5.36477
-21.6106 -5.35255
-21.5904 -5.36379
-21.6106 -5.33251
-21.6106 -5.35255
-21.8171 -5.33607
-21.6106 -5.33251
-21.8533 -5.33164
-21.8171 -5.33607
-22.0532 -5.34296
-21.8533 -5.33164
-22.0532 -5.34296
-22.058 -5.52731
-22.058 -5.52731
-22.059 -5.52926
-22.059 -5.52926
-22.0618 -5.73252
-22.1549 -5.71655
-22.0618 -5.73252
-22.1549 -5.71655
-22.1559 -5.71832
-22.1559 -5.71832
-22.1603 -6.20342
-22.1603 -6.20342
-22.1468 -7.39931
-22.1802 -7.40203
-22.1468 -7.39931
-22.6198 -7.39958
-22.1802 -7.40203
-22.6198 -7.39958
-22.6189 -7.42168
-22.6189 -7.42168
-22.1427 -8.17289
-22.5902 -8.13529
-22.1427 -8.17289
-22.5902 -8.13529
-22.5902 -8.13626
-23.1139 -8.13454
-22.5902 -8.13626
-23.1258 -7.42664
-23.1139 -8.13454
-23.1436 -7.39665
-23.1258 -7.42664
-23.1825 -7.39644
-23.1436 -7.39665
-23.1825 -7.39644
-23.2054 -7.50946
-23.2054 -7.50946
-23.2074 -7.78547
-23.2615 -7.78552
-23.2074 -7.78547
-23.2615 -7.78552
-23.2631 -7.79328
-23.5841 -7.79524
-23.2631 -7.79328
-23.5841 -7.79524
-23.5893 -7.80784
-23.5893 -7.80784
-23.5793 -7.94183
-23.6441 -7.94158
-23.5793 -7.94183
-23.6441 -7.94158
-23.6551 -7.96833
-24.504 -7.93835
-23.6551 -7.96833
-24.9382 -7.93672
-24.504 -7.93835
-24.9422 -7.90416
-24.9382 -7.93672
-24.9972 -7.80387
-24.9422 -7.90416
-25.3771 -7.80618
-24.9972 -7.80387
-25.3771 -7.80618
-25.4378 -7.85073
-25.4378 -7.85073
-25.4557 -7.88
-25.4777 -7.88
-25.4557 -7.88
-25.4777 -7.88
-25.5089 -7.90286
-26.1648 -7.8797
-25.5089 -7.90286
-25.6905 -7.45434
-26.1648 -7.8797
-25.6144 -7.00636
-25.6905 -7.45434
-25.6159 -7.00005
-25.6144 -7.00636
-25.6706 -6.99744
-25.6159 -7.00005
-26.0726 -7.03813
-25.6706 -6.99744
-26.0726 -7.03813
-26.1971 -7.19998
-26.2052 -6.47685
-26.1971 -7.19998
-26.2565 -6.45991
-26.2052 -6.47685
-26.3004 -6.45995
-26.2565 -6.45991
-26.2971 -2.67444
-26.3004 -6.45995
-26.3296 -2.6772
-26.2971 -2.67444
-26.3394 -1.73183
-26.3296 -2.6772
-26.3394 -1.73183
-26.2963 -1.73243
-26.2962 -1.66
-26.2963 -1.73243
-26.4308 -0.921797
-26.2962 -1.66
-26.3998 -0.920068
-26.4308 -0.921797
-26.3998 -0.920018
-26.3998 -0.920068
-26.3879 -0.919401
-26.3998 -0.920018
-25.8816 -0.891163
-26.3879 -0.919401
-25.8816 -0.891163
-25.7511 -1.20996
-25.7511 -1.20996
-25.644 -1.3401
-25.644 -1.3401
-21.9852 -1.33998
-21.7889 -1.16004
-21.9852 -1.33998
-21.7889 -1.16004
-21.7922 -1.78704
-21.7922 -1.78704
-21.7993 -1.79525
-21.7993 -1.79525
-21.6717 -1.79703
-21.6283 -1.60572
-21.6717 -1.79703
-21.6439 -1.55773
-21.6283 -1.60572
-21.6439 -1.55773
-21.5338 -1.55615
-21.5306 -1.54288
-21.5338 -1.55615
-21.5306 -1.54288
-20.7436 -1.54193
-20.7999 -1.52149
-20.7436 -1.54193
-20.7999 -1.52149
-18.3837 -1.50963
-18.3837 -1.50963
-18.3822 -1.51096
-18.3822 -1.51096
-18.3642 -1.5107
-18.3642 -1.5107
-18.2877 -1.53021
-18.2877 -1.53021
-18.2889 -1.53898
-18.2889 -1.53898
-18.0316 -1.53867
-18.0316 -1.53867
-17.9678 -1.53778
-17.9668 -1.50758
-17.9678 -1.53778
-17.9668 -1.50758
-17.2475 -1.50405
-17.1871 -1.28014
-17.2475 -1.50405
-17.1788 -1.18829
-17.1871 -1.28014
-17.1788 -1.18829
-17.1631 -1.19077
-17.1575 -1.17032
-17.1631 -1.19077
-17.1575 -1.17032
-16.9526 -1.16848
-16.8321 -0.984209
-16.9526 -1.16848
-16.7795 -0.826903
-16.8321 -0.984209
-16.7795 -0.826903
-16.729 -0.826449
-16.729 -0.826393
-16.729 -0.826449
-16.729 -0.826393
-16.7212 -0.826379
-16.7212 -0.826379
-16.4374 -0.823824
-16.4374 -0.823824
-16.4378 -0.825871
-16.4378 -0.825871
-16.1149 -0.825291
-16.1149 -0.825291
-16.1213 -0.84281
-16.1213 -0.84281
-16.069 -0.8441
-16.0508 -0.538651
-16.069 -0.8441
-16.0576 -0.528997
-16.0508 -0.538651
-16.2192 -0.525434
-16.0576 -0.528997
-16.9408 -0.515009
-16.2192 -0.525434
-18.4149 -0.505214
-16.9408 -0.515009
-18.607 -0.505407
-18.4149 -0.505214
-18.6062 -0.503943
-18.607 -0.505407
-19.2287 -0.499806
-18.6062 -0.503943
-19.2268 -0.497335
-19.2287 -0.499806
-19.4413 -0.498204
-19.2268 -0.497335
-19.442 -0.49395
-19.4413 -0.498204
-19.5595 -0.493504
-19.442 -0.49395
-19.5596 -0.484117
-19.5595 -0.493504
-19.5844 -0.483831
-19.5596 -0.484117
-19.5831 -0.475879
-19.5844 -0.483831
-19.5831 -0.469399
-19.5831 -0.475879
-19.5848 -0.452709
-19.5831 -0.469399
-19.5818 -0.199923
-19.5848 -0.452709
-19.5803 0.119171
-19.5818 -0.199923
-19.5859 0.141215
-19.5803 0.119171
-19.5859 0.141215
-19.6691 0.140878
-19.6691 0.140878
-19.6771 0.131895
-20.2148 0.137261
-19.6771 0.131895
-20.206 0.147981
-20.2148 0.137261
-21.6549 0.158821
-20.206 0.147981
-21.6553 0.199901
-21.6549 0.158821
-21.6956 0.200661
-21.6553 0.199901
-21.7 0.317464
-21.6956 0.200661
-21.7 0.317464
-22.7484 0.331735
-22.6896 0.375907
-22.7484 0.331735
-22.7528 0.377629
-22.6896 0.375907
-22.7528 0.377629
-24.3584 -0.213451
-24.3445 0.346922
-24.3584 -0.213451
-21.6078 1.41872
-24.3445 0.346922
-21.6019 2.16857
-21.6078 1.41872
-21.6019 2.16857
-21.6034 2.16832
-21.5912 3.81896
-21.6034 2.16832
-21.5912 3.81896
-21.5777 3.81483
-21.5771 3.93332
-21.5777 3.81483
-21.5811 4.52251
-21.5771 3.93332
-21.5831 4.52385
-21.5811 4.52251
-21.582 4.66537
-21.5831 4.52385
-21.5822 4.69533
-21.582 4.66537
-21.5847 4.69741
-21.5822 4.69533
-21.5834 4.87418
-21.5847 4.69741
-21.596 6.77147
-21.5834 4.87418
-21.5693 6.77465
-21.596 6.77147
-21.5692 6.79415
-21.5693 6.77465
-21.5292 6.79397
-21.5692 6.79415
-21.5287 6.82572
-21.5292 6.79397
-21.5287 6.82572
-21.503 6.79385
-21.4763 6.79372
-21.503 6.79385
-20.9408 6.79242
-21.4763 6.79372
-20.9408 6.79242
-20.8511 6.63957
-20.6042 6.76019
-20.8511 6.63957
-20.3205 6.76126
-20.6042 6.76019
-20.3259 6.78308
-20.3205 6.76126
-20.3054 6.78304
-20.3259 6.78308
-20.3072 6.79088
-20.3054 6.78304
-19.5239 6.78897
-20.3072 6.79088
-19.5239 6.78897
-19.523 6.78251
-19.3171 6.78121
-19.523 6.78251
-18.8009 6.78025
-19.3171 6.78121
-18.8022 6.78906
-18.8009 6.78025
-18.2036 6.78096
-18.8022 6.78906
-18.2102 6.80182
-18.2036 6.78096
-17.0961 6.79093
-18.2102 6.80182
-16.8308 6.78833
-17.0961 6.79093
-15.8857 6.77909
-16.8308 6.78833
-15.8524 6.78842
-15.8857 6.77909
-14.9597 6.79233
-15.8524 6.78842
-14.8622 6.76908
-14.9597 6.79233
-14.7872 6.76835
-14.8622 6.76908
-14.7872 6.76835
-14.7844 6.30329
-14.7844 6.30329
-14.7757 6.29835
-14.5278 6.29497
-14.7757 6.29835
-14.4614 6.51112
-14.5278 6.29497
-13.7416 6.49625
-14.4614 6.51112
-13.6097 6.48759
-13.7416 6.49625
-13.3994 6.48714
-13.6097 6.48759
-13.3674 6.50089
-13.3994 6.48714
-12.6938 6.49999
-13.3674 6.50089
-12.5994 6.54959
-12.6938 6.49999
-12.5659 6.77087
-12.5994 6.54959
-12.5659 6.77087
-12.5922 6.77812
-12.1743 6.76808
-12.5922 6.77812
-12.1743 6.76808
-12.1739 6.76257
-12.0023 6.66828
-12.1739 6.76257
-11.7098 6.66301
-12.0023 6.66828
-11.4893 6.70188
-11.7098 6.66301
-11.466 6.73999
-11.4893 6.70188
-11.4356 6.74051
-11.466 6.73999
-11.4235 6.76125
-11.4356 6.74051
-11.4235 6.76125
-11.3995 6.74527
-11.3947 6.74934
-11.3995 6.74527
-11.275 6.74647
-11.3947 6.74934
-11.2732 6.74922
-11.275 6.74647
-11.2732 6.74922
-11.2687 6.74631
-11.241 6.74565
-11.2687 6.74631
-11.1834 6.75581
-11.241 6.74565
-11.1834 6.75581
-11.1834 6.74426
-11.1667 6.74386
-11.1834 6.74426
-11.1667 6.74386
-11.1752 6.68691
-11.1752 6.68691
-11.1646 6.68019
-11.1646 6.68019
-11.1432 6.49791
-11.0023 6.49772
-11.1432 6.49791
-10.9637 6.50285
-11.0023 6.49772
-10.7932 6.58526
-10.9637 6.50285
-10.7704 6.7161
-10.7932 6.58526
-10.679 6.72205
-10.7704 6.7161
-10.6661 6.75188
-10.679 6.72205
-10.6217 6.72579
-10.6661 6.75188
-10.5477 6.73061
-10.6217 6.72579
-10.5125 6.76404
-10.5477 6.73061
-10.472 6.74049
-10.5125 6.76404
-10.4335 6.75912
-10.472 6.74049
-10.4335 6.75912
-10.4192 6.73899
-10.3722 6.74206
-10.4192 6.73899
-10.3722 6.74206
-10.331 6.65841
-10.2934 6.63655
-10.331 6.65841
-10.2897 6.63742
-10.2934 6.63655
-10.2073 6.63593
-10.2897 6.63742
-9.92409 6.65595
-10.2073 6.63593
-9.73668 6.6692
-9.92409 6.65595
-9.64903 6.7057
-9.73668 6.6692
-9.64903 6.7057
-9.62395 6.68756
-9.53683 6.75553
-9.62395 6.68756
-9.47386 6.71129
-9.53683 6.75553
-9.43477 6.71995
-9.47386 6.71129
-9.43477 6.71995
-9.43413 6.69058
-9.40084 6.69294
-9.43413 6.69058
-9.11594 6.63696
-9.40084 6.69294
-8.94073 6.63754
-9.11594 6.63696
-8.83686 6.63789
-8.94073 6.63754
-8.8088 6.64367
-8.83686 6.63789
-8.26275 6.64702
-8.8088 6.64367
-7.91539 6.67114
-8.26275 6.64702
-7.91159 6.67221
-7.91539 6.67114
-7.91043 6.67149
-7.91159 6.67221
-7.74899 6.6827
-7.91043 6.67149
-7.60456 6.60274
-7.74899 6.6827
-7.60456 6.60274
-7.61957 5.49315
-7.61957 5.49315
-7.61894 5.43873
-7.61894 5.43873
-7.59655 5.39221
-7.55782 5.365
-7.59655 5.39221
-7.55782 5.365
-7.60065 5.22375
-7.60065 5.22375
-7.56259 5.19621
-7.56259 5.19621
-7.59556 5.06607
-7.56161 5.04631
-7.59556 5.06607
-7.56161 5.04631
-7.59689 4.94728
-7.56332 4.92754
-7.59689 4.94728
-7.56332 4.92754
-7.5812 4.86007
-7.5812 4.86007
-7.58151 4.78375
-7.58151 4.78375
-7.61104 4.7576
-7.61104 4.7576
-7.60713 4.42009
-7.60713 4.42009
-7.56952 4.39619
-7.56952 4.39619
-7.58338 4.3386
-7.58338 4.3386
-7.58353 4.30229
-7.58353 4.30229
-7.60503 4.23866
-7.60503 4.23866
-7.60488 4.22606
-7.60488 4.22606
-7.55899 4.1956
-7.55899 4.1956
-7.59313 4.07326
-7.59313 4.07326
-7.57659 4.062
-7.57659 4.062
-7.58458 4.05029
-7.58458 4.05029
-7.58578 3.76525
-7.58578 3.76525
-7.64342 3.73143
-7.64342 3.73143
-7.64776 3.41091
-7.64776 3.41091
-7.66742 -0.488677
-7.66742 -0.488677
-8.47661 -0.665511
-8.64431 -0.664601
-8.47661 -0.665511
-8.66506 -0.640269
-8.64431 -0.664601
-8.85516 -0.638876
-8.66506 -0.640269
-9.39691 -0.634904
-8.85516 -0.638876
-9.39691 -0.634904
-9.39772 -0.714423
-9.39772 -0.714423
-8.80143 -0.715924
-8.80143 -0.715924
-8.80135 -0.940296
-8.80135 -0.940296
-8.40525 -0.984382
-8.29125 -0.965727
-8.40525 -0.984382
-8.29125 -0.965727
-8.29048 -1.01542
-8.29048 -1.01542
-8.28062 -1.01555
-8.28062 -1.01555
-8.28319 -1.39918
-8.28319 -1.39918
-8.27935 -1.41337
-8.27935 -1.41337
-7.61018 -1.49809
-7.61018 -1.49809
-5.59196 -1.47352
-5.59196 -1.47352
-5.72106 -1.58901
-5.72106 -1.58901
-5.50336 -1.58628
-5.50326 -1.58159
-5.50336 -1.58628
-5.50326 -1.58159
-5.5032 -1.58627
-5.50336 -1.58628
-5.5032 -1.58627
-5.50336 -1.58628
-5.50467 -1.64588
-5.48584 -1.63515
-5.50467 -1.64588
-5.49076 -1.48202
-5.48584 -1.63515
-5.47742 -1.44543
-5.49076 -1.48202
-5.47883 -1.43294
-5.47742 -1.44543
-5.47883 -1.43294
-5.47284 -1.43289
-5.45976 -1.39701
-5.47284 -1.43289
-5.45976 -1.39701
-5.063 -1.39439
-4.99812 -1.35744
-5.063 -1.39439
-4.99812 -1.35744
-4.96656 -1.39375
-4.96656 -1.39375
-4.24444 -1.38897
-4.24833 -1.36311
-4.24444 -1.38897
-4.24833 -1.36311
-1.92062 -1.35
-1.92062 -1.35
-1.93423 -1.37369
-1.93423 -1.37369
-0.389535 -1.36347
-0.364676 -1.21594
-0.389535 -1.36347
-0.338169 -0.577374
-0.364676 -1.21594
-0.394511 -0.567576
-0.338169 -0.577374
-0.505336 -0.566816
-0.394511 -0.567576
-0.506026 -0.544875
-0.505336 -0.566816
-0.522749 -0.537313
-0.506026 -0.544875
-0.540916 -0.546019
-0.522749 -0.537313
-0.541065 -0.52903
-0.540916 -0.546019
-0.594315 -0.504951
-0.541065 -0.52903
-0.594315 -0.504951
-0.588583 -1.29306
-1.34601 -1.29139
-0.588583 -1.29306
-1.28514 -1.16094
-1.34601 -1.29139
-1.28514 -1.16094
-1.40413 -1.29906
-1.64194 -1.30094
-1.40413 -1.29906
-1.06158 -0.68185
-1.64194 -1.30094
-0.99184 -0.532403
-1.06158 -0.68185
-0.991791 -0.515184
-0.99184 -0.532403
-1.00604 -0.521324
-0.991791 -0.515184
-1.00777 -0.221703
-1.00604 -0.521324
-1.00777 -0.221703
-1.06466 -0.250009
-1.06466 -0.250009
-2.62223 -1.28859
-3.14996 -1.28743
-2.62223 -1.28859
-3.14996 -1.28743
-3.20183 -1.31324
-4.02038 -1.31969
-3.20183 -1.31324
-1.0319 -0.0850067
-4.02038 -1.31969
-1.00862 -0.0739446
-1.0319 -0.0850067
-1.0088 -0.042529
-1.00862 -0.0739446
-1.01926 1.7694
-1.0088 -0.042529
-1.01926 1.7694
-1.10103 1.76777
-1.10103 1.76777
-1.14433 1.76743
-1.14433 1.76743
-1.99322 1.73517
-1.99322 1.73517
-2.08012 1.75172
-2.08791 2.13771
-2.08012 1.75172
-2.08791 2.13771
-2.10441 2.14309
-2.10475 2.18176
-2.10441 2.14309
-2.14193 2.22947
-2.10475 2.18176
-2.09381 2.43036
-2.14193 2.22947
-2.09746 2.61099
-2.09381 2.43036
-2.09746 2.61099
-2.1086 2.62322
-2.11318 3.14884
-2.1086 2.62322
-2.11412 3.2097
-2.11318 3.14884
-1.84974 3.21961
-2.11412 3.2097
-1.84974 3.21961
-1.86013 3.23721
-1.31771 3.24358
-1.86013 3.23721
-1.32608 3.28126
-1.31771 3.24358
-1.30141 3.29153
-1.32608 3.28126
-1.14186 3.35794
-1.30141 3.29153
-1.16107 3.42392
-1.14186 3.35794
-1.07689 3.42463
-1.16107 3.42392
-1.07689 3.42641
-1.07689 3.42463
-1.04643 3.42677
-1.07689 3.42641
-1.0444 3.43541
-1.04643 3.42677
-0.958946 3.43408
-1.0444 3.43541
-0.838418 3.48425
-0.958946 3.43408
-0.677339 3.44921
-0.838418 3.48425
-0.551718 3.44996
-0.677339 3.44921
-0.5437 3.45538
-0.551718 3.44996
-0.5437 3.45538
-1.10747 4.26627
-1.07062 4.62301
-1.10747 4.26627
-1.30211 5.73568
-1.07062 4.62301
-1.23911 5.9987
-1.30211 5.73568
-1.10935 6.54045
-1.23911 5.9987
-1.10579 6.5553
-1.10935 6.54045
-0.704501 6.0015
-1.10579 6.5553
-0.733702 6.37064
-0.704501 6.0015
-0.353704 6.3751
-0.733702 6.37064
-0.352323 6.39783
-0.353704 6.3751
-0.242776 6.40593
-0.352323 6.39783
-0.0412842 5.2097
-0.242776 6.40593
0.488005 5.22119
-0.0412842 5.2097
0.488005 5.22119
0.583733 6.29547
0.583733 6.29547
-0.679826 6.54961
-0.0198425 6.55564
-0.679826 6.54961
0.599749 6.47521
-0.0198425 6.55564
0.599749 6.47521
0.608177 6.56979
0.970642 6.57213
0.608177 6.56979
1.03764 6.41837
0.970642 6.57213
1.22178 6.39446
1.03764 6.41837
1.37944 6.39548
1.22178 6.39446
1.38819 6.41255
1.37944 6.39548
1.38819 6.41255
1.08265 6.56572
1.42078 6.56881
1.08265 6.56572
1.42078 6.56881
1.42193 6.57505
1.47165 6.57537
1.42193 6.57505
1.47286 6.57774
1.47165 6.57537
2.19307 6.5861
1.47286 6.57774
2.75541 6.6277
2.19307 6.5861
2.92841 6.4136
2.75541 6.6277
3.08179 6.41539
2.92841 6.4136
3.08784 6.42069
3.08179 6.41539
3.17179 6.58635
3.08784 6.42069
3.20124 6.58654
3.17179 6.58635
3.21675 6.61026
3.20124 6.58654
3.24818 6.58785
3.21675 6.61026
3.25774 6.59847
3.24818 6.58785
4.41122 6.61187
3.25774 6.59847
4.40155 6.59606
4.41122 6.61187
4.48822 6.59685
4.40155 6.59606
4.48869 6.54714
4.48822 6.59685
4.64383 6.41661
4.48869 6.54714
4.66995 6.41678
4.64383 6.41661
4.71047 6.41013
4.66995 6.41678
4.72983 1.74162
4.71047 6.41013
4.73891 1.58612
4.72983 1.74162
4.99624 1.60178
4.73891 1.58612
4.99624 1.60178
4.99558 1.60256
4.99558 1.60256
5.03789 1.9042
5.03789 1.9042
5.03762 1.93408
5.04208 1.93406
5.03762 1.93408
5.04208 1.93406
5.0425 1.93709
5.51271 1.94941
5.0425 1.93709
5.51271 1.94941
5.52306 2.59497
5.52306 2.59497
5.52516 3.01081
5.52516 3.01081
5.51875 3.57733
5.68617 3.57878
5.51875 3.57733
5.91855 3.61009
5.68617 3.57878
5.91949 3.60309
5.91855 3.61009
5.91949 3.60309
5.9188 3.90793
5.91956 3.90727
5.9188 3.90793
5.91956 3.90727
5.91918 4.10536
5.91918 4.10536
5.89357 4.12256
5.89357 4.12256
5.03304 4.12914
5.03298 4.12103
5.03304 4.12914
5.03298 4.12103
5.02723 4.70081
5.02723 4.70081
5.02732 4.70444
5.02732 4.70444
5.0268 4.70479
5.02732 4.7048
5.0268 4.70479
5.02732 4.7048
5.02744 4.70953
5.91212 4.74168
5.02744 4.70953
5.91212 4.74168
5.90646 5.17532
5.90646 5.17532
5.90195 5.22909
5.90195 5.22909
5.7936 5.41744
5.7936 5.41744
5.79112 5.69207
5.79112 5.69207
5.44924 6.23061
5.78272 6.31286
5.44924 6.23061
5.78272 6.31286
5.78494 6.37694
5.78494 6.37694
5.78244 6.65412
5.78244 6.65412
5.77119 6.78825
5.77119 6.78825
5.73367 6.9435
5.78163 6.94367
5.73367 6.9435
5.78163 6.94367
5.78041 6.95737
6.50675 6.96015
5.78041 6.95737
6.51044 6.64365
6.50675 6.96015
6.55479 6.54119
6.51044 6.64365
6.59414 6.54154
6.55479 6.54119
6.82887 6.57088
6.59414 6.54154
6.86012 6.57858
6.82887 6.57088
6.86012 6.57858
6.86477 6.58918
6.86477 6.58918
6.86684 6.94759
7.02249 6.94815
6.86684 6.94759
7.02249 6.94815
7.02864 6.96215
7.40461 6.96359
7.02864 6.96215
7.45903 6.96097
7.40461 6.96359
7.4593 6.94973
7.45903 6.96097
7.46844 6.94976
7.4593 6.94973
7.49855 6.10802
7.46844 6.94976
8.02984 6.09653
7.49855 6.10802
8.26159 6.09857
8.02984 6.09653
8.32144 6.11154
8.26159 6.09857
8.3216 6.10073
8.32144 6.11154
8.33777 6.10458
8.3216 6.10073
8.35191 4.14121
8.33777 6.10458
8.37701 2.51806
8.35191 4.14121
8.38443 2.47582
8.37701 2.51806
8.38443 2.47582
8.37767 2.47568
8.37778 2.46849
8.37767 2.47568
8.37778 2.46849
8.27679 2.46814
8.27679 2.46814
7.64 2.45609
7.61563 2.43338
7.64 2.45609
7.6706 2.38562
7.61563 2.43338
8.37491 2.38445
7.6706 2.38562
8.4687 2.38944
8.37491 2.38445
8.4666 1.69389
8.4687 2.38944
8.53469 1.63472
8.4666 1.69389
8.53469 1.63472
8.52831 2.65465
8.52831 2.65465
8.53439 2.71051
8.88495 2.70166
8.53439 2.71051
8.95172 2.7039
8.88495 2.70166
8.95172 2.7039
8.96212 2.72941
8.96212 2.72941
8.93394 3.49255
8.93394 3.49255
8.90563 3.49217
8.8819 3.48245
8.90563 3.49217
8.8819 3.48245
8.88865 3.49194
8.88865 3.49194
8.77313 3.49039
8.77313 3.49039
8.80528 3.52878
8.80528 3.52878
8.53325 3.52417
8.53325 3.52417
8.53203 3.79818
8.53203 3.79818
8.53278 3.79853
8.53278 3.79853
8.5283 4.14399
8.86015 3.95101
8.5283 4.14399
8.86015 3.95101
8.91605 3.97705
8.91605 3.97705
8.90881 4.17316
9.0387 4.17497
8.90881 4.17316
9.0387 4.17497
9.03964 4.20359
9.21322 4.17742
9.03964 4.20359
9.28084 4.17836
9.21322 4.17742
9.28151 4.16712
9.28084 4.17836
9.31369 4.16226
9.28151 4.16712
9.31369 4.16226
9.34993 4.17914
9.34993 4.17914
9.37303 4.20673
9.37303 4.20673
9.39067 4.77538
9.39067 4.77538
9.3989 5.13579
9.3989 5.13579
9.34512 5.14604
9.34512 5.14604
8.52833 5.13955
8.52833 5.13955
8.52833 5.14031
8.52833 5.14031
8.51843 5.14023
8.5185 5.13168
8.51843 5.14023
8.5185 5.13168
8.5145 5.46477
8.52782 5.46824
8.5145 5.46477
8.52782 5.46824
8.52749 5.68023
8.52749 5.68023
8.52141 5.68217
8.54799 5.68258
8.52141 5.68217
8.54799 5.68258
8.52517 5.69641
9.34418 5.72364
8.52517 5.69641
9.41205 5.7113
9.34418 5.72364
9.41205 5.7113
9.41522 5.85012
9.41522 5.85012
9.42908 6.01371
9.42908 6.01371
9.43779 6.29447
9.43779 6.29447
9.40522 6.4022
9.40522 6.4022
8.99775 6.96081
9.13865 6.96286
8.99775 6.96081
9.13865 6.96286
9.13316 6.97321
9.28905 6.97371
9.13316 6.97321
9.29947 6.95373
9.28905 6.97371
9.3243 6.954
9.29947 6.95373
9.44688 6.67108
9.3243 6.954
9.61075 6.35687
9.44688 6.67108
10.2935 6.35758
9.61075 6.35687
10.5427 6.36065
10.2935 6.35758
10.5427 6.36065
10.5451 6.47442
10.5451 6.47442
10.5523 6.88136
10.5523 6.88136
10.5506 6.95996
10.5557 6.96003
10.5506 6.95996
10.5557 6.96003
10.5559 6.9675
10.6513 6.96855
10.5559 6.9675
10.6513 6.96855
10.6524 6.9781
10.6999 6.97825
10.6524 6.9781
10.6999 6.97825
10.7017 6.9856
11.8152 7.00179
10.7017 6.9856
11.8156 6.98184
11.8152 7.00179
-12.8736 5.45182
-13.0237 5.45062
-13.0237 5.45062
-13.5901 5.36999
-13.6291 5.42727
-13.5901 5.36999
-13.6291 5.42727
-14.583 5.43815
-14.583 5.43815
-14.7393 5.4369
-14.7393 5.4369
-14.7791 5.39477
-14.7791 5.39477
-14.774 4.53222
-14.774 4.53222
-14.8106 1.97575
-14.8106 1.97575
-14.8304 1.88663
-14.8304 1.88663
-14.8264 0.914674
-14.856 0.938127
-14.8264 0.914674
-14.856 0.938127
-14.8564 0.868787
-14.8564 0.868787
-14.8593 0.355683
-14.8593 0.355683
-14.8339 0.353961
-14.8339 0.353961
-14.8416 -0.180908
-14.8416 -0.180908
-14.8624 -0.18873
-14.8624 -0.18873
-14.8627 -0.236043
-14.8627 -0.236043
-14.8997 -0.244994
-14.8997 -0.244994
-14.9019 -0.363428
-14.9019 -0.363428
-14.9384 -0.367746
-14.9384 -0.367746
-14.9564 -0.575338
-14.9564 -0.575338
-14.8874 -0.922769
-14.8874 -0.922769
-14.8098 -0.923935
-14.7295 -0.877105
-14.8098 -0.923935
-14.7295 -0.877105
-12.2385 -0.938484
-12.2385 -0.938484
-12.2257 -0.962634
-12.2257 -0.962634
-11.638 -0.970517
-11.636 -0.964201
-11.638 -0.970517
-11.6279 -0.792652
-11.636 -0.964201
-11.6262 -0.743117
-11.6279 -0.792652
-11.6262 -0.743117
-11.6189 -0.743244
-11.6214 -0.708826
-11.6189 -0.743244
-11.6214 -0.708826
-10.2773 -0.712209
-10.2062 -0.686113
-10.2773 -0.712209
-10.2102 -0.680059
-10.2062 -0.686113
-10.2816 -0.677805
-10.2102 -0.680059
-11.5565 -0.648805
-10.2816 -0.677805
-11.9396 -0.646727
-11.5565 -0.648805
-11.9612 -0.639601
-11.9396 -0.646727
-11.9884 -0.638983
-11.9612 -0.639601
-11.9894 -0.6303
-11.9884 -0.638983
-12.4223 -0.48763
-11.9894 -0.6303
-12.4222 -0.469174
-12.4223 -0.48763
-12.4578 -0.470218
-12.4222 -0.469174
-12.4578 -0.468171
-12.4578 -0.470218
-12.4578 -0.468171
-12.4615 -0.468662
-12.4609 -0.425349
-12.4615 -0.468662
-12.4665 -0.422888
-12.4609 -0.425349
-12.4617 -0.0929839
-12.4665 -0.422888
-12.4633 0.0571829
-12.4617 -0.0929839
-12.4855 0.0655951
-12.4633 0.0571829
-12.7211 0.0681469
-12.4855 0.0655951
-12.7225 0.155273
-12.7211 0.0681469
-12.7235 0.155666
-12.7225 0.155273
-12.7347 0.799766
-12.7235 0.155666
-12.471 0.791233
-12.7347 0.799766
-12.4772 1.38743
-12.471 0.791233
-12.4802 1.40676
-12.4772 1.38743
-12.4774 1.40718
-12.4802 1.40676
-12.4806 1.71375
-12.4774 1.40718
-12.479 1.92504
-12.4806 1.71375
-12.479 1.92504
-12.6086 1.92494
-12.6086 1.92494
-12.7313 1.93185
-12.7474 2.04166
-12.7313 1.93185
-12.6743 2.16819
-12.7474 2.04166
-12.7569 2.25118
-12.6743 2.16819
-12.7576 2.29718
-12.7569 2.25118
-12.7606 2.30056
-12.7576 2.29718
-12.766 2.61429
-12.7606 2.30056
-12.7628 2.6143
-12.766 2.61429
-12.763 2.6246
-12.7628 2.6143
-12.4738 2.62044
-12.763 2.6246
-12.4735 2.65373
-12.4738 2.62044
-12.4657 3.68983
-12.4735 2.65373
-12.4657 3.68983
-12.6947 3.69222
-12.6823 4.42088
-12.6947 3.69222
-12.6518 4.41892
-12.6823 4.42088
-12.4602 4.44057
-12.6518 4.41892
-12.46 4.44052
-12.4602 4.44057
-12.4596 4.49367
-12.46 4.44052
-12.4581 4.69367
-12.4596 4.49367
-12.4866 4.75807
-12.4581 4.69367
-12.418 5.37134
-12.4866 4.75807
-12.4393 5.4137
-12.418 5.37134
-12.4393 5.4137
-12.7431 5.41717
-12.7431 5.41717
-12.7705 5.41724
-12.7689 5.42761
-12.7705 5.41724
-12.7689 5.42761
-12.8503 5.41839
-12.8503 5.41839
-12.8702 5.41862
-12.8736 5.45182
-12.8702 5.41862
-18.8297 5.23289
-19.2949 5.23166
-19.2949 5.23166
-19.2453 5.02882
-19.0162 5.03316
-19.2453 5.02882
-19.0212 5.03927
-19.0162 5.03316
-18.944 5.03452
-19.0212 5.03927
-18.8728 5.03587
-18.944 5.03452
-18.8728 5.03587
-18.8731 5.03017
-18.7828 5.02462
-18.8731 5.03017
-18.7238 5.02608
-18.7828 5.02462
-18.8297 5.23289
-18.7238 5.02608
10.1556 3.80991
10.2365 3.96306
10.1761 3.38416
10.1556 3.80991
10.1525 3.2454
10.1761 3.38416
10.169 3.24424
10.1525 3.2454
10.169 3.24424
10.2536 3.3589
10.2536 3.3589
10.2552 3.46638
10.2552 3.46638
10.2365 3.96306
-16.9486 2.51518
-17.5319 2.50164
-17.5319 2.50164
-17.5762 2.4998
-17.5762 2.4998
-17.5875 2.49043
-17.5875 2.49043
-17.5121 2.46131
-16.9872 2.47694
-17.5121 2.46131
-16.9507 2.48209
-16.9872 2.47694
-16.9366 2.50058
-16.9507 2.48209
-16.9486 2.51518
-16.9366 2.50058
-18.4073 2.46549
-18.9782 2.44192
-18.9782 2.44192
-19.0101 2.4406
-19.0101 2.4406
-18.9809 2.41993
-18.3622 2.43626
-18.9809 2.41993
-18.4073 2.46549
-18.3622 2.43626
7.85219 0.700304
7.73149 0.698077
7.73198 0.692747
7.73149 0.698077
7.73198 0.692747
7.58692 0.695408
7.58692 0.695408
7.54019 0.694546
7.54604 0.651959
7.54019 0.694546
7.65448 0.476451
7.54604 0.651959
7.65448 0.476451
7.51879 0.47513
7.51826 0.46897
7.51879 0.47513
7.51826 0.46897
6.89351 0.46755
6.89351 0.46755
6.35064 0.450485
6.35064 0.450485
6.37775 0.464022
6.37775 0.464022
5.81742 0.458567
5.81742 0.458567
5.88975 0.621979
5.88975 0.621979
5.6361 0.606622
5.02313 0.385612
5.6361 0.606622
5.06064 0.233288
5.02313 0.385612
5.06064 0.233288
5.02371 0.232753
5.02383 0.227334
5.02371 0.232753
5.04651 0.214233
5.02383 0.227334
5.04651 0.214233
5.02411 0.213867
5.02462 0.18946
5.02411 0.213867
5.02462 0.18946
4.89001 0.193209
4.89001 0.193209
4.40975 0.189486
4.4095 0.172602
4.40975 0.189486
4.4095 0.172602
4.30801 0.171643
4.30801 0.171643
4.30619 0.188683
4.30619 0.188683
3.90419 0.185567
3.9041 0.167826
3.90419 0.185567
3.9041 0.167826
3.87305 0.167533
3.87186 0.16663
3.87305 0.167533
3.87186 0.16663
3.6724 0.165637
3.6724 0.165637
3.042 0.15968
3.042 0.15968
3.04232 0.162435
3.04232 0.162435
0.990073 0.134491
0.98689 0.133776
0.990073 0.134491
0.986711 0.103838
0.98689 0.133776
1.08798 0.081641
0.986711 0.103838
1.45597 0.02128
1.08798 0.081641
1.40537 0.0120723
1.45597 0.02128
1.41366 0.0102555
1.40537 0.0120723
1.12729 -0.0385382
1.41366 0.0102555
0.991149 -0.0633146
1.12729 -0.0385382
0.991149 -0.0633146
0.990964 -0.0617654
0.985718 -0.0626591
0.990964 -0.0617654
0.984248 -0.309282
0.985718 -0.0626591
1.01813 -0.37233
0.984248 -0.309282
0.97213 -0.400815
1.01813 -0.37233
0.960073 -0.40828
0.97213 -0.400815
0.960118 -0.415887
0.960073 -0.40828
0.960209 -0.431227
0.960118 -0.415887
0.960485 -0.477824
0.960209 -0.431227
0.93333 -0.478629
0.960485 -0.477824
0.931063 -0.509297
0.93333 -0.478629
0.807914 -0.502495
0.931063 -0.509297
0.793936 -0.51115
0.807914 -0.502495
0.809606 -0.575839
0.793936 -0.51115
0.796482 -0.575749
0.809606 -0.575839
0.796934 -0.694453
0.796482 -0.575749
0.793767 -1.02562
0.796934 -0.694453
0.89043 -1.35501
0.793767 -1.02562
0.89043 -1.35501
1.20973 -1.35289
1.20973 -1.35289
6.50453 -1.31787
6.50453 -1.31787
8.52944 -1.28669
8.52944 -1.28669
8.49493 -0.856839
8.50894 -0.864263
8.49493 -0.856839
8.50894 -0.864263
8.54505 -0.862787
8.54505 -0.862787
8.54566 -0.843238
8.56832 -0.849225
8.54566 -0.843238
8.56832 -0.849225
8.57204 -0.848993
8.57204 -0.848993
8.57249 -0.846426
8.57249 -0.846426
8.97251 -0.598815
8.97251 -0.598815
9.00476 -0.206278
9.00476 -0.206278
8.9931 -0.119431
8.9931 -0.119431
8.77864 -0.113942
8.66677 -0.117822
8.77864 -0.113942
8.58371 -0.124591
8.66677 -0.117822
8.58371 -0.124591
8.58341 -0.101483
8.58341 -0.101483
8.57668 -0.101344
8.54557 -0.105203
8.57668 -0.101344
8.54557 -0.105203
8.54074 0.667247
8.54074 0.667247
8.5256 0.681729
8.5256 0.681729
8.35705 0.686846
8.35705 0.686846
8.1402 0.675679
8.1402 0.675679
8.15113 0.69746
8.15113 0.69746
7.85219 0.700304
9.79735 -1.22225
9.85892 -1.208
9.79735 -1.22225
9.79734 -1.20659
9.79734 -1.20659
9.85892 -1.208
-16.0715 -0.886777
-16.0933 -0.928962
-16.0933 -0.928962
-16.1063 -1.41001
-16.1063 -1.41001
-16.1125 -1.49848
-16.1125 -1.49848
-16.108 -1.49846
-16.0715 -0.886777
-16.108 -1.49846
-5.50594 -1.70364
-5.51037 -1.90541
-5.51037 -1.90541
-5.50089 -2.36817
-5.50089 -2.36817
-5.46566 -2.37854
-5.46632 -2.24273
-5.46566 -2.37854
-5.48281 -1.72944
-5.46632 -2.24273
-5.50594 -1.70364
-5.48281 -1.72944
23.1776 -3.07803
23.1869 -3.07794
23.1776 -3.07803
23.1869 -3.07781
23.1869 -3.07794
23.1869 -3.07781
-8.73057 -3.54099
-8.71845 -3.54069
-8.73057 -3.54099
-8.71844 -3.53937
-8.71844 -3.53937
-8.71845 -3.54069
-22.1925 -2.32582
-21.7839 -2.29111
-22.1925 -2.32582
-22.2035 -2.38121
-22.2035 -2.38121
-22.1963 -3.01333
-22.1963 -3.01333
-22.2204 -3.098
-22.2204 -3.098
-22.2196 -4.35733
-22.2196 -4.35733
-22.6069 -4.45744
-22.6069 -4.45744
-22.609 -4.46469
-22.609 -4.46469
-21.7884 -4.48723
-21.7884 -4.48723
-21.7702 -4.48727
-21.7702 -4.48727
-21.6791 -4.48481
-21.609 -4.44148
-21.6791 -4.48481
-21.6083 -4.05264
-21.609 -4.44148
-21.5967 -4.01252
-21.6083 -4.05264
-21.5956 -3.91259
-21.5967 -4.01252
-21.5992 -3.85427
-21.5956 -3.91259
-21.5992 -3.85427
-21.5376 -3.85354
-21.5374 -3.82537
-21.5376 -3.85354
-21.5374 -3.82537
-21.4927 -3.84731
-21.4927 -3.84731
-20.7368 -3.84395
-20.7368 -3.84395
-19.8246 -3.83302
-19.8246 -3.83302
-17.9706 -3.64004
-17.9668 -3.39125
-17.9706 -3.64004
-17.9668 -3.39125
-17.7587 -3.3905
-17.7438 -3.15304
-17.7587 -3.3905
-17.8518 -3.15159
-17.7438 -3.15304
-17.9697 -3.15083
-17.8518 -3.15159
-17.9697 -3.11923
-17.9697 -3.15083
-18.037 -3.11705
-17.9697 -3.11923
-18.037 -3.11705
-18.0473 -3.12017
-18.0424 -2.6553
-18.0473 -3.12017
-18.0959 -2.60383
-18.0424 -2.6553
-18.2114 -2.54606
-18.0959 -2.60383
-18.8138 -2.53763
-18.2114 -2.54606
-19.0891 -2.56948
-18.8138 -2.53763
-19.0891 -2.56948
-19.089 -2.75933
-19.089 -2.75933
-19.0983 -2.77714
-20.2833 -2.69566
-19.0983 -2.77714
-20.2833 -2.69566
-20.262 -2.7052
-20.7987 -2.76729
-20.262 -2.7052
-20.833 -2.65785
-20.7987 -2.76729
-20.8499 -2.65669
-20.833 -2.65785
-20.8608 -2.64275
-20.8499 -2.65669
-20.8606 -2.59054
-20.8608 -2.64275
-20.8606 -2.59054
-21.0584 -2.64236
-21.8044 -2.59106
-21.0584 -2.64236
-21.8357 -2.51913
-21.8044 -2.59106
-21.7839 -2.29111
-21.8357 -2.51913
24.8399 -4.47261
24.9384 -4.47208
24.5658 -4.51554
24.8399 -4.47261
24.5658 -4.51554
24.5604 -4.48877
24.361 -4.50208
24.5604 -4.48877
24.361 -4.50208
24.3195 -4.47949
24.2992 -4.48042
24.3195 -4.47949
24.2996 -4.50298
24.2992 -4.48042
24.2996 -4.50298
24.2846 -4.49328
24.279 -4.5057
24.2846 -4.49328
24.3329 -4.5568
24.279 -4.5057
24.3329 -4.5568
24.6939 -4.54591
24.6856 -4.56886
24.6939 -4.54591
24.6856 -4.56886
24.8925 -4.56907
24.8925 -4.56907
24.9394 -4.50837
24.9394 -4.50837
24.9384 -4.47208
1.69216 -5.39045
1.70564 -4.75736
1.69216 -5.39045
1.71183 -5.43911
1.71183 -5.43911
1.73768 -5.403
1.73768 -5.403
1.73583 -4.79746
1.70564 -4.75736
1.73583 -4.79746
24.2972 -5.64424
24.2999 -5.63665
24.4091 -5.70719
24.2972 -5.64424
24.4091 -5.70719
25.0245 -5.69462
25.0245 -5.69462
25.0534 -5.68146
25.0534 -5.68146
25.0513 -5.66375
25.0513 -5.66375
25.0452 -5.65704
24.9675 -5.65034
25.0452 -5.65704
24.5024 -5.6408
24.9675 -5.65034
24.4958 -5.64734
24.5024 -5.6408
24.4958 -5.64734
24.4855 -5.64046
24.2999 -5.63665
24.4855 -5.64046
-18.4765 -5.55919
-18.4803 -5.56214
-18.4803 -5.56214
-18.4785 -6.15566
-18.4785 -6.15566
-18.4506 -6.19637
-18.4506 -6.19637
-18.4202 -6.19637
-18.4202 -6.19637
-17.9836 -6.16601
-17.9667 -5.98191
-17.9836 -6.16601
-17.9663 -5.66201
-17.9667 -5.98191
-18.4342 -5.55992
-17.9663 -5.66201
-18.4765 -5.55919
-18.4342 -5.55992
-1.55038 -6.58788
-1.45553 -6.58696
-1.55038 -6.58788
-1.44495 -6.78876
-1.45553 -6.58696
-1.44495 -6.78876
-3.42388 -6.33483
-3.43319 -6.48116
-3.43319 -6.48116
-3.42947 -6.54685
-3.42947 -6.54685
-3.35595 -6.96315
-3.35595 -6.96315
-2.93751 -6.95099
-2.93751 -6.95099
-2.92792 -6.94819
-2.89366 -6.68369
-2.92792 -6.94819
-2.97032 -6.34205
-2.89366 -6.68369
-3.42388 -6.33483
-2.97032 -6.34205
-9.24261 -7.93738
-9.2426 -7.94081
-9.2428 -7.93738
-9.2426 -7.94081
-9.2428 -7.93738
-9.24261 -7.93738
