0.774374 7.17928
0.77356 7.17851
0.816365 7.23054
0.774374 7.17928
1.55949 6.44785
0.816365 7.23054
1.55949 6.44785
1.54045 6.36927
1.60647 6.2996
1.54045 6.36927
1.70584 6.19474
1.60647 6.2996
1.78039 6.11608
1.70584 6.19474
1.78039 6.11608
1.77754 6.11221
1.94855 5.93988
1.77754 6.11221
1.99152 5.89658
1.94855 5.93988
2.04335 5.93823
1.99152 5.89658
2.78601 5.15604
2.04335 5.93823
2.78601 5.15604
2.43239 4.9791
2.43239 4.9791
2.39299 4.91703
2.39299 4.91703
2.17199 4.83707
2.18523 4.83203
2.17199 4.83707
2.21391 4.83725
2.18523 4.83203
2.53543 4.9248
2.21391 4.83725
2.69003 5.07272
2.53543 4.9248
2.80881 4.94567
2.69003 5.07272
2.87765 4.95822
2.80881 4.94567
2.93477 4.89794
2.87765 4.95822
3.00111 4.82794
2.93477 4.89794
3.0498 4.77656
3.00111 4.82794
3.13413 4.68757
3.0498 4.77656
3.15593 4.66457
3.13413 4.68757
3.24559 4.67199
3.15593 4.66457
3.35413 4.55768
3.24559 4.67199
3.35413 4.55768
3.26185 4.5528
3.3248 4.48637
3.26185 4.5528
3.42115 4.48708
3.3248 4.48637
3.63613 4.26066
3.42115 4.48708
3.63613 4.26066
3.53407 4.26555
3.58418 4.21267
3.53407 4.26555
3.58418 4.21267
3.2818 4.15288
3.2818 4.15288
2.46361 3.36409
2.48121 3.33818
2.46361 3.36409
2.56317 3.23778
2.48121 3.33818
2.99896 3.36766
2.56317 3.23778
3.03025 3.34835
2.99896 3.36766
3.88253 3.79724
3.03025 3.34835
3.97273 3.70076
3.88253 3.79724
3.97067 3.65388
3.97273 3.70076
3.9813 3.65912
3.97067 3.65388
4.01295 3.62608
3.9813 3.65912
4.01295 3.62608
3.96827 3.59928
3.95902 3.38843
3.96827 3.59928
3.95928 3.34279
3.95902 3.38843
4.22013 3.43614
3.95928 3.34279
4.31819 3.33126
4.22013 3.43614
4.31819 3.33126
4.30374 3.32249
4.36294 3.26068
4.30374 3.32249
4.36294 3.26068
3.71437 2.92617
3.72113 2.922
3.71437 2.92617
3.96141 2.98148
3.72113 2.922
3.96182 2.91225
3.96141 2.98148
3.96236 2.91234
3.96182 2.91225
3.9671 2.89641
3.96236 2.91234
4.55044 3.08284
3.9671 2.89641
4.75092 2.86841
4.55044 3.08284
4.8544 2.75773
4.75092 2.86841
5.06923 2.52795
4.8544 2.75773
5.06923 2.52795
5.06593 2.52674
5.13755 2.45196
5.06593 2.52674
5.13755 2.45196
5.12413 2.4459
5.2458 2.31376
5.12413 2.4459
5.33559 2.21625
5.2458 2.31376
5.94383 1.55569
5.33559 2.21625
5.94383 1.55569
6.02517 1.58073
6.12208 1.47532
6.02517 1.58073
6.20988 1.45827
6.12208 1.47532
7.00323 0.508137
6.20988 1.45827
7.42259 0.0651834
7.00323 0.508137
7.38082 -0.00488755
7.42259 0.0651834
7.6507 -0.297981
7.38082 -0.00488755
7.637 -0.595764
7.6507 -0.297981
7.24661 -0.955643
7.637 -0.595764
7.24661 -0.955643
8.3382 -0.943941
8.7256 -1.36145
8.3382 -0.943941
6.33885 -1.64949
8.7256 -1.36145
5.54324 -1.85135
6.33885 -1.64949
5.59159 -1.8984
5.54324 -1.85135
5.59159 -1.8984
6.16236 -1.95514
5.11721 -2.91859
6.16236 -1.95514
3.99406 -4.01378
5.11721 -2.91859
3.99406 -4.01378
3.96517 -3.98058
2.5995 -5.2395
3.96517 -3.98058
2.5995 -5.2395
2.60167 -5.12746
2.59172 -5.13282
2.60167 -5.12746
2.3111 -4.82869
2.59172 -5.13282
2.07328 -4.74702
2.3111 -4.82869
1.99899 -4.65948
2.07328 -4.74702
1.52746 -3.97938
1.99899 -4.65948
1.41688 -3.85954
1.52746 -3.97938
1.35499 -3.9006
1.41688 -3.85954
1.28086 -3.81325
1.35499 -3.9006
1.17769 -3.60029
1.28086 -3.81325
1.07898 -3.49332
1.17769 -3.60029
1.06123 -3.54631
1.07898 -3.49332
0.735515 -3.18149
1.06123 -3.54631
0.658402 -2.84799
0.735515 -3.18149
0.5674 -2.6326
0.658402 -2.84799
0.548599 -2.91849
0.5674 -2.6326
0.371695 -2.72676
0.548599 -2.91849
0.371695 -2.72676
0.339741 -2.42266
0.304967 -2.35252
0.339741 -2.42266
0.304276 -2.70924
0.304967 -2.35252
0.161222 -2.78831
0.304276 -2.70924
0.0446373 -2.66603
0.161222 -2.78831
-0.12272 -2.49051
0.0446373 -2.66603
-0.166 -2.44512
-0.12272 -2.49051
-0.188411 -2.42161
-0.166 -2.44512
-0.204298 -2.42392
-0.188411 -2.42161
-0.207246 -2.40186
-0.204298 -2.42392
-0.270629 -2.33538
-0.207246 -2.40186
-0.285137 -2.40337
-0.270629 -2.33538
-0.503513 -2.15819
-0.285137 -2.40337
-0.658968 -1.98366
-0.503513 -2.15819
-0.704239 -1.93283
-0.658968 -1.98366
-0.704239 -1.93283
-0.567232 -1.63445
-0.558167 -1.47829
-0.567232 -1.63445
-0.769705 -1.85933
-0.558167 -1.47829
-0.899452 -1.71366
-0.769705 -1.85933
-0.806388 -1.44995
-0.899452 -1.71366
-0.975319 -1.26687
-0.806388 -1.44995
-1.15729 -1.42417
-0.975319 -1.26687
-1.31759 -1.24419
-1.15729 -1.42417
-1.14956 -1.07802
-1.31759 -1.24419
-1.4522 -0.750024
-1.14956 -1.07802
-1.54087 -0.658337
-1.4522 -0.750024
-1.54079 -0.654008
-1.54087 -0.658337
-1.60014 -0.58969
-1.54079 -0.654008
-1.60014 -0.58969
-1.60467 -0.592361
-1.7878 -0.402992
-1.60467 -0.592361
-1.86221 -0.326049
-1.7878 -0.402992
-2.0579 -0.123702
-1.86221 -0.326049
-2.0579 -0.123702
-2.26105 -0.26533
-2.29321 -0.231334
-2.26105 -0.26533
-2.35724 -0.163666
-2.29321 -0.231334
-2.4063 -0.111807
-2.35724 -0.163666
-2.35084 -0.0355877
-2.4063 -0.111807
-2.39577 -0.0350013
-2.35084 -0.0355877
-2.49533 0.00674933
-2.39577 -0.0350013
-2.47655 0.0769331
-2.49533 0.00674933
-2.5938 0.147881
-2.47655 0.0769331
-2.38601 0.266564
-2.5938 0.147881
-2.41536 0.428043
-2.38601 0.266564
-2.41536 0.428043
-2.53232 0.36688
-2.57015 0.405999
-2.53232 0.36688
-2.42982 0.507605
-2.57015 0.405999
-2.43737 0.549162
-2.42982 0.507605
-2.43737 0.549162
-2.70836 0.374761
-2.86556 0.537597
-2.70836 0.374761
-2.86556 0.537597
-2.97755 0.491954
-3.15065 0.674911
-2.97755 0.491954
-3.23547 0.764556
-3.15065 0.674911
-3.25552 0.78575
-3.23547 0.764556
-3.18645 0.84341
-3.25552 0.78575
-3.20019 0.852588
-3.18645 0.84341
-3.18368 0.86711
-3.20019 0.852588
-3.30051 0.988128
-3.18368 0.86711
-3.23825 1.09685
-3.30051 0.988128
-3.27788 1.13783
-3.23825 1.09685
-3.27788 1.13783
-3.40961 1.16606
-3.40961 1.16606
-3.52077 1.20136
-3.45136 1.28882
-3.52077 1.20136
-3.45136 1.28882
-3.51621 1.22932
-3.52883 1.23676
-3.51621 1.22932
-3.56231 1.26987
-3.52883 1.23676
-3.56231 1.26987
-3.56864 1.26586
-3.66661 1.36735
-3.56864 1.26586
-3.59606 1.46683
-3.66661 1.36735
-4.30144 2.19624
-3.59606 1.46683
-4.30144 2.19624
-4.33707 2.16265
-4.24289 2.25508
-4.33707 2.16265
-4.31075 2.32016
-4.24289 2.25508
-4.31075 2.32016
-4.45753 2.33132
-3.92765 2.85477
-4.45753 2.33132
-3.85758 2.92399
-3.92765 2.85477
-3.53625 3.24144
-3.85758 2.92399
-3.53625 3.24144
-3.55447 3.23925
-3.35614 3.4296
-3.55447 3.23925
-3.22119 3.55911
-3.35614 3.4296
-2.99206 3.77902
-3.22119 3.55911
-2.5496 4.21613
-2.99206 3.77902
-2.5496 4.21613
-2.54835 4.20487
-2.42974 4.31872
-2.54835 4.20487
-2.42359 4.34061
-2.42974 4.31872
-1.66334 5.09164
-2.42359 4.34061
-1.66334 5.09164
-1.68326 5.03515
-1.5446 5.16823
-1.68326 5.03515
-1.48218 5.2706
-1.5446 5.16823
-1.35037 5.40083
-1.48218 5.2706
-1.35037 5.40083
-1.41058 5.29686
-1.26489 5.43669
-1.41058 5.29686
-1.1243 5.62415
-1.26489 5.43669
-0.618248 6.12407
-1.1243 5.62415
-0.618248 6.12407
-0.653184 6.02377
-0.449347 6.2194
-0.653184 6.02377
-0.204172 6.53313
-0.449347 6.2194
0.0838973 6.81771
-0.204172 6.53313
0.239614 6.88063
0.0838973 6.81771
0.321651 6.95937
0.239614 6.88063
0.460051 7.0922
0.321651 6.95937
0.553542 7.18193
0.460051 7.0922
0.673136 7.28448
0.553542 7.18193
0.77356 7.17851
0.673136 7.28448
5.05012 2.41245
4.63726 2.2259
4.63726 2.2259
3.96759 1.93158
3.96775 1.90423
3.96759 1.93158
4.02572 1.88238
3.96775 1.90423
4.69627 1.75218
4.02572 1.88238
4.69627 1.75218
5.05012 2.41245
-0.840261 0.350089
-1.06484 -0.139455
-1.06484 -0.139455
-0.618175 -0.123465
-0.67339 -0.00442822
-0.618175 -0.123465
-0.594419 0.026996
-0.67339 -0.00442822
-0.603393 0.0421047
-0.594419 0.026996
-0.584621 0.0940983
-0.603393 0.0421047
-0.656885 0.265138
-0.584621 0.0940983
-0.633185 0.284325
-0.656885 0.265138
-0.633185 0.284325
-0.840261 0.350089
1.77302 -1.82982
1.93173 -1.73479
1.77118 -1.93081
1.77302 -1.82982
1.74234 -1.90593
1.77118 -1.93081
1.64033 -1.81793
1.74234 -1.90593
1.60676 -1.91811
1.64033 -1.81793
2.67931 -3.89297
1.60676 -1.91811
2.67931 -3.89297
2.74206 -3.27535
2.31912 -2.78986
2.74206 -3.27535
2.31912 -2.78986
2.638 -2.45534
2.638 -2.45534
2.57086 -2.37817
2.57086 -2.37817
2.00319 -1.79162
1.93173 -1.73479
2.00319 -1.79162
